0.9487170153780812 7.594498704983082E-6 0.31749311755592075 
0.16647560237059986 0.8866412238869275 0.4429135124968907 
0.16694926015332415 0.9347946711209706 0.3184050807695464 
0.15791172281978377 0.9877891485998638 3.860667998087187E-6 
0.15100915808498322 1.7305559386832947E-8 0.9892217771360785 
0.415612391906626 0.851561931376013 0.32135034725199685 
0.1610861279002568 0.8359263003997688 0.5250796230410152 
0.495275920770809 0.4934476256545496 0.7152079654773011 
0.4296437319140123 0.8137035309727476 0.3918965490187742 
0.17064662091733246 0.7369335279261338 0.654266208538425 
0.8659192644943923 2.3170267768046576E-10 0.5003491608774745 
0.48286678881638556 0.7467975376626143 0.4578559570855238 
0.8958554048302914 0.34475598992984274 0.2840101005217334 
0.46833498877058216 4.905758375307297E-4 0.8839179395537008 
0.17045407460819453 0.6580585557559522 0.7351271449226451 
0.9435127195505849 0.2724113293798857 0.20002209885417638 
0.8949606395682701 0.44646426599148836 5.5044100089930064E-6 
0.9154464690386842 1.1104830770715803E-6 0.4029879777485404 
0.42234064225298806 0.7259065970180327 0.5445489262762946 
0.4237438950780812 0.5175647505453002 0.7433654332860073 
0.8298558250115465 0.3481485313984821 0.43716263665005717 
0.47065655513986043 0.6846250371148489 0.5566647192962212 
0.4022285977077503 8.166348911124238E-8 0.9157876588206889 
0.4057404374448991 0.3990930202486726 0.822269735983499 
0.15450138120380455 0.335171930039824 0.9309576233042929 
0.8511412531425225 0.5249643086423165 6.0085342725239435E-5 
0.4258423184901491 0.9048110317428337 5.026803637212367E-5 
0.4064689059188644 0.5971837823532474 0.6922328310322865 
0.4132905317069612 0.2452080199743958 0.8769696739729204 
0.1580747990376364 0.7903424256735061 0.5922243022578747 
0.946857505713549 0.3259148425556074 1.7073965952592934E-9 
0.8722909133501296 0.2897741327320818 0.39409439242594824 
0.830167733256991 0.4671804283323996 0.30568530088053397 
0.4898032381230931 0.42388820476718 0.7618824290145588 
0.47242371778831577 0.27723926096995855 0.8385591277418865 
0.17339472255459176 0.4624378421439492 0.8697647244633143 
0.8296859790509425 1.4800776022567852E-4 0.5582512435733598 
0.4120988196527821 0.6594341767964885 0.6287858771413571 
0.47202516858493604 0.6019216855521395 0.6446262034912195 
0.18122365110573344 0.5507371605172093 0.8176694836828243 
