1.0001682540894044 0.0 0.0 
8.361844330090088E-12 5.22347555033869E-4 1.0036163027945635 
1.437824357485916E-4 0.0 1.0018202045353246 
1.0001682540894044 0.0 0.0 
1.4842948128247118E-5 1.4837560743256774E-7 1.0050574458699113 
1.232621691434185E-8 1.006020912587355 1.8132049073065838E-6 
0.30648296140713416 0.8656868475516342 0.40614870762201394 
0.9255933573017522 0.3796738567249257 0.1583809921006859 
0.6906756380880673 0.06958165404467614 0.7275442487705254 
0.7011336229917917 0.26138873222949416 0.6710437468353891 
0.3973166920279474 0.6891083284978237 0.612503393612848 
0.9970946453470714 0.0802333652402473 0.06765162601121126 
0.1234872502823122 0.9241267946392563 0.37175820406853155 
0.6710393615029482 0.11130585997940352 0.734904790399802 
0.7407897428325356 0.4975076127397513 0.46194303400411574 
0.41985754233216194 0.9114704859515599 0.0171117320235249 
0.20326133476157068 0.11861662094242197 0.9739584445562851 
0.46573276437724204 0.8939166893501546 0.030716169346444413 
0.38357590162877003 0.6618944257192027 0.6491641859960195 
0.8147781563563145 0.49061858303800027 0.3248118747226786 
0.7182296722417014 0.6965240590574809 0.052732291267379924 
0.2868361324593619 0.8304151939760712 0.5215637760630094 
0.8507462464255627 0.41021050845445817 0.3550986484671291 
0.9588607517951582 0.09986868037726217 0.27245222113351936 
0.7952158315122672 0.15357602572742857 0.599326072465737 
0.35395882319601696 0.2545929834923706 0.9039219056835823 
0.6032329857916399 0.43642132743537276 0.6961457046205236 
0.5772352219455249 0.8184423173777383 0.0376057202788691 
0.059755963530858575 0.5818136286321203 0.8216447187459334 
0.27359810870301476 0.44292568581313607 0.8560546232354646 
0.5877336433975747 0.27148356270822965 0.7833620731814593 
0.07608131879232205 0.8404865024041024 0.5417001160100114 
0.5510631042938221 0.7971933648953884 0.25915744282802244 
0.6442767721500839 0.20214837698299173 0.7527535388504539 
0.478553019092929 0.7881124132016931 0.3900792096136163 
0.08541939141904957 0.604065187904647 0.798304897947206 
0.728879853863252 0.5042875706147525 0.47314630999147517 
0.8014262532856419 0.42399688245966916 0.4240790540336908 
0.2956916390295063 0.20967062459478333 0.9337536527028337 
0.5935646530734593 0.6736622947154193 0.4437838657057744 
0.535793539487551 0.05580475959945786 0.8437551308910565 
0.3751415899219952 0.6543657426983408 0.6624580458495124 
0.3479768606836652 0.7412762770048412 0.6340066769219155 
0.6822741459057998 0.7183559178000508 0.23831671173494756 
0.9901455963670691 6.538120307494548E-4 0.21936891162205033 
0.6191527092121943 0.6781891602990573 0.4313724503984969 
0.4609295259970413 0.8388903073201771 0.30291992330679585 
0.193547743948943 0.7147587124773458 0.6833161006345473 
0.2300125390856346 0.16306810122566337 0.9641015708569692 
0.03301576504328895 0.18152904956560192 0.9865212785920487 
0.9127106901992733 0.3743894498467691 0.18177899820325802 
0.9663769079110345 0.07536692573958559 0.2793348736880288 
0.0477171888796782 0.9343730315518969 0.36385782381059245 
0.20923174091666516 0.3201269788638586 0.9272475222503699 
0.21767494320645153 0.8131572639400668 0.5485700049592312 
0.7552661844020673 0.6261302508959932 0.28256486435623945 
0.9838812101118337 0.08629299429273461 0.1916020365548741 
0.35568965783730633 0.7352524006472605 0.585558722326821 
0.8339599950599841 0.3996141939756349 0.40168330423332377 
0.569736962644192 0.24408534524499848 0.7901548672022338 
0.767013312938458 0.6478488804862302 0.13712344571934518 
0.4112246611885504 0.28534681355617086 0.8666929585511723 
0.16480667427395354 0.2877198006706595 0.9450547395724498 
0.7209068798374705 0.3051304961281721 0.6261235910589761 
0.5041976093720424 0.1928504200560564 0.8437719120011952 
0.2378681263696471 0.7676657250600047 0.6564341096719196 
0.807283636789901 0.1629651586165439 0.5702572578323278 
0.17272797879321658 0.6162964400165115 0.7727859788951374 
0.885571768083914 0.05174372359517556 0.48250069876051727 
0.7871376344573046 0.4237716145291579 0.4528738306496591 
0.14445912802112665 0.015122627081753439 0.9958360701469645 
0.3667078247777777 0.415783475571771 0.8361954242285216 
0.1863412394823784 0.5448094717574368 0.8233635881261261 
0.3273380701622995 0.26386485809660953 0.9119404000738797 
0.7075174961060138 0.7236002390460858 0.08599431952157346 
0.6509540999033611 0.5227647544224094 0.5612852149432822 
0.17629485727027286 0.9753006877920757 0.16518094692043012 
0.023912640436444768 0.1322898184649529 0.9999790369926445 
0.1771675482550441 0.98319176717853 0.15122332713585224 
0.04243026655191827 0.4715117412281668 0.8886682009664769 
0.31428365830531374 0.1275018258418831 0.9503848322376725 
0.6781674439605185 0.734023187907965 0.09704967621777698 
0.33405992237928045 0.954945762094454 0.10072804443356488 
0.7581382977644269 0.03700518248835645 0.6533497171500533 
0.8085908137967882 0.34641454019682477 0.48846043238820464 
0.542266899113175 0.2176896309635355 0.8148323977302037 
0.2714017206251104 0.18819986708873968 0.9586414705636723 
0.8941331302811967 0.48309919350316055 0.0026060524527844096 
0.5591510083381613 0.7922217642234195 0.2593060435014627 
0.8366100501396364 0.5584886858503798 8.490007528874416E-5 
0.3783541350815788 0.8022723496886595 0.5265833316019427 
0.8954814071641939 0.4049937301444844 0.21212614247191516 
0.6846872206491403 0.7115811399540659 0.23753982841260463 
0.3178448515778815 0.9350015610176925 0.18010663811622432 
0.12872170230459695 0.2345506160297408 0.9736422504532491 
0.8635698000729417 0.5026696251096237 0.08478334323724938 
0.5083655631462376 0.783099458963095 0.3766883620210346 
0.10995482176628217 0.5900522354166707 0.8073041488176824 
0.8208469544812689 0.5699102049385005 0.1071856467869286 
0.4734135371366322 0.17454994915924735 0.869364303548539 
0.4574142939121165 0.7046128063193053 0.5503264681066392 
0.05630204964279206 0.8347197175836115 0.5788218362915052 
0.2618866813414433 0.2969343635906531 0.9224519915428705 
0.9359232767939393 0.20046115245047566 0.33907279946244623 
0.629218582229686 0.33288991489525427 0.7055331626644683 
0.3932330461435112 0.6329296590853039 0.6930243439821235 
0.42197479321148856 0.7782226417226468 0.4751258485427695 
0.7813805912110889 0.596303848885382 0.221180450044559 
0.31260952613248527 0.9603317878731438 0.0379214511223892 
0.5402177125810451 0.5140955789571489 0.6880128660235995 
0.9211820121733206 0.3590580461448879 0.16817184620790154 
0.8778436898551839 0.4543210992852383 0.21004457387096362 
0.06878765159791353 0.8324776588340022 0.580662156552104 
0.5120647650334217 0.7909443224267598 0.34231489700554435 
0.55837748914367 0.2265283208128562 0.8084505191096505 
0.9388678267873521 0.31724469537397 0.16991779310666325 
0.36922269676053937 0.021207358809655345 0.9456487466563812 
0.44742581776791474 0.45759635694400136 0.7743862916052122 
0.16812180167587515 0.9650055987300248 0.20865819463545746 
0.5256234837985672 0.2152413438392383 0.8289526928069735 
0.774141109346781 0.6240295663234667 0.12934375315630234 
0.9798327678751061 0.01609966977540212 0.2065961583080416 
0.15204735645124143 0.44520849755574626 0.8861202888995382 
0.6581515264234296 0.1957134609243855 0.7654499973563378 
0.020373892845847768 0.9393974844930669 0.3962128749996434 
0.25348079044501015 0.46222440848901675 0.8625442905249666 
0.9593358645374318 0.30346785672184734 0.19519711102920126 
0.4938823593824905 0.5563705873051442 0.6857849908095858 
0.13243291535059717 0.9951070253248729 0.002463973123014014 
0.1306651735305927 0.8858398991293428 0.4665425471700891 
0.3113982929423631 0.9453570315461359 0.12947198954512562 
0.08977238914680935 0.9917346671187866 0.11887911653002006 
0.15572087430809448 0.3274283503916017 0.9339774758031675 
0.25670053146271343 0.7505202891992117 0.6329363535934481 
0.48929549311803955 0.4654968955951418 0.7528698495849727 
0.7999129984678871 0.1485318463935567 0.6020466122964375 
0.5153749938016112 0.8060941684614127 0.3333069112629355 
0.6625566437368345 0.7382674201276078 0.15208285897920681 
0.951174113195656 0.14403166691548916 0.2896043362555057 
0.43549814775498624 0.7524607142983494 0.5136007326260831 
0.12948023570879252 0.8778066552880354 0.4826217467779526 
0.43390183995166165 0.45159173732372265 0.7842203974224123 
0.8676484044391638 0.35916060485517154 0.35605098613362857 
0.09863573421399648 0.106759645739667 0.9925892909635229 
0.6498621565575468 0.7028825906759338 0.2977712144042594 
0.7610597719996689 0.5346065253666479 0.3988028032432988 
0.6358195042616005 0.04104580443874564 0.7733728631489172 
0.8283255456415568 0.45129645820368824 0.3977601301187618 
0.6092696271679772 0.6673637225467738 0.4357584564433718 
0.15660082063269978 0.724353649681336 0.6838587593208331 
