6.209016325775423E-17 1.0140093176413612 0.0 
0.1802494570612086 0.9797157333261046 0.18839951215579784 
0.10324638835075294 0.9546841741371752 0.3277681224711331 
1.0145658332384666 0.0 0.0 
0.7852718747985111 0.04772899853823861 0.6458715307733767 
0.19966332051735244 0.8128094432086967 0.5916015357928834 
6.156542620271516E-17 0.0 1.0054397111980273 
0.9964052915672043 0.07841879713542058 0.17163795182091932 
0.8899550290820646 0.09296281990124959 0.4824278580817712 
0.7770962117318841 0.6099045744105092 0.21031483213034297 
0.8955815456698839 0.4251058980410844 0.23418614703274965 
3.869636271236851E-33 6.319595615537545E-17 1.0320682861274768 
0.046956469714920526 0.1793757835053897 0.9912268637035394 
0.3261414424735271 0.4873014578654279 0.8267333637438432 
0.9570388244724274 0.36365299065398227 0.03191506110410602 
0.1668766437712315 0.3384099956235052 0.9320656477016804 
0.9228889289018044 0.026207914280551768 0.4664297712631867 
0.5812659891453346 0.7685824801709735 0.28864780073364044 
0.8789018080262896 0.5274298290465175 0.11534658798380798 
0.023575002786038607 0.7561126151006691 0.713577650906644 
0.29262891001230734 0.8874031319923162 0.43530134186956 
0.4648293122749289 0.9379206266255149 0.005186941535050453 
0.9675552038334726 0.27604486380382137 0.22040582435017111 
0.2421757680661472 0.3269946179689928 0.9210039234695938 
0.6646853984922463 0.6646853984922462 0.40276595926601516 
0.9459146002009485 0.36996343969786655 0.24692721735909015 
0.36151422438844727 0.9322709494237805 0.19391250588791162 
0.8268137272915718 0.011036541397096353 0.595573782869257 
0.21861627025179892 0.924157530073344 0.3343820037553657 
0.5630283177771858 0.40656118313691814 0.7653350509267756 
0.8059965562252963 0.3485176800714813 0.4920241590629307 
0.7961550381349869 0.2863823715062441 0.5527617155789424 
0.9876507023494082 0.02231453147166176 0.36620569561253413 
0.2580466374240359 0.5611880120203548 0.8173170662116387 
0.4470172545568833 0.7422642936340982 0.5375834965042506 
0.6384179944090372 0.7999916745941044 0.04836491224205366 
0.6952072237514566 0.546902793682776 0.544018288360295 
0.13557238767057253 0.26951764930550737 0.9580123007937721 
0.18690677980752612 0.508490789844815 0.8542730619121568 
0.916266103089868 0.15133696973497665 0.454907741610968 
0.03557982164722044 0.4520844983261634 0.9471690908684948 
0.6487169567086524 0.7844245847621594 0.09078246355675325 
0.8159454315479184 0.22078697247907564 0.5885188234288562 
0.8388534037465836 0.5779345921468801 0.05141648372343686 
0.3717911234294608 0.716374050254732 0.629266174729172 
0.5000000000000001 0.5 0.7071067811865475 
0.1506704355234784 0.6850256834802986 0.7738061048180972 
0.08044178172086507 0.1424108203163123 0.9977024169970218 
0.43410772658353314 0.6964109188133752 0.6070153102299952 
0.3989144569375702 0.20202368542316684 0.9110024921162548 
0.712314897502372 0.6774497604873942 0.3021857643328507 
0.5441060726222947 0.8526044225440735 0.14213710461269033 
6.120648099413831E-17 3.373136006140135E-17 1.1413232374501638 
0.3858177485131239 0.3966047535814713 0.8656924301253974 
0.6001449311539663 0.24714565521922333 0.7930810890267866 
0.3460892201841072 0.6402864108007982 0.7185107006246534 
0.5222400896934191 0.8616786586685132 0.06408402513904655 
0.8492183312803907 0.21001299073356328 0.5149397763088559 
0.11312543215899432 0.7674725513084959 0.6698755078387071 
0.3384100435538516 0.7793751528956662 0.5765948720960408 
0.6817693646152047 0.31444589163752956 0.6899383629410011 
0.8601659722864831 0.12852648897182392 0.5285823745144944 
2.728658189193588E-17 5.820073677192278E-17 1.0497676083314171 
0.5353670535103455 0.8291444043547009 0.26974803297108313 
0.8270103773433904 0.38385024187514116 0.44528142412949123 
0.0715037675526828 0.709945211512464 0.7853563585779427 
0.47662679328282187 0.4741338245558624 0.7471378905925465 
0.2868334800335748 1.001057537104586 0.15163603438872567 
0.09191522474893143 0.26082187531414197 0.9655609935262712 
0.013610324372669161 0.8686850704384586 0.5642298774513608 
0.8650228533393444 0.5250655951650821 0.13664708486460503 
0.5115481323097592 0.4627623436031429 0.73183219364059 
0.7001737829071719 0.656983097886237 0.42132460586195597 
0.7372323931837748 0.6186206077113136 0.36014496997744705 
0.7249448641380586 0.7249448641380585 0.22817574511348274 
0.9100880827985299 0.18283337177322032 0.4081410719522193 
4.2494296319247256E-17 5.224925445349963E-17 1.0998759086518513 
0.09925112762946656 0.9621303446578191 0.3733124270948204 
0.923342145397161 0.3132592462946888 0.3881605858976902 
0.44083613703356145 0.19129856745021587 0.8864847875418524 
0.5854220027997401 0.06751170521329307 0.8496349828677321 
0.23284474646914327 0.87120892447844 0.507435202814201 
0.1624350937989033 0.9762266004883932 0.3109011583441719 
0.48714095938630936 0.5410915984909468 0.6964393553061443 
0.5661391226589088 0.8322772402524989 0.25673853993932616 
0.7511135696052711 0.29161597447482573 0.6612548480993495 
0.3047228080260456 0.38751501683994616 0.8785078205894065 
0.25896330465795003 0.10811571142682083 0.9682137627431402 
0.42227202479596965 0.49643102721387483 0.8068627722353102 
0.6129603015058359 0.43951540757048047 0.6855446884692897 
0.1343713160062977 0.8439876462292095 0.6264057463323477 
0.4099049347766749 0.5357688800465956 0.7507776647887786 
0.9735740902383092 0.16006251417124387 0.33469636884308507 
0.6319605015461244 0.49604153893262043 0.6132394816327809 
0.4554063162535741 0.8260459552184426 0.4941791440173923 
0.32121491704868516 0.8998831997912972 0.30944977998800155 
0.7613090573895941 0.23164239094576006 0.7471386890037154 
0.7682470699368107 0.6730138532603961 0.11904901327118948 
0.5617147405710585 0.11535677413757427 0.8786085615911892 
0.04007565806911916 0.5607313312815151 0.8750524933935478 
