0.4663900114282662 0.6031354086229294 0.649050440708652 
3.2967057502425575E-8 0.0 1.0009749388768967 
1.0011578028185792 0.0 0.0 
0.8046378000160281 0.2895030072363069 0.5227986169201165 
0.6592782855913996 0.7372119596854262 0.20069994189642731 
0.09184380069180334 0.8777523097057341 0.48052708179724135 
0.1386874670691031 0.7957722470184881 0.5972484915699301 
0.9538840398344491 0.2250637744841595 0.24036669643368613 
0.34577272157243016 0.3731109432265267 0.865855051076658 
0.15174836568973324 0.8418478307610688 0.5339698939926506 
0.11261839411937868 0.9582272347326312 0.2957808005781999 
0.2614215940358416 0.8647148468078238 0.43359343280598583 
0.23276978795062844 0.19804651047093647 0.9567314033705249 
0.8396527707314022 0.4167807172315305 0.3533326362257544 
0.0379973509630551 0.12676381464832046 0.9932673288724347 
0.5512619692922973 0.4399407168842112 0.7134555824295105 
0.603300194447051 0.24618935767815872 0.772487545134401 
0.16540117834592677 0.9246047554545324 0.3647592102915472 
0.3223662832658258 0.7656209215422352 0.572286759172198 
0.775646192344198 0.05699976478312775 0.6303510877944473 
0.7819649519747511 0.47771809707987933 0.4077405153324409 
0.33679980625878475 0.08849528674775858 0.9416800892892035 
0.5282622447979627 0.5883403348367217 0.6191135956604417 
0.9468128566068592 0.007210727057351553 0.3292625942555724 
0.9102407645554271 0.3594346346806998 0.2210245408873924 
0.4180641215618813 0.5328983185774705 0.7408959693888874 
0.44083226759262356 0.7520619321825481 0.5006997096135273 
0.12847586673720962 0.39569908931218917 0.9113913043813917 
0.3831246529780165 0.8883467850676097 0.26909270502531063 
0.4034548950418964 0.033917935885605044 0.9247842567688545 
0.712401791143155 0.18952566646827626 0.6805388655519216 
0.06531259736595832 0.21424273340132188 0.9754141872715308 
0.2474386882898844 0.9732128420903363 0.011967653617724524 
0.007690134814127664 0.8398116917898452 0.5900429601247023 
0.9302923345994913 0.3300080710558467 0.23356369458357182 
0.2273950480867796 0.38391108627472703 0.8969129965279958 
0.8975383097690581 0.07545489525529228 0.44981778636666236 
0.29720077839664966 0.9044896395913611 0.3405125860065216 
0.36508797493090356 0.8977870717047038 0.2645352110097678 
0.17698134809473937 0.9893387562990101 0.036549557942623295 
0.6129656864722997 0.6930576607343021 0.3928783915490026 
0.6359084275594464 0.5531672991712926 0.5497805230667148 
0.5653223963375418 0.3511395979443545 0.7565326775244766 
0.3114968380094997 0.9349225725499135 0.18746935112213642 
0.8804830819088815 0.1368527729494446 0.4634490353949249 
0.5128418230176227 0.5711661827883606 0.643805213592961 
2.986062101977859E-16 9.115697138500463E-8 1.024794989154 
0.5828640339269002 0.726600279315336 0.3795125387573156 
0.23705100108361885 0.01857680524042613 0.9731144554498157 
0.4546101388516607 0.5478905166013017 0.7207464451155163 
0.5352282458431933 0.5939503910305072 0.6048604214507945 
0.564389321148288 0.4611393508924797 0.6955563250879864 
0.21501229911988246 0.9759427991324399 0.07384419647711263 
0.6356178080159084 0.16395004457426968 0.7764422224374984 
0.6932599056129475 0.721331672691344 0.057206705287611494 
0.8511652392007031 0.5199939426244636 0.10483932172495622 
0.734195480190189 0.658233075531131 0.24561809511186167 
0.32520645016498717 0.7741224610154589 0.5586128398282224 
0.2833189886050333 0.2590279225147582 0.926514445305781 
0.963967256182106 0.02272172405821845 0.30798141490398595 
0.8618694422728534 0.3160526908693318 0.420764801008905 
0.7935534453311942 0.6195152371888903 0.07669292313172087 
0.7635959136093096 0.6474988263417217 0.1134239492329806 
0.5777944268902457 0.8150293832694173 0.1624632203245424 
0.12822601257239 0.42777767604441314 0.9055825989538001 
0.8149399300806693 0.49225188867823494 0.33991324046571164 
0.4777210666620403 0.5032687686641701 0.7268551830679583 
0.2827499520814945 0.09707041640807106 0.9579717448373825 
0.9164710113513591 0.24080585391795015 0.3227289365227071 
0.05291026778803484 0.1806876671066309 0.9841147411303409 
0.9392322248140972 0.27956284066853904 0.21246000172391152 
0.9612223541725301 0.3366359529240407 0.019324440618527654 
0.45801642122416525 0.4210563517335522 0.79010396104867 
0.732000462719292 0.6228047831336919 0.2804014180374704 
0.5009936899163314 0.19004398042364146 0.8459474827033951 
0.08152441885310674 0.5797619211983308 0.8180933231499827 
0.15408316386620316 0.8548004894021831 0.5133607850676951 
0.5756313904354706 0.44781516254976933 0.6960178231851163 
0.5101681190857917 0.8705766988036987 0.12539919013984283 
0.18725540043039438 0.829479638395446 0.5308101945077108 
0.4212780342369238 0.366463506850199 0.8360761716505067 
0.8238176044205975 0.2964964644078598 0.4882642016480252 
0.8679788083012945 0.5091530209346848 0.039460370339303955 
0.783040745485726 0.04728589280181898 0.6352452096305711 
0.4353219464933692 0.11581200814365164 0.8947958074854847 
0.6838916272716853 0.7101389999435748 0.17951480964419583 
0.6779971513626549 0.7523830745049983 3.021715430508899E-4 
0.6201282912951082 0.690654102455923 0.3807775929322247 
0.20870659820249263 0.947321164793382 0.27266931040796594 
0.6491322687677563 0.025355086582559673 0.7701508470534035 
0.4129741458160684 0.6748541826580878 0.6623836332182024 
0.8518084301717235 0.31236325742214344 0.4354272448640534 
0.4347877675748892 0.911077676832571 0.17276342196733133 
7.233954784172051E-9 1.0137683180556127 1.0487229386290995E-215 
3.4987369153031318E-9 1.0680764497854767 1.7626757468883835E-201 
0.9862701742192785 0.15034038778101877 0.09726118936888768 
0.1932194049229274 0.6374494881816758 0.7479549264644926 
0.2765742138968303 0.40618669541442654 0.8733595175349372 
0.7650015842176474 0.6289124614263523 0.15407454877743648 
0.7527926036291102 0.21891271782517502 0.6354077319566058 
