0.32730465002059583 0.6332229290887696 
0.6094025814789521 0.2706686663988681 
0.38792860386303235 0.4365228484024098 
0.5219482379775803 0.33122044418952673 
0.43579284341736635 0.39734504610842863 
0.3945261468756994 0.4294522028666614 
0.48306129154366884 0.35977131735743983 
0.4489079009400392 0.38666010072748475 
0.46121469433333795 0.37639347383755195 
0.324009985453557 0.49856546328639173 
0.48306129154366884 0.3589606868941226 
0.4489079009400392 15.057532643614858 
0.44978750993781913 0.38495247104820646 
0.8403830588415759 14.578199786209161 
0.42915631254502484 2.7962782333376026 
0.43579284341736635 0.39734504610842863 
0.3746463884674699 11.296635693395226 
0.4358476050480461 0.3972827904052593 
0.44885313930935944 11.983155508889503 
0.8981841748501906 16.60217266153645 
