0.22163447217905993 0.5295265722102872 
0.5242797393264524 0.2761688722672029 
0.5286152094347571 0.27320455564182217 
0.523720108455502 0.27654659494906814 
0.7933779174827532 0.1098380100913111 
0.7982314417540987 0.10688292260220966 
0.7945642291539472 0.10890017530863293 
0.5293519535715961 0.27278752672815654 
0.5312103416317017 0.271436030129214 
0.7954562791614469 0.10830130113020049 
0.5324704826812521 0.2705069825934516 
0.7911954246740425 0.11073972686216817 
0.22238549047474257 0.5288610671006874 
0.21957858871962532 0.5317512310629697 
0.5211234435739989 0.27844445665877887 
0.5206098267173923 0.2787555956293332 
0.7873254804050779 0.11300107296754915 
0.7873754131399262 0.11288648538458895 
0.21849033233366946 0.5328345862550545 
0.5343591892343827 0.2692197592261342 
0.21787462086273712 0.5334629301421336 
0.7869272603651702 0.11309896204227872 
0.5335286891252045 0.26997511839400756 
0.5356690104961521 0.26830340214949955 
0.8087027230502994 0.10088741045461731 
0.783540966809189 0.11511816200933814 
0.5176407125574632 0.2808111036325774 
0.7816123802739664 0.11609497461517827 
0.216692534715633 0.5349353737229471 
0.5197994439928763 0.27967693179186226 
0.7792462911619962 0.11745187609556343 
0.7790742634721656 0.11755219040919011 
0.21613516988198594 0.5354102704697224 
0.22758032551303095 0.5232220831848435 
0.7754454986093494 0.11967448179587992 
0.5367216578011108 0.2677648145864907 
0.7642655884272433 0.12602153569671404 
0.22774990827813466 0.5231382212638958 
0.7584978958988539 0.1314472391437858 
0.6659308529998754 0.18435574957377787 
0.22827742325365655 0.5224922286837637 
0.5937747811956081 0.22972805032264512 
0.2145638268614985 0.53705480695837 
0.5606921132603359 0.2516119383681131 
0.5386081492438506 0.26636182843221573 
0.21399423695949477 0.5378077208084278 
0.5392841784982183 0.2658981590741561 
0.5535038380150238 0.25626162128238383 
0.22995024127455346 0.5207001380358969 
0.5520632369492807 0.25721986385139656 
0.5141351034255535 0.28331196232492256 
0.5403130192847811 0.2651486082916223 
0.21601875125644557 0.5364875591969315 
0.23023841054830915 0.5204488494541661 
0.5408726501557316 0.2647643223513524 
0.2126628970821457 0.5391005228415868 
0.5471942107458961 0.2608791874707737 
0.23093077202112594 0.5201449938541106 
0.5130154147337684 0.28412245175627565 
0.5417064289052514 0.2642967960597442 
0.23373583353024835 0.5169557484029133 
0.20943164091816568 0.5426079051294018 
0.23415813555655413 0.5163746400607271 
0.23488454236768266 0.5157898383150396 
0.23488454236768266 0.5157898383150396 
0.23573640646719873 0.5147389099400174 
0.23946529889286056 0.510844609825845 
0.2399886839191156 0.5104044787339262 
0.2463269163831221 0.5039589974635531 
0.45515186410767283 0.331011490563405 
0.19715574734758132 0.5563972774047231 
0.37207920575482745 0.390327416410688 
0.25731374820080877 0.4931348852249356 
0.2758717643707269 0.48783625566645084 
0.2857166140565746 0.4785327190277478 
0.28925131557731 0.46252050915865806 
0.29010367055116343 0.4617811072151131 
0.5255128355459424 0.2753039647059685 
0.22060479162319427 0.530605876556947 
0.2224881514121726 0.5286524750282604 
0.22243858538925512 0.5287097611570069 
0.5304223759648179 0.271920924316391 
0.22024252629437743 0.5310043207538532 
0.2204652128909447 0.53079260200164 
0.5310200181995883 0.2715414176181819 
0.7954260242086626 0.10835723264772551 
0.533055154094913 0.2701475940039067 
0.7906341048079568 0.11101747045108679 
0.7887038859028264 0.11212625516231774 
0.5340334508558043 0.2694577955493123 
0.22576405162880325 0.5252014506909223 
0.5338241352138039 0.26970299101125983 
0.2258040615831146 0.5251781412185217 
0.22575175786982726 0.5252711761699045 
0.22671880659878407 0.5240435049590831 
0.7859422378995821 0.11369361798075571 
0.5168287679317287 0.2812991306833815 
0.7788665724451039 0.11775573692004654 
0.5372701868776436 0.26725038605933005 
0.5166428424028137 0.281563118944643 
