0.9843057381357866 0.8852632291295722 0.4902162547108227 0.49713129697109354 0.4909324437979795 0.49169893910464 0.4920660971931387 0.5036808087583362 0.5028544568958501 0.49126741085808084 0.5023893140727572 0.49666166274959644 
0.9877161855155906 0.998743389611447 0.48746245858629283 0.4979545144999917 0.489283450049094 0.4887970436201372 0.5024225676571614 0.48768288513854696 0.5029817974816857 0.49579279472033433 0.5660736582993575 0.5067433322079061 
0.9843236502796411 0.9988071246468921 0.49089995181901647 0.5197046192254969 0.5102376849374847 0.4980451338548873 0.5225340532380502 0.4978784019631889 0.48402457494611173 0.4957536986368723 0.5021565298007507 0.4867194374315768 
0.8788282025662473 0.9989367494033647 0.4907605010466263 0.49485997873539456 0.49644358209337147 0.49133313055009 0.49298418901249297 0.5036808087583362 0.5037872685783813 0.49580767356388633 0.5014985374792673 0.5059343636929472 
0.9989864045590964 0.8484585389307562 0.5020200745628138 0.5069290402857045 0.5111447620557142 0.48884952314995883 0.49218528130541156 0.49839829174388456 0.5028895385267984 0.4861028791251401 0.5018297704793464 0.4893972197940074 
0.9844274905456902 0.9965941871236842 0.502004353413722 0.4990124555969984 0.47819530960708895 0.49979622195706763 0.49787650528934907 0.5004739075189133 0.502924635634466 0.49697484863054653 0.4943420932667072 0.5066043646475001 
0.9896087064295928 0.9987089295800954 0.49127479433010807 0.49960348874092897 0.5016465241610796 0.503920631227947 0.49822671737414725 0.4965737430719727 0.5005359239561303 0.4997637942130129 0.4903039898828639 0.5033814319399859 
0.9932351707945886 0.9930690867323946 0.5016226570234863 0.4990983651550796 0.5018047441608302 0.5037938502458793 0.49843481116780947 0.4886666877899054 0.5004822316918808 0.49971638401409424 0.49927742568768696 0.4983332452332383 
0.9864790499827193 0.9963067405771461 0.5014799484110833 0.49768294579701317 0.49616484967998997 0.4988861060361508 0.49806996496197276 0.5025002494153067 0.5022395883413011 0.5100717572552189 0.5018337511177369 0.49868649547424254 
0.9921339570237949 0.9984362717092882 0.5016551002567372 0.4952699691515255 0.5017678379174217 0.49925207367781693 0.497361785331895 0.5020127760953117 0.5093763781857217 0.4997881624887729 0.4999332779130188 0.5000113166657849 
0.9890807158194346 0.7985706376545906 0.4947802939935229 0.49984289820746636 0.5017320039816866 0.4985531080533545 0.5067652434474577 0.49905356629558384 0.4993675859993493 0.500026646646694 0.5002725474308081 0.4982050783142068 
0.9881204386550021 0.9954627150278762 0.5007421697761718 0.5008364908373634 0.5017694206668267 0.4986534776115986 0.5060734095792686 0.5008192204570644 0.5141890606516596 0.4994343536924445 0.5002392288860256 0.49800048854600865 
0.9831679245362517 0.9855752175629536 0.5012475755483783 0.5145293674306445 0.48479813801072397 0.5205035239044916 0.4996100973602708 0.5000251123655151 0.4990861132307922 0.4997973394532274 0.5011134291610685 0.48693433679350406 
0.9962936011065123 0.9294805261005009 0.5019488396426803 0.4998627597243975 0.5016133073120256 0.5047180605748478 0.48371948142608456 0.5016511308492422 0.4995176274587761 0.4992521421777668 0.5049034391090269 0.4982496747345987 
0.993575098120784 0.9982418741124712 0.49865238621263486 0.4992459360676763 0.5350920260649029 0.498406277544456 0.4981947845256018 0.5007582817772902 0.49943101346417285 0.49748802899818095 0.5000169315113094 0.49751826136688615 
0.9796461549705282 0.982940090817146 0.5021881135359653 0.5009215309885043 0.50889725945177 0.498702887497025 0.49856675962713104 0.5030412279619344 0.5186281846223568 0.5322817720073945 0.4766328251753942 0.5134584615736731 
0.8819526925680494 0.9878526331656053 0.49859069758017505 0.4988461607849354 0.5011363673197813 0.4980205738227421 0.5111990483737574 0.4990266631116099 0.5022936533834255 0.49953552962884906 0.4999166249179815 0.49856580081031177 
0.9867700388918619 0.8687155413731272 0.4979507769853469 0.4913260448276503 0.5016173180035092 0.5023509124624345 0.4969672986496395 0.5007642239361348 0.4992729615019315 0.4992473995392425 0.5001819787299339 0.4889428379122722 
0.9900050057033936 0.9959217488342418 0.5276557683614685 0.4992743627663336 0.49942433269879005 0.5014303281819597 0.4976773656367237 0.5015923603505702 0.49945664253472516 0.511849319776636 0.5008006063788039 0.49769220711645085 
0.9937373799485772 0.9942760113531495 0.49870777146677375 0.4991799192617244 0.4993098745683327 0.5012666452261828 0.4989093486602346 0.5016122786973155 0.49918206805749915 0.4993147300544599 0.49997654120643076 0.4983230179801252 
0.987625152473482 0.9863457877910242 0.497812958891043 0.5001663447677787 0.49764491713670317 0.5110538986270289 0.4996637188795861 0.5016477799690092 0.5054415772021678 0.49947878656275163 0.5179674410005819 0.498806180112561 
0.9902611776791883 0.9951761073965413 0.49854359254390945 0.49924614801804035 0.5011071760971371 0.4994039877297399 0.4963667441355064 0.5015819686841685 0.5054282658995997 0.499479903612811 0.5004177528470412 0.49843925989690124 
0.996946685661681 0.8533247675196877 0.5009451763508512 0.49916960051812326 0.5011972538344058 0.49959395994806954 0.49970363001859086 0.509302630915437 0.48837513773333996 0.5011167141005685 0.49916796831638655 0.49927209988290344 
0.9951435410746209 0.9929875152182909 0.497751488698193 0.4992917487783259 0.5003306775421497 0.4982841866041429 0.4984384080927801 0.5011280406365051 0.49944191519271974 0.4995441273051031 0.49920598574648034 0.49925274831362937 
0.9972557060236971 0.9967896519695288 0.531421580424224 0.49876960692668787 0.4995143275167138 0.49959909687078263 0.4996988200724469 0.5092600238763317 0.5047382088463745 0.5011033333754409 0.481393804134428 0.49927209988290344 
0.9032883806528196 0.989608495520236 0.498026090934172 0.499189603684589 0.500355354581343 0.5019489526496587 0.49901800342023245 0.5012301941196334 0.4997440933088024 0.4993927898830565 0.4982510681436816 0.5001799238495483 
0.9016784014536487 0.9967197864597593 0.49859507516003504 0.49905043212563693 0.5003550106885418 0.5013848452241524 0.4990000777027688 0.5012245264784627 0.4994974755924185 0.5012697713693264 0.4982746602722103 0.49971260003258655 
0.9928193042922204 0.995223755263812 0.4988964273969719 0.4997801001494442 0.48124935224136434 0.4966678626424272 0.4990579842583179 0.5122265734413389 0.500192259253206 0.5011382150169839 0.5002194208675762 0.5001434836738464 
0.9961635442091048 0.9892960184435289 0.5011053771133699 0.4994428720293973 0.5003961051663713 0.5012981811801173 0.4990937536602855 0.5003130154586475 0.5012040391329794 0.5002848239835302 0.5001754419141895 0.49974010383901346 
0.9909632168026686 0.9986579181708441 0.497817777045718 0.49955818503385785 0.5004333549566932 0.5018952025574707 0.49893289834248855 0.49680791263576946 0.5020419327511768 0.5008597902063954 0.5124151991874261 0.4997152565830044 
0.8134973848585368 0.9845634212988861 0.49873967409529724 0.4995372906961651 0.4833285434778891 0.5066075317183465 0.49893805474980163 0.5240306303567155 0.500254959153621 0.5008959736341959 0.47820076868876255 0.4991128168298861 
0.9865380517075915 0.9842381329898817 0.5006947484605412 0.4995361461422675 0.5004465168261227 0.49884467169474567 0.4989696317312211 0.4998748747231122 0.4910868308189692 0.49958581942827235 0.5015696270578418 0.4997878514396178 
0.9839196979502173 0.9888637112835972 0.49961133768087124 0.49947843539793746 0.5149224063420932 0.49900273436471293 0.48542628420391254 0.4995697849217114 0.501213862956661 0.500827095565207 0.5009120746387261 0.49998080247419063 
0.9940652639572185 0.9921378527249981 0.5030604030911889 0.4995369891381516 0.5003007539979388 0.49900274533180067 0.49983142980657325 0.4961231143819643 0.4997956197936467 0.4998040815019558 0.5008571605371237 0.4997006326188453 
0.9954160046203859 0.9892070701195933 0.49994030311331544 0.4993410326815115 0.500208582252194 0.49902616625748486 0.5001039534552684 0.499383584392569 0.500777886848391 0.49917193234585555 0.45988576627679734 0.4998236382038442 
0.9960215281866992 0.9974107658945984 0.49984011561012187 0.4994755429023397 0.49975265644020933 0.5005947891511195 0.49895053901567754 0.48595732062618663 0.5013931467898971 0.5009218177219984 0.5008624545886473 0.4998857384229906 
0.9902936380446692 0.9131718360076284 0.49992337833032885 0.4993491720471271 0.5002020706083158 0.5011339480514149 0.4972670327180201 0.5001763706613108 0.5006025227828124 0.5009433207651109 0.5010518823938647 0.49981945073838646 
0.9916620674088495 0.9956155572569174 0.5039536104875011 0.49936854741486014 0.5002049233150723 0.49905634625204315 0.4972313306251018 0.5002948268931069 0.5006722452808727 0.4999165096443545 0.5000120707669882 0.5003177149156897 
0.9919536264147301 0.9945095571586197 0.5009468405742904 0.4993340368198372 0.5001795524785423 0.48216356761273066 0.4999923047737053 0.4989377463832268 0.5007898279134119 0.49971144337518897 0.5009371340647583 0.5028160152535209 
0.995025742843026 0.9977413348974972 0.4998571110873086 0.4994713418431102 0.4981549270942067 0.5006654925296433 0.49849466760395317 0.49967297632563185 0.5012900629282876 0.49970190040037193 0.5485522193099686 0.4998625295611767 
