94.26298436754195 0.3405556238128211 679.1406878807635 961.9426189592102 486.36338453339016 244.58913764845352 1588.3196907136312 
0.2033174397644304 47.25154663821536 525.042294195936 697.4517402411126 417.90887849007083 6.018181487502106 1587.723978700536 
1.917654858800927 47.678097426494745 676.282318886564 961.9426189592102 416.9052231913964 244.58913764845352 1588.1400216819236 
59.62082119508106 0.5871468984884025 515.484747640316 688.7033685757452 489.45929347134773 27.066146904133547 1577.3461140559166 
1.917654858800927 0.3414837650039462 672.1296393622381 961.9426189592102 486.36338453339016 244.58913764845352 1588.1400216819236 
94.2843973050947 0.13721188686466546 665.4282831268474 697.4517402411126 379.33474105258216 0.14634334586848752 1588.321781225219 
93.79490101087436 0.13721188686466546 532.3856662920437 697.4517402411126 420.1533850062625 1.4841930057780583 1588.321781225219 
10.641911918165102 0.3414837650039462 510.78299612244734 961.9426189592102 486.1359210369168 320.6253532956031 1588.1400216819236 
1.0024034352614901 0.5376295547538952 525.3746177735183 697.4517402411126 420.1533850062625 1.4841930057780583 1588.1421121935114 
96.3485141357398 0.33726699492932816 506.6261289390846 869.6483219180975 362.3911729967138 311.06141889180356 2145.0597227291114 
4.2966856171816055 43.35200404307546 650.4698886174718 65.11560041814548 324.7779554232316 6.197565506377421 2007.124404489332 
0.44790494062837716 51.20676246138835 679.6682457032215 69.25142562711558 244.31262576584356 5.236101015020644 1569.4320359216913 
0.4553398170502082 45.718641361289606 652.6752554177066 1.3742790570077004 306.27847122161126 5.067329113678731 2047.3167520667491 
0.2105121118832592 45.74229832534593 684.8644852684486 67.78755274266578 308.8046198841498 0.12694153622923032 619.0479470353821 
3.6867799659641616 42.621579082838586 639.9096469118185 68.86404789330979 309.84706657821164 0.0867698324893631 1997.7277868843053 
0.44790494062837716 51.20676246138835 679.6682457032215 69.25142562711558 245.39347203218165 5.236101015020644 2158.9668483821065 
0.44790494062837716 51.20676246138835 611.8696734326577 63.77057222051348 292.78592416747875 5.25511978805504 2158.9668483821065 
0.44790494062837716 51.20676246138835 611.8696734326577 63.77057222051348 292.78592416747875 5.25511978805504 2158.9668483821065 
0.2060239363208115 44.906243569078356 704.5274065236138 5.452785747021611 307.7133689128915 5.064441493035896 2332.460190075926 
0.09649652781127427 33.2704936788804 651.3034119312433 19.461554043689972 307.7133689128915 5.067329113678731 2490.6082198739946 
0.46267057521066135 44.8445545525604 541.4200905815171 64.07921720625802 89.84831169960209 6.209826825769619 2116.9577076937817 
0.45679558446367524 45.74386484729002 652.2804614126295 18.330036497792186 62.60640133230237 0.27159197422503656 2791.0970357523697 
0.45679558446367524 45.74386484729002 661.7278557201446 18.330036497792186 62.60640133230237 0.27424357982909586 2654.542994390135 
0.30602723426425676 51.40403688745623 682.5658090411288 70.60801901309415 48.38399533140682 0.15325433435161395 2280.8921799432105 
0.30602723426425676 45.74229832534593 682.5658090411288 67.78755274266578 68.85296035046835 0.12694153622923032 619.7808058034425 
0.2938501825394946 58.86073420434707 652.8126961696948 67.78422440931652 39.49564894250521 11.203421296291907 2215.291121973059 
0.2938501825394946 57.51249832112051 682.2985375426257 67.78426430484713 39.49564894250521 10.9965275862908 2258.982847227994 
0.30602723426425676 34.372959048382256 682.416913682275 67.78755274266578 68.85296035046835 0.12066815409372467 385.0799071020329 
1.566641813347224 45.77912569509223 678.4534378410456 87.46701876457834 62.60640133230237 3.191531213289041 2810.2858530388858 
0.15658092288167058 46.05658081012533 679.4730038660091 87.46701876457834 62.60640133230237 5.1509435815053495 2791.0970357523697 
