0.3340030686903166 44.13901254359701 818.600332201958 777.6465264735359 362.7160601715549 22.16739847000482 4695.425827948713 
27.334783865201977 0.19794207802320662 892.655267896172 1108.567012819297 439.9915975694767 277.64897175112446 3267.782949311014 
27.334783865201977 0.19794207802320662 812.4815490327009 1108.567012819297 439.9915975694767 277.64897175112446 3267.782949311014 
1.789235930259645 0.18926139117778032 897.6604909269802 626.9771407994627 441.79881146789035 181.32712807102678 4101.680863755252 
1.194028748180079 0.1895291244127536 782.6781080295802 622.4939820404359 381.229054416732 195.6469218548415 4084.6963391605655 
1.789235930259645 0.18926386823484012 897.6604909269802 813.088919617037 441.79881146789035 195.01900814210003 4101.556636588324 
0.42786931142848417 0.1986525720769876 545.9876236363434 1108.567012819297 365.33910236815393 0.23313729145015422 8373.432056010173 
26.78904195039776 0.1982073342011201 714.3897136209581 1108.567012819297 376.51509950496484 213.94010434428358 3105.348051963782 
0.017306540992873314 0.010615250534740994 707.1442015487687 1218.844726415985 376.3240883851074 216.00872012506898 6993.255418363567 
25.457958599316285 3.8733149004642904 714.3897136209581 1108.4862021744848 311.29547528682735 211.93391766390215 3105.348051963782 
0.019599887691861162 46.87595603174463 888.0251353393039 8.520160678378716 281.7227451395164 0.22483100499659026 6992.9770829265835 
0.3340030686903166 44.13901254359701 801.9837465577303 11.012750352818728 362.7160601715549 0.48458984271896455 4020.1683049521357 
0.019770239152883125 46.51790339800018 789.1022531725762 8.520160678378716 281.7227451395164 0.08021172232118248 4095.9399559397907 
0.0038423283411197495 46.48216566856003 894.8816234123149 24.28287464826102 292.1510845750404 3.967170130355772 4945.518288437426 
0.08035703728104227 46.85244091483631 758.3013227431829 0.23412952079068994 334.3305004940336 3.9392636866534314 6999.4945885147345 
0.019839380900188587 47.17926472543469 749.3529057718919 14.707305769171965 334.97148226095135 0.4396692943509106 6849.245583429651 
2.97640016667172 47.245881591388226 892.2831862393994 23.285095012496207 335.4461232071625 4.803230751168474 4945.518288437426 
0.003153456726916526 46.842210769698056 806.0499036176252 0.015223449197895977 295.98093792679526 4.790356102170028 7456.898714144577 
0.003153456726916526 46.842210769698056 806.0499036176252 0.028349073351399953 295.98093792679526 4.790356102170028 7456.898714144577 
0.01927212128303213 46.842210769698056 540.3997789834755 0.0028668583526987312 365.5085667681424 2.5544497104288637 7473.29782451326 
0.04223310479035348 49.632975578375884 741.4806148802462 17.457248434317528 66.0331108537184 0.23041949601189043 6030.138973347943 
26.78904195039776 50.792573356774426 985.553043425448 3.5542425021168356 76.77357322870796 2.0757605673091604 3105.348051963782 
0.025987921093435368 46.85869513417021 756.667023215453 3.5297854427981576 94.52431340445506 1.9863394367820968 7282.871656448635 
0.017306540992873314 45.66450449091486 979.0403772583197 8.101572322884628 76.58194592876166 0.33615860185764457 6993.255418363567 
5.49803265940077 45.60740571138017 770.3342562404865 3.72117623737991 113.11464376473504 2.428415213971758 7018.673199474818 
23.776991630852024 45.66450449091486 800.7744717658999 10.734364444058365 76.06844801616452 2.742315728328382 7287.049512909325 
0.4956697877739553 28.364016929639533 770.3342562404865 3.72117623737991 113.11464376473504 2.428415213971758 7018.673199474818 
0.06301305462461393 45.60740571138017 770.3342562404865 3.72117623737991 113.5433174046675 0.2339494066933574 7018.673199474818 
0.06301305462461393 45.60740571138017 770.3342562404865 3.72117623737991 113.56382835540109 2.428415213971758 7018.673199474818 
0.047134276731905025 45.60740571138017 827.196839602095 42.66769492975806 76.33128898887185 0.16737560990345246 6040.246988348736 
