0
0
0
0
0
0
0
0,636570023
1434,949009
5156,381751
9701,568576
13969,01149
15270,62331
14793,6104
11918,61408
7817,110079
2851,809834
31,48913565
0
0
0
0
0
0
0
0
0
0
0
0
0
0,636570023
1684,005488
6140,760547
11471,38766
17709,48893
19463,75257
19890,24361
15387,4827
11226,91014
4187,246755
38,622152
0
0
0
0
0
0
0
0
0
0
0
0
0
1
4896,540926
15115,31454
26030,75559
34232,75134
37916,88918
36075,44962
29624,90141
19364,72161
7255,27823
72,06653718
0
0
0
0
0
0
0
0
0
0
0
0
0
1
4010,298582
12625,21064
22384,56612
29328,56264
32835,35377
31374,97802
25842,16369
17341,4491
6622,449256
81,55484984
0
0
0
0
0
0
0
0
0
0
0
0
0
1
1766,248487
7404,274956
14019,25912
17641,12182
22102,15956
23239,56495
17805,36406
12625,21064
4922,305106
56,09072624
0
0
0
0
0
0
0
0
0
0
0
0
0
0,636570023
1603,195613
5025,851653
8289,894337
9558,984744
10766,5536
23511,97518
19492,0808
14601,79661
6066,405128
91,46215316
0
0
0
0
0
0
0
0
0
0
0
0
0
0,636570023
2588,484171
7474,182408
12904,64722
22399,46566
20363,248
20205,13159
17750,55526
13039,07437
7725,792114
114,67099
0
0
0
0
0
0
0
0
0
0
0
0
0
1,419543549
846,7359081
4768,458308
10539,00953
15739,99682
19435,4393
18259,87175
11658,93646
10607,08739
3914,955348
27,46835801
0
0
0
0
0
0
0
0
0
0
0
0
0
0,336808394
860,3869211
4482,731922
8041,966687
11088,069
10448,48687
24597,66883
21058,42916
13556,97506
5918,683651
81,55484984
0
0
0
0
0
0
0
0
0
0
0
0
0
1
2453,645634
12372,01805
23618,22346
18176,92485
18788,37711
14819,25419
8289,894337
4965,354377
1941,088533
38,622152
0
0
0
0
0
0
0
0
0
0
0
0
0
0,636570023
3750,118857
13014,59546
22116,99059
27653,76974
32784,00518
30620,48177
27814,80064
16841,67225
6020,100203
75,81069468
0
0
0
0
0
0
0
0
0
0
0
0
0
1
2858,86393
10709,50223
19648,15323
26282,98498
30520,38676
29493,06176
23861,72901
14729,57151
6178,061444
119,0924673
0
0
0
0
0
0
0
0
0
0
0
0
0
1
4203,470174
13931,36876
24489,83928
32681,39557
36822,30763
35668,81504
29443,67695
19705,01881
7949,700145
151,7018065
0
0
0
0
0
0
0
0
0
0
0
0
0
1,419543549
3413,181662
11401,34191
12144,54785
9635,665419
8011,168231
12770,72656
16148,29803
13843,67926
2944,0052
41,62088292
0
0
0
0
0
0
0
0
0
0
0
0
0
1,419543549
1512,621289
7868,010426
11906,76554
16640,57526
16174,77023
9922,420836
10629,81536
7494,199743
3204,821853
30,12677495
0
0
0
0
0
0
0
0
0
0
0
0
0
1
3703,497
12685,76869
22220,9089
30220,81641
34528,70952
34668,30376
28739,13746
19096,84918
7939,472183
195,0120389
0
0
0
0
0
0
0
0
0
0
0
0
0
0,636570023
2540,993019
9211,287701
17151,72054
23149,01788
24891,21488
22668,27218
19279,984
12540,60626
5854,472128
195,0120389
0
0
0
0
0
0
0
0
0
0
0
0
0
1,419543549
4042,264408
14691,19661
25936,39741
29955,43341
33522,78407
29905,76875
21102,15881
13619,11666
5618,208023
142,094263
0
0
0
0
0
0
0
0
0
0
0
0
0
1
3564,907051
11823,94563
18872,32492
27493,07856
30804,2981
31509,80768
25591,48322
19308,21488
8467,157836
432,5020798
0
0
0
0
0
0
0
0
0
0
0
0
0
1,419543549
3962,522854
13284,78031
23405,90093
31122,73869
35969,20973
34511,27462
28608,74487
19153,13076
8730,303666
815,1930823
0
0
0
0
0
0
0
0
0
0
0
0
0
1
2802,608625
10066,94037
18190,73981
24336,09567
27396,82715
27960,01846
23269,77581
16148,29803
7156,559318
590,9008431
0
0
0
0
0
0
0
0
0
0
0
0
0
1,419543549
2321,445381
7970,170405
14145,1645
19040,62776
22310,12243
21673,63364
17983,91591
11635,4325
5358,87673
828,6581894
0
0
0
0
0
0
0
0
0
0
0
0
0
1,890006408
4999,891681
15348,49364
26710,62061
35668,81504
40159,16232
39114,24655
33023,88139
23013,43809
10995,85718
1348,015487
0
0
0
0
0
0
0
0
0
0
0
0
0
1,890006408
5165,126903
16029,36808
27718,14136
36947,32348
41754,53983
40620,60686
34111,15525
23618,22346
11134,27967
1305,292618
0
0
0
0
0
0
0
0
0
0
0
0
0
2,407519073
3891,249894
12037,33459
19449,59406
31122,73869
36519,33875
35070,77484
29147,99973
19534,60118
10663,94042
2249,87434
0
0
0
0
0
0
0
0
0
0
0
0
0
1,890006408
4607,997353
14640,08663
25763,73076
34650,8433
38877,33551
37844,75712
31813,94109
21762,04413
10675,32426
2159,966802
0
0
0
0
0
0
0
0
0
0
0
0
0
1,419543549
1886,187812
7344,544334
17273,60192
24136,75503
21497,20503
23345,36529
19265,87419
11308,19013
5412,165979
801,8082443
0
0
0
0
0
0
0
0
0
0
0
0
0
2,407519073
3946,643849
12516,47153
21968,84289
30154,391
30904,72981
32801,11814
26774,18694
18315,24581
8910,907482
1760,326862
0
0
0
0
0
0
0
0
0
0
0
0
0
2,969047141
4309,476213
14233,5412
24813,84337
33764,60438
37736,65257
36590,54377
30653,87321
21570,65332
10663,94042
2256,347135
0
0
0
0
0
0
0
0
0
0
0
0
0
2,407519073
1546,362427
5854,472128
10482,39964
14716,77584
16908,89929
30320,55397
25061,73979
16935,81732
9384,551591
2153,59588
0
0
0
0
0
0
0
0
0
0
0
0
0
7,148037622
2760,684123
3073,408963
5891,133291
6196,74263
17942,65424
5429,971572
16387,11385
8446,232686
4973,980553
2581,680185
0,636570023
0
0
0
0
0
0
0
0
0
0
0
0
4,214691716
3711,252599
13969,01149
24412,92354
32630,13457
37161,99403
36983,07054
31526,67615
21835,81931
11203,72641
2650,011957
0,113439894
0
0
0
0
0
0
0
0
0
0
0
0
4,214691716
3734,554715
13346,46666
23496,81106
31509,80768
35070,77484
33920,39327
28543,62933
19761,94404
9922,420836
2140,874546
0
0
0
0
0
0
0
0
0
0
0
0
0
3,572124224
2656,880728
10223,42351
21880,12791
25015,19109
32647,21832
30570,41939
25716,71256
17613,80187
7796,783541
1252,595163
0,336808394
0
0
0
0
0
0
0
0
0
0
0
0
5,611518124
4276,756924
15296,5641
26901,48409
36412,62567
41195,45147
40159,16232
34111,15525
23572,66719
11930,4669
2691,321287
0,113439894
0
0
0
0
0
0
0
0
0
0
0
0
7,148037622
4683,756588
16373,81294
28397,31646
38007,12435
42862,03843
42016,38302
35545,38914
24875,73358
12795,03803
3080,657186
0
0
0
0
0
0
0
0
0
0
0
0
0
7,148037622
3867,596755
12990,13326
22310,12243
30720,69571
33972,38074
33419,34009
27960,01846
19209,47244
9613,733961
2256,347135
0
0
0
0
0
0
0
0
0
0
0
0
0
23,65081895
3867,596755
11541,58903
24690,23097
28902,4307
20536,2484
16976,22351
14947,7148
12990,13326
7166,409103
996,3746977
0,113439894
0
0
0
0
0
0
0
0
0
0
0
0
5,611518124
1801,929561
6756,975268
12168,41986
17463,81715
18984,46654
17791,65611
16121,84157
12061,12992
6365,792394
1922,72478
1
0
0
0
0
0
0
0
0
0
0
0
0
5,611518124
1678,185602
5582,174081
9351,975368
12552,67995
14614,5559
14309,4516
12335,99988
8804,50732
4591,222944
1200,69062
0,336808394
0
0
0
0
0
0
0
0
0
0
0
0
2,969047141
1795,964734
5217,710684
12132,61823
14909,13436
16161,53216
16533,68254
14347,46174
10335,73278
5927,877471
1736,712657
1,890006408
0
0
0
0
0
0
0
0
0
0
0
0
9,695509142
2643,149644
8868,29174
13881,23586
9745,594553
18760,42471
26662,98187
14385,50848
12492,35369
10892,45348
3044,478119
1,890006408
0
0
0
0
0
0
0
0
0
0
0
0
14,53347348
4566,103002
14921,99048
25701,04676
33868,43471
37682,6424
36733,10482
30854,49912
21998,44351
11553,30437
2986,915101
0,336808394
0
0
0
0
0
0
0
0
0
0
0
0
16,66086184
4058,281849
12941,259
22563,59799
29558,9549
33557,29118
32835,35377
27557,31423
19477,91481
10212,21709
2698,228708
1
0
0
0
0
0
0
0
0
0
0
0
0
17,76362626
4666,882457
14296,78969
24029,66451
31983,36197
35916,13246
34163,24862
29213,61213
21131,3302
11494,77084
3212,181014
1,890006408
0
0
0
0
0
0
0
0
0
0
0
0
13,50983691
3413,181662
11658,93646
19591,34734
25999,28904
30403,75971
28381,07633
24551,43511
17668,45715
9265,306703
2282,305747
1,419543549
0
0
0
0
0
0
0
0
0
0
0
0
28,7864237
5627,229656
16895,4461
27992,32636
36965,19544
41511,93228
40491,2095
34825,59156
25061,73979
13756,19095
3757,909738
2,969047141
0
0
0
0
0
0
0
0
0
0
0
0
31,48913565
5546,224391
16387,11385
26774,18694
35916,13246
40454,26636
39315,11758
33195,60994
23755,08376
12819,36629
3413,181662
2,407519073
0
0
0
0
0
0
0
0
0
0
0
0
41,62088292
6507,924941
19407,14099
32340,20787
42579,47373
47631,13696
46752,2557
39864,84348
28788,09016
15661,40997
4317,670174
3,572124224
0
0
0
0
0
0
0
0
0
0
0
0
89,44781504
7424,224172
22028,05859
36448,1841
43542,95732
32510,63922
23209,36833
16373,81294
11823,94563
6565,096433
1801,929561
2,407519073
0
0
0
0
0
0
0
0
0
0
0
0
20,04503982
2691,321287
8582,58172
14410,89328
19761,94404
21968,84289
21673,63364
18107,90722
13606,68009
7265,177107
2090,263511
4,894995865
0
0
0
0
0
0
0
0
0
0
0
0
28,7864237
810,722533
5555,203907
15128,23491
15192,89687
5447,798388
10800,83722
5827,030822
5690,528072
7715,669737
2217,61178
22,42490802
0
0
0
0
0
0
0
0
0
0
0
0
18,89182744
1407,570642
3580,211042
6224,802784
8804,50732
10380,78111
10324,48181
8258,754074
5955,490003
3044,478119
833,1643337
1,419543549
0
0
0
0
0
0
0
0
0
0
0
0
46,26958554
4726,038555
13619,11666
21029,29436
28788,09016
33557,29118
29098,8256
23466,49347
17084,14414
10279,52246
2656,880728
3,572124224
0
0
0
0
0
0
0
0
0
0
0
0
59,51466818
4260,431253
11529,87801
20406,44828
26805,99068
35158,49156
36679,62084
34232,75134
23618,22346
14601,79661
4416,437534
26,17286587
0
0
0
0
0
0
0
0
0
0
0
0
91,46215316
7195,987954
20076,09677
32852,47645
42899,76497
48121,96754
47083,57892
40251,29806
29049,68161
15923,92078
4432,9775
9,695509142
0
0
0
0
0
0
0
0
0
0
0
0
95,53944278
6824,605918
19012,53962
31374,97802
40657,60506
45396,96061
44342,27557
37790,69081
27252,67996
15076,57748
4244,128263
10,60580521
0
0
0
0
0
0
0
0
0
0
0
0
93,49272819
6131,448142
16908,89929
27364,77059
35598,26693
39699,6348
39461,4401
32595,9768
22116,99059
12444,16869
3420,710931
5,611518124
0
0
0
0
0
0
0
0
0
0
0
0
106,011832
4203,470174
11180,56008
20695,29837
28170,26178
29295,70291
34511,27462
21029,29436
9701,568576
3375,625767
2198,335567
4,894995865
0
0
0
0
0
0
0
0
0
0
0
0
128,1160702
6970,350213
18788,37711
30904,72981
40361,9621
44916,44262
44304,09318
37934,92998
27252,67996
15128,23491
4432,9775
16,66086184
0
0
0
0
0
0
0
0
0
0
0
0
103,8858152
4939,508481
14934,85063
23466,49347
34128,5165
36858,01075
35668,81504
32000,32202
21306,66554
10189,81766
2802,608625
7,965794353
0
0
0
0
0
0
0
0
0
0
0
0
195,0120389
8165,588884
20680,82088
33041,03969
28886,08627
32544,76451
34808,10238
30187,59707
23922,74699
13644,00218
3978,424995
30,12677495
0
0
0
0
0
0
0
0
0
0
0
0
123,5743635
4930,904069
13075,82403
21145,92138
29526,00166
32749,789
30703,98513
24659,3629
16333,93371
8836,378635
2629,44441
9,695509142
0
0
0
0
0
0
0
0
0
0
0
0
208,4876672
8134,619169
20869,31495
33643,61534
43391,30542
48200,66987
47239,78948
40177,58333
29230,02359
16227,76184
4870,825871
21,22286067
0
0
0
0
0
0
0
0
0
0
0
0
219,5016854
7195,987954
17887,69223
28869,74519
36235,02263
40435,79939
41195,45147
35176,04444
25061,73979
13768,67694
4317,670174
26,17286587
0
0
0
0
0
0
0
0
0
0
0
0
72,06653718
2134,524146
5528,281187
9146,61641
10561,68447
12625,21064
12953,47129
10493,71276
6902,197076
3146,16957
883,3141991
4,894995865
0
0
0
0
0
0
0
0
0
0
0
0
123,5743635
4457,82951
10392,0543
16761,12822
21073,00205
24090,83793
21555,95639
21658,91127
17030,15279
9900,25446
3450,888188
44,70019938
0
0
0
0
0
0
0
0
0
0
0
0
647,5898455
3978,424995
2046,340551
1742,60535
12372,01805
10629,81536
20738,75291
13943,91224
23618,22346
12504,4105
1719,078107
38,622152
0
0
0
0
0
0
0
0
0
0
0
0
311,5922016
4965,354377
11859,41418
19562,96679
26694,7376
30537,061
28673,91425
23892,23093
17709,48893
10358,24805
3204,821853
17,76362626
0
0
0
0
0
0
0
0
0
0
0
0
299,0608896
4905,123531
11296,56567
18025,21198
22623,39027
25372,86645
24613,08708
21160,51622
14947,7148
8603,628789
2894,229194
24,90024802
0
0
0
0
0
0
0
0
0
0
0
0
1501,434399
9767,63467
21998,44351
33955,04837
43107,47625
47396,1878
46635,52101
40269,7344
29180,79924
16427,04013
5279,302455
43,15056789
0
0
0
0
0
0
0
0
0
0
0
0
1490,277689
9558,984744
21453,17972
33419,34009
42485,43636
47239,78948
45898,66567
39406,54603
28755,45166
16680,72447
5699,591673
63,01167379
0
0
0
0
0
0
0
0
0
0
0
0
1490,277689
9613,733961
21189,71686
32766,89547
41418,75842
45223,76031
45339,20047
38659,11256
27348,74741
15141,15929
4905,123531
47,85854054
0
0
0
0
0
0
0
0
0
0
0
0
1748,505286
10789,40495
24014,37999
37520,7805
47376,62774
52458,48218
51064,88411
43618,85528
31780,09613
18135,50283
5900,311558
63,01167379
0
0
0
0
0
0
0
0
0
0
0
0
1978,005752
9319,44029
21541,26309
18537,35007
27300,69835
34511,27462
38786,35508
46908,06669
25061,73979
11682,45763
3843,996018
77,7084726
0
0
0
0
0
0
0
0
0
0
0
0
915,77849
5872,792323
13002,36227
19040,62776
23876,9782
28040,8136
25544,57946
19818,92886
13781,16706
7959,932886
2872,991091
44,70019938
0
0
0
0
0
0
0
0
0
0
0
0
1790,007091
10245,84971
22683,23999
35439,71919
44667,30765
48496,21919
45744,0817
39644,6206
28869,74519
16480,33002
5438,882329
64,78721882
0
0
0
0
0
0
0
0
0
0
0
0
1701,508989
9168,155124
19040,62776
30071,43389
37161,99403
44820,56195
44763,06925
39041,29519
28446,05708
16694,11535
5717,734581
97,60220149
0
0
0
0
0
0
0
0
0
0
0
0
2071,397923
10846,61023
23618,22346
36893,72642
46072,79884
51286,1384
50403,20789
43732,79218
32527,70024
18956,40853
6450,935214
112,4831042
0
0
0
0
0
0
0
0
0
0
0
0,336808394
2581,680185
9395,419469
20420,85576
36465,96804
45802,0285
36022,31546
38749,98459
36858,01075
23103,7925
11966,05101
4582,844071
73,9300102
0
0
0
0
0
0
0
0
0
0
0
0,336808394
2433,646443
12384,03258
26109,4824
39901,59034
50403,20789
55141,56392
53354,24683
45744,0817
33557,29118
19279,984
6584,193915
114,67099
0
0
0
0
0
0
0
0
0
0
0
0,336808394
1445,953886
6356,357452
12965,68777
18928,36558
22295,24449
30303,92276
29526,00166
23436,19009
17165,24744
10380,78111
3212,181014
52,74104377
0
0
0
0
0
0
0
0
0
0
0
1
2400,446725
11717,77164
24628,50885
37448,92311
46771,72178
51406,96888
50063,5686
42711,25282
31223,54571
17970,1582
6196,74263
128,1160702
0
0
0
0
0
0
0
0
0
0
0
1
2629,44441
12420,10155
25732,38183
39023,06508
48871,52236
53007,50331
51386,8233
43732,79218
31864,73305
18384,54896
6375,232416
128,1160702
0
0
0
0
0
0
0
0
0
0
0
1
2636,293794
12108,77175
23739,86289
42485,43636
40214,43456
34232,75134
31055,59978
26219,84487
20392,04449
10459,78669
5412,165979
135,0394933
0
0
0
0
0
0
0
0
0
0
0
1
1713,214454
4726,038555
10335,73278
19054,67747
20637,41048
29773,47603
23907,48719
25638,41822
29033,30699
16774,54249
5992,379126
347,0048236
0
0
0
0
0
0
0
0
0
0
0
1,890006408
2360,826077
11192,14107
23149,01788
35018,183
43599,87629
47357,07062
44801,39474
37610,67255
27268,68268
15400,48704
5296,948262
125,8377778
0
0
0
0
0
0
0
0
0
0
0
1,890006408
2204,754182
9944,605205
21306,66554
31780,09613
39607,95987
43960,9895
44056,19892
38513,87851
29262,85656
16761,12822
5983,149093
184,4687863
0
0
0
0
0
0
0
0
0
0
0
4,214691716
2894,229194
12601,01689
25575,84516
37736,65257
46947,04884
49983,77469
48515,9458
41139,69324
29674,3963
16922,35636
5827,030822
137,3765807
0
0
0
0
0
0
0
0
0
0
0
4,214691716
2656,880728
11576,748
23315,11882
34319,70183
43126,37715
47415,75078
45166,0803
38840,93405
28641,32283
16453,67724
5881,960211
146,8695112
0
0
0
0
0
0
0
0
0
0
0
7,148037622
3204,821853
13371,17025
26869,63925
39956,73368
49625,27437
54009,16402
52194,87951
44552,49205
32527,70024
18788,37711
6699,201012
200,3630419
0
0
0
0
0
0
0
0
0
0
0
7,148037622
3204,821853
12880,26029
25857,86066
38296,39979
46247,17129
47866,50764
45358,45088
38278,29676
28137,87945
16400,41869
6047,867701
156,5906452
0
0
0
0
0
0
0
0
0
0
0
8,815240927
2994,088648
11753,12433
23194,27537
33058,20123
40731,63814
44801,39474
43296,62057
36377,07985
26678,85802
15491,62899
5636,256543
179,2773464
0
0
0
0
0
0
0
0
0
0
0
12,51361839
3390,63002
12855,89012
24566,84284
36394,85118
43941,95659
48496,21919
46072,79884
40343,51043
30021,69947
17709,48893
6593,750206
236,4051192
0
0
0
0
0
0
0
0
0
0
0
12,51361839
3308,406208
13051,32009
25092,78972
36965,19544
44705,60336
48141,63875
45995,37677
39956,73368
28511,09177
16895,4461
6196,74263
233,5563389
0
0
0
0
0
0
0
0
0
0
0
11,54539955
3219,546302
12540,60626
25638,41822
38950,17555
44763,06925
48259,72725
44056,19892
36164,06973
27092,84047
16493,66228
5827,030822
227,8965001
0
0
0
0
0
0
0
0
0
0
0
10,60580521
2588,484171
9428,050493
16347,22286
27927,72411
29938,8752
32425,38289
33643,61534
33937,71921
27460,98114
18579,10275
7604,642028
436,0625024
0
0
0
0
0
0
0
0
0
0
0
21,22286067
3688,003481
13309,4424
24798,37957
36858,01075
44399,57153
45879,33232
46189,02057
39479,74429
28837,0731
15543,79772
6020,100203
283,6611095
0
0
0
0
0
0
0
0
0
0
0
8,815240927
1154,662105
7394,307657
16214,50804
26662,98187
39571,31144
30887,98295
26077,98132
21614,76594
19648,15323
8698,57195
5208,933296
200,3630419
0
0
0
0
0
0
0
0
0
0
0
32,87324075
3954,580458
14094,75331
27156,7353
39479,74429
48299,11342
52093,62229
49704,86013
42391,47449
30520,38676
17436,59726
6309,259007
262,6026171
0
0
0
0
0
0
0
0
0
0
0
31,48913565
3534,370545
12132,61823
23739,86289
37826,7319
52681,90692
56803,8637
52681,90692
46421,78275
33885,75102
19719,24453
7344,544334
819,6725504
0
0
0
0
0
0
0
0
0
0
0
47,85854054
4325,869785
14767,98274
28056,98279
40620,60686
49486,11075
53333,82743
50964,42883
43637,83727
32170,10198
18788,37711
7038,746144
501,9380352
0
0
0
0
0
0
0
0
0
0
0
56,09072624
4524,347741
15218,78968
28739,13746
41530,57617
50583,35424
54419,95851
52235,40238
44533,36654
32425,38289
18984,46654
7107,384223
509,4635474
0
0
0
0
0
0
0
0
0
0
0
56,09072624
4734,511494
16188,01223
30570,41939
41847,98702
32801,11814
35510,15313
33264,39187
29262,85656
18648,76629
11413,00539
4244,128263
418,3667254
0
0
0
0
0
0
0
0
0
0
0
51,09444184
2347,672462
5817,894125
11483,07709
13507,33611
12588,92633
15596,03009
19776,18466
15976,61284
11111,16561
5909,495013
2554,529328
327,5172557
0
0
0
0
0
0
0
0
0
0
0
205,7664396
3241,678884
10189,81766
25015,19109
26567,79705
28853,40746
30254,049
18788,37711
14550,79989
11192,14107
8175,921615
2147,231793
651,7108517
0
0
0
0
0
0
0
0
0
0
0
46,26958554
3626,265629
12061,12992
21673,63364
31156,32788
41997,66023
46577,19341
42692,41818
39736,32631
27044,95522
15635,24611
6699,201012
766,510561
0
0
0
0
0
0
0
0
0
0
0
87,44981319
4366,952478
14385,50848
26678,85802
38007,12435
46635,52101
50924,26683
48121,96754
40842,7794
29806,52924
16640,57526
6252,908935
575,0525331
0
0
0
0
0
0
0
0
0
0
0
91,46215316
4195,355618
13556,97506
25607,12475
36858,01075
43980,0254
47298,41685
45127,64181
38568,31802
28235,06701
16347,22286
6168,728532
635,283888
0
0
0
0
0
0
0
0
0
0
0
89,44781504
3970,471034
14652,85806
26077,98132
35704,10811
43088,57836
44820,56195
45050,80049
33092,53401
25154,93143
14044,40749
6057,13384
647,5898455
0
0
0
0
0
0
0
0
0
0
0
151,7018065
3610,890359
10471,09095
16227,76184
19961,65132
29147,99973
30403,75971
34076,44237
25701,04676
19449,59406
12965,68777
5077,91785
727,4949503
0
0
0
0
0
0
0
0
0
0
0
128,1160702
4700,652819
14525,32584
26726,50705
38640,94745
47259,329
50884,11632
48950,66733
41605,18213
30220,81641
17368,615
6431,979106
664,1307
0
0
0
0
0
0
0
0
0
0
0
149,2785598
4887,963779
14986,33143
27541,25021
40011,90465
48476,4955
51830,68781
49327,24041
41679,83669
30254,049
17709,48893
6593,750206
689,224675
0
0
0
0
0
0
0
0
0
0
0
139,7281931
4408,175971
12977,90842
23938,01032
34615,93196
42447,84255
45589,68715
45724,77202
36768,77652
27589,45247
17409,39278
6679,982979
770,8911723
0
0
0
0
0
0
0
0
0
0
0
195,0120389
5130,178594
14986,33143
27879,308
38749,98459
46460,61774
49923,95959
47748,76964
40731,63814
29279,27807
17111,16308
6536,487994
697,6642082
0
0
0
0
0
0
0
0
0
0
0
179,2773464
4524,347741
13420,62715
25372,86645
35810,06331
43296,62057
46771,72178
45031,59759
37054,60231
27525,1896
15674,49786
6029,350881
689,224675
0
0
0
0
0
0
0
0
0
0
0
200,3630419
4913,711592
14844,9141
27092,84047
38459,46692
46441,19877
49505,98258
47807,62548
40694,61548
29262,85656
17178,77821
6507,924941
762,1390201
0
0
0
0
0
0
0
0
0
0
0
211,2218514
4930,904069
14767,98274
27029,0003
38495,73821
47474,45731
51326,40375
49049,66391
41661,16849
30537,061
17819,07585
6941,111958
851,2774365
0
0
0
0
0
0
0
0
0
0
0
268,5590676
4776,958763
13781,16706
24351,45421
31543,54789
39004,83806
41214,04364
43694,80122
33212,80058
26631,23987
16935,81732
6328,083123
801,8082443
0,336808394
0
0
0
0
0
0
0
0
0
0
227,8965001
2663,755952
8582,58172
16201,25817
26251,40803
34983,1377
47611,54176
40214,43456
29082,44092
25046,22007
19904,51772
6843,973843
788,50404
0,336808394
0
0
0
0
0
0
0
0
0
0
283,6611095
5332,30396
15543,79772
30154,391
40454,26636
29098,8256
30353,82633
27685,94876
25622,76975
17600,14766
10573,02857
3109,712005
383,7813284
0
0
0
0
0
0
0
0
0
0
0
340,463575
4879,392093
13893,76293
24968,6738
35422,11864
42635,93238
45319,95302
43126,37715
36323,78474
26536,09625
15452,54425
6010,854683
757,7765638
0
0
0
0
0
0
0
0
0
0
0
397,4853953
5636,256543
15858,14461
28251,27676
39626,2887
47709,54705
50743,68013
48299,11342
41176,86235
30071,43389
17736,86265
6980,10621
864,9548517
0,336808394
0
0
0
0
0
0
0
0
0
0
439,6335107
5992,379126
16774,54249
29790,00097
41530,57617
49764,57983
53558,59677
50823,91213
43145,28106
31797,01697
18690,60984
7324,673184
911,1147199
0,336808394
0
0
0
0
0
0
0
0
0
0
479,6066282
5173,877433
14398,19885
25513,32765
36448,1841
44380,46989
46869,0963
45166,0803
39077,76469
28186,45802
16667,3375
6488,908147
874,1170256
0,336808394
0
0
0
0
0
0
0
0
0
0
532,2828929
5744,988172
16002,98257
28332,37618
39717,97901
48023,65532
51588,40807
49049,66391
41847,98702
30821,02848
18259,87175
7255,27823
920,4508992
0,336808394
0
0
0
0
0
0
0
0
0
0
536,1213147
5600,18053
15569,90595
27493,07856
38386,96158
46363,55239
48851,74338
46480,03965
39516,36191
28984,20323
17057,14071
6737,697172
864,9548517
0,336808394
0
0
0
0
0
0
0
0
0
0
536,1213147
5208,933296
14487,14515
25591,48322
36164,06973
43429,20039
46285,95319
43561,92731
36537,13529
26805,99068
15739,99682
6196,74263
828,6581894
0
0
0
0
0
0
0
0
0
0
0
602,889414
6084,963143
16761,12822
29493,06176
41158,27627
49406,6524
52641,2586
50203,3191
42617,10981
31341,30341
18579,10275
7404,274956
1025,405786
1
0
0
0
0
0
0
0
0
0
0
559,361237
4862,265114
13272,45549
23436,19009
32357,23637
40417,33547
43258,76765
40454,26636
33316,01222
24320,74065
14208,27033
5863,629628
934,5198406
0,336808394
0
0
0
0
0
0
0
0
0
0
635,283888
5112,736763
11835,7642
19705,01881
33730,01999
37466,88277
39498,05156
42372,69118
35951,51415
24582,25408
15622,17013
5927,877471
911,1147199
0,336808394
0
0
0
0
0
0
0
0
0
0
639,3763471
5827,030822
15779,34377
27685,94876
38260,19683
46305,34856
49109,09671
46830,13767
39388,25417
29115,21363
17409,39278
6950,853084
1001,192173
1
0
0
0
0
0
0
0
0
0
0
655,8413404
6029,350881
16320,64848
28951,48415
40472,7364
48397,62988
50904,19014
48535,67531
41158,27627
30204,20508
17997,67745
7166,409103
1015,695138
1
0
0
0
0
0
0
0
0
0
0
685,0189081
6047,867701
16333,93371
28478,56769
39644,6206
47611,54176
50843,97732
48397,62988
40972,58313
30254,049
18149,30636
7304,821586
1064,582542
1
0
0
0
0
0
0
0
0
0
0
697,6642082
6084,963143
16333,93371
28935,12965
40177,58333
47866,50764
51105,08633
48437,05686
40380,41682
29773,47603
17627,45993
7107,384223
1025,405786
1
0
0
0
0
0
0
0
0
0
0
672,4577945
5130,178594
13718,75763
23816,00267
33006,72633
39717,97901
43239,84571
39114,24655
32391,30312
23315,11882
14410,89328
5992,379126
1015,695138
1,890006408
0
0
0
0
0
0
0
0
0
0,336808394
676,635452
5510,359102
14960,58299
26551,94494
36501,54537
43486,06535
46363,55239
44361,37124
36768,77652
27396,82715
16068,97593
6565,096433
1015,695138
1,890006408
0
0
0
0
0
0
0
0
0
0,336808394
718,9256501
5927,877471
15635,24611
27060,91355
37359,17171
44724,75568
47064,06581
44304,09318
37718,64606
28056,98279
16600,46118
6853,665277
1035,149937
1,890006408
0
0
0
0
0
0
0
0
0
1
948,6661032
5288,122687
9548,048528
16640,57526
21732,55945
27044,95522
22728,16493
26726,50705
24182,70387
22161,50535
15244,6985
8582,58172
1353,390905
21,22286067
0
0
0
0
0
0
0
0
0
0,336808394
792,9297927
6689,58949
17355,03012
29806,52924
40787,19503
48575,14308
51386,8233
48693,61624
41437,38711
30287,29486
18121,70312
7464,181031
1144,522482
1
0
0
0
0
0
0
0
0
0
0,336808394
784,0872877
6356,357452
16640,57526
29033,30699
39938,34949
47905,77702
51125,19174
48555,40774
41885,38714
31139,53164
18970,43565
7847,635896
1236,94013
4,214691716
0
0
0
0
0
0
0
0
0
0,336808394
770,8911723
6010,854683
15648,32605
26917,41164
37287,42691
44916,44262
48161,31287
45802,0285
38913,74934
29066,05959
17572,85077
7404,274956
1236,94013
4,214691716
0
0
0
0
0
0
0
0
0
0,336808394
779,6795497
6075,681563
15504,6652
26472,73588
37126,18425
46285,95319
47259,329
45647,56289
37502,81146
27814,80064
16922,35636
7344,544334
1396,672995
4,214691716
0
0
0
0
0
0
0
0
0
0,336808394
851,2774365
6413,04326
16493,66228
27685,94876
38278,29676
45608,9761
48180,98991
46014,72785
39607,95987
29279,27807
17709,48893
7474,182408
1456,989256
2,969047141
0
0
0
0
0
0
0
0
0
0,336808394
828,6581894
6441,454629
16506,99845
28625,03217
39773,03013
46927,5563
49684,95935
47709,54705
40269,7344
30137,79294
18232,20755
7614,7113
1484,71067
4,894995865
0
0
0
0
0
0
0
0
0
0,336808394
920,4508992
7424,224172
18872,32492
32085,17123
43827,82199
51709,49642
54935,03889
52215,13952
44686,45402
33350,44194
20291,32144
8593,102915
1684,005488
4,214691716
0
0
0
0
0
0
0
0
0
0,336808394
874,1170256
6892,480772
17613,80187
29889,22052
41102,53632
49089,28287
52093,62229
49804,40742
42635,93238
31983,36197
19449,59406
8258,754074
1654,979311
7,148037622
0
0
0
0
0
0
0
0
0
0,336808394
897,1753647
6980,10621
17873,9613
30770,84725
42372,69118
50263,25545
53068,63369
50663,49416
43353,42247
32221,09954
19520,42398
8227,656381
1614,651411
5,611518124
0
0
0
0
0
0
0
0
0
1
851,2774365
6299,854586
16214,50804
27669,85755
38079,36855
45570,40116
48338,51126
45454,74745
38622,78544
28494,82805
17409,39278
7404,274956
1518,226032
5,611518124
0
0
0
0
0
0
0
0
0
1,890006408
819,6725504
5609,191647
14271,47808
24643,93412
36199,53987
42072,56956
44954,81572
42617,10981
36110,88819
26885,55996
15739,99682
6873,063076
1440,447632
4,214691716
0
0
0
0
0
0
0
0
0
1,890006408
996,3746977
7414,247128
19012,53962
33178,42254
44533,36654
28446,05708
30121,1982
27798,68228
22653,30795
17070,64049
10663,94042
4819,543414
1099,297623
5,611518124
0
0
0
0
0
0
0
0
0
1,890006408
897,1753647
6612,877879
17178,77821
29344,99752
40639,10443
48733,13057
52275,93667
50223,295
42880,9002
32068,19486
19577,1552
8446,232686
1754,412459
12,51361839
0
0
0
0
0
0
0
0
0
1
837,6793437
5672,416585
14896,28226
26109,4824
36733,10482
43391,30542
45108,42703
43069,68348
35193,60051
27364,77059
17791,65611
7504,215698
1672,373034
12,51361839
0
0
0
0
0
0
0
0
0
1,890006408
887,9258794
6243,535111
16135,06783
27396,82715
36697,44569
44495,12449
45995,37677
44189,6177
38296,39979
29213,61213
17709,48893
7725,792114
1654,979311
8,815240927
0
0
0
0
0
0
0
0
0
1
883,3141991
6805,257927
17246,49009
28170,26178
37466,88277
44208,68948
46674,4208
43599,87629
37197,81633
26821,89768
17341,4491
8052,242371
1701,508989
12,51361839
0
0
0
0
0
0
0
0
0
1,890006408
842,2032062
5609,191647
13781,16706
23892,23093
33402,11071
39571,31144
41717,18219
38913,74934
33920,39327
25435,25889
15766,22416
7019,179712
1518,226032
12,51361839
0
0
0
0
0
0
0
0
0
1,890006408
828,6581894
5817,894125
14398,19885
23587,84906
32136,1199
37341,23082
40196,00741
37682,6424
32425,38289
23968,54759
14844,9141
6488,908147
1473,599345
7,148037622
0
0
0
0
0
0
0
0
0
1,890006408
925,1319353
6863,361689
17627,45993
30137,79294
41605,18213
49605,38517
52763,23773
50643,45486
43770,79512
32989,5745
20305,69936
8889,59034
1934,960241
18,89182744
0
0
0
0
0
0
0
0
0
1,890006408
925,1319353
6911,918349
17627,45993
30038,27429
41437,38711
49307,39466
52275,93667
50003,71884
42956,37738
32425,38289
20047,46314
8889,59034
2008,962554
16,66086184
0
0
0
0
0
0
0
0
0
1,890006408
911,1147199
6699,201012
17138,19751
29460,13522
40528,16488
47905,77702
51165,41119
49049,66391
42485,43636
31526,67615
19421,28827
8593,102915
1959,515578
16,66086184
0
0
0
0
0
0
0
0
0
1,890006408
929,8215864
7068,13285
18038,98497
30703,98513
42260,05482
50583,35424
53886,14616
51790,27924
44763,06925
33781,90139
21000,17421
9362,829539
2121,843907
21,22286067
0
0
0
0
0
0
0
0
0
1,890006408
887,9258794
6603,311528
16881,9968
29066,05959
40269,7344
48555,40774
51628,7594
50183,34608
43239,84571
32886,73153
20348,8553
8996,361236
2046,340551
23,65081895
0
0
0
0
0
0
0
0
0
1,890006408
901,813145
6651,193532
16868,5514
29016,93571
40011,90465
48141,63875
51185,52522
49744,67037
42937,50356
32374,26812
20219,48732
9092,850144
2109,19112
24,90024802
0
0
0
0
0
0
0
0
0
1,890006408
887,9258794
6479,407329
16493,66228
27830,92239
38441,33593
45918,00198
48831,96731
46830,13767
40565,13249
30437,06518
18956,40853
8477,627459
1978,005752
18,89182744
0
0
0
0
0
0
0
0
0
1
864,9548517
5456,719749
16949,28217
32051,22176
45860,00193
53354,24683
58716,42452
47357,07062
43580,9003
36288,27044
22488,93845
9966,807557
2295,325438
34,27883553
0
0
0
0
0
0
0
0
0
1,890006408
906,4596008
6853,665277
17436,59726
29740,43613
41065,39159
48891,30424
51891,32212
49565,61545
42730,09047
32119,13375
20076,09677
8996,361236
2096,56583
20,04503982
0
0
0
0
0
0
0
0
0
1,890006408
897,1753647
6805,257927
17450,20528
29723,92117
41121,11326
49049,66391
52336,7595
50343,21098
43523,99033
32852,47645
20478,52257
9232,881539
2185,518733
26,17286587
0
0
0
0
0
0
0
0
0
1,890006408
897,1753647
6699,201012
17070,64049
29164,39781
40251,29806
48279,41888
51992,43648
50143,40871
43315,55153
32852,47645
20724,26439
9460,722571
2282,305747
32,87324075
0
0
0
0
0
0
0
0
0
1,890006408
864,9548517
6526,96193
16935,81732
29180,79924
40325,06183
48141,63875
51406,96888
49764,57983
43031,90274
32715,5858
20449,68178
9211,287701
2172,729131
30,12677495
0
0
0
0
0
0
0
0
0
1,890006408
842,2032062
6252,908935
16161,53216
27960,01846
38786,35508
46266,56076
49844,24658
47945,0581
41735,85949
31729,35322
19804,67707
8964,281383
2159,966802
34,27883553
0
0
0
0
0
0
0
0
0
1,890006408
851,2774365
6299,854586
16188,01223
28008,48539
38713,62648
46499,46451
49565,61545
47591,94948
41028,25906
31055,59978
19392,99745
8825,750218
2121,843907
26,17286587
0
0
0
0
0
0
0
0
0
1,890006408
869,5315574
6670,381481
17368,615
30005,12797
41698,50792
49764,57983
53252,17825
51790,27924
44648,16427
33695,44848
21335,93921
9723,572518
2327,99212
35,70567492
0
0
0
0
0
0
0
0
0
1,890006408
837,6793437
6431,979106
16734,31138
28902,4307
40103,91768
48102,29926
51165,41119
49545,73493
42786,62151
32476,52694
20507,37811
9308,604415
2230,4965
34,27883553
0
0
0
0
0
0
0
0
0
1
801,8082443
6038,606714
15596,03009
27204,69228
37628,66033
44686,45402
47103,09496
45242,99291
39114,24655
29723,92117
18704,56525
8446,232686
2065,123203
24,90024802
0
0
0
0
0
0
0
0
0
1
824,1609239
6431,979106
16747,71785
28951,48415
40214,43456
48200,66987
51427,11732
49585,49886
42767,77481
32204,0971
20276,94721
9146,61641
2217,61178
28,7864237
0
0
0
0
0
0
0
0
0
0,336808394
815,1930823
6328,083123
16267,54683
28056,98279
38804,54498
46460,61774
49645,16647
47494,03202
41176,86235
30954,99016
19619,74282
8932,243155
2172,729131
23,65081895
0
0
0
0
0
0
0
0
0
0,336808394
806,2609158
6309,259007
16533,68254
28592,46093
39846,47466
48141,63875
51992,43648
50423,21263
43903,89975
33695,44848
21292,03417
9900,25446
2480,403534
49,46688423
0
0
0
0
0
0
0
0
0
0,336808394
801,8082443
5808,762635
15024,98422
26472,73588
36947,32348
42429,05017
43637,83727
42466,63794
38386,96158
29889,22052
18481,73291
8052,242371
1947,223857
21,22286067
0
0
0
0
0
0
0
0
0
0,336808394
824,1609239
6718,439082
17572,85077
30387,11194
42147,52734
50583,35424
53968,14675
52174,62235
45166,0803
34389,31986
21629,47741
9911,335398
2387,213249
32,87324075
0
0
0
0
0
0
0
0
0
0,336808394
792,9297927
6460,420861
16814,80866
29230,02359
40750,15404
49010,05656
52377,32232
50743,68013
43865,85489
33626,34407
21145,92138
9734,581275
2374,006352
37,15352291
0
0
0
0
0
0
0
0
0
0,336808394
788,50404
6479,407329
17178,77821
29707,40955
41325,6606
49585,49886
52905,67621
51084,98378
44265,92274
33764,60438
21145,92138
9537,116858
2308,371996
28,7864237
0
0
0
0
0
0
0
0
0
0,336808394
744,7438462
5763,183359
15141,15929
26567,79705
37287,42691
44705,60336
48299,11342
47161,66072
40972,58313
31257,17434
19790,429
9103,594189
2262,826679
37,15352291
0
0
0
0
0
0
0
0
0
0,336808394
762,1390201
6384,677516
16935,81732
29526,00166
41121,11326
49426,51264
52702,23535
50944,34639
44094,30363
33281,59542
20869,31495
9493,435664
2308,371996
26,17286587
0
0
0
0
0
0
0
0
0
0,336808394
762,1390201
6422,508649
17003,18039
29707,40955
41325,6606
49844,24658
53089,01617
51205,64211
43846,83694
33229,99444
20883,8402
9449,827319
2288,812231
24,90024802
0
0
0
0
0
0
0
0
0
0,336808394
731,7934095
6206,0909
16493,66228
28886,08627
40528,16488
48082,63389
50143,40871
47827,24994
41139,69324
31408,66575
19818,92886
9135,853951
2185,518733
22,42490802
0
0
0
0
0
0
0
0
0
0,336808394
714,6548391
5909,495013
15766,22416
27718,14136
38749,98459
46518,89232
49824,32556
48121,96754
41941,51004
31881,67024
19990,24041
9200,497667
2262,826679
31,48913565
0
0
0
0
0
0
0
0
0
0,336808394
762,1390201
6498,414019
17151,72054
29971,99494
41661,16849
49983,77469
53599,50078
51709,49642
44743,91098
34250,13503
21791,54332
10122,72659
2534,234661
35,70567492
0
0
0
0
0
0
0
0
0
0,336808394
736,1010551
6365,792394
16908,89929
29427,22203
41009,69736
49267,71187
52763,23773
51004,60232
43865,85489
33298,80221
21175,11471
9778,661505
2407,073419
28,7864237
0
0
0
0
0
0
0
0
0
0,336808394
680,8224951
5708,66051
15089,48582
25622,76975
35880,76342
42523,04225
44724,75568
44246,842
38659,11256
29756,95441
18579,10275
8974,970044
2347,672462
38,622152
0
0
0
0
0
0
0
0
0
0,336808394
559,361237
4811,01551
14767,98274
24474,44911
40750,15404
48555,40774
52438,18794
50763,73381
41754,53983
26678,85802
20608,48861
9406,291913
2321,445381
14,53347348
0
0
0
0
0
0
0
0
0
0,336808394
689,224675
6206,0909
16868,5514
29641,39637
41623,84121
50243,27378
54091,23249
52316,48237
45551,11813
34650,8433
21924,46911
10089,24142
2453,645634
30,12677495
0
0
0
0
0
0
0
0
0
0
740,4178722
6873,063076
17300,7292
30021,69947
40306,61629
34215,37085
38768,16829
37664,64526
35615,89921
23390,76168
15439,52397
7414,247128
1778,113383
18,89182744
0
0
0
0
0
0
0
0
0
0
655,8413404
6020,100203
16600,46118
29410,77045
41493,29143
50203,3191
53988,65397
52438,18794
45531,83807
34685,76742
21924,46911
10011,26616
2413,706742
30,12677495
0
0
0
0
0
0
0
0
0
0
610,9302593
5104,023938
14019,25912
24459,06244
34843,08394
42843,17968
46966,54432
46227,78476
40491,2095
31341,30341
20666,34707
9811,769103
2467,011413
46,26958554
0
0
0
0
0
0
0
0
0
0
627,1276341
5863,629628
16320,64848
28967,84201
40731,63814
48990,25725
52844,61408
51044,78731
44399,57153
33799,20163
21438,5119
9745,594553
2321,445381
23,65081895
0
0
0
0
0
0
0
0
0
0
643,4783385
6057,13384
16908,89929
30088,01868
42335,13363
51044,78731
54790,63885
53007,50331
45995,37677
34790,61638
21791,54332
9811,769103
2314,905338
18,89182744
0
0
0
0
0
0
0
0
0
0
598,8835131
5790,515283
16267,54683
29082,44092
41009,69736
49864,1705
53476,82276
51830,68781
45204,53067
34389,31986
21732,55945
9933,510772
2374,006352
28,7864237
0
0
0
0
0
0
0
0
0
0
635,283888
6131,448142
16201,25817
26917,41164
40639,10443
52620,93871
56803,8637
53231,77305
47650,73509
35457,32292
20320,08097
8572,065206
1462,518356
7,148037622
0
0
0
0
0
0
0
0
0
0
602,889414
5717,734581
15400,48704
26997,10073
38043,24022
46830,13767
50523,27953
48851,74338
42654,75796
31881,67024
19676,57856
8932,243155
2121,843907
16,66086184
0
0
0
0
0
0
0
0
0
0
520,827846
4836,615667
13768,67694
24922,18797
35704,10811
43126,37715
47122,61395
45493,28683
39791,38665
30187,59707
18690,60984
8446,232686
1990,367526
16,66086184
0
0
0
0
0
0
0
0
0
0
551,5748412
5519,317503
15648,32605
28154,06892
39717,97901
48141,63875
51729,68783
49724,7638
43694,80122
33212,80058
20796,74376
9286,946398
2166,344554
14,53347348
0
0
0
0
0
0
0
0
0
0
513,2415301
5226,493436
14832,08213
26441,07633
37520,7805
45724,77202
49565,61545
48575,14308
42147,52734
31932,50141
20090,41915
9189,712225
2191,923749
18,89182744
0
0
0
0
0
0
0
0
0
0
563,2692762
6094,249865
17273,60192
30871,23939
43505,02634
52702,23535
56574,23567
54728,79536
47552,77371
36181,80322
22608,43682
10257,0695
2347,672462
14,53347348
0
0
0
0
0
0
0
0
0
0
498,1905471
5226,493436
14832,08213
26314,57571
37323,29305
45493,28683
49010,05656
48220,35275
41754,53983
31594,18277
19847,4436
9049,92005
2115,514079
14,53347348
0
0
0
0
0
0
0
0
0
0
509,4635474
5609,191647
16068,97593
28853,40746
40861,31364
49505,98258
53395,09412
51749,88211
44858,90529
34111,15525
21423,84773
9624,697422
2185,518733
14,53347348
0
0
0
0
0
0
0
0
0
0
479,6066282
5288,122687
15296,5641
27493,07856
38822,73797
46849,61551
50323,21777
48673,86344
42485,43636
32306,16064
20377,6444
9189,712225
2096,56583
12,51361839
0
0
0
0
0
0
0
0
0
0
479,6066282
5270,487571
15596,03009
28381,07633
40325,06183
48891,30424
52641,2586
51205,64211
44399,57153
33626,34407
20985,61963
9330,280742
2077,679551
12,51361839
0
0
0
0
0
0
0
0
0
0
411,3631901
5421,066122
15766,22416
28608,74487
40787,19503
49804,40742
53619,95704
51770,07924
44782,23051
33903,07054
21131,3302
9341,125768
2040,093522
8,815240927
0
0
0
0
0
0
0
0
0
0
376,9949651
5069,226625
14691,19661
26933,34261
38133,58437
46421,78275
50163,37595
48555,40774
42203,77746
31746,26425
19833,18437
8836,378635
1922,72478
8,815240927
0
0
0
0
0
0
0
0
0
0
376,9949651
5314,615437
15400,48704
28073,15535
39901,59034
48634,36656
52316,48237
50443,22024
43903,89975
33333,22547
20912,9017
9265,306703
2015,174838
8,815240927
0
0
0
0
0
0
0
0
0
0
343,72855
4922,305106
14271,47808
26030,75559
36983,07054
45281,46703
48614,62249
46732,79256
40380,41682
30904,72981
19294,09756
8582,58172
1855,935201
8,815240927
0
0
0
0
0
0
0
0
0
0
343,72855
4999,891681
14652,85806
26046,49405
36840,15762
44246,842
47729,15688
46947,04884
40528,16488
30670,57388
19167,21054
8582,58172
1837,869016
7,148037622
0
0
0
0
0
0
0
0
0
0
343,72855
5341,156221
15596,03009
28364,83957
40657,60506
49665,06146
53701,81041
52458,48218
45531,83807
34790,61638
21762,04413
9723,572518
2071,397923
10,60580521
0
0
0
0
0
0
0
0
0
0
330,7367382
5191,394622
15348,49364
28299,92628
40398,87462
49069,47194
53129,78965
51507,73978
44916,44262
33920,39327
21000,17421
9189,712225
1892,259623
5,611518124
0
0
0
0
0
0
0
0
0
0
311,5922016
5147,64198
15283,59171
27879,308
40122,32949
48891,30424
52397,60801
51366,68058
44629,02386
33851,12162
21073,00205
9254,49373
1922,72478
7,148037622
0
0
0
0
0
0
0
0
0
0
268,5590676
4391,669701
12588,92633
22998,39152
33075,366
39168,9925
43353,42247
41325,6606
36252,76875
27364,77059
16520,33854
7374,387689
1563,334136
4,214691716
0
0
0
0
0
0
0
0
0
0
271,5554444
4624,793961
13532,14733
24953,17503
35704,10811
44056,19892
47650,73509
46363,55239
39975,12093
30487,04821
18970,43565
8435,777162
1736,712657
6,362926062
0
0
0
0
0
0
0
0
0
0
203,0582154
4541,033132
13260,13482
23648,61205
35123,39532
41139,69324
45319,95302
43353,42247
37880,81692
28170,26178
17901,427
7857,820763
1535,085364
2,969047141
0
0
0
0
0
0
0
0
0
0
176,7018554
4260,431253
13026,83283
23224,46486
32818,23433
40916,93465
44304,09318
42598,29026
37108,28406
28706,51913
17600,14766
7990,659772
1445,953886
4,214691716
0
0
0
0
0
0
0
0
0
0
195,0120389
4599,607372
13931,36876
25826,47018
36554,93497
44304,09318
47945,0581
46150,26818
39534,67534
29674,3963
17942,65424
7715,669737
1310,605628
1
0
0
0
0
0
0
0
0
0
0
203,0582154
5025,851653
15167,02007
28105,51064
40343,51043
49208,20942
53374,66906
51548,0682
44839,73213
33419,34009
20449,68178
8666,882203
1423,974688
1,890006408
0
0
0
0
0
0
0
0
0
0
197,6809669
5138,907594
15439,52397
28576,18037
40972,58313
50243,27378
54070,71113
52478,77927
45551,11813
34232,75134
21029,29436
8953,597347
1445,953886
1,890006408
0
0
0
0
0
0
0
0
0
0
184,4687863
5051,860399
15400,48704
28788,09016
41139,69324
50223,295
54091,23249
52519,38201
45242,99291
33903,07054
20536,2484
8645,779043
1358,774086
1,890006408
0
0
0
0
0
0
0
0
0
0
159,056115
4557,740811
14031,83126
25999,28904
37395,06289
46092,16175
49824,32556
48082,63389
41735,85949
31358,13907
19279,984
8144,93766
1294,690126
1,890006408
0
0
0
0
0
0
0
0
0
0
114,67099
4776,958763
15530,74957
30921,47997
41046,8238
35105,85198
33557,29118
31173,1274
29394,3222
21145,92138
12204,25979
5854,472128
731,7934095
1
0
0
0
0
0
0
0
0
0
0
137,3765807
4399,920025
13806,15961
25826,47018
37072,4931
45281,46703
48831,96731
47415,75078
40565,13249
30403,75971
18495,63151
7735,919309
1211,007656
0,336808394
0
0
0
0
0
0
0
0
0
0
149,2785598
4913,711592
15309,5405
28527,35887
41176,86235
50283,24001
54317,15396
52539,68765
45493,28683
34145,88096
20753,24511
8635,234469
1263,07151
1
0
0
0
0
0
0
0
0
0
0
121,3259015
4260,431253
13395,89041
24752,00915
36057,73507
43448,15237
47083,57892
45686,16153
39260,29752
29575,43652
17983,91591
7334,606316
1134,415367
1
0
0
0
0
0
0
0
0
0
0
130,409168
4759,963351
14857,7501
27766,45573
40325,06183
49168,55563
53292,99716
51346,54073
44418,67616
33195,60994
20176,43126
8331,480834
1164,834159
1
0
0
0
0
0
0
0
0
0
0
119,0924673
4541,033132
14119,95074
26172,52597
37682,6424
46034,08189
49943,89507
48358,21455
41474,65362
30988,51353
18830,33403
7817,110079
1084,37022
0,336808394
0
0
0
0
0
0
0
0
0
0
99,68091071
3994,350246
12588,92633
23451,34
33712,73263
41065,39159
44018,10618
42504,23779
36537,13529
27316,7113
16467,00167
6737,697172
929,8215864
0
0
0
0
0
0
0
0
0
0
0
89,44781504
3773,509101
12037,33459
22459,0998
32425,38289
39828,10892
42918,63276
41735,85949
36110,88819
26869,63925
16121,84157
6622,449256
906,4596008
0,336808394
0
0
0
0
0
0
0
0
0
0
103,8858152
4457,82951
14576,29015
27076,8753
39315,11758
48417,34191
52519,38201
50864,04538
43770,79512
32459,47567
19378,85766
7786,627479
977,1893261
0
0
0
0
0
0
0
0
0
0
0
95,53944278
4317,670174
13656,45112
28121,69335
36110,88819
28251,27676
30553,73854
35035,71043
30821,02848
21791,54332
13519,73965
4482,731922
639,3763471
0
0
0
0
0
0
0
0
0
0
0
73,9300102
3796,952102
12552,67995
23360,49386
34250,13503
42110,0424
46285,95319
43865,85489
36804,46079
26015,02059
15648,32605
6921,644588
784,0872877
0
0
0
0
0
0
0
0
0
0
0
73,9300102
4058,281849
13075,82403
25497,70695
36626,16516
45608,9761
49665,06146
45300,70854
38604,62653
29164,39781
16547,03045
6066,405128
731,7934095
0
0
0
0
0
0
0
0
0
0
0
239,2664179
4811,01551
15739,99682
28154,06892
35211,15976
52032,90224
56032,82235
54173,3462
43599,87629
34180,61949
15635,24611
3626,265629
347,0048236
0
0
0
0
0
0
0
0
0
0
0
75,81069468
4507,684661
14819,25419
27750,34755
40361,9621
49466,24181
53476,82276
51406,96888
43865,85489
32255,11421
19026,58181
7314,74494
775,2808399
0
0
0
0
0
0
0
0
0
0
0
70,22039639
4325,869785
14258,82838
26821,89768
38133,58437
45840,67449
49585,49886
47827,24994
40361,9621
29806,52924
17586,49729
6737,697172
685,0189081
0
0
0
0
0
0
0
0
0
0
0
73,9300102
4666,882457
15335,50526
28739,13746
41474,65362
50763,73381
54790,63885
52722,56663
44839,73213
32869,60237
19195,38139
7314,74494
706,1409705
0
0
0
0
0
0
0
0
0
0
0
64,78721882
4491,043914
15050,77282
28576,18037
41381,51017
50483,24413
54173,3462
52032,90224
44075,24978
32034,25192
18523,44009
6834,28739
635,283888
0
0
0
0
0
0
0
0
0
0
0
57,79349103
4171,046126
13893,76293
26188,29549
37377,11573
45570,40116
48377,92076
46460,61774
39114,24655
28722,82661
16680,72447
6122,140869
543,828149
0
0
0
0
0
0
0
0
0
0
0
61,25411028
4549,384187
15361,486
29082,44092
41960,22374
50964,42883
54584,59254
52053,1394
43980,0254
31644,84713
18149,30636
6584,193915
421,8845653
0
0
0
0
0
0
0
0
0
0
0
56,09072624
4334,075042
14499,86799
27702,04336
39901,59034
48575,14308
52478,77927
50523,27953
43013,01688
31459,22196
18384,54896
6873,063076
347,0048236
0
0
0
0
0
0
0
0
0
0
0
37,15352291
3757,909738
12990,13326
25716,71256
35810,06331
44897,26054
48693,61624
46460,61774
39626,2887
28413,55996
16387,11385
6066,405128
262,6026171
0
0
0
0
0
0
0
0
0
0
0
49,46688423
4375,185924
14999,21168
28511,09177
41139,69324
49864,1705
53476,82276
51245,88452
43315,55153
31290,81611
17901,427
6384,677516
242,1401938
0
0
0
0
0
0
0
0
0
0
0
47,85854054
4599,607372
15805,59488
29823,06085
42748,93113
51850,89639
55182,90268
52580,30748
44418,67616
31949,45166
17970,1582
6234,166393
192,3563068
0
0
0
0
0
0
0
0
0
0
0
40,11134266
4026,269977
14094,75331
26710,62061
38368,84301
46810,66276
50083,5243
47866,50764
40048,70065
28657,61686
16188,01223
5609,191647
174,1399216
0
0
0
0
0
0
0
0
0
0
0
41,62088292
4482,731922
15517,70539
29460,13522
42523,04225
51709,49642
55369,06624
52681,90692
44151,4831
31678,63975
17736,86265
6075,681563
166,5360104
0
0
0
0
0
0
0
0
0
0
0
32,87324075
4162,954364
14347,46174
27124,78106
39077,76469
47670,33615
51205,64211
48358,21455
40842,7794
28886,08627
16082,18643
5501,405985
125,8377778
0
0
0
0
0
0
0
0
0
0
0
32,87324075
3773,509101
13112,61123
24536,03088
36288,27044
43732,79218
44437,78377
43675,81024
35880,76342
24875,73358
14132,55558
4922,305106
137,3765807
0
0
0
0
0
0
0
0
0
0
0
34,27883553
4466,124717
15622,17013
29542,47661
42635,93238
51729,68783
55058,92015
52255,6681
43505,02634
31055,59978
17030,15279
5519,317503
99,68091071
0
0
0
0
0
0
0
0
0
0
0
34,27883553
4449,539902
15609,09812
29328,56264
41885,38714
50683,53633
54276,05191
51266,01002
43050,7916
30620,48177
16841,67225
5483,515614
91,46215316
0
0
0
0
0
0
0
0
0
0
0
30,12677495
4058,281849
14385,50848
27124,78106
38423,20804
46732,79256
50363,20706
47670,33615
39315,11758
28869,74519
16174,77023
5279,302455
95,53944278
0
0
0
0
0
0
0
0
0
0
0
27,46835801
4358,724663
15322,52088
28967,84201
41717,18219
50543,30155
54152,81353
51427,11732
43069,68348
30687,27785
16962,7509
5492,458155
89,44781504
0
0
0
0
0
0
0
0
0
0
0
27,46835801
4491,043914
15897,59845
29971,99494
42956,37738
52032,90224
55182,90268
52235,40238
43505,02634
30804,2981
16814,80866
5261,678035
63,01167379
0
0
0
0
0
0
0
0
0
0
0
16,66086184
3466,012874
12468,25274
23436,19009
34738,17754
42241,29268
44801,39474
45782,70994
39315,11758
28673,91425
15024,98422
4607,997353
56,09072624
0
0
0
0
0
0
0
0
0
0
0
20,04503982
4026,269977
14347,46174
26917,41164
38459,46692
46752,2557
50023,66587
47181,1885
39168,9925
27509,13238
15024,98422
4582,844071
44,70019938
0
0
0
0
0
0
0
0
0
0
0
18,89182744
3883,359697
13969,01149
26615,37401
38368,84301
47064,06581
50003,71884
47278,87146
39369,96539
27782,56731
14806,43028
4482,731922
41,62088292
0
0
0
0
0
0
0
0
0
0
0
20,04503982
3719,014087
13507,33611
25873,56109
36661,79914
44437,78377
47298,41685
43903,89975
35527,76955
24244,01833
12710,02135
3757,909738
28,7864237
0
0
0
0
0
0
0
0
0
0
0
14,53347348
3488,744893
12516,47153
23360,49386
36217,27967
46791,1908
46810,66276
42711,25282
34808,10238
25061,73979
13457,76331
3986,384733
37,15352291
0
0
0
0
0
0
0
0
0
0
0
12,51361839
2851,809834
10301,99323
21233,54522
30071,43389
35615,89921
37682,6424
35404,52126
29955,43341
21703,08928
10858,06446
2958,283448
13,50983691
0
0
0
0
0
0
0
0
0
0
0
15,58398481
4074,322274
14844,9141
27976,17072
39791,38665
47886,14087
51266,01002
48318,81088
40177,58333
28073,15535
14999,21168
4227,847978
20,04503982
0
0
0
0
0
0
0
0
0
0
0
13,50983691
4171,046126
15491,62899
29575,43652
42560,66022
51588,40807
54564,00341
51165,41119
41941,51004
29147,99973
15231,74209
4162,954364
14,53347348
0
0
0
0
0
0
0
0
0
0
0
10,60580521
3836,140765
14627,31924
28008,48539
41195,45147
51911,53927
56762,08803
53089,01617
43656,82226
30137,79294
15687,58972
4179,143591
47,85854054
0
0
0
0
0
0
0
0
0
0
0
9,695509142
3271,274528
12564,75786
23983,82152
36040,02369
43467,10736
46208,40119
41941,51004
35845,40704
23755,08376
12312,00895
3263,866464
10,60580521
0
0
0
0
0
0
0
0
0
0
0
2,969047141
1861,971509
8847,011696
13918,82939
20147,74573
20767,74099
29082,44092
24136,75503
24520,63017
17641,12182
9745,594553
2965,431972
40,11134266
0
0
0
0
0
0
0
0
0
0
0
7,148037622
3226,917712
12746,43187
24075,53928
34913,08532
41642,50334
43808,81004
41549,22311
32903,86393
22773,12214
11871,2456
2872,991091
5,611518124
0
0
0
0
0
0
0
0
0
0
0
8,815240927
4026,269977
15648,32605
29839,59577
42937,50356
51850,89639
54358,26731
50884,11632
41400,13277
28186,45802
14258,82838
3473,584219
4,214691716
0
0
0
0
0
0
0
0
0
0
0
5,611518124
2972,586759
11835,7642
22668,27218
32000,32202
38731,80399
41065,39159
39242,03035
32630,13457
22608,43682
11424,67319
2643,149644
4,214691716
0
0
0
0
0
0
0
0
0
0
0
6,362926062
3428,246222
13843,67926
26774,18694
38859,13323
46927,5563
49824,32556
46499,46451
37754,66219
25575,84516
12734,29083
2944,0052
2,407519073
0
0
0
0
0
0
0
0
0
0
0
5,611518124
2670,637624
11122,72046
21791,54332
31273,99359
38296,39979
40269,7344
37898,85149
29938,8752
20047,46314
9889,178022
2301,845361
2,969047141
0
0
0
0
0
0
0
0
0
0
0
2,969047141
2670,637624
11088,069
21116,74267
31425,51454
35563,0119
36093,16733
36270,51801
28527,35887
20248,20987
10011,26616
2249,87434
2,407519073
0
0
0
0
0
0
0
0
0
0
0
4,214691716
3044,478119
12819,36629
24305,38914
34059,09074
41307,05016
43884,87582
40214,43456
32886,73153
21541,26309
10550,34479
2321,445381
1
0
0
0
0
0
0
0
0
0
0
0
4,214691716
3368,132704
13943,91224
27092,84047
39187,24733
47239,78948
49844,24658
46382,95956
37610,67255
25357,27704
12384,03258
2781,617698
1,890006408
0
0
0
0
0
0
0
0
0
0
0
2,969047141
2802,608625
11424,67319
22728,16493
32732,68578
40177,58333
42824,32394
39626,2887
32732,68578
21894,90469
10938,36689
2380,606475
1,890006408
0
0
0
0
0
0
0
0
0
0
0
1
1468,055055
6834,28739
13420,62715
20666,34707
26235,62473
28024,6478
26599,51159
21482,52629
15609,09812
7685,331527
1557,669428
1
0
0
0
0
0
0
0
0
0
0
0
1,890006408
2460,325228
10212,21709
20162,08664
29756,95441
36572,7378
39351,6797
36733,10482
28902,4307
19082,78818
8709,144527
1813,88074
0,336808394
0
0
0
0
0
0
0
0
0
0
0
1,890006408
2705,142554
11180,56008
21954,04801
32221,09954
39150,74076
40805,7201
37898,85149
30270,67028
20233,84674
9745,594553
1996,558892
0,336808394
0
0
0
0
0
0
0
0
0
0
0
1
1701,508989
12444,16869
27830,92239
40306,61629
48891,30424
51689,30787
41791,9096
33816,50508
22503,86317
10505,03031
2172,729131
0,336808394
0
0
0
0
0
0
0
0
0
0
0
1
1990,367526
11906,76554
16307,36718
25638,41822
21821,05702
21894,90469
18204,55858
24520,63017
17901,427
5973,924227
753,4232065
0,336808394
0
0
0
0
0
0
0
0
0
0
0
1,419543549
3168,118075
12929,05089
25294,95417
36537,13529
44037,15106
46227,78476
42805,47122
34441,56699
22653,30795
10698,10516
2002,757237
0
0
0
0
0
0
0
0
0
0
0
0
1
3058,931123
12613,11166
24875,73358
36164,06973
43884,87582
46285,95319
42429,05017
33781,90139
22087,33213
10156,25201
1843,883948
0
0
0
0
0
0
0
0
0
0
0
0
1
2380,606475
10777,97707
21511,88741
32630,13457
37844,75712
38224,00629
34773,13358
27460,98114
18453,94709
8953,597347
1684,005488
0
0
0
0
0
0
0
0
0
0
0
0
1
2844,762068
12156,48173
24320,74065
35739,41384
43296,62057
46072,79884
42447,84255
33903,07054
22339,8891
10189,81766
1807,901565
0
0
0
0
0
0
0
0
0
0
0
0
1
2705,142554
11788,51567
23345,36529
33851,12162
40861,31364
43808,81004
40232,86478
32051,22176
20550,68908
9082,110706
1462,518356
0
0
0
0
0
0
0
0
0
0
0
0
1
2656,880728
11518,1713
22474,01733
31156,32788
38677,28077
38386,96158
34913,08532
29131,60501
19591,34734
8341,889259
1315,92647
0
0
0
0
0
0
0
0
0
0
0
0
1
2581,680185
11588,47628
23405,90093
34128,5165
41437,38711
43277,69261
39919,96838
31763,17855
20435,26692
8974,970044
1413,030989
0
0
0
0
0
0
0
0
0
0
0
0
0,636570023
2677,52574
12156,48173
24613,08708
36110,88819
44113,36046
46363,55239
42579,47373
33695,44848
21644,19252
9438,936626
1413,030989
0
0
0
0
0
0
0
0
0
0
0
0
0,336808394
2636,293794
11729,55157
23724,64555
35088,31182
42824,32394
44935,62768
41437,38711
32869,60237
21058,42916
8900,246594
806,2609158
0
0
0
0
0
0
0
0
0
0
0
0
0
1953,366207
9701,568576
20363,248
28967,84201
34163,24862
35827,73359
34406,73237
26314,57571
16922,35636
7235,495182
685,0189081
0
0
0
0
0
0
0
0
0
0
0
0
0
2033,853431
9889,178022
18984,46654
28186,45802
32561,83202
37808,70979
37090,38701
30254,049
18830,33403
7888,40413
606,905002
0
0
0
0
0
0
0
0
0
0
0
0
0
2249,87434
11053,45681
22728,16493
33591,81118
40177,58333
42147,52734
38097,43738
29806,52924
18970,43565
8289,894337
701,8979434
0
0
0
0
0
0
0
0
0
0
0
0
0
2602,111636
12252,10585
24953,17503
36608,3529
44705,60336
47396,1878
43467,10736
34215,37085
21747,29998
9007,063764
744,7438462
0
0
0
0
0
0
0
0
0
0
0
0
0
2185,518733
10505,03031
21865,35475
32476,52694
39754,67668
41810,59904
38586,47073
30071,43389
18984,46654
7624,785408
236,4051192
0
0
0
0
0
0
0
0
0
0
0
0
0
2400,446725
11553,30437
23831,24124
35176,04444
42654,75796
44743,91098
40954,03058
32170,10198
20291,32144
7970,170405
225,0855263
0
0
0
0
0
0
0
0
0
0
0
0
0
2407,073419
11565,02403
23511,97518
34703,23427
41904,09174
43827,82199
40251,29806
31459,22196
19776,18466
7735,919309
197,6809669
0
0
0
0
0
0
0
0
0
0
0
0
0
1886,187812
9146,61641
17178,77821
28706,51913
32510,63922
35580,63783
30137,79294
25201,57432
17463,81715
6047,867701
119,0924673
0
0
0
0
0
0
0
0
0
0
0
0
0
1916,617622
9723,572518
20147,74573
30403,75971
38859,13323
41549,22311
37808,70979
29147,99973
18998,5012
7384,345234
187,0846299
0
0
0
0
0
0
0
0
0
0
0
0
0
2354,245934
11588,47628
23816,00267
35070,77484
42447,84255
44476,00793
40768,67301
32102,15086
20262,57669
7796,783541
171,5915993
0
0
0
0
0
0
0
0
0
0
0
0
0
2102,875035
11030,40385
22788,11505
33643,61534
40991,13872
42598,29026
38822,73797
30121,1982
18453,94709
6989,867161
125,8377778
0
0
0
0
0
0
0
0
0
0
0
0
0
2058,855397
10892,45348
22548,65889
33540,03601
40750,15404
43013,01688
39315,11758
30637,17584
19110,91393
7284,989556
144,4747241
0
0
0
0
0
0
0
0
0
0
0
0
0
1695,667189
9286,946398
20047,46314
30121,1982
37215,73218
39626,2887
36377,07985
28137,87945
17111,16308
6047,867701
97,60220149
0
0
0
0
0
0
0
0
0
0
0
0
0
1947,223857
10595,73003
22102,15956
32835,35377
39883,21538
41642,50334
37682,6424
29493,06176
18204,55858
6555,555247
89,44781504
0
0
0
0
0
0
0
0
0
0
0
0
0
1855,935201
9767,63467
19605,54321
28283,7064
36377,07985
36947,32348
34232,75134
27268,68268
17777,95199
6488,908147
103,8858152
0
0
0
0
0
0
0
0
0
0
0
0
0
892,546272
5501,405985
11483,07709
18218,38116
22310,12243
23709,43176
21747,29998
14271,47808
8383,570114
3286,108939
32,87324075
0
0
0
0
0
0
0
0
0
0
0
0
0
539,9697399
3330,75817
7314,74494
10823,71494
13482,54144
14082,16073
29147,99973
22743,14709
13606,68009
5147,64198
66,58060904
0
0
0
0
0
0
0
0
0
0
0
0
0
1614,651411
9438,936626
20579,58148
30703,98513
37538,75266
39534,67534
35686,45999
27557,31423
17327,87194
6403,58294
73,9300102
0
0
0
0
0
0
0
0
0
0
0
0
0
1874,06546
10505,03031
22013,24924
32835,35377
40011,90465
41754,53983
38079,36855
29723,92117
18509,53391
6593,750206
68,39171147
0
0
0
0
0
0
0
0
0
0
0
0
0
906,4596008
9460,722571
20956,52147
31022,05007
37989,07109
40030,30112
36858,01075
29279,27807
18176,92485
6450,935214
73,9300102
0
0
0
0
0
0
0
0
0
0
0
0
0
230,7201184
7225,611013
16148,29803
25310,52967
30553,73854
31695,54096
27236,68066
21570,65332
13482,54144
4658,453686
40,11134266
0
0
0
0
0
0
0
0
0
0
0
0
0
156,5906452
5421,066122
12480,3011
23360,49386
33471,04757
33402,11071
24922,18797
24844,78148
12710,02135
5173,877433
75,81069468
0
0
0
0
0
0
0
0
0
0
0
0
0
59,51466818
1445,953886
4499,361494
5881,960211
8248,383444
10223,42351
10201,01515
9580,870807
7374,387689
3051,701514
52,74104377
0
0
0
0
0
0
0
0
0
0
0
0
0
213,9689462
8113,996438
19605,54321
28771,76923
35334,16351
36983,07054
33195,60994
25404,05572
16108,61925
5501,405985
32,87324075
0
0
0
0
0
0
0
0
0
0
0
0
0
205,7664396
8289,894337
19776,18466
29427,22203
36412,62567
38368,84301
35281,42855
27669,85755
16881,9968
5891,133291
44,70019938
0
0
0
0
0
0
0
0
0
0
0
0
0
181,866341
8093,392719
19378,85766
29131,60501
35070,77484
37090,38701
34424,14808
26425,25171
16440,35673
5564,188695
34,27883553
0
0
0
0
0
0
0
0
0
0
0
0
0
151,7018065
6337,502814
15766,22416
24860,25578
32578,90279
32221,09954
32170,10198
23709,43176
12480,3011
4252,276921
34,27883553
0
0
0
0
0
0
0
0
0
0
0
0
0
119,0924673
6413,04326
15296,5641
22923,2123
28089,3313
27992,32636
24106,1401
18025,21198
10686,71251
3572,556072
11,54539955
0
0
0
0
0
0
0
0
0
0
0
0
0
63,01167379
2691,321287
8688,004036
16600,46118
28804,41445
27879,308
28024,6478
16135,06783
8540,543761
3241,678884
16,66086184
0
0
0
0
0
0
0
0
0
0
0
0
0
112,4831042
6337,502814
15884,44321
23709,43176
28154,06892
30553,73854
26647,10915
20061,7781
11977,92093
3867,596755
11,54539955
0
0
0
0
0
0
0
0
0
0
0
0
0
137,3765807
8238,017546
20724,26439
31307,64193
38786,35508
40750,15404
37341,23082
28886,08627
17559,2081
5872,792323
24,90024802
0
0
0
0
0
0
0
0
0
0
0
0
0
110,310561
7235,495182
18579,10275
28348,60619
35545,38914
37610,67255
34441,56699
26710,62061
16267,54683
5376,618539
27,46835801
0
0
0
0
0
0
0
0
0
0
0
0
0
59,51466818
6057,13384
18718,52444
27863,17607
33126,87972
31072,37957
27637,68533
22773,12214
10961,34987
3986,384733
11,54539955
0
0
0
0
0
0
0
0
0
0
0
0
0
81,55484984
6834,28739
18565,1814
26536,09625
33712,73263
32119,13375
30054,85243
22102,15956
11954,18537
4211,590421
17,76362626
0
0
0
0
0
0
0
0
0
0
0
0
0
79,62322859
6814,92943
18163,1137
28170,26178
34773,13358
36626,16516
33522,78407
26140,99729
15871,29193
5043,185402
20,04503982
0
0
0
0
0
0
0
0
0
0
0
0
0
51,09444184
3595,53882
11180,56008
20061,7781
28089,3313
35439,71919
29938,8752
21160,51622
10869,52308
4751,473894
37,15352291
0
0
0
0
0
0
0
0
0
0
0
0
0
68,39171147
6843,973843
18481,73291
28820,74209
35898,44636
38260,19683
35018,183
27156,7353
16427,04013
5288,122687
20,04503982
0
0
0
0
0
0
0
0
0
0
0
0
0
66,58060904
6699,201012
18052,76179
27013,0488
33574,54957
35404,52126
31627,95574
23133,93919
13931,36876
4709,109215
21,22286067
0
0
0
0
0
0
0
0
0
0
0
0
0
59,51466818
6756,975268
17750,55526
27750,34755
33937,71921
36412,62567
32801,11814
25654,07015
15871,29193
5429,971572
18,89182744
0
0
0
0
0
0
0
0
0
0
0
0
0
56,09072624
5891,133291
15037,87651
23968,54759
29427,22203
31492,9425
29509,53004
20709,77954
13482,54144
4759,963351
10,60580521
0
0
0
0
0
0
0
0
0
0
0
0
0
47,85854054
6795,591412
18467,8381
28625,03217
35633,53465
37934,92998
35053,24104
27605,52669
17111,16308
5681,469708
20,04503982
0
0
0
0
0
0
0
0
0
0
0
0
0
40,11134266
6243,535111
17138,19751
27092,84047
33868,43471
35827,73359
32527,70024
25326,10864
15713,78534
5095,316509
15,58398481
0
0
0
0
0
0
0
0
0
0
0
0
0
31,48913565
5672,416585
15805,59488
24953,17503
30887,98295
33006,72633
30503,71583
24597,66883
15270,62331
4862,265114
16,66086184
0
0
0
0
0
0
0
0
0
0
0
0
0
30,12677495
4507,684661
14767,98274
22414,3688
20090,41915
22369,67018
25638,41822
20363,248
15218,78968
4819,543414
20,04503982
0
0
0
0
0
0
0
0
0
0
0
0
0
17,76362626
2670,637624
7534,292691
10858,06446
14360,13992
15674,49786
12734,29083
9933,510772
5955,490003
1736,712657
7,148037622
0
0
0
0
0
0
0
0
0
0
0
0
0
22,42490802
5095,316509
15037,87651
24582,25408
31055,59978
32340,20787
29889,22052
23284,88659
14909,13436
4633,200583
17,76362626
0
0
0
0
0
0
0
0
0
0
0
0
0
8,815240927
1713,214454
7275,080883
14044,40749
19719,24453
28511,09177
24182,70387
19690,79682
10858,06446
4138,71333
27,46835801
0
0
0
0
0
0
0
0
0
0
0
0
0
9,695509142
2677,52574
8488,101777
14322,11758
18984,46654
19861,70655
18551,26384
13321,77967
8248,383444
2615,765062
12,51361839
0
0
0
0
0
0
0
0
0
0
0
0
0
21,22286067
2090,263511
5946,28065
5790,515283
7970,170405
7919,030606
9017,770911
8519,552896
6187,399478
2887,143517
12,51361839
0
0
0
0
0
0
0
0
0
0
0
0
0
12,51361839
3851,857102
10869,52308
17695,80783
23330,24027
23679,01482
21482,52629
17341,4491
10380,78111
3541,995728
9,695509142
0
0
0
0
0
0
0
0
0
0
0
0
0
12,51361839
3095,172218
9341,125768
13619,11666
19110,91393
17764,25171
16720,9088
14525,32584
10324,48181
3703,497
27,46835801
0
0
0
0
0
0
0
0
0
0
0
0
0
12,51361839
5077,91785
15635,24611
25732,38183
32476,52694
34965,61983
32664,30532
25404,05572
15726,8891
5121,454983
15,58398481
0
0
0
0
0
0
0
0
0
0
0
0
0
1,890006408
2308,371996
6603,311528
10800,83722
16174,77023
15400,48704
15989,79573
12697,89292
8985,663329
2643,149644
12,51361839
0
0
0
0
0
0
0
0
0
0
0
0
0
7,148037622
3626,265629
10755,13452
19096,84918
23300,00092
26774,18694
23254,6686
17463,81715
10823,71494
3496,334216
10,60580521
0
0
0
0
0
0
0
0
0
0
0
0
0
8,815240927
4751,473894
15582,96604
25513,32765
32119,13375
34024,39711
30921,47997
24259,35575
14652,85806
4499,361494
8,815240927
0
0
0
0
0
0
0
0
0
0
0
0
0
7,148037622
3978,424995
13260,13482
20985,61963
25936,39741
28364,83957
24566,84284
18816,34461
10846,61023
3450,888188
4,214691716
0
0
0
0
0
0
0
0
0
0
0
0
0
5,611518124
4187,246755
13969,01149
23421,04373
30487,04821
33678,16755
31847,79913
24937,67975
15309,5405
4862,265114
17,76362626
0
0
0
0
0
0
0
0
0
0
0
0
0
5,611518124
4050,270254
13731,23129
22788,11505
29131,60501
31391,82024
28657,61686
22698,21138
13731,23129
4482,731922
17,76362626
0
0
0
0
0
0
0
0
0
0
0
0
0
2,407519073
3073,408963
10972,84793
18593,02788
24044,95257
25685,38442
24182,70387
17928,908
10133,89726
3390,63002
8,815240927
0
0
0
0
0
0
0
0
0
0
0
0
0
5,611518124
3109,712005
10022,39203
18190,73981
27348,74741
27943,8696
26758,29022
20594,03321
12061,12992
3930,788005
26,17286587
0
0
0
0
0
0
0
0
0
0
0
0
0
4,214691716
4449,539902
14449,00095
23345,36529
29707,40955
31358,13907
29410,77045
24860,25578
16148,29803
5341,156221
34,27883553
0
0
0
0
0
0
0
0
0
0
0
0
0
1
2823,656788
6593,750206
10493,71276
13843,67926
22773,12214
19961,65132
13718,75763
7634,864352
2288,812231
7,148037622
0
0
0
0
0
0
0
0
0
0
0
0
0
1
1678,185602
8113,996438
13644,00218
19548,78212
21321,30055
16042,56675
10078,08866
6318,66852
2608,935106
8,815240927
0
0
0
0
0
0
0
0
0
0
0
0
0
7,965794353
3109,712005
9624,697422
16055,76937
23118,86406
26504,40919
21968,84289
17178,77821
11623,68699
3757,909738
9,695509142
0
0
0
0
0
0
0
0
0
0
0
0
0
2,407519073
1020,546269
3626,265629
6403,58294
8175,921615
10686,71251
9330,280742
6593,750206
3828,291349
1620,390408
2,969047141
0
0
0
0
0
0
0
0
0
0
0
0
0
2,969047141
4050,270254
13507,33611
24044,95257
30503,71583
32732,68578
30254,049
24891,21488
16440,35673
5799,636353
40,11134266
0
0
0
0
0
0
0
0
0
0
0
0
0
1
2288,812231
8900,246594
14119,95074
17654,78756
20276,94721
19040,62776
14044,40749
9060,645657
2795,605284
12,51361839
0
0
0
0
0
0
0
0
0
0
0
0
0
1,890006408
4342,285942
13556,97506
22013,24924
29707,40955
33730,01999
30553,73854
24259,35575
14973,4552
5412,165979
26,17286587
0
0
0
0
0
0
0
0
0
0
0
0
0
1,890006408
3859,724016
11705,996
19662,36403
26551,94494
30553,73854
29049,68161
23118,86406
13918,82939
4982,612165
28,7864237
0
0
0
0
0
0
0
0
0
0
0
0
0
1
3641,664604
11413,00539
20377,6444
27493,07856
30487,04821
28397,31646
22728,16493
14780,79456
5191,394622
27,46835801
0
0
0
0
0
0
0
0
0
0
0
0
0
1
2249,87434
9135,853951
12037,33459
13272,45549
17205,85136
20695,29837
19251,76812
17314,29864
5699,591673
14,53347348
0
0
0
0
0
0
0
0
0
0
0
0
0
1,890006408
4776,958763
14729,57151
25341,6911
33643,61534
37197,81633
35228,72219
28381,07633
18107,90722
6384,677516
44,70019938
0
0
0
0
0
0
0
0
0
0
0
0
0
1,419543549
4244,128263
13644,00218
24060,24416
31780,09613
34860,5795
34145,88096
27396,82715
17246,49009
6075,681563
37,15352291
0
0
0
0
0
0
0
0
0
0
0
0
0
1,419543549
4624,793961
14449,00095
25092,78972
33006,72633
36697,44569
34878,07825
27927,72411
17695,80783
6375,232416
47,85854054
0
0
0
0
0
0
0
0
0
0
0
0
0
1,419543549
4244,128263
13433,00173
23284,88659
31949,45166
35422,11864
33868,43471
27060,91355
17382,20373
6394,127691
57,79349103
0
0
0
0
0
0
0
0
0
0
0
0
0
1,419543549
4244,128263
13433,00173
23284,88659
31949,45166
35422,11864
33868,43471
27060,91355
17382,20373
6394,127691
57,79349103
0
0
0
0
0
0
0