197,0779468
0
0
110,2994223
0
152,0533963
0
247,0192327
152,0533963
1600,215375
1100,142241
1183,20749
1669,253766
2365,992943
1744,665653
3557,378653
1843,456732
2304,460078
1011,201934
895,7690592
845,3170265
174,047139
0
0
0
349,1313431
1732,389726
1366,676954
1083,500445
494,0384655
823,9135972
110,2994223
394,1558935
565,4984774
1120,998554
756,3767194
2095,839828
2866,601485
1428,209819
2680,673811
1600,215375
1732,389726
349,1313431
0
0
0
0
0
0
0
0
0
0
0
0
0
0
0
110,2994223
326,1005354
823,9135972
494,0384655
110,2994223
394,1558935
1873,295877
4254,699004
3159,861198
984,7093663
677,4050591
823,9135972
565,4984774
677,4050591
494,0384655
494,0384655
1428,209819
2253,248567
2095,839828
756,3767194
152,0533963
0
282,9353632
110,2994223
444,0971795
394,1558935
1600,215375
565,4984774
304,9291059
304,9291059
394,1558935
756,3767194
494,0384655
565,4984774
0
110,2994223
0
0
677,4050591
1120,998554
1288,742188
677,4050591
984,7093663
494,0384655
984,7093663
444,0971795
444,0971795
394,1558935
326,1005354
394,1558935
444,0971795
1366,676954
1120,998554
1288,742188
2680,673811
3465,210568
2680,673811
565,4984774
1083,500445
984,7093663
565,4984774
823,9135972
2733,975819
3102,30852
3676,13453
3159,861198
2222,078073
1958,215633
2144,143307
2036,150399
1782,928121
912,8539043
1370,938876
2498,167294
4474,910076
5772,927387
6529,924199
5090,52442
2304,460078
510,9792108
349,1313431
0
0
0
0
0
0
0
0
0
0
0
0
0
0
0
0
0
0
110,2994223
174,047139
0
110,2994223
152,0533963
152,0533963
304,9291059
0
130,8819669
130,8819669
130,8819669
0
0
282,9353632
0
0
0
0
0
0
0
152,0533963
600,5098312
1570,462687
3296,193341
2136,716445
536,7621145
1744,665653
1843,456732
1011,201934
605,9450472
644,4701377
1782,928121
2036,150399
3276,511486
1482,449404
2394,083629
3358,847237
2680,673811
1373,095833
999,9451573
1667,495246
1704,993355
845,3170265
1732,389726
2204,907582
3052,848475
1843,456732
1324,113641
1570,462687
1104,23583
1245,141981
3052,848475
3491,998427
2427,451533
1560,38417
1444,951295
733,4104449
944,1081054
683,4691589
2036,150399
1083,500445
565,4984774
638,4446085
999,9451573
638,4446085
449,3612116
644,4701377
2680,673811
5318,988534
4195,514643
6365,82015
7961,698069
9589,816057
9589,816057
7961,698069
9994,388434
10000
9113,999296
4830,8294
1704,993355
1704,993355
2394,083629
1288,742188
1083,500445
2866,601485
1732,389726
1083,500445
2095,839828
1732,389726
1428,209819
4480,29684
5371,410145
5371,410145
4011,354139
4857,042491
1732,389726
7855,955023
8888,837136
9449,317259
9986,823432
8888,837136
6025,992402
3785,580241
3676,13453
3358,847237
4011,354139
6579,16494
5371,410145
4011,354139
2095,839828
912,8539043
756,3767194
1428,209819
349,1313431
304,9291059
565,4984774
756,3767194
349,1313431
1288,742188
1428,209819
1288,742188
912,8539043
1428,209819
2506,470844
2866,601485
444,0971795
304,9291059
0
0
0
0
0
110,2994223
912,8539043
110,2994223
444,0971795
912,8539043
677,4050591
677,4050591
1366,676954
2095,839828
1366,676954
1428,209819
1428,209819
1083,500445
823,9135972
912,8539043
1366,676954
3465,210568
1600,215375
494,0384655
326,1005354
1120,998554
349,1313431
532,9729535
349,1313431
0
0
0
0
0
0
0
0
0
0
0
0
0
0
0
0
0
0
349,1313431
130,8819669
152,0533963
130,8819669
152,0533963
399,0726291
823,9135972
1600,215375
1669,253766
2011,200366
2365,992943
3306,070753
1741,121526
1288,742188
594,5288518
247,0192327
247,0192327
617,273179
1920,717524
4255,347305
3727,115371
4718,181944
7533,503358
7855,955023
6705,52909
6957,263679
6349,057783
3735,343292
1732,389726
2253,248567
2506,470844
565,4984774
0
152,0533963
444,0971795
444,0971795
394,1558935
1873,295877
1732,389726
2095,839828
2866,601485
912,8539043
1428,209819
3358,847237
1600,215375
677,4050591
1288,742188
984,7093663
110,2994223
0
0
152,0533963
326,1005354
394,1558935
1120,998554
912,8539043
0
0
0
110,2994223
756,3767194
1732,389726
756,3767194
2095,839828
2095,839828
3465,210568
6579,16494
6343,495796
5371,410145
2866,601485
1732,389726
494,0384655
444,0971795
1083,500445
1428,209819
1288,742188
912,8539043
349,1313431
912,8539043
0
0
0
0
0
110,2994223
0
1366,676954
4011,354139
4741,482152
3465,210568
4741,482152
8020,059071
5669,521095
5669,521095
4011,354139
4857,042491
4011,354139
4480,29684
5371,410145
4857,042491
6579,16494
3358,847237
2866,601485
2506,470844
2095,839828
1600,215375
2680,673811
2506,470844
3676,13453
5371,410145
6579,16494
9661,85478
9799,598907
8888,837136
8888,837136
7855,955023
6579,16494
7855,955023
6579,16494
7283,684182
4857,042491
4011,354139
5371,410145
4480,29684
3358,847237
2866,601485
2866,601485
1732,389726
444,0971795
565,4984774
304,9291059
756,3767194
2095,839828
1732,389726
2506,470844
2506,470844
3676,13453
6025,992402
6579,16494
8311,37529
9449,317259
8311,37529
4011,354139
1428,209819
1288,742188
756,3767194
152,0533963
0
152,0533963
565,4984774
1366,676954
2506,470844
2095,839828
2095,839828
1873,295877
2866,601485
5371,410145
7283,684182
6941,198234
9799,598907
9994,388434
9994,388434
9983,562604
9799,598907
9925,13402
9224,155099
7604,220434
6579,16494
6579,16494
4857,042491
6579,16494
5727,881452
8235,060688
4943,955842
8311,37529
5092,014712
4255,347305
3611,555032
737,2356873
638,4446085
197,0779468
394,1558935
444,0971795
152,0533963
197,0779468
197,0779468
197,0779468
1104,23583
1245,141981
2604,530626
4685,834038
2253,248567
2349,062106
1111,851739
1179,388617
1111,851739
912,8539043
304,9291059
0
282,9353632
0
0
0
0
0
110,2994223
677,4050591
152,0533963
444,0971795
565,4984774
565,4984774
152,0533963
152,0533963
0
0
0
0
0
0
0
0
0
0
0
0
0
0
0
0
0
0
0
0
0
0
0
0
0
0
0
0
0
0
0
0
0
0
0
0
0
0
0
0
110,2994223
0
110,2994223
0
110,2994223
0
0
394,1558935
326,1005354
326,1005354
0
0
0
0
0
0
0
282,9353632
326,1005354
0
0
0
0
0
110,2994223
677,4050591
823,9135972
2680,673811
1873,295877
3358,847237
2680,673811
2506,470844
3901,908428
4254,699004
2680,673811
1600,215375
984,7093663
349,1313431
756,3767194
1111,851739
1704,993355
2095,839828
4011,354139
4020,375084
4943,955842
6026,641111
6924,683746
6261,661546
8549,3131
8483,159041
8162,622789
9577,442245
9996,110313
9996,110313
9237,918209
8438,038458
10000
9991,326848
9449,317259
8147,271241
6604,147494
8822,11324
6924,683746
7283,684182
4480,29684
7604,220434
7283,684182
6579,16494
9449,317259
7283,684182
7283,684182
8311,37529
8311,37529
5371,410145
4011,354139
5727,881452
4011,354139
6025,992402
5371,410145
4011,354139
2349,062106
2095,839828
4011,354139
2095,839828
444,0971795
756,3767194
349,1313431
565,4984774
1083,500445
1732,389726
2866,601485
912,8539043
565,4984774
444,0971795
1083,500445
1428,209819
2095,839828
2095,839828
2095,839828
912,8539043
1732,389726
1732,389726
1288,742188
1288,742188
2866,601485
1428,209819
912,8539043
349,1313431
349,1313431
1083,500445
2506,470844
5187,300707
4587,484535
3465,210568
4011,354139
1920,717524
617,273179
782,2602377
449,3612116
944,1081054
756,3767194
556,0037612
130,8819669
0
469,2252367
247,0192327
130,8819669
197,0779468
469,2252367
532,9729535
1538,68251
399,0726291
944,1081054
1444,951295
733,4104449
2680,673811
2253,248567
2680,673811
1083,500445
1366,676954
912,8539043
494,0384655
677,4050591
1120,998554
1083,500445
912,8539043
565,4984774
0
0
0
0
0
349,1313431
565,4984774
1120,998554
1083,500445
152,0533963
304,9291059
0
0
0
592,749353
371,1250858
0
468,3616027
371,1250858
282,9353632
789,6014228
261,7639338
282,9353632
948,2486714
948,2486714
1100,255266
3676,13453
3057,989422
3676,13453
5253,401138
6417,939194
2774,143305
1945,814719
2172,461032
1428,209819
1230,093129
282,9353632
0
0
878,5417299
282,9353632
371,1250858
468,3616027
1428,209819
4356,413127
4356,413127
6417,939194
7171,507439
8715,929584
8561,254603
7171,507439
9726,879171
8039,065863
3369,980981
3676,13453
3676,13453
813,1729427
371,1250858
130,8819669
0
0
0
0
0
0
0
0
0
0
0
0
0
0
261,7639338
130,8819669
521,289341
1100,255266
468,3616027
326,1005354
0
0
0
0
0
0
0
326,1005354
371,1250858
418,4203167
0
0
418,4203167
521,289341
418,4203167
592,749353
4841,162652
3057,989422
4021,369581
3057,989422
1800,801994
2591,458082
2591,458082
592,749353
0
0
130,8819669
0
0
0
0
1230,093129
2172,461032
878,5417299
878,5417299
1428,209819
1100,255266
592,749353
878,5417299
1230,093129
1945,814719
2591,458082
4356,413127
7834,587143
4841,162652
3057,989422
3057,989422
2425,683309
1945,814719
1230,093129
1100,255266
1100,255266
539,8216146
813,1729427
1100,255266
2591,458082
2591,458082
724,2326356
152,0533963
0
0
0
0
0
592,749353
878,5417299
724,2326356
2172,461032
3676,13453
3676,13453
2591,458082
592,749353
1668,005617
878,5417299
327,9599137
0
0
0
0
371,1250858
282,9353632
0
0
0
468,3616027
878,5417299
1428,209819
592,749353
724,2326356
724,2326356
1945,814719
1668,005617
1945,814719
724,2326356
878,5417299
371,1250858
0
0
0
0
0
0
0
261,7639338
326,1005354
318,4792447
1338,783658
247,0192327
707,7335821
421,0663718
0
0
0
0
0
0
174,047139
392,1505178
221,3423699
1011,201934
710,6297625
539,8216146
1086,427383
1276,316249
1021,058596
571,498044
247,0192327
1100,255266
948,2486714
528,3328719
318,4792447
318,4792447
707,7335821
2709,529426
4608,639098
5020,877584
7162,421813
7820,136841
4544,384961
3836,774085
4544,384961
5351,490118
1118,823381
780,336704
418,4203167
0
0
0
0
130,8819669
0
0
0
197,0779468
197,0779468
197,0779468
247,0192327
152,0533963
521,289341
639,1697506
589,2284646
174,047139
130,8819669
274,2701083
1039,851721
274,2701083
523,0324847
589,2284646
261,7639338
152,0533963
492,5263837
2143,771846
1782,928121
571,498044
912,6679151
0
468,3616027
247,0192327
617,273179
812,4449459
660,4383511
1276,316249
1535,831265
3080,296855
3677,757877
5663,481677
4828,231078
5997,730304
5997,730304
3836,774085
5998,525223
6920,942937
6063,435269
8039,065863
7181,558196
6110,452392
7181,558196
5196,808185
3057,989422
1813,018341
878,5417299
592,749353
468,3616027
813,1729427
1350,275053
3057,989422
5196,808185
5963,550596
5609,046671
5196,808185
7171,507439
8280,544739
8039,065863
8885,479788
5609,046671
4011,178076
1350,275053
421,0663718
2425,683309
1230,093129
1230,093129
813,1729427
1100,255266
1560,38417
1945,814719
1350,275053
1945,814719
2591,458082
7171,507439
7171,507439
5963,550596
7500,338516
6648,248399
9189,927705
9597,11588
8885,479788
8561,254603
9597,11588
8039,065863
4588,936681
2875,304198
1030,548325
421,0663718
0
152,0533963
0
0
0
468,3616027
0
327,9599137
371,1250858
592,749353
878,5417299
1428,209819
1230,093129
1428,209819
1813,018341
1428,209819
2023,345946
4011,178076
4841,162652
8280,544739
3676,13453
4841,162652
6417,939194
7171,507439
7500,338516
7171,507439
9977,522202
9977,522202
9977,522202
9996,110313
7177,429665
6314,931111
7631,818263
9208,598324
10000
9985,362968
10000
9976,689816
10000
10000
9991,326848
10000
9985,015176
10000
10000
9985,362968
10000
9375,647117
8310,989098
8310,989098
6193,8598
6193,8598
8319,775726
6193,8598
1813,018341
1276,316249
1560,38417
2023,345946
2425,683309
2709,529426
2709,529426
2276,568223
1030,548325
4011,178076
4011,178076
5963,550596
7500,338516
8561,254603
7500,338516
5196,808185
3369,980981
3369,980981
5963,550596
4588,936681
4588,936681
4588,936681
6648,248399
9189,927705
3369,980981
3369,980981
2875,304198
2875,304198
3369,980981
2276,568223
5196,808185
8561,254603
9597,11588
9851,065774
9189,927705
9597,11588
8885,479788
7500,338516
8039,065863
9597,11588
9977,522202
9597,11588
9721,302483
8039,065863
7500,338516
4011,178076
4011,178076
4011,178076
2425,683309
4588,936681
5196,808185
4243,70163
3369,980981
4011,178076
7704,817236
5551,31211
5196,808185
5963,550596
5196,808185
4944,582214
4588,936681
3369,980981
3369,980981
2023,345946
1350,275053
152,0533963
0
0
528,3328719
318,4792447
371,1250858
1100,255266
812,4449459
2319,996516
2319,996516
3754,862857
1482,449404
1428,209819
2520,921028
2115,691853
1207,763688
1340,560066
658,9354061
274,2701083
457,6636975
0
0
326,1005354
760,6613204
0
152,0533963
0
0
0
0
0
0
0
197,0779468
0
0
0
426,3235046
1011,201934
932,2302739
1489,675152
1489,675152
1807,456519
1251,619759
2046,020801
2827,074577
3364,142972
2276,568223
1021,058596
707,7335821
707,7335821
1100,255266
1428,209819
1668,005617
1668,005617
3057,989422
3057,989422
2172,461032
2172,461032
1668,005617
1560,38417
4356,413127
2591,458082
5609,046671
4588,936681
3369,980981
2875,304198
1668,005617
1428,209819
813,1729427
1560,38417
1156,134324
878,5417299
724,2326356
724,2326356
813,1729427
468,3616027
0
0
0
0
0
0
0
0
878,5417299
789,6014228
130,8819669
0
0
0
789,6014228
1668,005617
3057,989422
3676,13453
1230,093129
1428,209819
1230,093129
878,5417299
878,5417299
0
1230,093129
3057,989422
2172,461032
2172,461032
1945,814719
2172,461032
8039,065863
6417,939194
4588,936681
6417,939194
3057,989422
4011,178076
5963,550596
4356,413127
4841,162652
4356,413127
1030,548325
539,8216146
878,5417299
152,0533963
0
0
0
0
0
0
0
0
130,8819669
1428,209819
878,5417299
1230,093129
2172,461032
2172,461032
3057,989422
3676,13453
4841,162652
5609,046671
4356,413127
2591,458082
1668,005617
3057,989422
1813,018341
1668,005617
468,3616027
468,3616027
282,9353632
592,749353
1428,209819
3676,13453
2425,683309
1668,005617
539,8216146
724,2326356
1030,548325
1428,209819
2023,345946
2591,458082
2591,458082
3057,989422
2172,461032
1428,209819
1668,005617
1668,005617
592,749353
468,3616027
724,2326356
282,9353632
0
0
0
0
0
282,9353632
0
0
0
0
0
0
0
0
0
261,7639338
468,3616027
1174,21407
948,2486714
948,2486714
1945,814719
1174,21407
261,7639338
468,3616027
0
0
0
0
418,4203167
0
282,9353632
0
0
0
0
0
418,4203167
878,5417299
948,2486714
1428,209819
1668,005617
1230,093129
3057,989422
3057,989422
1668,005617
1945,814719
1100,255266
1428,209819
2172,461032
1428,209819
1668,005617
3057,989422
5609,046671
6417,939194
2172,461032
1428,209819
2591,458082
3676,13453
3676,13453
3057,989422
1668,005617
878,5417299
539,8216146
671,7210133
468,3616027
130,8819669
671,7210133
282,9353632
130,8819669
282,9353632
282,9353632
0
468,3616027
468,3616027
630,9522919
241,1813892
110,2994223
110,2994223
0
0
0
0
494,0384655
326,1005354
1174,21407
1366,676954
4741,482152
7834,587143
7057,220487
1174,21407
601,0518389
444,0971795
241,1813892
0
0
0
0
0
0
0
0
241,1813892
494,0384655
494,0384655
349,1313431
2680,673811
2973,933524
1252,148836
1252,148836
1949,91708
3589,91687
2973,933524
3257,77964
8455,733917
9967,351703
9006,026934
4515,884316
1538,68251
2427,451533
976,5149901
601,0518389
1148,288562
902,5561859
1252,148836
2973,933524
1756,209864
573,8009633
902,5561859
1070,353796
2427,451533
3306,070753
2720,711246
1424,154392
1070,353796
2973,933524
2204,907582
2720,711246
5167,555753
4515,884316
2720,711246
1756,209864
2427,451533
1756,209864
1538,68251
1949,91708
1252,148836
4544,384961
2636,597308
1424,154392
1756,209864
2418,208916
1698,973168
2522,06919
3760,908303
6683,30641
5825,798743
7057,220487
2709,529426
1408,4906
1631,034551
1631,034551
1631,034551
885,4170396
377,9011996
220,5988446
0
0
174,047139
384,5695306
247,0192327
0
0
0
349,1313431
0
0
0
0
0
0
0
0
0
0
0
110,2994223
326,1005354
110,2994223
0
110,2994223
349,1313431
241,1813892
748,8327015
3589,91687
902,5561859
521,289341
601,0518389
444,0971795
284,3465613
110,2994223
601,0518389
601,0518389
548,5402166
444,0971795
1949,91708
4515,884316
8455,733917
9389,414964
10000
10000
8379,277123
6349,057783
3589,91687
1148,288562
1538,68251
1070,353796
1949,91708
1148,288562
1756,209864
1949,91708
5167,555753
976,5149901
2720,711246
2427,451533
284,3465613
0
0
284,3465613
1252,148836
2427,451533
1538,68251
1538,68251
1424,154392
818,5396429
2427,451533
3589,91687
9788,573605
9139,881375
9788,573605
6349,057783
6349,057783
5475,266183
6977,079476
5448,486019
4941,957918
2720,711246
965,1795375
110,2994223
110,2994223
0
326,1005354
110,2994223
174,047139
247,0192327
1698,973168
687,8696599
982,8345319
1032,775818
982,8345319
5685,738745
2830,304524
2720,711246
7057,220487
3679,216909
8136,206097
9113,999296
8154,114963
7710,996935
7710,996935
4941,957918
5475,266183
1756,209864
818,5396429
818,5396429
976,5149901
174,047139
0
748,8327015
976,5149901
748,8327015
818,5396429
902,5561859
1538,68251
3589,91687
1148,288562
976,5149901
3306,070753
5475,266183
2720,711246
3589,91687
1782,928121
1288,742188
2204,907582
666,4206261
553,7601304
965,1795375
2036,150399
421,0663718
0
130,8819669
437,0811529
613,9108556
732,8942103
2418,208916
4814,421724
8411,975856
6651,865994
5685,738745
3557,378653
3306,070753
996,394992
521,289341
327,9599137
0
0
0
0
0
0
0
0
0
0
0
0
0
0
0
0
0
0
0
0
0
0
0
0
0
0
0
0
0
0
0
0
0
0
0
0
0
0
220,5988446
548,5402166
282,9353632
630,9522919
630,9522919
394,1558935
0
0
0
241,1813892
110,2994223
0
0
0
0
0
0
0
0
110,2994223
326,1005354
241,1813892
241,1813892
832,8492444
832,8492444
1732,389726
1366,676954
1949,91708
1732,389726
2427,451533
5518,088314
3257,77964
6705,52909
3257,77964
5167,555753
1949,91708
4741,482152
8154,114963
2973,933524
573,8009633
307,3773691
130,8819669
349,1313431
2427,451533
3589,91687
5825,798743
6349,057783
3589,91687
4094,447047
1070,353796
902,5561859
1756,209864
2427,451533
1070,353796
1949,91708
1949,91708
4515,884316
1949,91708
3589,91687
1424,154392
2204,907582
7039,777717
8379,277123
3589,91687
2720,711246
976,5149901
748,8327015
818,5396429
2973,933524
3589,91687
2204,907582
1424,154392
8154,114963
6349,057783
7039,777717
7710,996935
7039,777717
7039,777717
3589,91687
6349,057783
4515,884316
1756,209864
976,5149901
3306,070753
2720,711246
7710,996935
5475,266183
1424,154392
1424,154392
639,1697506
1424,154392
4941,957918
6349,057783
10000
9514,950076
9589,816057
9589,816057
8379,277123
7710,996935
7039,777717
4941,957918
4941,957918
5475,266183
1424,154392
666,4206261
1148,288562
1756,209864
1100,255266
714,9688349
818,5396429
399,0726291
0
0
0
0
0
174,047139
970,4332129
437,0811529
860,7702619
1992,232881
810,828976
982,8345319
687,8696599
1060,026693
478,835127
174,047139
220,5988446
282,9353632
110,2994223
421,0663718
444,0971795
1538,68251
2973,933524
5167,555753
2973,933524
2427,451533
1538,68251
902,5561859
818,5396429
1756,209864
349,1313431
349,1313431
521,289341
0
0
0
0
0
0
0
0
0
0
0
0
0
0
130,8819669
0
0
0
0
110,2994223
0
0
0
241,1813892
326,1005354
832,8492444
548,5402166
902,5561859
1366,676954
4515,884316
2172,461032
748,8327015
1949,91708
1174,21407
444,0971795
394,1558935
996,394992
2973,933524
3589,91687
1949,91708
902,5561859
284,3465613
1252,148836
4515,884316
1949,91708
3589,91687
4515,884316
1252,148836
1070,353796
174,047139
399,0726291
110,2994223
130,8819669
601,0518389
444,0971795
0
130,8819669
444,0971795
521,289341
284,3465613
110,2994223
1070,353796
748,8327015
110,2994223
349,1313431
130,8819669
130,8819669
349,1313431
521,289341
444,0971795
284,3465613
521,289341
1070,353796
4515,884316
3589,91687
5167,555753
7391,469115
10000
9788,573605
9967,351703
9983,562604
10000
10000
8379,277123
7039,777717
9139,881375
7710,996935
1756,209864
976,5149901
818,5396429
2204,907582
2204,907582
4094,447047
6349,057783
7359,305537
4094,447047
3306,070753
3306,070753
1756,209864
5825,798743
4941,957918
4094,447047
2720,711246
818,5396429
399,0726291
174,047139
110,2994223
197,0779468
658,9354061
902,5561859
1538,68251
1359,966123
860,7702619
1614,956625
782,8354962
1320,294118
1070,353796
1560,38417
7985,527099
6669,369047
6243,295445
7154,55763
7462,268059
9299,021079
6669,369047
6533,961447
2427,451533
2011,200366
810,0863718
544,2039142
197,0779468
0
0
0
0
0
0
0
0
130,8819669
748,8327015
2973,933524
2427,451533
2973,933524
4515,884316
7710,996935
8822,457305
10000
9514,950076
3589,91687
1538,68251
471,3480551
130,8819669
110,2994223
0
284,3465613
902,5561859
4515,884316
3589,91687
748,8327015
444,0971795
471,3480551
748,8327015
1070,353796
1424,154392
3589,91687
1949,91708
3306,070753
4094,447047
2204,907582
5825,798743
7039,777717
4941,957918
1148,288562
444,0971795
110,2994223
284,3465613
174,047139
0
444,0971795
444,0971795
666,4206261
902,5561859
1070,353796
1756,209864
1949,91708
2427,451533
4515,884316
8822,457305
8680,896078
9788,573605
9983,562604
10000
10000
9863,439586
10000
9863,439586
5475,266183
5475,266183
5475,266183
7039,777717
2720,711246
2720,711246
1288,742188
714,9688349
1424,154392
1756,209864
1704,993355
1782,928121
2208,155955
1030,548325
832,8492444
573,8009633
1226,455312
1060,026693
1277,554048
1032,775818
1908,216338
687,8696599
646,1156858
810,828976
1226,455312
2720,711246
996,394992
2425,683309
2425,683309
7500,338516
5475,266183
7391,469115
10000
7710,996935
8154,114963
9139,881375
5475,266183
6349,057783
4094,447047
7710,996935
6349,057783
8822,457305
9983,7891
9863,439586
9863,439586
9589,816057
9589,816057
9514,950076
10000
9983,7891
7710,996935
6349,057783
7039,777717
4941,957918
6683,30641
4941,957918
5998,525223
7710,996935
5249,668347
1641,681746
639,1697506
666,4206261
2011,200366
1641,681746
6349,057783
3052,848475
1320,294118
6349,057783
3306,070753
3306,070753
5249,668347
2498,167294
2204,907582
4094,447047
2204,907582
1756,209864
818,5396429
1424,154392
3306,070753
2720,711246
6349,057783
8822,457305
6349,057783
3810,60093
1756,209864
1424,154392
2720,711246
2204,907582
818,5396429
4094,447047
2204,907582
1148,288562
4094,447047
9514,950076
10000
9863,439586
7710,996935
4941,957918
5475,266183
7039,777717
6349,057783
4094,447047
2720,711246
1424,154392
1148,288562
976,5149901
399,0726291
573,8009633
1148,288562
666,4206261
818,5396429
1756,209864
818,5396429
1424,154392
1070,353796
4941,957918
2720,711246
6349,057783
4094,447047
4094,447047
3589,91687
1756,209864
818,5396429
573,8009633
818,5396429
976,5149901
395,389509
418,4203167
2443,389801
1359,770283
130,8819669
327,9599137
174,047139
395,389509
110,2994223
639,1697506
1359,770283
4299,574911
8435,219721
9022,62767
7667,881376
4578,970344
6264,210965
6620,682272
3996,528604
892,4984472
1255,910009
892,4984472
1054,449756
1255,910009
892,4984472
1255,910009
3996,528604
2749,54335
1255,910009
1836,997399
3996,528604
6264,210965
6873,959475
9991,326848
7201,903027
5093,390699
7667,881376
6517,488168
7901,909924
6517,488168
4574,034987
8793,248899
7901,909924
4877,081294
5913,678404
5410,894093
3377,149235
2604,530626
3218,662114
1722,469282
4877,081294
1722,469282
457,6636975
658,9354061
1162,071203
566,1976569
1461,200269
1162,071203
2104,66986
1722,469282
1162,071203
970,4332129
1461,200269
1722,469282
970,4332129
782,8354962
0
0
0
0
0
0
0
0
0
0
0
0
0
0
0
0
0
0
110,2994223
0
0
0
0
0
0
0
0
261,7639338
0
261,7639338
468,3616027
348,0942781
1474,298401
1366,676954
130,8819669
130,8819669
832,8492444
832,8492444
371,1250858
0
130,8819669
748,8327015
304,9291059
110,2994223
110,2994223
304,9291059
1873,295877
1070,353796
748,8327015
902,5561859
748,8327015
902,5561859
573,8009633
327,9599137
327,9599137
0
304,9291059
523,8596774
0
0
0
0
0
110,2994223
130,8819669
523,8596774
818,5396429
1252,148836
1474,298401
1070,353796
573,8009633
0
0
0
130,8819669
573,8009633
418,4203167
902,5561859
902,5561859
639,1697506
395,389509
418,4203167
0
0
418,4203167
1679,588661
1359,770283
2541,135888
2541,135888
1963,062218
3735,343292
3735,343292
7996,712453
8435,219721
9965,148391
7996,712453
6620,682272
6264,210965
4578,970344
4578,970344
3996,528604
3640,697585
3133,80437
2230,734679
2104,66986
2328,480765
1162,071203
3133,80437
3377,149235
3377,149235
3377,149235
3901,882897
3901,882897
7201,903027
7201,903027
8793,248899
9799,598907
7901,909924
7201,903027
5410,894093
3377,149235
732,8942103
221,3423699
457,6636975
566,1976569
1461,200269
1174,21407
261,7639338
110,2994223
1461,200269
767,4804572
926,6880505
1100,255266
2601,876922
2298,377076
5410,894093
5471,771164
6728,927708
6287,020467
8060,284458
8060,284458
7330,802793
7330,802793
8060,284458
5725,048368
2536,888228
3640,697585
2443,389801
1252,148836
1805,653479
970,4332129
1162,071203
2104,66986
1722,469282
970,4332129
782,8354962
1162,071203
457,6636975
658,9354061
782,8354962
3640,697585
3901,882897
5913,678404
9404,265795
7201,903027
5410,894093
6873,959475
6873,959475
10000
8793,248899
3901,882897
4877,081294
4574,034987
3901,882897
2202,415947
1722,469282
635,9045983
1722,469282
658,9354061
782,8354962
658,9354061
326,7817306
221,3423699
130,8819669
566,1976569
1162,071203
1565,060543
589,2284646
352,2243368
110,2994223
0
110,2994223
0
110,2994223
0
0
0
0
0
0
818,5396429
1963,062218
639,1697506
639,1697506
1963,062218
1148,288562
2541,135888
5318,988534
6620,682272
7339,937824
8655,456681
9160,419887
9533,275202
9987,626188
7201,903027
6873,959475
4275,924037
2749,54335
1836,997399
782,8354962
1162,071203
658,9354061
658,9354061
589,2284646
500,8288696
1162,071203
197,0779468
197,0779468
457,6636975
174,047139
500,8288696
197,0779468
500,8288696
500,8288696
174,047139
500,8288696
1963,062218
1054,449756
1359,770283
708,876692
174,047139
395,389509
639,1697506
1836,997399
3735,343292
8435,219721
7339,937824
8655,456681
9991,326848
8655,456681
6517,488168
9404,265795
5913,678404
9777,12111
9987,626188
10000
10000
9426,743593
9983,562604
9991,326848
9987,626188
7435,931575
9037,094806
9426,743593
8122,146884
9037,094806
8122,146884
4181,278329
3638,334547
5688,080569
6845,43172
7435,931575
9799,598907
8588,770179
9985,015176
10000
9426,743593
9799,598907
9799,598907
9978,953036
9985,015176
9985,015176
9983,562604
9059,572604
9426,743593
9985,015176
10000
10000
9059,572604
9059,572604
7793,960753
5941,357772
6728,927708
5168,724857
1255,910009
892,4984472
1886,281469
1283,34492
1070,353796
1252,148836
1474,298401
2908,030472
2749,54335
5471,771164
4057,353808
613,7510292
392,1505178
535,8162635
1525,791075
1214,953442
1214,953442
1258,118614
918,4504228
523,0324847
523,8596774
1679,588661
748,8327015
573,8009633
174,047139
130,8819669
970,4332129
566,1976569
174,047139
130,8819669
0
0
0
0
0
0
0
110,2994223
0
0
0
0
0
0
0
0
0
0
0
0
0
0
0
0
0
0
0
0
261,7639338
832,8492444
1366,676954
1366,676954
683,4639143
468,3616027
304,9291059
394,1558935
261,7639338
0
0
0
0
0
0
0
0
0
0
0
0
0
348,0942781
683,4639143
683,4639143
1252,148836
1805,653479
4741,482152
5371,410145
3491,998427
5020,877584
4038,389599
2443,389801
418,4203167
110,2994223
0
0
0
0
0
0
0
0
0
0
0
0
110,2994223
468,3616027
2030,704615
4038,389599
3491,998427
4515,884316
5669,521095
1963,062218
902,5561859
1252,148836
748,8327015
1070,353796
1252,148836
2030,704615
2908,030472
4011,354139
2865,425272
4795,279749
2908,030472
2440,344072
3360,863373
3569,270836
3057,817066
1474,298401
2749,54335
4891,538381
2636,597308
1890,188749
1100,709875
2324,37011
3141,127485
4374,857202
5422,002061
5471,771164
4877,081294
2908,030472
2443,389801
1805,653479
1873,295877
658,9354061
352,2243368
1836,997399
2749,54335
1162,071203
970,4332129
589,2284646
1722,469282
708,876692
970,4332129
2104,66986
2749,54335
2604,530626
2604,530626
2396,123163
3133,80437
2749,54335
1836,997399
1565,060543
1255,910009
1054,449756
589,2284646
197,0779468
0
0
0
0
174,047139
197,0779468
639,1697506
1679,588661
4578,970344
6264,210965
9160,419887
9965,148391
9777,12111
9777,12111
8793,248899
9978,71545
9404,265795
9160,419887
7901,909924
7667,881376
6517,488168
7201,903027
7901,909924
6517,488168
3377,149235
2830,304524
2830,304524
4877,081294
3218,662114
860,7702619
566,1976569
1078,05466
326,7817306
1367,361463
523,0324847
970,4332129
2104,66986
3377,149235
5093,390699
6517,488168
5913,678404
6517,488168
7201,903027
4275,924037
1722,469282
782,8354962
970,4332129
1722,469282
3133,80437
2104,66986
782,8354962
1461,200269
970,4332129
457,6636975
221,3423699
970,4332129
1565,060543
1461,200269
1565,060543
2975,317248
3377,149235
2975,317248
3377,149235
1461,200269
782,8354962
782,8354962
970,4332129
2230,734679
970,4332129
352,2243368
352,2243368
0
197,0779468
2298,377076
2230,734679
2749,54335
3640,697585
2230,734679
1255,910009
1836,997399
3133,80437
3640,697585
5093,390699
7667,881376
7201,903027
7901,909924
6517,488168
6517,488168
8450,977961
9799,598907
9160,419887
7201,903027
6517,488168
5913,678404
5410,894093
5913,678404
4275,924037
5410,894093
3901,882897
2604,530626
3377,149235
1162,071203
860,7702619
2975,317248
2104,66986
3638,334547
6517,488168
5913,678404
5410,894093
4181,278329
3638,334547
4877,081294
7201,903027
7901,909924
7201,903027
8122,146884
4877,081294
3377,149235
2536,888228
3377,149235
2536,888228
1461,200269
1078,05466
2104,66986
2202,415947
970,4332129
0
110,2994223
174,047139
1461,200269
2328,480765
1722,469282
2604,530626
5410,894093
5913,678404
3901,882897
5913,678404
4578,970344
4877,081294
5636,491928
6873,959475
6264,210965
5410,894093
1461,200269
1162,071203
1162,071203
1722,469282
3640,697585
2975,317248
970,4332129
221,3423699
221,3423699
782,8354962
457,6636975
566,1976569
221,3423699
782,8354962
1255,910009
457,6636975
352,2243368
892,4984472
1565,060543
1255,910009
1054,449756
639,1697506
197,0779468
327,9599137
130,8819669
589,2284646
1963,062218
2908,030472
3133,80437
3133,80437
708,876692
352,2243368
589,2284646
892,4984472
1565,060543
2749,54335
2396,123163
3133,80437
3640,697585
3133,80437
2396,123163
1565,060543
2230,734679
1565,060543
1836,997399
1255,910009
589,2284646
174,047139
500,8288696
1054,449756
1424,154392
639,1697506
399,0726291
130,8819669
0
0
174,047139
130,8819669
855,0003379
2443,389801
5869,015482
6790,001678
5053,733131
5318,988534
8774,47526
5869,015482
7969,128029
4062,67159
2801,66714
1424,154392
639,1697506
1015,010086
1195,49181
1424,154392
1424,154392
2115,691853
2443,389801
1679,588661
399,0726291
327,9599137
573,8009633
1424,154392
2801,66714
3191,001327
2443,389801
3376,929001
2443,389801
1195,49181
639,1697506
573,8009633
523,8596774
700,7328005
110,2994223
0
0
0
0
0
0
0
349,1313431
349,1313431
0
0
0
0
0
0
0
110,2994223
261,7639338
326,1005354
573,8009633
0
0
0
0
0
0
0
0
0
0
0
0
110,2994223
0
261,7639338
110,2994223
261,7639338
394,1558935
1664,747328
2175,71734
1032,855687
1299,352084
2030,704615
1805,653479
1413,880202
1664,747328
1413,880202
2030,704615
1032,855687
444,0971795
0
0
0
0
0
0
0
0
0
0
0
0
0
0
0
0
0
0
0
0
0
0
0
0
0
0
110,2994223
261,7639338
0
0
0
0
0
0
0
0
261,7639338
326,1005354
326,1005354
601,0518389
1873,295877
2774,143305
1413,880202
748,8327015
1413,880202
3159,861198
4765,052993
666,4206261
573,8009633
130,8819669
394,1558935
748,8327015
1108,848892
1538,68251
1538,68251
573,8009633
110,2994223
783,1448758
349,1313431
666,4206261
1299,352084
2260,704577
4021,369581
2973,933524
4273,595552
2601,876922
3376,929001
2973,933524
2260,704577
2601,876922
1538,68251
1195,49181
939,0168808
444,0971795
110,2994223
304,9291059
783,1448758
2973,933524
1299,352084
939,0168808
783,1448758
939,0168808
1963,062218
2801,66714
3611,45958
2030,704615
1195,49181
2030,704615
2260,704577
1679,588661
1195,49181
1805,653479
2973,933524
3810,445619
3376,929001
2601,876922
2973,933524
2601,876922
2030,704615
4273,595552
2801,66714
1963,062218
1679,588661
1195,49181
666,4206261
939,0168808
573,8009633
700,7328005
1195,49181
1963,062218
2115,691853
3191,001327
3611,45958
4062,67159
6790,001678
8435,219721
6105,703332
3810,445619
2260,704577
1679,588661
1195,49181
700,7328005
130,8819669
327,9599137
349,1313431
2443,389801
2030,704615
304,9291059
110,2994223
327,9599137
327,9599137
939,0168808
1538,68251
2973,933524
2601,876922
3611,45958
2260,704577
4543,832069
4273,595552
3810,445619
2801,66714
1299,352084
327,9599137
110,2994223
0
110,2994223
0
0
0
0
444,0971795
349,1313431
349,1313431
444,0971795
573,8009633
783,1448758
1538,68251
2601,876922
3376,929001
6620,682272
7505,756066
7255,980027
6620,682272
7255,980027
4273,595552
2601,876922
2601,876922
1805,653479
1538,68251
1679,588661
1108,848892
444,0971795
130,8819669
573,8009633
666,4206261
0
0
0
573,8009633
523,8596774
666,4206261
130,8819669
327,9599137
399,0726291
1108,848892
1108,848892
1805,653479
1299,352084
2973,933524
639,1697506
1108,848892
939,0168808
783,1448758
1108,848892
2260,704577
1299,352084
939,0168808
2973,933524
5167,555753
5167,555753
5167,555753
3611,45958
4273,595552
3611,45958
6105,703332
5551,512088
7505,756066
5318,988534
3611,45958
5053,733131
3191,001327
2801,66714
6620,682272
5551,512088
5318,988534
1963,062218
1679,588661
1424,154392
1679,588661
1963,062218
1963,062218
2115,691853
1963,062218
1805,653479
1963,062218
1424,154392
639,1697506
399,0726291
1679,588661
2443,389801
3611,45958
6790,001678
6382,889808
6790,001678
5318,988534
5869,015482
9323,492351
8774,47526
7255,980027
7505,756066
9996,110313
9777,12111
9977,522202
9859,549899
8774,47526
10000
8983,968316
7505,756066
6790,001678
8123,80301
10000
10000
9985,362968
9991,326848
10000
9977,522202
9567,338259
9863,439586
9863,439586
9585,92637
8583,755843
9567,338259
7039,777717
5636,491928
3863,685551
4832,512207
3863,685551
4832,512207
6146,201958
7039,777717
7039,777717
5636,491928
7747,234943
6146,201958
7039,777717
7039,777717
9996,110313
9995,152846
10000
10000
10000
9972,987946
9988,499242
9987,972771
9972,987946
10000
7901,909924
7281,256594
3677,757877
5205,165912
6146,201958
9795,709221
7039,777717
9567,338259
8272,339132
4983,944988
3863,685551
4332,908107
5636,491928
5205,165912
5205,165912
8583,755843
9227,814223
7039,777717
8123,80301
7039,777717
6552,209214
5205,165912
4832,512207
4332,908107
3863,685551
3863,685551
930,993543
673,4819249
1565,060543
377,9011996
478,835127
197,0779468
327,9599137
130,8819669
130,8819669
130,8819669
130,8819669
1424,154392
2443,389801
3611,45958
6790,001678
6382,889808
9323,492351
7505,756066
5869,015482
5053,733131
4543,832069
2801,66714
1679,588661
1015,010086
2801,66714
2443,389801
2115,691853
2506,470844
1136,715961
1424,154392
523,8596774
926,6880505
1179,388617
1179,388617
1877,40245
1032,855687
1679,588661
1226,455312
650,3715506
907,9735103
1032,775818
1609,757439
3617,240889
3134,34925
3347,004373
821,3305921
523,8596774
494,0384655
444,0971795
471,3480551
327,9599137
0
0
0
0
0
0
0
0
0
0
0
601,0518389
444,0971795
666,4206261
394,1558935
130,8819669
666,4206261
444,0971795
748,8327015
1212,709166
130,8819669
0
0
0
0
261,7639338
326,1005354
867,1614188
394,1558935
939,0168808
666,4206261
573,8009633
748,8327015
1538,68251
666,4206261
939,0168808
748,8327015
2601,876922
3376,929001
4273,595552
2601,876922
1805,653479
666,4206261
349,1313431
304,9291059
349,1313431
444,0971795
939,0168808
1212,709166
1538,68251
3575,91504
2030,704615
1805,653479
2030,704615
2601,876922
2443,389801
4273,595552
4543,832069
7727,649152
9840,961788
9977,522202
8280,544739
9323,492351
6382,889808
6790,001678
5551,512088
6382,889808
4062,67159
1963,062218
700,7328005
1015,010086
1015,010086
1424,154392
1195,49181
4062,67159
5318,988534
4062,67159
4543,832069
4062,67159
4543,832069
6790,001678
8774,47526
9323,492351
9323,492351
9323,492351
9567,338259
6790,001678
8435,219721
8123,80301
9996,110313
8774,47526
8983,968316
8435,219721
7505,756066
6146,201958
3191,001327
4332,908107
8774,47526
9984,560212
9996,110313
9996,110313
10000
9996,110313
8123,80301
9567,338259
9567,338259
8983,968316
8583,755843
6146,201958
8583,755843
7747,234943
7747,234943
7747,234943
8123,80301
6552,209214
3863,685551
2801,66714
1101,653004
639,1697506
589,2284646
772,5882625
197,0779468
589,2284646
478,835127
0
110,2994223
110,2994223
0
700,7328005
1015,010086
855,0003379
700,7328005
939,0168808
2801,66714
3191,001327
5318,988534
4062,67159
3810,445619
2801,66714
1015,010086
349,1313431
0
130,8819669
174,047139
523,8596774
349,1313431
1424,154392
523,8596774
0
0
0
0
304,9291059
1195,49181
2030,704615
2973,933524
4273,595552
6105,703332
4765,052993
6790,001678
7727,649152
6105,703332
3810,445619
2973,933524
1538,68251
939,0168808
444,0971795
1538,68251
1108,848892
666,4206261
1015,010086
1015,010086
855,0003379
1108,848892
1195,49181
1424,154392
1424,154392
2601,876922
3191,001327
2973,933524
5551,512088
6790,001678
7969,128029
6790,001678
5869,015482
2115,691853
939,0168808
855,0003379
855,0003379
855,0003379
523,8596774
130,8819669
855,0003379
573,8009633
349,1313431
130,8819669
130,8819669
783,1448758
1805,653479
855,0003379
855,0003379
855,0003379
1805,653479
1424,154392
783,1448758
523,8596774
939,0168808
700,7328005
783,1448758
130,8819669
0
0
0
0
0
0
0
0
0
0
0
0
0
0
0
326,1005354
601,0518389
573,8009633
867,1614188
601,0518389
1212,709166
1299,352084
3159,861198
1805,653479
1032,855687
349,1313431
261,7639338
939,0168808
349,1313431
939,0168808
494,0384655
130,8819669
666,4206261
748,8327015
0
0
0
110,2994223
0
0
304,9291059
349,1313431
939,0168808
1299,352084
1805,653479
2601,876922
1805,653479
1299,352084
0
0
0
0
0
1108,848892
867,1614188
1108,848892
3159,861198
2973,933524
939,0168808
2260,704577
4494,816477
4273,595552
2973,933524
4765,052993
5053,733131
3191,001327
3810,445619
3611,45958
5167,555753
6105,703332
8435,219721
7505,756066
6620,682272
4543,832069
4062,67159
2801,66714
4765,052993
5167,555753
5987,024489
3833,261735
7320,207171
8014,086667
4094,447047
3549,415618
4094,447047
1489,675152
1807,456519
2901,159853
4520,520649
2901,159853
3810,60093
6600,792372
4520,520649
3810,60093
6082,99781
4520,520649
4520,520649
7083,068246
3810,60093
2430,524897
935,2243859
326,7817306
326,7817306
247,0192327
1183,20749
1017,636461
635,9045983
1017,636461
1641,681746
719,6605242
469,2252367
848,5814677
1489,675152
3052,848475
2430,524897
1183,20749
2901,159853
1489,675152
2230,734679
1183,20749
772,5882625
1921,984637
3549,415618
2569,022623
3810,60093
3052,848475
3810,60093
3810,60093
4520,520649
3144,504718
1655,449924
2430,524897
1489,675152
4989,456824
3144,504718
4520,520649
6845,43172
8588,770179
7936,159095
6082,99781
3557,378653
4236,674532
4989,456824
5747,954264
7702,771841
7702,771841
7317,096795
5747,954264
4989,456824
2636,597308
2762,662126
1142,438769
1060,026693
1142,438769
1990,141743
3557,378653
6250,259811
3144,504718
4989,456824
3557,378653
4989,456824
5915,216265
7702,771841
8372,115845
9340,282467
9665,744467
9665,744467
9925,13402
9999,197243
9925,13402
8275,415441
6159,855613
4452,388429
6728,927708
5915,216265
1749,194841
4705,610707
6494,899159
5435,962706
7079,460268
7079,460268
8145,65215
8501,879136
9059,572604
9924,331263
9987,437161
9340,282467
8275,415441
8626,065739
4898,894311
3831,763632
5152,116589
5152,116589
1277,554048
835,0014166
650,3715506
650,3715506
572,1568816
1359,966123
1566,509617
1142,438769
2636,597308
672,3652932
152,0533963
0
247,0192327
247,0192327
935,2243859
1655,449924
1990,141743
1655,449924
2104,66986
5301,448382
5301,448382
5301,448382
4520,520649
5301,448382
2901,159853
613,9108556
848,5814677
1017,636461
1017,636461
544,2039142
848,5814677
635,9045983
469,2252367
174,047139
110,2994223
174,047139
635,9045983
1272,147797
683,1998292
1641,681746
2430,524897
3052,848475
3549,415618
2104,66986
3810,60093
3810,60093
5636,491928
1489,675152
719,6605242
930,993543
1017,636461
719,6605242
1058,405183
719,6605242
247,0192327
326,7817306
247,0192327
110,2994223
197,0779468
683,1998292
930,993543
772,5882625
772,5882625
1641,681746
1058,405183
1921,984637
1641,681746
772,5882625
635,9045983
683,1998292
247,0192327
0
0
0
0
0
0
0
0
0
0
0
152,0533963
110,2994223
174,047139
500,8288696
666,4206261
152,0533963
152,0533963
1060,702572
2186,547182
1756,209864
1756,209864
2186,547182
5167,555753
2720,711246
2369,232405
1424,154392
1538,68251
4145,253294
3306,070753
1921,984637
3833,261735
5167,555753
5636,491928
3052,848475
1641,681746
2230,734679
4832,512207
6838,428898
9509,832671
9340,282467
8588,770179
8718,53347
9799,598907
9047,198792
7317,096795
6845,43172
1990,141743
2762,662126
6250,259811
4236,674532
3557,378653
4989,456824
4989,456824
2189,931961
935,2243859
1400,734845
882,2966475
326,7817306
326,7817306
110,2994223
197,0779468
1017,636461
1400,734845
719,6605242
1017,636461
3296,193341
3810,60093
3810,60093
1807,456519
848,5814677
1183,20749
2104,66986
3296,193341
1272,147797
2569,022623
2430,524897
2901,159853
1183,20749
1489,675152
2104,66986
635,9045983
326,7817306
437,0811529
197,0779468
326,7817306
1641,681746
1183,20749
635,9045983
326,7817306
510,9792108
683,1998292
683,1998292
510,9792108
510,9792108
197,0779468
0
0
0
0
0
0
0
0
0
0
0
0
0
0
0
0
262,3528186
110,2994223
110,2994223
0
715,6079981
284,3465613
284,3465613
0
110,2994223
284,3465613
110,2994223
284,3465613
468,3616027
1212,709166
984,7093663
284,3465613
0
0
0
0
152,0533963
349,1313431
580,2681844
1212,709166
1538,68251
1060,702572
1882,274682
6224,661015
6224,661015
5518,088314
6908,305822
3306,070753
2520,921028
2369,232405
2369,232405
1424,154392
1147,34549
510,9792108
1641,681746
2369,232405
5636,491928
7320,207171
4094,447047
2569,022623
3052,848475
4094,447047
5301,448382
2901,159853
4520,520649
3296,193341
7554,235719
8304,184017
9340,282467
9340,282467
9799,598907
9999,197243
9999,197243
9509,832671
7465,632917
8718,53347
7702,771841
7465,632917
5435,962706
2636,597308
1749,194841
748,3584984
572,1568816
650,3715506
650,3715506
1655,449924
2636,597308
3144,504718
4236,674532
6250,259811
6250,259811
5435,962706
3557,378653
5747,954264
3144,504718
1990,141743
672,3652932
935,2243859
197,0779468
197,0779468
197,0779468
326,7817306
174,047139
0
0
0
0
0
0
0
0
0
152,0533963
613,4928878
478,835127
357,318655
532,9729535
613,4928878
818,5396429
1060,702572
1060,702572
666,4206261
971,7622644
1060,702572
2973,933524
2369,232405
2520,921028
1756,209864
2720,711246
1147,34549
772,5882625
772,5882625
1147,34549
1058,405183
2230,734679
4094,447047
4832,512207
8162,622789
7083,068246
7554,235719
9340,282467
9799,598907
9340,282467
8923,012189
7554,235719
6600,792372
3810,60093
6082,99781
3557,378653
5747,954264
5747,954264
4989,456824
8718,53347
7702,771841
2636,597308
2636,597308
1655,449924
2636,597308
1990,141743
2636,597308
3405,69003
6845,43172
5915,216265
2304,460078
3405,69003
5915,216265
6845,43172
8372,115845
6845,43172
3405,69003
1838,135148
1142,438769
1990,141743
1142,438769
1142,438769
935,2243859
672,3652932
935,2243859
1489,675152
672,3652932
795,6537293
635,9045983
848,5814677
469,2252367
1489,675152
3810,60093
2901,159853
3557,378653
2901,159853
3810,60093
1807,456519
1017,636461
848,5814677
2104,66986
2430,524897
3052,848475
6082,99781
7083,068246
6600,792372
5301,448382
4520,520649
1489,675152
672,3652932
1142,438769
469,2252367
1017,636461
2104,66986
3557,378653
3557,378653
2430,524897
1990,141743
1655,449924
502,4499401
795,6537293
1017,636461
544,2039142
326,7817306
566,1976569
1921,984637
1017,636461
197,0779468
566,1976569
110,2994223
247,0192327
1641,681746
1641,681746
1489,675152
1272,147797
1058,405183
4520,520649
2901,159853
1489,675152
1489,675152
2230,734679
4520,520649
4520,520649
2430,524897
3296,193341
3296,193341
2430,524897
2104,66986
247,0192327
174,047139
0
437,0811529
437,0811529
0
0
0
0
0
0
0
0
0
0
0
0
0
0
0
0
0
0
110,2994223
0
0
0
0
0
0
326,1005354
548,1241006
548,1241006
0
110,2994223
349,1313431
284,3465613
349,1313431
548,1241006
548,1241006
152,0533963
895,7690592
666,4206261
1882,274682
1299,352084
895,7690592
399,0726291
110,2994223
0
0
0
0
0
0
110,2994223
580,2681844
399,0726291
0
0
0
152,0533963
500,8288696
580,2681844
580,2681844
666,4206261
666,4206261
174,047139
1060,702572
1060,702572
2973,933524
1060,702572
532,9729535
0
0
0
0
0
0
0
152,0533963
399,0726291
152,0533963
0
0
0
0
307,3773691
399,0726291
633,1959227
1299,352084
2338,235804
1882,274682
1538,68251
1538,68251
818,5396429
110,2994223
0
152,0533963
399,0726291
580,2681844
110,2994223
0
0
0
174,047139
0
0
0
0
0
110,2994223
666,4206261
895,7690592
1664,747328
818,5396429
399,0726291
580,2681844
895,7690592
2186,547182
1212,709166
399,0726291
0
174,047139
307,3773691
307,3773691
174,047139
174,047139
666,4206261
399,0726291
307,3773691
307,3773691
736,1275676
1756,209864
2973,933524
7780,058119
7075,567823
6671,166897
3833,261735
3052,848475
5636,491928
9203,722053
9203,722053
9327,908656
9327,908656
9665,744467
9327,908656
7936,159095
6082,99781
4520,520649
4520,520649
8077,720322
6250,259811
6845,43172
3557,378653
2762,662126
2189,931961
1566,509617
1990,141743
5747,954264
8718,53347
9665,744467
9340,282467
7317,096795
6494,899159
5915,216265
4989,456824
8372,115845
6250,259811
2636,597308
2636,597308
3144,504718
1142,438769
1990,141743
4989,456824
5747,954264
5435,962706
9047,198792
7317,096795
8145,65215
7079,460268
5915,216265
8145,65215
9799,598907
9983,7891
9985,015176
10000
10000
9995,152846
9985,015176
9985,015176
9988,499242
10000
10000
9985,015176
9981,473282
9916,460867
9910,496988
8748,155893
9721,649065
10000
10000
9426,743593
8211,574763
7227,99639
8211,574763
6924,785287
6924,785287
7281,256594
9426,743593
9973,514417
9979,299618
10000
9977,522202
9976,342023
10000
7121,367727
3018,734944
2908,030472
2643,180019
2498,167294
3191,001327
3611,45958
4578,970344
8583,755843
8774,47526
3376,929001
4166,731858
4166,731858
5802,783109
4578,970344
7809,239162
7473,059124
9977,522202
8774,47526
7809,239162
8774,47526
9977,522202
8774,47526
6790,001678
7809,239162
8120,655872
7308,955076
7141,693075
6153,315669
2801,66714
2443,389801
3474,847444
6153,315669
6153,315669
6509,786976
4273,595552
2973,933524
2973,933524
1668,627643
2115,691853
2601,876922
1415,649341
3376,929001
4273,595552
3266,224529
1415,649341
1198,93332
573,8009633
1022,207476
1415,649341
1022,207476
241,1813892
573,8009633
573,8009633
0
0
241,1813892
0
0
0
0
0
0
0
0
0
0
0
0
304,9291059
261,7639338
0
0
0
0
0
0
110,2994223
261,7639338
348,0942781
645,2609753
789,6014228
1668,627643
710,6297625
394,1558935
348,0942781
789,6014228
494,0384655
1022,207476
1535,831265
1535,831265
1668,627643
1668,627643
1308,027894
1308,027894
948,2486714
710,6297625
710,6297625
444,0971795
948,2486714
1022,207476
789,6014228
444,0971795
261,7639338
1198,93332
394,1558935
371,1250858
948,2486714
110,2994223
789,6014228
1535,831265
4021,369581
6025,992402
7645,135114
8950,926832
9533,275202
9988,499242
10000
9985,015176
10000
9991,326848
9977,522202
9533,275202
10000
9533,275202
9955,044404
8120,655872
7141,693075
8950,926832
9533,275202
4273,595552
3474,847444
2260,704577
710,6297625
1949,91708
3474,847444
5020,877584
5020,877584
4273,595552
2601,876922
1668,627643
3364,142972
3159,861198
1949,91708
1415,649341
573,8009633
304,9291059
0
0
0
0
0
0
0
0
0
0
110,2994223
371,1250858
710,6297625
1198,93332
3159,861198
1800,801994
1668,627643
1022,207476
2774,143305
1120,998554
859,3083643
573,8009633
1535,831265
1800,801994
2419,191698
1198,93332
2094,929805
3159,861198
3474,847444
4021,369581
6509,786976
2094,929805
1198,93332
1308,027894
948,2486714
1668,627643
4021,369581
6025,992402
5020,877584
6025,992402
7645,135114
7645,135114
8647,715728
9777,12111
9977,522202
9257,859534
5020,877584
2260,704577
241,1813892
241,1813892
573,8009633
241,1813892
0
710,6297625
1308,027894
859,3083643
1308,027894
1668,627643
1022,207476
1535,831265
1800,801994
2419,191698
1535,831265
5020,877584
7141,693075
4608,639098
3914,505887
5020,877584
4608,639098
3266,224529
2601,876922
1949,91708
1022,207476
1198,93332
1415,649341
1022,207476
859,3083643
1668,627643
2260,704577
241,1813892
859,3083643
710,6297625
1120,998554
1022,207476
573,8009633
1949,91708
1308,027894
1120,998554
2419,191698
4608,639098
2601,876922
1800,801994
1308,027894
371,1250858
304,9291059
110,2994223
261,7639338
241,1813892
371,1250858
0
1198,93332
2774,143305
2094,929805
110,2994223
0
0
0
241,1813892
948,2486714
1415,649341
2774,143305
1800,801994
948,2486714
1949,91708
1120,998554
1535,831265
1800,801994
1198,93332
2094,929805
1668,627643
1415,649341
261,7639338
261,7639338
0
304,9291059
110,2994223
0
0
110,2994223
710,6297625
1415,649341
3474,847444
5020,877584
5371,410145
3474,847444
4608,639098
1800,801994
1668,627643
2094,929805
1949,91708
3159,861198
1535,831265
1198,93332
494,0384655
573,8009633
789,6014228
494,0384655
0
0
645,2609753
444,0971795
348,0942781
304,9291059
1022,207476
2774,143305
4273,595552
6861,478374
8471,264156
7477,873113
4608,639098
5020,877584
3266,224529
4273,595552
4273,595552
5371,410145
2260,704577
444,0971795
948,2486714
494,0384655
789,6014228
261,7639338
0
0
0
0
0
0
0
0
0
0
0
0
0
0
444,0971795
444,0971795
241,1813892
0
0
0
0
0
0
0
110,2994223
0
494,0384655
0
0
348,0942781
789,6014228
645,2609753
1308,027894
1800,801994
2774,143305
7477,873113
5371,410145
7477,873113
7645,135114
3159,861198
4608,639098
3914,505887
2419,191698
1668,627643
859,3083643
0
0
241,1813892
371,1250858
241,1813892
0
0
0
0
0
0
0
0
261,7639338
261,7639338
789,6014228
948,2486714
2094,929805
1668,627643
1120,998554
1120,998554
0
0
0
0
0
0
0
0
348,0942781
494,0384655
645,2609753
1120,998554
494,0384655
444,0971795
494,0384655
1308,027894
2094,929805
2774,143305
4608,639098
6861,478374
6861,478374
4608,639098
4608,639098
5371,410145
5371,410145
1198,93332
1668,627643
2094,929805
1022,207476
573,8009633
304,9291059
0
444,0971795
261,7639338
0
0
0
0
110,2994223
789,6014228
1535,831265
1949,91708
1668,627643
948,2486714
1120,998554
710,6297625
1120,998554
1198,93332
710,6297625
789,6014228
948,2486714
1198,93332
2094,929805
948,2486714
710,6297625
573,8009633
789,6014228
1308,027894
1120,998554
710,6297625
494,0384655
710,6297625
789,6014228
2601,876922
1800,801994
3266,224529
4273,595552
6025,992402
5669,521095
3474,847444
2419,191698
2094,929805
2419,191698
2419,191698
1535,831265
573,8009633
789,6014228
394,1558935
444,0971795
444,0971795
573,8009633
573,8009633
0
0
0
0
241,1813892
494,0384655
710,6297625
1022,207476
859,3083643
789,6014228
494,0384655
494,0384655
573,8009633
0
0
0
0
0
0
0
0
0
0
0
0
0
0
710,6297625
1120,998554
1535,831265
1120,998554
2601,876922
2973,933524
5371,410145
6025,992402
9533,275202
8647,715728
9257,859534
9257,859534
7477,873113
3914,505887
7645,135114
6861,478374
9257,859534
9977,522202
9533,275202
10000
9991,326848
7141,693075
6509,786976
3914,505887
2601,876922
5020,877584
6509,786976
9955,044404
9533,275202
9991,326848
10000
10000
8120,655872
6509,786976
7645,135114
7141,693075
3474,847444
1198,93332
1415,649341
859,3083643
1949,91708
2973,933524
1668,627643
1949,91708
1949,91708
371,1250858
304,9291059
0
710,6297625
1415,649341
1949,91708
3266,224529
5669,521095
6025,992402
8120,655872
6509,786976
4273,595552
8950,926832
5669,521095
5020,877584
3474,847444
2260,704577
1800,801994
1022,207476
1668,627643
2601,876922
5020,877584
7645,135114
5371,410145
3266,224529
4273,595552
4273,595552
7141,693075
4608,639098
6509,786976
4273,595552
4273,595552
5669,521095
8120,655872
5020,877584
3679,975308
3266,224529
2601,876922
3159,861198
1198,93332
573,8009633
0
371,1250858
444,0971795
0
0
371,1250858
1198,93332
110,2994223
348,0942781
304,9291059
348,0942781
710,6297625
1022,207476
1800,801994
859,3083643
1949,91708
4608,639098
3266,224529
2973,933524
2601,876922
1668,627643
2601,876922
2774,143305
1022,207476
645,2609753
494,0384655
0
304,9291059
948,2486714
3914,505887
4608,639098
2094,929805
1535,831265
2419,191698
2094,929805
3159,861198
3914,505887
6025,992402
7141,693075
9257,859534
9533,275202
10000
10000
8120,655872
7141,693075
8471,264156
9955,044404
8471,264156
6509,786976
6509,786976
7141,693075
3266,224529
1949,91708
2601,876922
1415,649341
859,3083643
710,6297625
573,8009633
444,0971795
859,3083643
1668,627643
1949,91708
1949,91708
2601,876922
3914,505887
3474,847444
4273,595552
3364,142972
4273,595552
3266,224529
2601,876922
1668,627643
444,0971795
1022,207476
573,8009633
0
241,1813892
0
0
0
0
0
241,1813892
261,7639338
371,1250858
444,0971795
645,2609753
1668,627643
1535,831265
1308,027894
1022,207476
3679,975308
2774,143305
1120,998554
1120,998554
494,0384655
348,0942781
0
789,6014228
645,2609753
494,0384655
645,2609753
394,1558935
0
304,9291059
0
110,2994223
2094,929805
1800,801994
2094,929805
2094,929805
2260,704577
7477,873113
6861,478374
8647,715728
9257,859534
6509,786976
7141,693075
5020,877584
2094,929805
573,8009633
304,9291059
304,9291059
0
0
0
0
0
0
0
0
0
494,0384655
1949,91708
3914,505887
5669,521095
6509,786976
8471,264156
7956,551824
6509,786976
5371,410145
5020,877584
8471,264156
3679,975308
2973,933524
5669,521095
2973,933524
4166,731858
3397,352719
4062,67159
3769,039844
556,0037612
1439,351145
673,4819249
1011,201934
478,835127
2263,948812
5249,668347
7587,346076
4039,27636
3589,898869
6114,085562
7357,036871
6114,085562
5772,927387
2143,766888
1039,851721
1489,675152
1251,619759
2143,766888
489,8077813
247,0192327
326,7817306
1588,466231
2675,385955
1039,851721
1251,619759
489,8077813
968,3917088
2472,356275
2472,356275
6365,82015
7976,999857
9799,598907
9988,499242
9999,197243
10000
9985,015176
9988,499242
9589,816057
7488,236461
3543,083493
4784,042879
3831,763632
3831,763632
6188,766024
5972,456619
9156,712839
5972,456619
2144,288697
2055,34839
1051,2468
358,9258144
247,0192327
744,6329961
1250,303172
1487,537957
1321,763184
918,4504228
1321,763184
1172,648098
1172,648098
2698,130173
2901,159853
4148,815523
1754,241003
2901,159853
1754,241003
1172,648098
1400,734845
650,3715506
1172,648098
2034,672314
174,047139
152,0533963
197,0779468
247,0192327
810,828976
810,828976
1251,619759
2143,766888
2143,766888
2143,766888
1039,851721
860,7702619
510,9792108
510,9792108
932,2302739
457,6636975
174,047139
197,0779468
130,8819669
0
0
0
0
0
0
0
0
130,8819669
130,8819669
399,0726291
605,9450472
197,0779468
1306,554767
1817,742729
1100,142241
197,0779468
174,047139
130,8819669
130,8819669
0
444,0971795
130,8819669
0
0
0
0
0
130,8819669
0
0
0
0
0
0
130,8819669
0
0
0
0
0
0
0
0
0
0
0
0
0
0
0
0
0
0
0
130,8819669
494,0384655
326,1005354
823,9135972
2784,030384
1198,93332
823,9135972
984,7093663
2260,704577
1100,142241
2992,437846
1817,742729
1100,142241
605,9450472
523,8596774
327,9599137
1668,627643
2541,135888
3769,039844
2466,978492
2263,948812
2749,54335
377,9011996
247,0192327
478,835127
197,0779468
2263,948812
4725,648513
6719,471215
4327,956499
6719,471215
9799,598907
9589,816057
9996,110313
9995,307557
9995,307557
9156,712839
7961,698069
7121,513073
4963,183854
5452,557714
5452,557714
7273,229045
8526,262807
9910,496988
10000
9589,0133
6919,57798
5972,456619
7747,626014
8221,087622
8295,953602
7747,626014
9425,940836
9913,633261
9999,197243
9412,106561
8295,953602
8526,262807
5574,764605
3219,871889
3936,444381
1976,37673
613,7510292
0
174,047139
0
0
174,047139
326,7817306
358,9258144
557,3446591
247,0192327
860,7702619
358,9258144
2143,766888
810,828976
810,828976
1400,734845
1400,734845
3347,004373
2698,130173
3347,004373
3860,135385
6365,82015
5360,875868
4929,298674
3347,004373
2901,159853
3272,846977
4929,298674
4148,815523
7121,513073
8192,007274
9156,712839
5452,557714
5808,352571
4963,183854
4963,183854
5704,292303
5972,456619
6426,703834
6767,862009
8451,396827
6426,703834
5704,292303
8855,093885
4784,042879
5158,925968
4784,042879
3831,763632
7961,698069
9156,712839
8221,087622
4213,631457
2949,635373
4213,631457
2949,635373
2949,635373
1487,537957
2144,288697
4784,042879
2144,288697
5158,925968
6767,862009
7488,236461
6919,57798
6919,57798
6919,57798
7488,236461
8451,396827
7961,698069
5972,456619
6426,703834
6426,703834
4784,042879
2949,635373
3831,763632
4213,631457
2144,288697
3831,763632
1487,537957
744,6329961
629,2001211
197,0779468
326,7817306
744,6329961
1935,881235
2243,079776
2577,948248
2698,130173
1321,763184
1172,648098
2034,672314
810,828976
810,828976
197,0779468
0
0
0
0
0
197,0779468
1340,560066
2263,948812
1863,335577
1588,466231
3589,898869
1863,335577
745,3373869
1863,335577
2143,766888
4327,956499
5772,927387
6719,471215
8520,838351
9426,743593
7594,974681
7121,513073
4635,666928
5772,927387
3272,846977
1400,734845
557,3446591
247,0192327
174,047139
0
130,8819669
578,5160885
860,7702619
578,5160885
932,2302739
1489,675152
578,5160885
695,396101
578,5160885
1754,241003
2472,356275
3347,004373
4327,956499
6365,82015
6365,82015
6883,575263
8520,838351
8520,838351
8192,007274
5772,927387
4635,666928
2698,130173
1172,648098
810,828976
1400,734845
4148,815523
3272,846977
1655,449924
1655,449924
1566,509617
1321,763184
1101,188086
1566,509617
968,3917088
1101,188086
2034,672314
2698,130173
3860,135385
3272,846977
1400,734845
1754,241003
1039,851721
968,3917088
489,8077813
860,7702619
578,5160885
578,5160885
1489,675152
1754,241003
4327,956499
6365,82015
5360,875868
4635,666928
2698,130173
1655,449924
1655,449924
2698,130173
3272,846977
4148,815523
2577,948248
426,4626922
326,7817306
326,7817306
578,5160885
247,0192327
0
0
0
0
0
0
0
0
0
0
0
0
0
0
0
0
0
0
327,9599137
523,8596774
1198,93332
1100,142241
349,1313431
605,9450472
677,4050591
677,4050591
152,0533963
0
174,047139
327,9599137
605,9450472
744,9419369
895,7690592
2541,135888
1306,554767
673,4819249
895,7690592
1439,351145
1439,351145
2263,948812
816,7973989
1011,201934
1439,351145
2675,385955
4332,908107
2675,385955
4039,27636
4039,27636
1588,466231
623,5406389
197,0779468
0
0
0
0
0
152,0533963
130,8819669
0
130,8819669
174,047139
1011,201934
816,7973989
816,7973989
1697,560805
3218,211744
5249,668347
6114,085562
4621,588245
3589,898869
2975,317248
2975,317248
1340,560066
745,3373869
457,6636975
247,0192327
457,6636975
1588,466231
623,5406389
197,0779468
623,5406389
932,2302739
174,047139
247,0192327
457,6636975
457,6636975
1340,560066
1118,823381
2675,385955
4039,27636
6114,085562
7357,036871
6114,085562
4327,956499
2901,159853
1754,241003
247,0192327
130,8819669
457,6636975
623,5406389
745,3373869
247,0192327
174,047139
130,8819669
745,3373869
152,0533963
0
0
0
0
0
0
0
152,0533963
174,047139
605,9450472
605,9450472
895,7690592
744,9419369
1100,142241
3397,352719
5590,826522
5590,826522
3218,211744
3769,039844
4332,908107
2975,317248
2263,948812
2263,948812
1340,560066
1118,823381
197,0779468
932,2302739
2472,356275
860,7702619
695,396101
1588,466231
1489,675152
4327,956499
3589,898869
3347,004373
3347,004373
2975,317248
1489,675152
1754,241003
1489,675152
1489,675152
695,396101
489,8077813
197,0779468
0
130,8819669
326,7817306
860,7702619
0
174,047139
0
510,9792108
623,5406389
1340,560066
623,5406389
510,9792108
1118,823381
510,9792108
816,7973989
1011,201934
1340,560066
1697,560805
932,2302739
1118,823381
816,7973989
510,9792108
816,7973989
1011,201934
1011,201934
0
130,8819669
130,8819669
0
0
0
0
0
0
0
0
0
0
0
0
0
152,0533963
823,9135972
130,8819669
349,1313431
0
0
0
0
0
0
0
0
0
0
0
444,0971795
304,9291059
399,0726291
823,9135972
1817,742729
2020,772409
2784,030384
3690,984466
1306,554767
1100,142241
744,9419369
1306,554767
1548,445719
1011,201934
399,0726291
744,9419369
816,7973989
1207,763688
4332,908107
6467,736626
2263,948812
3589,898869
3589,898869
2263,948812
2901,159853
2472,356275
3347,004373
6719,471215
6365,82015
6365,82015
8520,838351
8192,007274
8780,227904
8780,227904
7746,690652
5556,617982
7746,690652
6024,661976
6529,924199
5808,352571
5808,352571
4456,525953
6188,766024
7273,229045
5158,925968
3831,763632
2468,853674
1250,303172
1846,940928
2949,635373
5704,292303
5158,925968
2949,635373
3069,817297
3543,083493
2243,079776
1935,881235
2243,079776
918,4504228
1321,763184
2034,672314
2034,672314
326,7817306
358,9258144
968,3917088
810,828976
650,3715506
247,0192327
0
174,047139
152,0533963
0
247,0192327
860,7702619
1754,241003
4039,27636
3860,135385
4929,298674
2675,385955
1754,241003
2901,159853
2472,356275
3860,135385
1754,241003
457,6636975
247,0192327
247,0192327
247,0192327
247,0192327
197,0779468
623,5406389
1754,241003
1588,466231
1118,823381
860,7702619
510,9792108
695,396101
578,5160885
247,0192327
489,8077813
623,5406389
623,5406389
745,3373869
932,2302739
1697,560805
1439,351145
247,0192327
0
0
0
0
0
0
0
0
0
0
152,0533963
0
523,8596774
2541,135888
1817,742729
5590,826522
8607,449889
9799,598907
9925,13402
9589,816057
9589,816057
9081,846858
9985,362968
8520,838351
9081,846858
9081,846858
9426,743593
7121,513073
6188,766024
6348,654891
4374,857202
4652,043678
3108,29572
1410,327837
358,9258144
854,1688536
274,2701083
274,2701083
854,1688536
660,9542776
964,468276
1281,149422
1505,293674
1576,753686
771,2536999
221,3423699
572,1568816
858,0322244
1440,753658
1101,188086
1992,232881
687,8696599
461,8574593
0
174,047139
858,0322244
1440,753658
572,1568816
687,8696599
1101,188086
687,8696599
646,1156858
1051,2468
2765,414056
2765,414056
1870,013399
461,8574593
2209,300684
2303,13949
813,0076739
1051,2468
1101,188086
1440,753658
572,1568816
907,9735103
130,8819669
0
0
0
0
0
0
0
0
0
0
0
0
0
0
0
0
0
0
0
0
0
0
0
0
0
0
0
0
0
0
0
0
0
0
0
152,0533963
534,5375327
926,9730636
1693,466175
1796,39782
2269,281321
2891,384558
2462,495897
3904,814745
1945,814719
2175,71734
1800,801994
2030,704615
521,289341
284,3465613
110,2994223
130,8819669
331,6417923
373,3957663
130,8819669
0
174,047139
130,8819669
782,8354962
658,9354061
2304,460078
2304,460078
1792,811974
1440,753658
1210,851037
1524,770201
510,9792108
174,047139
0
0
130,8819669
426,3235046
384,5695306
0
174,047139
174,047139
0
130,8819669
0
0
0
0
0
221,3423699
708,876692
708,876692
854,2955082
708,876692
1294,86758
1017,636461
708,876692
426,3235046
426,3235046
331,6417923
0
0
0
0
373,3957663
174,047139
426,3235046
174,047139
708,876692
1017,636461
384,5695306
2975,317248
2636,597308
3479,847426
2522,06919
1614,956625
1614,956625
2522,06919
4891,538381
6683,30641
6924,785287
2418,208916
3759,242858
813,0076739
461,8574593
771,2536999
1051,2468
1281,149422
771,2536999
3614,230134
2418,208916
3026,599368
2125,284141
964,468276
2087,081202
3912,341084
5148,215378
7369,557618
9971,910636
8748,155893
8739,482741
9987,972771
9977,522202
10000
9426,743593
8742,544327
6807,313083
4514,030791
5757,390332
2819,65039
2127,016249
1768,601958
1258,274441
1551,534154
2635,220793
660,9542776
854,1688536
535,8162635
1084,071475
2130,690616
2080,74933
3108,29572
5071,139124
3406,40667
4760,308157
5555,512496
4760,308157
4313,323738
2744,883744
2130,690616
1194,370897
461,8574593
660,9542776
1236,124871
964,468276
1798,553387
1455,352388
2922,739093
2240,353567
660,9542776
535,8162635
274,2701083
358,9258144
358,9258144
358,9258144
358,9258144
221,3423699
646,1156858
1331,090708
2879,942173
1992,232881
2303,13949
2522,06919
2522,06919
2522,06919
858,0322244
646,1156858
130,8819669
0
174,047139
221,3423699
732,8942103
0
0
0
0
174,047139
384,5695306
658,9354061
1792,811974
2521,527882
4773,021026
6517,488168
7317,096795
9047,198792
9047,198792
9426,743593
7804,889263
5148,215378
5148,215378
5587,820302
4507,030954
4905,320882
4760,308157
4198,79562
6991,122341
7340,906779
5710,187478
4094,935346
3639,893521
2986,076238
1768,601958
2035,72478
1878,90138
854,1688536
461,8574593
274,2701083
461,8574593
274,2701083
1281,149422
535,8162635
1576,753686
358,9258144
174,047139
221,3423699
221,3423699
174,047139
110,2994223
572,1568816
907,9735103
1101,188086
221,3423699
130,8819669
613,9108556
687,8696599
572,1568816
358,9258144
174,047139
274,2701083
732,8942103
1792,811974
1698,973168
732,8942103
1698,973168
907,9735103
1172,648098
907,9735103
1172,648098
907,9735103
613,9108556
1172,648098
572,1568816
469,2252367
572,1568816
358,9258144
469,2252367
358,9258144
274,2701083
613,9108556
1101,188086
572,1568816
2522,06919
2879,942173
5941,357772
9414,369781
9665,744467
8283,579791
9059,572604
7929,075866
6651,865994
4905,320882
4036,137262
6331,496322
5071,139124
5983,97416
6793,427222
3723,910064
5167,605276
5167,605276
4094,935346
2986,076238
4094,935346
3284,187188
5467,292982
6471,766629
7127,682756
6794,939271
5757,390332
6471,766629
4348,21255
2914,616226
4732,419183
4094,935346
2635,220793
1878,90138
1661,833576
1368,573863
461,8574593
1084,071475
660,9542776
1410,327837
1748,612101
1194,370897
2483,698432
4652,043678
3718,633868
3604,10575
3500,245476
5555,512496
7216,720176
7216,720176
7703,813152
8733,518862
9665,744467
8281,316571
5858,7236
4452,072824
4732,419183
6274,07151
5312,618
3284,187188
4094,935346
3284,187188
4094,935346
4732,419183
4348,21255
1768,601958
1084,071475
1878,90138
1661,833576
660,9542776
1258,274441
1258,274441
3108,29572
3500,245476
2445,495493
2130,690616
3604,10575
2828,900287
1194,370897
1455,352388
461,8574593
461,8574593
771,2536999
358,9258144
274,2701083
1331,090708
1051,2468
1051,2468
221,3423699
358,9258144
110,2994223
0
0
0
0
0
221,3423699
510,9792108
613,9108556
221,3423699
1210,851037
979,4335223
0
110,2994223
0
0
110,2994223
0
284,3465613
130,8819669
0
110,2994223
780,336704
2011,200366
221,3423699
221,3423699
510,9792108
221,3423699
221,3423699
130,8819669
0
110,2994223
130,8819669
556,0037612
2860,247823
2304,460078
4795,279749
3722,741922
2189,931961
2189,931961
1172,648098
110,2994223
110,2994223
130,8819669
1210,851037
732,8942103
907,9735103
687,8696599
274,2701083
469,2252367
174,047139
174,047139
174,047139
687,8696599
1402,55072
174,047139
0
110,2994223
110,2994223
174,047139
0
0
0
0
0
0
110,2994223
418,4203167
241,1813892
0
0
0
0
0
0
0
326,1005354
818,5396429
1101,653004
1836,997399
780,336704
556,0037612
892,4984472
2498,167294
2304,460078
1294,86758
2011,200366
3461,55661
658,9354061
2189,931961
1210,851037
1792,811974
1440,753658
1101,188086
5090,52442
5168,724857
1331,090708
2209,300684
771,2536999
1908,216338
1006,22225
535,8162635
1006,22225
1505,293674
461,8574593
461,8574593
1614,956625
2522,06919
2522,06919
1908,216338
5090,52442
3614,230134
1576,753686
461,8574593
1051,2468
1331,090708
1331,090708
1051,2468
1870,013399
3614,230134
535,8162635
461,8574593
358,9258144
1281,149422
3614,230134
4374,857202
5148,215378
5587,820302
4507,030954
6028,285218
7369,557618
6877,46383
7019,025057
5314,03362
1965,679904
3202,134526
4036,137262
3202,134526
2828,900287
3108,29572
4507,030954
5071,139124
5312,618
3921,609144
4566,600941
3817,74887
3817,74887
2635,220793
4094,935346
3723,910064
2986,076238
1551,534154
4566,600941
5312,618
6473,057549
7691,43934
8295,953602
8295,953602
8733,518862
9977,522202
8281,316571
7353,280591
6595,953232
3917,079997
3601,690582
2864,67494
3212,727176
3601,690582
854,1688536
660,9542776
854,1688536
535,8162635
461,8574593
660,9542776
1965,679904
1084,071475
660,9542776
854,1688536
660,9542776
174,047139
174,047139
174,047139
687,8696599
174,047139
221,3423699
732,8942103
1172,648098
3073,649389
1172,648098
2522,06919
4300,248304
4617,751698
3141,127485
5422,002061
1236,124871
1194,370897
1748,612101
3305,9948
3604,10575
6503,329872
5829,299179
6503,329872
9059,572604
8295,953602
5983,97416
8295,953602
8295,953602
8295,953602
7340,906779
7703,813152
4617,891066
6670,752668
7115,308944
6000,284827
7703,813152
5757,390332
4254,373744
5757,390332
5470,81638
5757,390332
6197,979946
4661,670862
4755,509668
4755,509668
5612,377607
5757,390332
7127,682756
7353,280591
4859,369942
4254,373744
1768,601958
1551,534154
660,9542776
0
0
221,3423699
358,9258144
854,1688536
358,9258144
130,8819669
0
0
110,2994223
0
0
0
0
0
130,8819669
384,5695306
1388,706386
4195,514643
3996,528604
3996,528604
2304,460078
2521,527882
1440,753658
907,9735103
469,2252367
130,8819669
174,047139
221,3423699
174,047139
0
0
0
0
0
0
0
0
1195,49181
1722,469282
3735,343292
3735,343292
3218,211744
4795,279749
5093,390699
4275,924037
3218,662114
4002,137354
572,1568816
858,0322244
858,0322244
572,1568816
358,9258144
646,1156858
3334,834701
461,8574593
358,9258144
358,9258144
358,9258144
813,0076739
274,2701083
2522,06919
2879,942173
2522,06919
3614,230134
1870,013399
1331,090708
646,1156858
1101,188086
461,8574593
221,3423699
274,2701083
221,3423699
0
0
0
130,8819669
274,2701083
197,0779468
152,0533963
0
510,9792108
623,5406389
932,2302739
1413,053948
2410,82341
1032,775818
810,828976
358,9258144
536,7621145
0
0
0
0
0
0
0
0
0
0
0
0
130,8819669
0
0
373,3957663
744,9419369
1679,588661
2675,385955
2675,385955
4773,021026
6365,82015
6529,924199
7002,83423
7465,632917
8673,289913
8744,266206
5319,37859
4466,990987
498,3181542
358,9258144
1078,716133
896,0560074
1487,537957
2468,853674
2370,062595
3361,873858
1366,136659
785,7565851
221,3423699
426,4626922
498,3181542
498,3181542
426,4626922
574,3113594
574,3113594
765,8044256
1173,681969
810,828976
765,8044256
274,2701083
152,0533963
0
197,0779468
1011,201934
1921,984637
2536,888228
2034,672314
2034,672314
3405,69003
3267,192303
3685,085463
4215,84093
2468,853674
3844,698686
4747,205689
4608,707962
7503,412059
7628,947171
7628,947171
8411,975856
8411,975856
8295,953602
8411,975856
6943,371065
7468,84093
6088,143836
3284,187188
613,7510292
197,0779468
0
0
0
0
0
0
0
197,0779468
152,0533963
197,0779468
1324,113641
1570,462687
2143,766888
1245,141981
1754,241003
3006,006991
4574,034987
7465,632917
5915,216265
4215,84093
937,8099814
498,3181542
274,2701083
197,0779468
197,0779468
152,0533963
426,4626922
765,8044256
1032,775818
152,0533963
130,8819669
0
130,8819669
358,9258144
860,7702619
1655,449924
4388,107313
5256,815601
6300,541238
5537,030302
4699,635504
2468,853674
4871,901887
4699,635504
3141,127485
1416,077945
1331,090708
1846,940928
1281,149422
1281,149422
1416,077945
1078,716133
358,9258144
0
152,0533963
221,3423699
498,3181542
982,8345319
2144,288697
4215,84093
3141,127485
3546,587736
4699,635504
4699,635504
5868,396351
6317,258124
6317,258124
4328,49326
3844,698686
2973,383852
1646,567969
1976,37673
1696,509255
765,8044256
1935,881235
3361,873858
3361,873858
2352,17435
3144,504718
2636,597308
3267,192303
2281,122288
4143,779383
4649,905145
4755,360134
4048,196464
3696,521751
5544,735209
4806,154426
4806,154426
5683,232936
4482,161511
2706,680805
785,7565851
613,7510292
937,8099814
498,3181542
498,3181542
426,4626922
574,3113594
1078,716133
1487,537957
1767,969267
426,4626922
358,9258144
152,0533963
197,0779468
426,4626922
1566,509617
1935,881235
1566,509617
1566,509617
2352,17435
1402,55072
2636,597308
1655,449924
1402,55072
684,6107817
608,6175765
982,8345319
1935,881235
937,8099814
2243,079776
1935,881235
896,0560074
724,0504515
1846,940928
2821,293114
3082,478426
2055,34839
4979,850206
6763,641208
6905,202436
6542,420284
6331,496322
6973,134264
6973,134264
6683,981511
9059,572604
8295,953602
6817,835952
5549,154065
2914,616226
4314,899511
2986,076238
1169,058712
613,7510292
1559,789445
426,4626922
0
152,0533963
0
130,8819669
152,0533963
152,0533963
498,3181542
1402,55072
3267,192303
2577,948248
3685,085463
5915,216265
5338,044263
2821,293114
2468,853674
1566,509617
1123,740683
1331,090708
1123,740683
426,4626922
221,3423699
221,3423699
574,3113594
724,0504515
130,8819669
0
274,2701083
1032,775818
358,9258144
1402,55072
2352,17435
765,8044256
1566,509617
1935,881235
765,8044256
1566,509617
1245,141981
810,828976
274,2701083
358,9258144
221,3423699
130,8819669
0
0
0
0
0
0
0
0
0
0
0
0
0
0
349,1313431
110,2994223
282,9353632
110,2994223
282,9353632
0
0
0
0
0
0
0
0
0
0
0
0
0
0
0
0
0
0
0
304,1067927
444,0971795
592,749353
468,3616027
912,8539043
823,9135972
1159,49365
471,3480551
373,3957663
307,3773691
0
152,0533963
0
152,0533963
623,5406389
510,9792108
221,3423699
221,3423699
221,3423699
623,5406389
536,7621145
1104,23583
2901,159853
3377,149235
1655,449924
1245,141981
3006,006991
2143,766888
3006,006991
4574,034987
3405,69003
1173,681969
726,3647557
274,2701083
130,8819669
274,2701083
274,2701083
197,0779468
426,4626922
221,3423699
197,0779468
771,3893061
2143,766888
2143,766888
765,8044256
684,6107817
982,8345319
1655,449924
765,8044256
1032,775818
684,6107817
1245,141981
498,3181542
358,9258144
358,9258144
650,3715506
1183,20749
650,3715506
197,0779468
221,3423699
650,3715506
0
1183,20749
1032,775818
771,3893061
221,3423699
358,9258144
426,4626922
1032,775818
3144,504718
3006,006991
3917,72998
2879,942173
2879,942173
5338,044263
5152,116589
5338,044263
3983,196413
2144,288697
2468,853674
2144,288697
1078,716133
1078,716133
896,0560074
1846,940928
1487,537957
2055,34839
2055,34839
1366,136659
1696,509255
1078,716133
613,7510292
613,7510292
574,3113594
613,7510292
1331,090708
2468,853674
1416,077945
937,8099814
498,3181542
498,3181542
810,828976
274,2701083
0
0
0
152,0533963
130,8819669
0
0
0
0
0
221,3423699
384,5695306
892,7906041
2328,480765
3810,60093
4574,034987
3917,72998
5057,829561
5915,216265
6460,430104
5868,396351
3420,522918
613,7510292
574,3113594
358,9258144
358,9258144
152,0533963
197,0779468
0
0
0
0
0
0
0
0
0
0
197,0779468
426,3235046
1480,03345
2186,547182
1272,147797
1272,147797
197,0779468
623,5406389
623,5406389
745,3373869
623,5406389
510,9792108
673,4819249
1011,201934
821,3305921
274,2701083
536,7621145
1104,23583
1324,113641
1413,053948
4275,924037
6924,785287
6767,862009
4699,635504
4328,49326
4747,205689
4328,49326
2874,592773
2524,467154
2613,407461
613,7510292
498,3181542
221,3423699
684,6107817
358,9258144
221,3423699
130,8819669
0
358,9258144
1570,462687
1570,462687
5057,829561
5915,216265
5338,044263
3546,587736
4979,850206
6763,641208
7866,583698
8748,155893
9331,609315
9324,071567
10000
10000
10000
8169,91545
8736,655135
6807,313083
6608,327044
6175,267006
4884,20337
5544,735209
4547,474481
4993,297944
4806,154426
4048,196464
4806,154426
3162,78589
1657,897485
3846,953423
2540,254957
4216,108432
1993,970806
1657,897485
574,3113594
1449,490023
3452,099155
2130,690616
2202,150628
926,6627362
2874,592773
1696,509255
1281,149422
197,0779468
0
0
0
0
0
0
0
510,9792108
0
152,0533963
152,0533963
274,2701083
623,5406389
3377,149235
4089,996363
5747,954264
7002,83423
9336,39278
9733,676295
9340,282467
8103,722622
7866,583698
5311,216255
4914,46769
2445,495493
2130,690616
2202,150628
3550,890234
3153,988205
3153,988205
2785,652466
4482,643144
1084,071475
274,2701083
197,0779468
426,4626922
197,0779468
221,3423699
274,2701083
498,3181542
982,8345319
498,3181542
810,828976
1402,55072
1481,52238
3144,504718
3405,69003
765,8044256
426,4626922
274,2701083
274,2701083
274,2701083
197,0779468
358,9258144
274,2701083
426,4626922
536,7621145
358,9258144
152,0533963
152,0533963
0
358,9258144
536,7621145
1754,241003
2410,82341
2410,82341
1481,52238
860,7702619
1245,141981
1104,23583
1104,23583
0
152,0533963
0
0
0
0
0
0
152,0533963
0
0
373,3957663
130,8819669
197,0779468
623,5406389
221,3423699
197,0779468
510,9792108
510,9792108
221,3423699
0
0
130,8819669
0
0
0
0
0
0
0
0
0
0
0
0
0
0
0
0
0
418,4203167
418,4203167
521,289341
823,9135972
823,9135972
349,1313431
0
0
130,8819669
0
0
0
0
0
0
0
0
0
0
0
0
0
0
0
592,749353
521,289341
130,8819669
0
0
0
0
241,1813892
0
0
0
0
0
0
0
984,7093663
895,7690592
895,7690592
816,7973989
556,0037612
745,3373869
510,9792108
274,2701083
578,5160885
274,2701083
932,2302739
221,3423699
152,0533963
130,8819669
816,7973989
1272,147797
2048,049455
2908,030472
4474,910076
3810,60093
2410,82341
3638,334547
4388,107313
2468,853674
2821,293114
1487,537957
574,3113594
574,3113594
724,0504515
613,7510292
937,8099814
498,3181542
937,8099814
1123,740683
1331,090708
2468,853674
2144,288697
1123,740683
2243,079776
1173,681969
684,6107817
498,3181542
197,0779468
152,0533963
0
0
0
0
152,0533963
469,2252367
130,8819669
274,2701083
1118,823381
932,2302739
1340,560066
2328,480765
3253,265523
5688,080569
6565,297404
3810,60093
1921,984637
3253,265523
7359,305537
4422,602206
2675,385955
1921,984637
2675,385955
2048,049455
932,2302739
810,0863718
1600,363219
948,2486714
932,2302739
1340,560066
948,2486714
3360,863373
7198,837364
5707,789736
7937,460629
3638,334547
3831,763632
3141,127485
1390,401082
1390,401082
1006,22225
535,8162635
461,8574593
274,2701083
221,3423699
221,3423699
152,0533963
0
0
304,1067927
326,1005354
539,8216146
1756,209864
613,4928878
471,3480551
0
0
0
677,4050591
1306,554767
1588,466231
942,714846
3267,192303
4810,5308
5401,892628
8056,394772
8638,43955
4810,5308
4064,408149
5471,771164
4941,957918
5167,555753
7255,980027
3266,224529
2675,385955
1921,984637
2675,385955
2675,385955
1340,560066
2328,480765
5688,080569
3810,60093
5471,771164
6332,77385
8923,012189
7511,021509
8304,184017
7511,021509
4730,312635
2536,888228
3020,621006
2202,415947
1588,466231
1340,560066
683,1998292
197,0779468
197,0779468
130,8819669
532,9729535
1207,763688
613,4928878
221,3423699
221,3423699
426,3235046
613,4928878
1756,209864
1439,351145
5913,678404
7039,777717
6082,99781
7976,999857
9799,598907
8923,012189
6332,77385
5471,771164
2328,480765
1039,851721
1039,851721
566,1976569
221,3423699
384,5695306
197,0779468
221,3423699
152,0533963
810,0863718
736,1275676
426,3235046
736,1275676
736,1275676
854,2955082
854,2955082
2675,385955
3996,528604
3996,528604
1921,984637
1756,209864
1756,209864
3996,528604
1756,209864
854,2955082
384,5695306
854,2955082
152,0533963
666,4206261
580,2681844
613,4928878
373,3957663
0
0
307,3773691
0
0
0
0
0
0
0
0
0
0
0
0
349,1313431
0
0
0
0
0
371,1250858
0
0
0
130,8819669
0
0
0
0
0
0
0
262,3528186
262,3528186
130,8819669
495,6124782
1022,207476
1198,93332
633,1959227
495,6124782
395,389509
1198,93332
633,1959227
0
0
0
0
0
0
395,389509
221,3423699
358,9258144
613,9108556
221,3423699
152,0533963
262,3528186
539,8216146
1340,848202
4718,181944
6243,295445
5641,572087
2765,542204
3802,770614
5063,416995
1366,676954
2186,547182
888,0211375
613,9108556
358,9258144
358,9258144
130,8819669
0
130,8819669
613,4928878
373,3957663
0
130,8819669
0
0
0
0
349,1313431
933,2671685
859,3083643
307,3773691
349,1313431
0
0
0
0
0
0
304,1067927
1022,207476
859,3083643
710,6297625
1306,554767
1733,159596
1022,207476
933,2671685
1607,094778
5475,266183
8655,456681
9290,183178
9290,183178
9799,598907
9665,744467
9985,362968
9986,823432
6332,77385
5471,771164
5033,358942
1251,619759
469,2252367
221,3423699
0
0
0
0
0
613,4928878
197,0779468
0
0
0
0
152,0533963
933,2671685
3611,45958
3080,296855
2048,049455
4299,574911
4725,648513
2699,623009
5913,678404
7039,777717
7039,777717
4941,957918
7039,777717
7039,777717
3425,531906
5033,358942
1588,466231
1118,823381
1921,984637
1340,560066
130,8819669
0
130,8819669
0
0
152,0533963
613,4928878
1207,763688
1607,094778
3611,45958
6315,521364
8725,31707
5249,668347
4725,648513
4725,648513
2466,978492
2328,480765
854,2955082
613,4928878
854,2955082
683,1998292
3425,531906
3425,531906
2675,385955
854,2955082
197,0779468
221,3423699
0
0
0
331,6417923
130,8819669
0
0
0
448,3172473
580,2681844
130,8819669
0
0
0
0
0
0
0
0
0
0
0
0
0
0
442,6847399
548,5402166
710,6297625
633,1959227
495,6124782
130,8819669
0
495,6124782
1366,676954
948,2486714
3266,224529
2020,772409
1733,159596
1198,93332
580,2681844
395,389509
373,3957663
780,336704
4299,574911
2186,547182
736,1275676
532,9729535
197,0779468
933,2671685
426,3235046
152,0533963
152,0533963
331,6417923
1306,554767
1607,094778
1607,094778
1607,094778
1439,351145
780,336704
666,4206261
130,8819669
0
0
0
0
0
0
0
0
0
0
0
0
0
0
0
442,6847399
948,2486714
4741,482152
6182,27005
4130,815292
5400,079307
6620,682272
8154,114963
6146,201958
4941,957918
5475,266183
6315,521364
6315,521364
7825,283886
7039,777717
9422,853906
10000
8923,012189
7511,021509
4730,312635
3638,334547
2536,888228
1655,449924
1251,619759
2536,888228
3020,621006
2675,385955
2536,888228
4422,602206
3020,621006
1921,984637
3253,265523
888,0211375
510,9792108
197,0779468
384,5695306
566,1976569
1207,763688
1340,560066
2908,030472
2328,480765
932,2302739
1207,763688
510,9792108
384,5695306
566,1976569
1588,466231
932,2302739
932,2302739
1588,466231
2908,030472
5913,678404
8725,31707
10000
9799,598907
9290,183178
6565,297404
7976,999857
7359,305537
5471,771164
2536,888228
1489,675152
1251,619759
4236,674532
2202,415947
635,9045983
810,0863718
1340,560066
2328,480765
2675,385955
6565,297404
7359,305537
9055,682917
6884,825224
3638,334547
3638,334547
2536,888228
1118,823381
635,9045983
757,1586335
566,1976569
0
0
0
0
197,0779468
152,0533963
736,1275676
736,1275676
0
580,2681844
426,3235046
532,9729535
0
0
0
0
373,3957663
152,0533963
0
1100,142241
1100,142241
1100,142241
780,336704
580,2681844
349,1313431
0
0
0
0
0
395,389509
0
0
0
0
0
0
0
262,3528186
495,6124782
710,6297625
1474,298401
1474,298401
2020,772409
3080,296855
2699,623009
1198,93332
1306,554767
1607,094778
933,2671685
933,2671685
933,2671685
1607,094778
933,2671685
2466,978492
1439,351145
613,4928878
1207,763688
854,2955082
1439,351145
1756,209864
2908,030472
3996,528604
2908,030472
1588,466231
2908,030472
2328,480765
2048,049455
1756,209864
4725,648513
2466,978492
1011,201934
3996,528604
5249,668347
5033,358942
1921,984637
1921,984637
1588,466231
3253,265523
1921,984637
1921,984637
1340,560066
932,2302739
1340,560066
3810,60093
3253,265523
4422,602206
6082,99781
3810,60093
3638,334547
1039,851721
1921,984637
1118,823381
1118,823381
130,8819669
0
152,0533963
130,8819669
532,9729535
613,4928878
1100,142241
1011,201934
1439,351145
1207,763688
426,3235046
2699,623009
2466,978492
854,2955082
1207,763688
2675,385955
2908,030472
1588,466231
1588,466231
2675,385955
3996,528604
4422,602206
4422,602206
1756,209864
1118,823381
1756,209864
736,1275676
426,3235046
426,3235046
613,4928878
510,9792108
152,0533963
613,4928878
197,0779468
0
0
0
0
0
0
0
0
0
0
0
0
0
0
0
0
0
0
0
0
0
0
0
0
0
0
0
0
0
0
0
152,0533963
352,2243368
671,7210133
845,3170265
539,8216146
471,3480551
495,6124782
0
0
0
0
0
0
0
0
0
0
0
326,1005354
326,1005354
592,749353
1047,03975
1366,676954
2253,416926
2871,889392
2419,191698
3266,224529
6620,682272
9331,488933
10000
9985,362968
9987,626188
7039,777717
1439,351145
532,9729535
736,1275676
331,6417923
331,6417923
532,9729535
613,4928878
331,6417923
0
197,0779468
854,2955082
736,1275676
426,3235046
1011,201934
2048,049455
2466,978492
2466,978492
3425,531906
7039,777717
4725,648513
3425,531906
1011,201934
1207,763688
566,1976569
130,8819669
0
0
0
0
0
373,3957663
580,2681844
373,3957663
307,3773691
373,3957663
666,4206261
1306,554767
2186,547182
1756,209864
613,4928878
331,6417923
197,0779468
933,2671685
780,336704
307,3773691
130,8819669
0
0
0
0
0
0
0
0
0
0
0
0
0
0
0
326,1005354
855,0003379
848,5814677
695,396101
326,7817306
326,7817306
358,9258144
578,5160885
1210,851037
736,1275676
110,2994223
0
0
0
262,3528186
348,0942781
261,7639338
601,0518389
444,0971795
418,4203167
444,0971795
326,1005354
902,5561859
1668,627643
2686,284297
5253,401138
7057,220487
7535,418771
5788,199938
6271,994512
1949,91708
2443,389801
1359,770283
1668,627643
1359,770283
548,1241006
633,1959227
1060,702572
2992,437846
3722,741922
3094,778402
2443,389801
2115,691853
1443,982666
795,6537293
1443,982666
658,9354061
174,047139
0
0
0
0
0
0
0
0
0
0
0
0
0
0
0
0
0
0
0
0
0
0
0
0
0
0
0
0
0
0
0
0
0
0
130,8819669
0
0
0
0
307,3773691
578,0245536
1800,801994
902,5561859
426,3235046
1240,921482
1908,85172
1665,957224
3897,355454
4021,369581
3611,45958
1078,05466
1655,449924
1210,851037
2243,079776
1128,438962
918,4504228
358,9258144
683,1998292
1060,702572
867,1614188
395,389509
130,8819669
349,1313431
152,0533963
495,6124782
1359,770283
1949,91708
2055,912837
3187,295757
1589,964019
2462,495897
5210,693555
4627,65953
3337,672897
3094,778402
2949,765677
5057,829561
4784,042879
2468,853674
5915,216265
5057,829561
3996,528604
1817,742729
601,0518389
371,1250858
0
0
0
0
110,2994223
110,2994223
326,1005354
373,3957663
282,9353632
326,1005354
1668,627643
5253,401138
3690,984466
4907,054962
7057,220487
6705,52909
5788,199938
6271,994512
5788,199938
2992,437846
939,0168808
282,9353632
282,9353632
0
130,8819669
0
282,9353632
0
110,2994223
326,1005354
0
0
0
0
0
0
0
0
130,8819669
468,3616027
418,4203167
0
282,9353632
0
0
0
0
0
0
0
0
0
0
0
0
0
0
0
0
0
0
0
110,2994223
110,2994223
174,047139
174,047139
152,0533963
152,0533963
110,2994223
110,2994223
0
0
152,0533963
327,9599137
0
0
0
261,7639338
0
0
0
0
282,9353632
715,6079981
395,389509
348,0942781
633,1959227
601,0518389
395,389509
304,1067927
601,0518389
902,5561859
948,2486714
468,3616027
110,2994223
282,9353632
0
110,2994223
0
110,2994223
0
0
0
0
0
0
548,1241006
984,7093663
1535,831265
2260,704577
1083,500445
2260,704577
2260,704577
2094,929805
3690,984466
1949,91708
1668,627643
1159,49365
715,6079981
902,5561859
1212,709166
1159,49365
984,7093663
1668,627643
2686,284297
3491,998427
1359,770283
783,1448758
444,0971795
700,7328005
1668,627643
4021,369581
2686,284297
3266,224529
3491,998427
4627,65953
8625,939138
9185,700134
8230,741001
7535,418771
5551,512088
6705,52909
4627,65953
4406,438606
6705,52909
6705,52909
8846,176098
9389,414964
10000
10000
6271,994512
7553,594424
4195,514643
1641,681746
1983,517502
4685,834038
4685,834038
5205,165912
5551,512088
1015,010086
556,0037612
647,8050621
939,0168808
1306,554767
1817,742729
939,0168808
373,3957663
984,7093663
2115,691853
3491,998427
2115,691853
3491,998427
4907,054962
6271,994512
4406,438606
2992,437846
3491,998427
4907,054962
8230,741001
10000
9991,326848
9972,987946
10000
10000
9987,626188
9977,522202
8846,176098
7553,594424
6467,736626
7308,955076
6957,263679
7308,955076
3491,998427
5551,512088
3218,211744
1983,517502
2115,691853
1207,763688
110,2994223
174,047139
152,0533963
130,8819669
304,9291059
1306,554767
2115,691853
1359,770283
1817,742729
633,1959227
421,0663718
421,0663718
0
0
0
0
0
0
0
0
0
0
0
0
0
0
0
0
601,0518389
783,1448758
783,1448758
601,0518389
783,1448758
1535,831265
1668,627643
2503,599073
4021,369581
4627,65953
4242,590506
3266,224529
2960,07098
2686,284297
4627,65953
2443,389801
1668,627643
2686,284297
5253,401138
2260,704577
902,5561859
902,5561859
633,1959227
700,7328005
1359,770283
2443,389801
5551,512088
2992,437846
3810,445619
3266,224529
3810,445619
6509,786976
8846,176098
7780,058119
7308,955076
4907,054962
1492,566661
1492,566661
1060,702572
3266,224529
3491,998427
4907,054962
6705,52909
8846,176098
5551,512088
5551,512088
3810,445619
2443,389801
2443,389801
1817,742729
4406,438606
6705,52909
4406,438606
3810,445619
4406,438606
3491,998427
2992,437846
2992,437846
1817,742729
2992,437846
2992,437846
939,0168808
421,0663718
373,3957663
0
0
0
130,8819669
0
0
152,0533963
0
152,0533963
783,1448758
548,1241006
984,7093663
1159,49365
1492,566661
1359,770283
2686,284297
6509,786976
5788,199938
8625,939138
9840,961788
8625,939138
7996,712453
7996,712453
8846,176098
9246,402334
6727,422713
8230,741001
8230,741001
5256,815601
3759,242858
1936,926227
1655,449924
848,5814677
700,7328005
468,3616027
603,7014164
687,7179594
1276,316249
614,7458657
352,2243368
530,7293227
152,0533963
495,6124782
601,0518389
500,8288696
0
0
0
0
0
0
0
0
0
0
0
0
110,2994223
0
0
110,2994223
0
0
0
0
418,4203167
418,4203167
110,2994223
0
0
0
110,2994223
110,2994223
418,4203167
468,3616027
948,2486714
0
261,7639338
110,2994223
130,8819669
0
783,1448758
633,1959227
984,7093663
3465,210568
1668,627643
548,1241006
1159,49365
1212,709166
468,3616027
468,3616027
395,389509
0
0
130,8819669
326,1005354
152,0533963
532,9729535
948,2486714
1668,627643
152,0533963
152,0533963
0
0
0
395,389509
1100,255266
1665,957224
2872,405899
1908,85172
1832,858515
2739,609521
2528,685559
2329,69952
845,3170265
110,2994223
0
0
152,0533963
110,2994223
0
0
0
0
0
0
0
0
0
0
0
0
444,0971795
418,4203167
468,3616027
468,3616027
468,3616027
110,2994223
0
0
0
0
0
0
110,2994223
601,0518389
601,0518389
2094,929805
715,6079981
1535,831265
1800,801994
548,1241006
444,0971795
984,7093663
1159,49365
1359,770283
2094,929805
2686,284297
2686,284297
1359,770283
1668,627643
4021,369581
984,7093663
580,2681844
130,8819669
130,8819669
0
0
0
0
0
0
0
0
0
0
0
395,389509
1159,49365
395,389509
783,1448758
601,0518389
468,3616027
326,1005354
783,1448758
1949,91708
715,6079981
783,1448758
444,0971795
633,1959227
633,1959227
468,3616027
813,1729427
2462,495897
1159,49365
3901,908428
1908,85172
1408,4906
448,3172473
130,8819669
241,1813892
783,1448758
930,993543
795,6537293
1210,851037
1359,966123
1609,757439
2817,591326
3334,834701
2296,295292
2166,202725
580,2681844
468,3616027
326,1005354
799,6245411
1312,776944
783,1448758
444,0971795
2260,704577
1159,49365
984,7093663
1668,627643
1159,49365
939,0168808
1359,770283
2260,704577
4627,65953
4406,438606
2260,704577
700,7328005
444,0971795
373,3957663
0
0
152,0533963
0
326,1005354
468,3616027
633,1959227
984,7093663
984,7093663
783,1448758
3266,224529
3266,224529
421,0663718
523,8596774
548,1241006
783,1448758
1159,49365
1668,627643
2260,704577
5788,199938
6509,786976
8625,939138
9711,198497
9533,275202
9840,961788
9711,198497
7308,955076
7308,955076
4907,054962
2443,389801
2443,389801
580,2681844
1306,554767
818,5396429
1306,554767
1492,566661
2115,691853
818,5396429
580,2681844
984,7093663
633,1959227
939,0168808
2115,691853
2260,704577
2686,284297
2992,437846
1817,742729
2115,691853
2443,389801
1949,91708
1359,770283
2992,437846
1492,566661
1949,91708
1060,702572
444,0971795
523,8596774
700,7328005
2443,389801
1359,770283
984,7093663
783,1448758
373,3957663
1159,49365
1159,49365
1668,627643
818,5396429
939,0168808
1060,702572
1668,627643
2686,284297
4627,65953
3266,224529
2443,389801
2260,704577
700,7328005
152,0533963
0
0
0
523,8596774
700,7328005
2443,389801
1359,770283
984,7093663
783,1448758
373,3957663
1159,49365
1159,49365
1668,627643
818,5396429
939,0168808
1060,702572
1668,627643
2686,284297
4627,65953
3266,224529
2443,389801
2260,704577
700,7328005
152,0533963
0
0
0
