197
196
188
182
183
186
195
199
204
198
194
204
219
216
216
218
219
216
210
208
204
200
198
191
185
182
190
191
194
202
219
210
211
210
208
203
206
209
205
207
207
205
203
202
199
200
199
200
197
207
225
227
226
228
231
243
250
243
248
236
225
221
220
218
217
213
209
203
193
182
169
171
169
168
170
171
174
181
199
213
210
200
197
193
199
199
197
194
194
194
193
192
188
178
175
174
171
171
174
180
184
195
217
233
227
230
225
224
219
214
198
190
197
201
196
189
185
181
176
176
175
176
178
180
171
156
158
160
165
169
170
168
167
201
209
209
209
210
206
201
197
192
194
199
198
194
197
197
201
202
200
195
198
206
207
209
211
213
210
206
206
206
204
205
199
177
168
173
173
174
174
174
178
181
191
198
194
201
198
196
200
198
192
196
198
197
196
196
192
188
189
192
182
200
199
190
186
175
190
201
199
194
191
190
191
187
186
182
183
189
190
187
185
185
182
179
172
170
167
169
172
176
195
194
185
185
180
187
190
188
181
190
185
187
169
166
170
167
163
175
197
184
189
218
199
209
221
203
213
222
224
224
223
219
212
207
205
200
193
194
201
198
187
178
177
172
184
189
197
210
226
213
181
222
183
220
233
227
221
223
220
222
215
205
193
189
195
191
196
197
198
198
198
202
202
201
204
207
209
207
206
203
199
200
202
202
200
192
184
194
187
180
163
149
150
163
172
174
190
199
201
211
214
215
214
210
209
213
212
212
213
213
209
205
201
201
200
197
197
193
197
203
214
220
215
212
212
211
212
211
207
208
207
207
206
202
198
197
195
195
195
195
195
195
195
195
195
195
200
165
160
157
154
151
153
158
166
168
169
169
188
168
140
206
279
261
268
272
276
279
284
288
278
256
245
232
204
207
206
203
202
191
199
202
194
190
189
187
189
190
192
194
197
206
226
236
241
242
241
238
230
227
225
212
200
194
190
169
167
161
161
148
145
174
193
206
235
249
243
271
210
200
234
238
240
239
230
264
261
260
251
196
223
234
222
215
211
206
208
205
205
206
210
217
231
233
237
225
200
192
208
218
221
222
223
220
215
212
210
203
205
203
203
203
203
203
211
209
214
223
224
224
225
227
230
226
226
226
229
230
230
227
225
222
221
221
223
227
233
248
268
294
307
310
306
296
287
264
266
263
259
261
268
269
270
268
265
260
255
253
251
252
257
266
279
300
216
250
255
254
287
264
266
263
259
261
268
269
270
268
265
259
255
253
251
252
257
266
279
300
216
250
301
305
301
291
310
316
320
320
319
315
308
294
281
275
268
264
257
198
267
247
285
270
263
282
251
298
305
303
283
304
280
272
292
299
306
293
269
262
276
279
273
267
265
270
278
283
282
280
240
175
219
261
257
242
245
252
252
246
240
233
230
224
221
229
229
233
237
249
256
264
272
284
284
283
263
242
236
235
237
246
249
249
243
237
234
236
232
224
222
221
225
222
219
225
226
234
241
243
241
231
227
222
213
212
217
216
214
221
221
215
209
213
215
218
225
236
263
285
288
287
279
256
234
226
226
230
236
234
240
241
227
218
219
208
199
197
199
201
208
217
239
261
243
247
249
230
208
195
206
211
212
211
215
222
218
201
195
191
188
187
194
198
198
202
220
244
241
235
230
224
212
210
209
213
213
205
202
204
208
200
193
190
194
199
197
200
206
224
243
264
268
260
250
242
233
222
212
212
212
210
210
208
206
197
194
192
185
178
179
192
199
201
217
231
233
232
228
223
215
208
205
212
214
215
217
215
210
203
202
200
198
196
196
198
201
205
203
212
223
236
230
217
196
185
177
181
195
202
202
198
196
187
183
188
183
183
189
189
184
195
194
196
205
214
216
215
210
206
203
203
208
214
210
203
193
192
193
190
188
188
196
209
210
218
250
271
267
257
239
227
219
215
216
214
212
218
232
231
225
215
211
206
206
202
204
212
221
238
276
293
204
233
231
196
221
233
196
187
196
202
201
204
195
239
298
283
274
277
267
261
260
257
243
232
237
304
282
294
294
292
280
271
265
262
258
254
248
238
199
163
159
159
163
167
174
191
282
269
315
311
288
253
297
299
294
294
299
301
273
250
234
226
223
220
213
214
217
222
226
233
256
273
278
279
275
268
258
245
232
240
261
274
286
288
280
272
271
269
271
271
265
271
274
275
279
284
295
306
314
313
306
294
283
276
274
280
285
284
284
269
257
252
250
250
259
256
256
259
266
269
278
290
295
293
285
239
219
215
216
221
221
222
218
265
305
302
302
301
303
300
304
313
315
321
314
208
283
300
294
248
273
281
285
284
283
285
277
265
253
246
238
232
231
236
244
252
275
300
300
293
285
275
267
261
252
243
230
206
207
205
198
192
243
286
269
242
233
232
228
235
264
275
278
278
272
260
251
242
242
240
240
237
243
239
228
220
215
211
206
204
203
205
212
223
250
268
268
268
261
257
257
252
247
241
237
195
192
192
215
202
169
175
181
183
188
189
191
208
223
239
249
245
245
240
228
221
203
199
200
202
200
191
132
162
207
206
242
245
242
245
249
250
248
250
253
208
194
193
182
172
210
172
176
209
229
192
182
183
181
183
189
208
203
196
184
196
196
204
209
220
217
186
177
201
199
185
156
198
200
205
209
202
197
187
170
176
192
184
186
194
217
235
244
244
282
278
232
240
229
227
225
230
229
224
215
208
204
199
199
194
196
198
213
221
239
247
253
249
253
253
248
244
242
245
247
248
213
157
158
224
234
243
230
254
252
270
254
264
251
210
279
259
228
279
295
303
306
310
311
315
318
320
308
306
299
299
300
302
299
311
316
320
322
320
309
295
326
321
323
329
324
316
306
311
305
288
281
290
283
278
270
263
267
275
275
283
299
317
330
321
326
306
241
313
332
327
299
285
262
268
270
256
218
213
240
261
246
249
264
270
220
220
231
231
329
337
311
316
299
298
309
302
303
302
293
288
286
277
268
269
255
263
275
271
267
272
273
273
292
299
296
292
290
288
244
264
197
265
277
250
261
267
207
159
183
217
257
265
261
228
261
275
247
274
285
291
307
306
302
302
306
306
299
275
256
244
243
236
243
236
236
269
275
292
293
284
292
289
278
267
220
234
234
240
232
252
244
239
238
236
236
225
220
234
240
250
277
293
290
280
260
244
232
204
182
194
236
253
242
203
221
221
212
211
203
196
197
214
218
222
252
222
269
262
260
248
240
224
196
190
196
188
190
215
234
227
217
209
207
191
195
199
205
225
249
242
213
246
258
254
236
236
225
209
220
225
231
227
222
219
217
213
207
204
205
208
213
218
220
230
237
243
243
235
226
216
212
211
213
218
223
223
219
212
211
206
203
202
213
199
181
180
181
187
196
262
236
251
260
224
235
243
228
213
220
217
235
215
185
224
218
213
212
216
221
237
265
287
283
277
271
263
250
237
234
234
238
234
217
216
213
205
209
209
211
216
216
217
218
225
243
255
245
256
249
241
241
233
205
214
219
217
218
199
165
170
185
185
180
211
193
192
189
212
217
234
234
221
206
218
205
206
185
179
180
180
181
178
173
172
170
167
167
163
158
154
156
166
201
211
208
206
256
289
277
253
217
191
180
190
195
190
198
193
189
184
167
170
170
185
192
213
232
248
247
235
223
209
180
206
205
194
190
192
205
205
204
196
197
196
196
173
203
207
205
195
211
233
233
223
222
219
211
201
190
189
197
207
209
207
202
193
188
183
180
178
178
177
177
177
184
192
195
200
200
193
187
185
176
168
182
186
189
193
193
182
175
187
174
181
187
186
184
197
216
245
233
198
177
156
144
121
122
121
121
122
127
129
128
128
128
127
127
127
128
129
131
137
146
202
270
283
284
123
223
190
205
169
160
173
184
170
184
180
169
160
148
158
172
167
183
194
204
207
202
179
195
173
159
167
164
158
148
159
179
179
171
171
171
164
153
153
159
161
164
177
201
204
174
161
177
191
175
163
157
151
151
158
180
168
171
167
162
159
157
157
163
168
173
168
214
193
185
229
193
176
179
177
171
171
182
191
195
194
191
187
172
174
166
174
179
182
185
178
154
176
235
252
214
193
181
174
176
171
170
175
184
177
176
175
171
167
158
160
162
165
165
167
172
193
199
195
186
180
190
182
178
176
197
205
208
209
195
192
197
193
189
192
207
208
209
221
248
269
264
252
238
198
193
180
173
168
166
175
182
178
200
180
199
187
184
184
186
191
206
221
237
245
200
190
207
172
154
174
180
168
171
178
197
203
189
187
186
183
178
178
183
189
190
228
246
258
245
214
197
182
177
174
171
169
166
160
189
195
191
176
177
179
177
180
189
195
183
198
263
262
190
214
200
198
185
171
160
162
165
171
170
190
190
180
178
176
173
173
173
175
179
195
226
234
220
209
199
190
179
169
158
155
162
186
183
164
162
161
161
163
174
171
187
191
185
174
172
178
180
187
187
178
166
161
158
153
155
158
167
167
168
163
166
167
167
167
169
176
178
175
176
177
176
169
165
161
156
153
147
144
145
145
158
159
158
158
156
158
156
157
160
166
171
187
194
189
175
150
132
183
191
161
145
144
131
121
128
132
129
126
122
162
188
175
169
167
174
186
216
208
189
166
152
147
139
134
131
133
132
139
144
133
134
143
144
146
146
137
143
146
152
165
173
158
139
150
150
154
140
145
148
150
152
186
159
150
150
147
146
146
144
145
148
146
161
172
178
182
167
134
123
127
124
121
120
120
118
122
125
128
128
128
159
206
149
173
190
171
167
166
167
183
164
142
137
172
160
132
119
128
126
137
140
156
146
141
137
135
132
132
134
135
136
145
149
148
144
127
120
118
117
115
115
114
114
114
115
115
115
116
130
142
146
155
185
188
189
185
184
185
183
175
148
117
114
113
113
113
113
115
117
118
120
120
122
124
128
168
179
169
161
172
143
141
133
136
171
187
158
156
142
141
136
148
158
150
142
141
141
138
138
135
134
133
142
150
159
156
151
147
142
139
137
133
129
127
129
130
134
136
136
137
139
127
128
200
226
198
197
205
216
192
167
238
177
168
152
136
141
133
137
152
163
159
157
151
150
148
146
148
151
151
156
156
169
175
174
168
162
149
144
137
133
134
131
134
139
139
140
144
145
145
145
146
149
153
162
178
179
154
153
150
148
163
165
163
161
161
164
163
164
167
166
163
163
163
164
165
166
168
172
178
180
177
171
167
166
164
165
164
166
163
150
137
142
143
140
148
185
189
188
188
188
188
190
194
194
199
207
207
204
199
197
199
198
198
199
196
192
191
182
177
174
171
171
171
169
168
173
186
189
189
186
188
190
190
190
185
182
181
183
180
181
179
176
169
152
141
124
124
125
162
168
170
188
180
168
161
161
156
153
150
151
149
156
161
160
157
157
163
162
159
142
170
170
149
156
168
173
163
156
150
146
141
138
137
126
125
125
126
127
121
120
120
119
119
119
119
119
119
121
125
131
128
122
120
116
112
114
113
116
131
144
142
145
155
157
143
126
164
184
151
136
136
125
125
133
128
119
116
114
112
111
109
109
110
120
127
118
114
112
112
112
111
111
111
111
112
113
115
114
114
114
114
112
110
109
108
108
108
109
109
98
96
97
97
96
97
96
96
96
96
91
94
91
95
111
110
111
113
113
114
114
116
97
92
91
89
89
100
108
108
112
108
107
108
110
114
113
111
105
102
88
84
83
83
83
85
84
84
84
83
82
82
83
83
84
83
83
82
83
85
97
95
94
94
94
94
62
91
89
99
101
101
157
165
167
162
168
167
166
164
144
144
149
164
170
155
148
139
129
121
121
119
115
115
116
123
124
126
130
128
123
136
172
172
160
151
138
136
133
129
132
131
129
130
127
124
118
116
117
120
124
127
130
137
167
159
120
124
215
238
249
197
144
163
191
147
145
158
166
162
161
160
155
159
148
159
164
160
117
116
117
117
120
123
127
131
130
131
195
234
235
225
213
198
166
138
133
135
137
135
136
134
131
123
125
123
125
127
137
156
173
132
142
133
132
126
122
121
121
142
164
151
167
166
151
125
124
123
123
123
123
124
126
135
142
138
132
131
128
126
124
119
117
119
117
117
116
117
116
116
115
116
115
116
115
116
144
169
163
116
101
103
103
101
88
78
82
81
83
84
85
88
92
90
100
84
84
84
84
84
85
94
99
98
94
93
93
93
104
87
91
90
90
92
92
91
92
91
91
91
91
90
91
91
92
93
93
92
77
71
72
72
73
77
79
79
79
79
80
76
80
88
90
91
91
91
91
91
91
93
97
138
132
100
101
101
95
75
85
75
76
87
86
85
86
86
87
85
86
82
85
91
90
88
90
89
92
93
95
95
97
98
99
99
97
99
98
98
98
95
92
91
89
89
92
93
92
92
92
92
92
91
91
92
93
92
92
92
93
93
93
93
93
92
86
96
97
97
97
97
99
100
100
94
152
154
154
137
88
89
90
90
89
87
89
91
91
90
90
89
87
88
89
91
92
94
93
100
101
98
94
89
89
90
90
90
91
92
92
91
90
92
91
91
89
83
83
84
85
85
93
97
100
98
117
133
133
132
143
142
140
139
135
137
136
137
138
139
138
131
133
137
135
131
131
131
131
134
123
88
83
88
88
89
89
90
90
88
90
90
90
90
90
90
89
93
94
94
95
95
95
96
96
91
92
92
91
92
93
93
94
94
94
94
93
93
94
92
92
93
94
94
93
95
95
95
93
90
88
88
88
87
88
87
87
87
86
86
85
85
86
85
85
86
85
86
87
84
92
92
91
91
89
89
88
90
90
94
97
100
102
102
101
99
101
100
101
105
108
113
111
113
111
106
105
105
103
101
102
101
100
100
100
101
101
101
101
101
101
101
99
101
111
113
109
101
101
100
101
99
97
97
94
88
98
98
99
100
103
105
108
107
108
107
108
107
108
111
114
110
112
111
107
105
105
98
101
101
108
112
114
116
117
118
118
118
118
118
118
117
118
108
102
113
111
112
116
117
120
140
139
133
134
134
137
136
135
134
133
133
133
133
134
136
139
132
132
121
116
120
121
118
117
118
106
106
107
108
107
107
107
108
108
108
108
108
108
109
110
110
110
132
131
131
130
129
128
128
127
127
126
127
126
125
104
105
104
105
104
104
104
105
106
107
107
108
109
108
107
99
100
104
107
108
108
108
109
106
108
105
101
101
101
101
100
101
110
112
107
100
99
98
98
97
97
97
99
99
98
100
99
100
107
108
107
107
107
107
107
107
116
121
120
119
120
120
119
109
113
115
117
114
115
116
115
115
115
115
114
114
114
114
114
116
118
118
118
119
120
119
115
104
103
101
98
98
95
99
98
95
101
100
105
104
104
106
105
106
107
108
102
111
108
108
108
108
109
109
109
108
107
107
94
95
96
97
99
101
100
100
99
100
100
126
128
132
134
138
137
130
130
128
100
100
93
91
94
92
92
91
92
91
91
91
91
90
92
92
91
91
90
89
94
88
88
89
88
89
88
91
93
93
93
93
93
93
93
92
92
92
94
93
93
93
92
92
92
91
92
91
91
92
92
90
91
91
85
85
84
84
84
84
84
84
87
91
89
87
86
94
99
72
75
88
91
95
92
93
92
93
93
92
92
93
86
93
91
92
92
94
91
76
75
79
80
81
81
81
81
79
79
78
74
77
80
81
81
80
80
80
80
79
77
79
80
79
80
80
81
81
82
81
81
76
80
81
81
81
81
80
81
80
81
80
81
79
78
80
81
81
81
80
75
76
79
77
81
81
79
77
78
82
81
81
81
74
86
89
87
81
80
80
81
81
81
81
82
82
81
82
81
81
81
81
80
81
80
80
80
78
79
82
81
80
80
81
83
83
85
92
92
92
92
92
93
92
92
92
92
95
93
93
93
95
96
96
97
96
96
96
96
96
96
96
96
97
97
97
97
98
95
98
98
99
98
98
98
96
97
96
98
98
99
98
98
98
98
99
98
98
99
99
100
98
99
99
99
100
98
99
99
84
75
85
93
104
100
98
98
99
96
98
96
94
99
98
98
95
99
98
97
98
97
98
97
95
98
98
98
85
81
82
81
81
80
79
80
82
82
82
84
83
82
80
83
82
82
83
82
81
80
79
82
81
82
80
83
83
85
89
90
88
89
89
91
87
92
92
93
93
92
92
92
92
93
93
93
92
93
92
93
93
94
91
93
94
94
94
94
94
94
94
93
93
93
94
93
93
93
86
82
82
81
81
81
81
79
77
81
81
81
81
76
78
81
79
81
82
78
85
89
89
90
89
89
88
89
88
86
86
87
88
87
87
87
88
87
87
88
88
88
87
84
87
87
87
87
88
87
86
86
86
86
86
85
85
80
78
81
78
83
83
82
83
82
79
82
82
81
77
80
82
81
81
81
81
79
74
72
73
75
79
78
79
79
77
79
84
89
90
90
47
66
63
63
63
64
64
63
63
64
62
45
45
62
62
63
71
72
75
76
87
82
83
78
57
53
56
62
63
61
61
61
67
74
75
62
67
82
82
74
58
47
45
52
66
63
75
75
74
73
75
76
76
72
74
73
68
66
67
77
66
69
47
45
45
45
45
45
45
45
45
60
70
66
71
70
72
71
73
73
73
73
67
47
45
46
45
46
50
49
45
49
47
45
45
45
48
53
64
68
69
68
64
64
62
66
66
67
67
68
67
68
69
64
47
46
48
49
48
46
48
51
51
51
50
45
48
47
59
72
68
67
56
57
61
61
58
60
58
56
52
53
59
61
60
58
58
59
59
58
57
55
58
58
59
57
58
59
59
59
60
55
58
47
49
49
50
54
58
56
57
58
58
57
58
57
58
57
57
59
63
65
65
65
66
67
67
66
66
69
68
68
68
68
68
68
69
68
67
68
67
67
67
67
68
69
72
72
73
74
74
73
71
75
73
72
74
75
75
75
74
75
75
75
75
76
75
70
74
79
76
65
65
65
65
65
66
66
60
65
70
77
75
78
77
78
75
76
77
77
69
78
70
72
76
77
74
75
75
75
75
73
61
75
74
77
78
78
78
76
75
77
78
76
69
65
66
63
64
69
69
68
68
68
69
64
68
67
69
70
63
67
66
65
61
65
65
62
63
63
71
78
81
79
79
77
77
76
77
77
77
77
77
77
77
77
77
77
75
75
77
74
74
58
45
47
69
78
78
78
75
78
76
78
81
76
76
73
68
64
64
63
63
61
64
63
63
62
63
65
64
65
61
61
60
61
61
59
59
60
57
59
59
60
60
60
60
56
56
59
59
58
59
58
61
59
55
55
57
58
58
58
61
71
67
63
61
63
63
64
64
62
59
64
64
64
68
69
69
69
67
72
69
71
70
72
72
72
71
70
70
70
71
66
64
67
65
66
68
65
61
66
66
63
66
66
66
65
64
63
63
60
62
62
63
61
60
60
61
61
59
60
60
60
57
58
67
65
62
64
66
62
62
62
62
62
62
64
61
63
65
64
63
64
64
62
62
61
49
47
49
61
62
60
62
61
62
62
61
61
61
60
59
61
60
61
58
59
67
74
74
75
73
76
83
63
72
76
57
49
52
56
56
59
58
63
59
59
60
58
63
60
62
70
71
73
74
73
74
77
78
81
80
79
79
86
92
89
91
87
87
87
87
88
76
76
73
66
76
82
83
76
66
73
73
73
81
83
79
76
75
77
77
78
78
78
54
71
77
78
76
78
79
80
77
79
77
74
78
77
78
77
76
76
78
78
78
78
78
78
77
78
78
77
76
77
77
79
83
83
87
84
80
79
84
84
85
85
84
73
71
70
71
70
72
72
71
71
72
72
72
71
71
71
72
70
71
69
67
67
70
72
71
67
68
67
67
65
64
65
65
66
65
65
66
65
65
63
64
62
65
64
64
59
58
62
62
64
62
61
64
64
64
64
62
63
63
67
70
70
67
62
69
67
66
66
68
69
69
67
67
67
70
68
70
67
68
71
70
70
69
71
69
67
70
69
70
71
70
71
70
70
70
70
70
71
69
70
73
70
70
72
73
72
71
71
64
66
75
74
74
74
75
76
76
73
71
76
73
74
74
74
75
75
75
76
75
75
75
74
74
75
74
77
77
78
79
79
79
78
79
79
79
78
78
78
78
78
78
78
79
78
78
77
78
77
78
78
77
74
74
73
74
73
74
74
74
74
74
74
74
74
74
73
73
73
73
73
74
74
74
75
75
78
77
78
77
77
77
78
77
78
77
77
77
77
76
77
77
77
77
76
76
77
75
76
75
74
74
74
75
78
78
79
78
79
79
78
79
78
79
78
78
78
77
74
75
74
75
75
76
74
75
74
72
70
72
72
72
72
72
72
72
72
72
70
72
71
71
71
71
71
72
73
75
76
78
77
77
79
79
77
79
77
79
77
78
77
77
73
71
70
73
76
70
45
60
85
86
84
82
80
78
82
84
85
85
86
85
87
87
85
87
83
87
88
85
79
79
79
78
78
77
76
69
68
69
68
68
68
69
68
68
68
69
69
69
69
69
69
69
69
69
69
69
69
68
65
64
64
68
68
69
69
69
68
68
69
71
76
74
73
73
73
74
73
72
72
72
73
73
74
74
75
74
70
73
74
70
68
68
68
68
67
67
68
67
67
64
60
60
61
60
58
56
52
51
57
57
57
57
57
57
56
57
56
57
56
57
56
45
47
54
54
57
57
57
57
58
64
65
65
62
66
69
70
71
72
70
71
71
71
71
71
71
71
71
70
66
65
66
67
67
70
72
72
72
72
72
72
72
71
72
65
60
59
57
58
63
62
64
68
68
69
69
70
68
66
56
65
64
64
64
64
65
65
65
64
65
64
62
65
65
64
65
64
59
57
56
58
64
67
67
68
68
67
67
68
67
68
68
67
67
68
67
67
68
68
67
67
67
67
67
67
67
67
68
68
68
67
68
67
67
67
67
65
62
61
62
61
61
62
62
61
62
62
62
62
62
62
62
62
62
62
61
61
61
61
61
61
63
64
64
65
65
66
67
67
67
68
68
70
69
70
70
69
70
70
69
70
69
69
69
70
70
70
70
70
70
70
70
69
69
70
70
70
69
70
69
69
70
68
70
69
70
69
70
69
70
71
70
70
70
70
70
70
70
70
69
69
69
69
70
71
70
70
69
70
70
70
69
71
71
68
69
69
70
70
69
71
70
70
70
71
70
70
69
71
71
70
70
69
67
66
67
65
65
66
66
66
66
65
66
65
66
67
67
67
67
67
67
68
68
68
68
68
67
66
67
68
67
68
68
67
68
67
68
67
67
67
45
53
68
77
77
72
70
71
70
71
70
70
70
70
69
70
69
69
69
69
68
68
67
65
66
66
66
67
68
68
68
67
66
66
67
67
67
67
67
66
67
67
66
67
66
70
71
70
71
71
71
71
71
72
71
72
72
71
71
71
71
71
71
70
70
70
71
70
70
71
71
71
70
70
70
68
66
69
70
72
70
72
71
71
71
71
71
71
71
71
71
70
71
70
71
71
71
72
71
72
72
73
72
72
73
72
72
72
71
72
72
72
72
72
71
72
71
71
71
72
71
67
66
65
65
62
58
58
62
61
62
62
63
62
63
62
62
63
62
62
62
62
63
65
66
65
66
65
66
66
66
67
66
67
67
67
68
69
68
69
68
69
68
69
69
69
68
69
68
69
67
69
69
69
69
69
68
66
66
65
65
65
65
65
64
64
65
65
65
65
65
64
64
64
63
62
63
62
61
59
60
59
60
59
60
59
59
59
60
60
60
59
59
60
60
59
60
60
60
59
59
60
60
60
59
59
59
60
59
59
60
60
59
60
61
60
59
59
46
55
54
54
50
53
52
51
53
52
47
50
52
53
53
53
52
50
52
53
53
53
53
54
54
54
54
54
53
56
58
57
57
56
57
57
58
59
59
58
58
58
58
58
59
59
60
58
57
57
58
57
58
58
58
58
58
58
58
58
58
58
58
58
58
58
58
58
58
58
58
58
58
59
58
58
58
58
58
58
59
58
58
59
58
58
57
58
58
58
58
58
58
58
58
58
56
55
55
55
55
55
55
56
55
55
56
55
56
56
56
56
56
56
56
55
55
55
55
55
55
55
55
55
55
55
55
55
55
55
57
56
56
57
58
59
59
59
58
59
59
59
59
60
62
63
63
63
63
63
63
63
63
64
63
64
63
63
63
63
63
63
63
63
63
63
63
62
62
63
62
61
59
57
56
59
61
61
62
62
62
61
61
61
61
63
63
63
64
63
62
63
62
62
63
62
62
64
63
63
63
64
63
63
63
63
63
63
63
63
63
63
63
63
63
62
63
63
62
63
62
62
62
64
63
63
63
63
64
64
63
64
64
63
63
63
64
64
62
63
63
63
63
63
64
64
64
64
64
64
64
64
64
64
64
64
64
64
64
65
64
64
64
64
64
63
64
64
64
64
64
64
65
65
64
66
74
75
75
75
74
74
74
74
74
74
74
74
74
73
74
74
74
70
69
69
67
65
63
64
64
64
63
64
63
63
63
63
64
63
63
63
63
62
62
56
62
57
59
59
63
64
63
64
65
64
63
63
65
63
63
63
64
65
63
63
63
62
63
63
62
63
60
63
65
64
64
65
64
64
64
65
65
64
64
63
63
65
64
59
63
63
60
59
49
45
45
63
64
64
64
63
64
63
63
65
65
64
65
65
64
66
67
66
65
66
65
65
65
66
66
45
45
45
45
45
45
45
45
45
45
66
67
66
67
67
68
61
59
45
60
61
62
63
64
63
64
63
63
63
63
63
63
64
63
62
62
62
62
63
62
62
62
62
62
62
62
62
62
62
62
62
63
63
63
63
64
63
63
63
63
63
62
63
62
62
63
64
66
67
67
67
67
67
68
68
68
68
68
68
68
68
68
68
68
68
68
67
65
61
60
60
60
59
59
78
66
63
62
62
61
64
68
76
74
62
61
61
61
62
62
62
62
68
73
76
70
65
65
81
80
79
79
79
79
79
80
79
80
79
79
79
80
79
79
79
80
89
89
85
80
79
79
79
76
72
70
71
68
66
71
74
79
80
81
81
69
77
80
81
80
80
81
85
80
80
80
81
80
82
81
81
81
79
81
80
80
79
79
80
79
79
79
79
79
80
79
79
79
80
81
79
80
78
79
80
79
79
78
80
79
79
80
79
81
83
84
83
83
84
85
84
86
86
86
88
89
90
91
90
90
85
82
83
80
80
80
78
81
73
73
73
73
73
73
73
74
74
73
72
73
73
74
73
74
73
74
74
76
81
80
81
81
81
81
81
83
93
93
92
94
94
87
87
81
79
78
78
79
81
87
87
87
86
86
86
86
85
85
86
86
96
96
94
97
97
97
94
93
92
92
92
92
92
93
93
88
91
91
90
90
89
89
90
90
99
99
97
96
97
97
97
97
98
95
91
93
93
96
97
96
91
91
91
90
90
91
90
87
93
90
88
86
81
80
84
85
86
87
89
90
87
83
82
87
87
86
88
88
89
88
85
85
86
88
84
71
87
91
92
83
58
65
70
73
72
72
74
73
74
73
74
73
73
74
73
74
74
75
75
74
74
74
75
74
74
74
74
73
74
72
75
75
75
75
76
76
76
76
76
76
76
76
76
77
76
76
76
77
76
76
77
76
76
74
77
80
81
83
82
82
82
81
80
79
80
82
80
55
86
81
81
83
82
83
86
85
86
85
87
86
86
86
86
86
86
87
86
86
86
87
87
88
85
87
83
81
83
86
87
86
88
88
86
85
86
85
84
83
83
84
84
81
75
66
66
73
67
66
67
73
73
72
70
65
66
66
65
65
77
90
91
79
78
83
85
87
94
99
99
97
91
91
107
91
86
86
90
92
92
94
94
89
91
87
85
78
71
78
84
93
91
92
92
93
90
78
86
91
97
101
100
90
86
91
96
99
101
99
98
99
100
95
97
98
96
99
102
101
101
101
102
102
102
102
100
103
102
103
103
103
102
103
101
101
101
102
99
100
98
97
102
98
97
96
96
97
99
98
94
92
95
96
97
98
98
98
98
98
97
89
90
90
90
88
92
97
97
97
97
97
97
97
96
96
97
97
97
97
96
97
97
96
96
96
96
96
97
92
93
95
95
97
96
90
96
97
97
100
100
99
101
100
102
101
100
99
99
99
98
102
112
114
121
132
134
134
129
126
129
125
128
128
128
128
128
126
114
113
114
113
112
112
112
112
113
112
112
108
102
102
102
103
111
109
108
111
112
111
112
112
111
112
110
111
110
110
109
104
105
91
83
86
89
89
90
104
105
104
103
102
103
102
106
107
106
106
105
103
104
103
105
104
105
105
106
107
107
106
107
105
106
105
96
101
124
112
107
107
103
100
97
99
100
99
99
99
100
104
106
104
104
106
107
106
93
89
87
87
91
91
91
91
91
92
94
95
95
94
93
90
100
102
103
105
105
106
106
103
80
81
81
81
81
82
93
90
93
93
92
92
92
92
90
91
102
103
101
103
104
94
95
106
93
77
84
95
94
86
90
94
102
112
116
119
120
113
113
113
123
129
124
112
102
102
102
94
92
86
83
85
88
87
99
107
109
107
107
107
106
105
106
105
127
128
129
130
130
116
100
99
98
98
97
97
99
108
110
108
109
108
107
108
108
109
107
107
107
124
125
120
120
120
126
127
125
124
123
123
123
124
125
124
124
124
121
115
114
113
112
111
113
113
113
128
134
134
135
133
111
109
112
115
116
115
125
119
115
115
114
115
114
115
115
115
115
114
115
114
114
114
114
115
116
116
116
115
115
116
116
116
116
115
106
107
106
107
106
107
119
132
138
140
141
126
118
118
107
107
109
108
108
108
109
108
108
108
108
108
108
108
107
107
108
123
127
128
125
116
105
105
99
101
103
103
103
103
102
103
107
111
111
110
110
111
110
110
123
124
125
125
123
101
113
117
106
106
94
92
110
123
117
117
119
123
175
177
174
169
167
167
168
164
165
167
169
169
114
98
108
114
115
117
121
120
115
112
112
109
105
103
104
105
105
112
129
140
140
126
117
112
105
101
98
95
99
101
102
104
102
101
100
101
101
100
100
99
105
137
146
136
141
144
140
137
132
126
122
115
114
116
120
130
140
139
138
138
138
138
136
138
137
137
136
136
137
137
138
132
119
120
120
120
120
119
121
118
120
120
120
120
119
120
119
120
120
122
121
121
123
125
126
128
128
129
127
125
120
119
114
114
113
114
114
113
114
113
114
114
115
114
112
137
214
229
248
248
238
218
169
146
137
140
143
141
132
129
129
125
101
132
138
135
131
135
154
151
159
152
141
127
124
123
119
118
118
120
125
126
124
124
123
123
123
124
124
133
136
155
215
166
188
242
199
196
171
151
146
146
146
146
144
144
142
137
133
128
127
124
125
125
128
136
151
160
159
150
141
140
136
127
86
89
90
89
92
92
90
89
93
128
138
140
140
143
157
172
152
152
138
164
146
157
145
160
170
163
166
148
120
134
182
172
146
154
116
103
104
104
104
106
106
110
115
116
111
108
105
106
102
101
99
105
108
107
104
104
102
107
117
156
202
199
195
219
202
167
112
127
111
138
148
97
99
97
102
102
107
106
106
103
103
100
100
102
141
189
158
128
113
113
114
113
111
108
108
110
106
106
108
110
111
113
109
107
106
106
101
113
136
114
109
112
145
147
146
127
134
133
130
132
128
126
127
128
134
125
101
111
126
130
132
142
160
153
146
138
131
122
123
121
120
114
108
107
106
111
113
117
123
135
141
155
194
201
187
178
154
178
224
221
218
214
210
162
148
141
134
136
137
178
204
170
142
139
132
129
131
132
131
144
161
168
179
186
189
170
170
174
177
171
172
173
168
167
168
169
170
170
168
166
165
163
152
144
145
145
146
146
147
160
178
184
166
162
159
159
151
148
150
155
167
169
151
157
147
142
144
147
145
151
158
165
187
193
208
173
142
137
146
131
135
134
134
137
148
147
142
145
148
150
169
176
174
177
181
186
200
206
210
226
219
211
208
200
170
162
164
167
171
171
168
169
171
128
170
173
175
175
180
186
197
179
187
184
164
154
147
174
164
154
149
162
173
184
186
183
171
166
160
166
136
136
139
194
245
203
169
164
163
178
170
165
157
157
159
200
237
177
190
178
159
145
136
135
133
132
135
140
148
155
169
170
164
201
197
193
143
185
147
165
157
176
128
125
159
152
151
147
148
148
149
150
156
162
170
175
166
150
137
127
127
126
87
93
94
92
91
86
86
126
140
166
267
112
124
125
120
130
134
138
138
135
94
93
90
131
146
117
99
97
95
110
150
148
156
209
187
154
159
163
178
170
121
114
153
149
146
143
97
138
141
144
143
142
141
138
136
136
99
138
142
144
150
130
132
163
157
117
143
138
141
138
139
136
142
148
151
151
152
162
241
188
177
191
216
147
169
173
191
137
131
122
123
159
157
116
179
208
145
113
113
110
119
161
118
113
112
111
151
154
177
192
190
153
136
99
110
117
125
131
125
131
132
129
146
156
165
175
192
190
213
206
188
163
177
185
210
224
219
196
183
169
160
151
147
152
164
165
169
164
155
149
146
144
141
136
134
132
134
145
146
159
169
167
154
150
139
134
133
134
138
136
140
137
137
136
136
133
134
142
144
154
162
167
170
175
178
175
168
159
161
157
154
157
163
169
173
160
156
155
157
166
162
161
193
202
217
221
221
209
159
141
183
232
246
246
203
197
191
190
189
182
179
170
165
162
159
156
159
168
169
177
188
191
187
177
166
167
164
157
155
162
169
164
180
183
177
195
154
131
130
129
130
192
196
226
243
231
224
223
191
166
167
166
163
165
171
168
186
184
172
162
166
158
145
148
141
174
172
143
173
191
184
198
230
238
210
167
152
155
153
154
155
156
154
153
151
147
140
164
218
217
217
206
208
179
206
201
184
159
168
195
173
165
167
170
171
170
192
199
197
185
146
177
229
251
244
221
211
174
186
157
202
252
256
246
198
185
174
169
214
252
236
200
185
197
169
166
203
232
251
250
259
262
268
253
219
214
213
165
162
155
158
205
244
249
247
209
184
241
243
234
224
222
222
218
241
196
199
205
233
237
236
198
167
180
181
197
228
256
258
237
236
237
192
191
250
245
238
235
246
242
249
240
240
250
222
219
218
235
258
253
197
246
258
248
228
192
183
227
192
222
247
253
263
269
270
270
272
272
265
261
262
249
258
256
184
165
156
167
197
204
210
217
225
247
248
243
244
262
250
259
221
244
242
229
247
235
167
160
222
246
250
252
247
245
245
242
233
233
237
242
254
250
255
254
260
245
231
225
236
239
180
191
242
218
183
191
181
167
176
175
173
176
182
183
188
167
186
158
161
174
139
142
140
163
237
216
157
189
164
197
197
194
216
197
214
228
196
193
194
165
168
170
167
167
166
163
162
165
162
163
165
169
198
200
233
232
218
233
240
237
210
210
221
250
259
246
249
205
183
182
173
180
191
193
179
182
205
231
228
243
244
228
207
193
195
204
206
169
173
196
184
211
221
207
234
199
207
265
213
222
207
199
195
189
186
180
135
136
145
159
172
192
185
178
227
231
216
214
212
208
196
213
219
207
205
199
190
179
180
181
179
179
182
193
205
205
215
212
195
191
184
190
189
185
189
186
188
185
175
169
168
159
156
159
159
164
168
174
202
212
217
175
160
147
153
163
157
170
218
216
209
206
204
196
178
177
177
179
168
216
194
145
157
158
225
232
233
226
222
211
206
200
190
196
194
186
169
149
167
146
118
116
142
155
155
177
198
205
207
168
166
162
160
163
164
211
209
196
196
191
180
177
175
171
171
173
172
174
180
191
173
146
144
148
208
223
209
161
125
136
145
161
153
189
226
241
209
205
204
202
192
195
198
203
214
197
206
237
193
141
192
214
209
211
216
183
211
211
198
197
90
141
230
244
248
186
200
199
212
223
229
249
266
265
208
163
181
207
228
238
231
226
214
162
142
117
121
163
128
160
163
168
175
169
126
185
190
148
145
174
160
120
194
170
167
166
142
152
153
146
143
152
161
161
165
167
151
163
180
232
223
214
210
224
226
214
208
211
209
208
202
204
199
199
197
194
190
188
186
182
185
190
195
202
201
203
193
190
189
188
179
179
178
176
175
173
177
178
175
176
166
167
167
171
186
196
206
214
216
226
234
226
210
212
210
232
212
199
175
173
171
178
223
225
202
193
193
206
186
215
244
231
190
210
229
225
222
217
210
198
208
187
195
198
185
190
188
196
201
200
204
219
238
249
216
220
258
247
228
217
214
220
222
213
219
220
212
203
195
182
187
187
189
189
191
198
220
226
203
196
195
193
191
192
188
185
178
178
179
175
171
167
165
161
163
157
159
163
165
171
179
183
179
179
178
156
152
237
234
205
200
198
199
198
188
180
173
169
161
161
157
162
159
177
191
182
155
181
197
194
197
190
191
188
187
191
194
187
184
183
176
168
163
166
169
168
179
184
193
201
190
209
223
199
152
173
231
224
185
222
218
224
215
212
211
207
199
198
196
195
193
194
201
209
219
209
231
203
159
154
153
156
202
209
209
214
214
195
178
201
198
215
236
239
243
245
223
208
205
208
205
203
202
197
202
210
206
205
205
204
201
199
203
243
248
241
239
241
241
244
256
264
259
247
245
240
218
226
224
222
219
218
217
218
215
210
206
202
187
178
204
206
211
217
239
252
252
255
251
252
251
244
241
236
230
230
229
230
225
217
213
207
203
203
205
206
215
225
243
252
257
256
254
250
239
223
234
235
233
232
228
227
221
218
213
207
204
205
202
205
213
224
239
246
247
242
244
244
241
226
218
217
219
219
216
211
204
199
193
188
187
188
189
190
193
198
204
210
224
239
240
243
238
233
232
226
226
225
226
222
221
216
215
211
211
222
255
256
254
252
253
236
238
274
279
267
237
232
229
232
246
257
254
249
263
272
274
274
258
244
255
257
259
259
279
286
284
293
291
286
285
281
279
272
230
219
279
281
259
256
248
243
237
232
230
235
240
248
270
288
286
285
276
277
272
269
265
274
269
258
255
253
250
248
243
236
233
229
227
228
229
238
253
264
259
255
245
248
236
160
184
225
263
217
168
219
228
282
286
286
279
258
236
229
229
233
245
203
170
167
173
174
171
225
277
289
285
290
281
272
269
249
229
216
210
208
206
208
212
222
244
255
251
251
252
255
252
248
246
231
223
228
234
243
228
222
214
208
208
209
211
211
215
217
230
236
245
255
266
269
266
262
250
242
242
214
238
247
246
243
227
220
217
222
214
219
225
225
204
171
232
191
183
179
180
178
191
230
222
199
247
266
240
230
276
251
213
241
250
253
252
255
260
281
300
306
300
283
270
264
248
239
228
218
213
212
210
201
199
197
200
198
200
192
201
208
214
218
221
225
233
240
244
239
234
220
213
214
219
216
207
204
204
200
199
195
200
196
200
209
220
225
232
242
247
247
241
201
214
219
220
219
215
213
213
211
204
204
193
196
198
200
204
211
216
226
231
237
256
251
241
232
228
225
218
207
197
189
185
184
132
170
169
167
132
141
185
190
200
205
207
209
214
214
213
210
209
207
198
194
192
189
183
178
175
173
178
170
172
175
181
178
187
193
201
211
215
217
215
207
207
208
209
216
216
210
200
200
182
184
194
197
201
199
206
208
208
207
213
224
234
229
218
212
208
210
215
219
224
227
226
221
219
216
212
220
221
213
206
209
210
210
212
214
220
219
217
215
213
214
215
217
220
220
221
218
217
216
212
220
221
213
206
209
210
210
212
214
220
219
217
215
213
214
215
217
220
220
221
218
217
216
