267,5
266,8
254,8
246,5
247,2
251,3
265,2
271
277,1
268,6
263,4
278,3
299,5
295,7
294,4
298,6
299
295
286,7
283,4
277,9
271,5
268,9
259,3
250,7
245,7
256,9
259,6
263,4
274,5
299,1
285,7
287,4
286,5
283,8
275,6
280,9
284,6
279,3
282,7
282,3
278,5
276,3
275,2
271,1
271,2
269,8
271,2
266,9
282,1
308,1
311,3
309,6
311,7
316,7
333,7
344,4
334,6
340,8
324,3
308
302
300,6
298,2
296,9
290,3
285
276,5
261,9
246,3
227,4
229,5
226,7
225,9
228,7
229,3
234,9
244
270,8
291
286,2
272,1
267,2
262,5
270,2
270,2
268,3
262,6
263,9
262,8
261,7
260
255,3
239,9
236,2
234,2
229,4
229,8
234,9
243,5
248,4
265,4
296,5
319,8
311,1
315,4
308,2
306,4
298,7
291,7
269,3
257,2
267,8
272,8
266,2
256
250,5
243,9
237,3
237,9
236,5
236,9
239,7
243,4
230,4
207,7
210,8
214,1
221
226,6
229,1
225,2
224,8
273,2
285,1
284,9
284,3
286
280,9
273,9
267,5
261,1
263,4
270,5
269,2
263
267,7
267,9
272,7
274,6
272,5
265,2
269,5
281,1
282,1
285,5
288,4
290,8
286,5
280,9
280,7
280,5
277,7
279,6
270,2
238,5
226
232,9
232,6
234,3
234,4
234,2
239,9
245
258,4
269,4
262,7
273,5
269
265,5
272,6
268,5
260,9
266,6
269,2
267,5
265,7
265,8
260,6
254,7
256,2
260,4
246,2
271,6
270,1
257,2
251,7
236,3
258
272,7
270,8
263,7
258,3
257
259,2
253,1
252,1
245,5
248
256,4
257,3
253,7
250,4
250,9
245,7
242,3
232,2
228,8
224,2
227,6
230,9
237,8
265
263
250,1
250,7
242,8
252,9
258
255
244
257,2
250,1
253,3
226,5
223,3
228,7
223,8
219,1
235,7
268,3
249,4
256,4
298,7
270,3
285,1
302,6
276,5
290,3
303,3
306,8
307
305,9
298,9
288,9
281,8
279,1
271,8
261,5
263,1
273,7
269,7
253,7
239,9
238,7
231,7
248,5
255,5
267,4
286
309,4
290,6
244,5
304,4
247
300,9
319,6
311,5
302
305,3
301
303,2
293,9
279,9
262,6
255,9
264,1
258,3
266,2
267,8
268,5
268,9
269,8
274,4
274,2
272,8
277,2
282,2
285
281,6
280,8
276,9
271,2
272,6
274,9
274,7
272
260,9
249,4
263,2
252,6
242,9
219,1
198,5
200
219,2
231
234,2
257,2
270,9
272,8
287,2
292,4
293,2
292,9
286,3
285,4
290,1
289,9
289,2
291,2
291,2
285,4
279,2
273,7
272,9
272,7
268,3
267,7
262,5
267,6
276,3
292,3
300,6
294,1
289,7
289,5
288,2
288,8
287,5
282,3
283,3
282,1
281,5
280,5
275,6
268,5
267,6
265,2
265,1
265,1
265,1
265,1
265,1
265,1
265,1
265,1
265,1
272,4
221,8
214,7
209,5
205,4
200,9
204,7
211,8
223,2
225,2
227,2
227,5
254,6
225,5
185,3
280,8
386,5
360,8
369,7
376,1
381,9
385,6
393,2
399,8
385,4
353,1
337,6
317,7
277,4
281,8
280,3
276
274,4
259,2
271,3
274,9
263,3
257
256
253,5
256,9
257,2
260,7
262,8
267,4
280,6
310
324,6
331,6
333,4
331,7
326,9
315
311,7
307,8
290,1
272,2
263,6
257,8
228
224,8
215,1
215,4
197,3
193,1
234,8
262,3
280,4
322,9
343,1
334,5
374,7
286,1
272
321,4
327,4
329,6
328
315,9
364,8
359,6
359,1
346,3
267
305,1
321,2
304,5
293,5
287,9
281,1
283,8
279,8
279,3
280,2
287
296,6
317,1
320,4
325,2
308,8
272,8
261,1
283,8
298,7
301,9
303,4
305,3
300,6
293,7
290,1
285,9
276,9
279,4
275,8
276,8
276,4
276,9
276,9
287,4
285,5
292
304,8
307
306,4
308
311,4
315,1
309,5
310,1
309,6
313,5
315,6
315,4
311,6
307,6
304,2
302,4
303
305,9
311,3
320,2
341,2
369,9
408,1
427,2
430,8
424,8
410,4
397,9
364,1
367,7
363
357,9
360,9
369,7
372,1
373,6
370,6
366,2
358,1
351,5
348
345,9
347,8
353,9
367,3
386,5
416
295,3
344
350,9
350,2
397,9
364,1
367,7
363
357,9
360,9
369,7
372,1
373,6
370,6
366,2
358,1
351,5
348
345,9
347,8
353,9
367,3
386,5
416
295,3
344
418,7
424,2
417,8
404,1
430,4
439,2
445,7
444,9
444,7
437,6
428,2
407,4
389,1
379,9
371
365,2
355
269,8
369,6
339,5
395,5
372,8
362,7
391,2
346
413,8
423,4
421,2
391,6
421,8
388,4
375,8
405,1
415,7
425,9
406,9
371,7
361,9
382,5
386,9
377,9
369,1
366,3
372,6
385,3
392,7
390,5
387,4
329,4
235,6
299,4
360,6
353,9
332,9
337,1
347,9
347,8
338
329,9
319,3
315,3
306,8
301,9
314,3
314,4
319,5
326,3
343,6
353,4
364
376,2
392,9
394,1
391,9
363,9
332,4
323,6
322,6
325,7
338,2
343,2
342,9
334,3
326,3
320,7
323,6
318,3
307,1
303,4
303
307,6
304,4
299,1
307,8
309,8
321,2
331
334,6
331,7
316,6
310,8
304
290,6
289,8
296,3
295,2
293
303,1
301,9
293,7
285,2
290,4
293,8
297,5
308
324,4
363,4
395,2
399,2
397,5
385,7
353,1
321,6
309,3
309,9
315,8
324,2
321,3
330,1
331
311,4
298,1
299,5
284,4
270,3
267,6
271,1
273,1
283,8
297,1
328,5
360,2
334,7
339,7
343,6
314,9
283,1
265,1
280,4
288,8
288,9
288,6
293,6
304,7
297,9
273,4
265,1
259,7
254,5
253,7
263,9
270
269,4
275,3
301,2
336,2
331,6
322,2
315,4
307,1
289,9
287,1
284,7
290,8
291,1
279,3
274,9
278,7
283,9
272
261,9
258
263,6
270,6
267,7
272,5
281,5
307,6
334,9
364,6
370,9
358,7
344,8
333,6
320,4
303,8
289,7
290,1
289,9
287,2
286,1
283,1
281,6
268,1
263,1
260,9
250,5
240
242,6
261,1
271,4
274
297
316,7
319,4
318,4
312,1
305,5
293,9
284,5
279,4
289,7
291,9
293,4
296,3
294,6
286,1
277,1
275
271,7
269
266,6
266,7
269,6
273,7
279,2
276,6
290,1
306,1
325
316,2
297,1
266,4
250,2
239,5
245,4
265,4
275,8
275,7
270,1
266,4
254,1
247,8
254,3
247,1
248,2
256,6
255,7
249,8
265,4
264,3
266,9
280,2
292,6
294,8
293,9
286,9
281,2
277
276,8
283,6
292,6
286,5
277,3
262,5
261,4
262,8
258,2
255,2
255
266,1
285
286,3
297,7
344
375,5
369
354,2
328,7
311,7
300,4
294,1
295,3
292,5
290,2
299
318,1
316,6
308,3
294,5
287,7
281,4
281,2
275,4
278,4
290,1
303
327,6
382
406
278,4
320,1
317,2
266,4
302,6
319,4
266,2
254,2
266,9
274,7
274,3
277,8
265,5
328
414,6
392,6
379,6
384,1
369,8
359,9
358,5
354,7
333,8
318,5
326
423,1
391,4
407,9
407,6
405
388,4
374,6
365,9
361,8
356,7
351
341,3
327,6
270,4
218,9
213,5
213,2
219,3
224,4
234,5
259,1
390,7
372,1
438,2
432,3
400
348,9
413,1
415
407,5
407,7
415,8
418,2
377,6
344,4
322
310,5
306,2
300,7
291,2
291,9
297,3
304,3
310,4
320
353,3
377,5
384,9
386,4
381,3
370,9
356,5
337,2
318,5
330
360,6
378,7
396
399,4
388
375,7
374,8
372,7
374,4
374,4
366,9
374,4
379,5
380,4
386,9
393,3
409,7
426,1
437,2
435,5
425,2
408,8
392,1
382,1
379,2
388
394,5
393,8
393,4
371,7
355,2
347,6
344,5
344,3
357,2
353,2
352,9
358
367
372,3
384,4
403
409,2
407,3
395,5
328,6
299,6
294,7
295,8
302,5
302,6
303,6
298,4
366,3
423,9
419,2
420,4
418,8
420,8
416,2
423,2
435,6
439,1
447
437,6
284,6
392,2
416,8
407,5
341,1
377,4
389,6
394,9
394
392,1
395,3
382,9
366,8
349,6
339,5
327
318,7
317,5
323,8
336,4
346,8
381
416,2
417,4
407,4
394,6
380,7
368,6
360,3
347,4
334,4
315,3
280,9
283,1
279,2
269,7
260,5
334,6
396,1
371,7
332,5
320,4
319
313,3
322,8
364,3
380,5
385,3
384,6
376,9
359,3
345,4
333,8
332,9
330,3
329,5
325,9
335,1
328,3
312,2
301,3
294,8
288,4
281
278,6
276,8
280,2
289,3
306,1
344,5
370,6
370,9
371,2
360,4
355,4
354,2
347,5
340,9
331,6
325,9
264,5
260,9
261,4
293,5
275,2
227
237
244,6
248
254,4
256,5
259,2
284,7
305
328,6
343,4
336,9
337,2
329,5
312,7
303,1
277,4
271
271,9
276
272,6
260,1
174,3
217,5
282,3
280,9
333,2
337,8
333
337,8
343,7
344,8
342
344,5
349,3
284,2
263,3
262,3
246
232,3
287
231,6
237,3
285,3
314,2
261,1
246,8
247,8
244,6
247,6
256,3
284
276,2
266,1
249,9
266,8
266,8
277,7
286
301,8
296,5
252,5
239,7
274,6
271,7
251,4
209
269,7
272,4
279,4
285,6
275,6
268,3
254,3
229,2
238,3
261,4
249,8
251,6
263,2
297,1
323,5
335,6
335,8
391,3
384,7
319,4
329,7
314,4
310,9
308,9
315,1
314,2
307,1
293,8
284
278
271,4
271,6
264,5
267,2
270
290,6
302,3
328,3
339,7
349,6
343,5
349,1
349,2
342,2
335,7
333
337,2
340,5
342,4
291,2
209,8
211,4
306,5
321,2
334,7
315,9
350,1
347
373,2
351
365,1
346,6
286,9
386,3
358,1
313,2
386,1
409,4
420,8
425,8
431,1
432,6
439,3
443,1
445,3
428,5
425,3
415,7
415,9
416,6
420,4
415
433,2
440,1
446
448,4
445,8
429,7
410,3
454,6
447
450,5
458,6
451,5
440,1
426
432,2
424,4
399,8
389,5
402
392,7
385,1
374
363,2
369,1
381,3
380,3
392,9
415,8
441,4
460,2
448
454,9
426,1
332,2
435,8
462,7
455,5
414,9
394,9
361,4
370,7
373,1
353,7
299,1
291,5
330,2
360,1
338,5
342,9
365,2
373,5
302
302
318
318
458,7
469,8
433,5
439,9
415,8
413,8
430,5
419,3
421,4
420,6
407,5
399,5
396,6
384,1
370,6
372,2
352,7
362,9
381
375,2
369,5
376,7
378,3
377,7
404,8
415,7
411,1
405
401,9
400,3
336,2
364,8
268,3
366,1
383,6
344,2
360,2
369,9
283,3
213,6
247,3
297,7
354,5
366,8
360
313,1
361,1
381,3
340,6
379,7
395,2
403,9
426,8
425,1
419,6
419,5
426
425,6
416,2
381,3
353,1
336,4
335,3
324,9
334,8
325
324,7
372,8
380,2
404,9
406,2
393,5
405,4
400,7
384,8
369
302,1
321,3
321,4
329,9
319
348,3
335,6
329,6
328,1
324,3
324,9
309,3
301,1
321,2
330,2
345,4
384,1
406,7
402,1
388,1
359,3
336,4
319,1
278
246,7
263,7
324,6
349,1
332,8
276,9
302,8
303,6
290,6
289
277,6
266,7
268,9
292,3
298,8
304,2
347,6
304,9
371,9
362,7
358,8
341,9
330,3
307,8
266,3
258,7
267
255,3
257,8
293,8
321,7
311,6
297,6
286,3
282,5
259,9
265,8
270,9
280,2
308,8
342,9
333,9
291,5
338,9
356,2
351,2
324,2
324
308
285,3
301,9
308,9
317,2
311,5
304,6
299,7
297,5
291,2
283,2
277,7
279,2
284,8
291,2
298,2
301,6
316,1
326,7
334,2
334,1
323,4
310,8
296
290,5
289,2
292,1
299,3
305,3
305,8
300,3
290
287,8
281,5
276,8
275,1
291,3
271,5
245,4
244
245,2
254,2
266,5
362
325,2
346,1
359,3
307,2
323,5
334,5
313,1
291,1
302,2
297,6
323,5
294,3
250,3
307,4
298,7
291,4
290,5
295,9
303,1
326,6
366,2
398,4
392,7
384,5
375
363,8
344,3
326,3
321,1
321,9
328,2
321,1
296,7
296
291,6
279,5
285,6
285,5
288,5
295,4
295,9
297,4
298,1
309,4
334,2
352,5
337
353,1
343,3
332,5
332,4
320,4
280,2
293,4
300
297
298,5
271,9
222,1
229,2
251,5
251,3
244
287,9
262
261,4
256,7
290,4
297
322,3
321,9
303,7
281,8
299,1
279,2
280,7
251,6
242,8
243,4
244,1
245,5
241,1
233,6
232,7
230
224,6
224,7
219,4
212,6
206,1
209,6
224
273,5
288,5
284
281,4
354
400,9
383,2
348,9
297,6
260
243,4
258,2
265
257,8
270,4
263,2
256,8
249,9
224,7
229,6
229,1
251,7
261,4
291,2
319,6
341,6
341,1
323,4
305,2
285,2
244,3
280,9
280,6
264,2
258,3
261,1
279,8
279,4
278,7
266,4
267,7
266,2
266,3
233
277,1
282,7
279,6
264,8
287,9
319,8
320,4
306,2
304,6
300,1
288,8
273,7
257,9
256,9
268,9
283,2
285,7
282,5
276
262,2
254,9
248,7
243,8
240,7
240,4
239,6
239,1
239
249,1
260,5
265,6
272,4
273,2
262,2
253,3
250,8
238
226,9
247,1
252,2
257,4
262,7
262,1
247,1
237,2
254,1
234,7
244,6
254
251,9
249,5
268,4
296,1
338
319,7
270,3
239
209,8
191,4
159,3
160,1
158,7
157,9
160,6
166,8
169,9
168,3
168,8
168,8
167,1
166,9
166,7
169,1
170,8
173,7
181,8
194,1
276
373,4
393,3
394,3
160,9
305,4
259
279,5
228,2
215,2
233,9
249,3
229,5
249,7
244,5
227,5
214,9
197,3
212,6
231,7
225,5
247,7
263,5
278,4
283
275,7
242,2
265,9
233,8
214,2
225,1
220,5
211,4
197,5
213,5
242,2
243,1
231,5
230,2
230,3
220,8
205,1
205,5
213,4
216,5
220,3
239,5
274,5
278,4
235,9
216,4
239,8
260
236
219,7
211,1
201,7
202,1
211,5
243,7
227,2
231,1
224,8
217,7
214,2
211
211
218,7
226,2
233,3
226,9
292,3
263,1
251,7
314
262,4
238,1
242,6
239
231,4
231,3
246,3
259,3
265,5
264,7
259,9
253,4
232,3
234,8
224
234,8
241,8
247,2
250,8
240,8
206,9
238,7
323,2
348,2
292,9
263,3
245,9
235,8
237,4
231,5
229,9
236,8
250,2
240,1
238,8
236,7
230,2
225,3
212
215,5
218,2
221,9
221,8
225
231,7
263,2
271,5
265,8
252,3
244,5
258,3
246,9
241,5
237,7
268,6
280,2
284,9
285,7
266,1
260,8
268
262,2
257,5
261,1
282,6
284,4
286,3
302,5
342,2
372
365,2
348,4
327,5
270,2
263
243,4
234,4
226,2
224,4
236,8
246,5
240,4
272,6
243,6
271,6
254,5
250,3
249,2
251,9
259,5
280,9
303,4
326,4
337,7
272,9
258,5
282,3
233
206,4
235,1
244,5
226,4
231,3
241,5
268,9
276,6
256,3
254,1
252,7
248,4
241,5
241,5
247,9
256,4
257,7
312,6
338,8
356,3
338
293
268,5
247,2
238,9
234,8
231,6
228,6
224,3
214,4
256,4
265,6
259,9
237,6
239,5
241,9
239,2
243,8
256,8
265,5
248,8
269,3
363,3
363
258,5
293,4
272,5
269,4
251,1
231,1
215,6
218,4
221,6
231,6
229,8
257,9
258,1
243,4
240,5
237,9
234,4
234,4
234,1
236,9
241,9
266,2
310,2
321,7
301,3
285,9
271,6
258,6
241,9
227,4
212,6
208
217,3
253,3
248,7
221,2
217,5
215,8
216,9
219
236
230,6
254,7
259,8
251,6
234,6
232,8
241,2
244,6
254,7
253,7
241,6
223,2
216,3
212,7
205,6
207,6
212,3
224,7
225,6
226,8
219,5
223,3
225,5
225,2
225,4
228
238,3
241,5
236,6
238,4
239,6
237,5
228,4
222,2
216,8
209
204,3
196,2
191,4
193,1
193,9
212,5
213,4
212,5
211,5
209,7
212
209,4
210,5
215,1
224,4
231,7
254,1
264,9
257,1
236,3
200
175,1
247,9
260,1
216,8
193
191,7
172,6
159,1
169,3
175
170,6
165,8
160,1
218
256,1
236,2
227,4
225,9
234,7
252,7
295,6
283,9
256,7
223,6
203,7
196,9
184,9
177,3
173,9
175,9
174,8
185,4
192,2
176,5
176,9
190
191,5
195,6
195,2
181,6
191,2
194,2
203,6
222,4
233,3
212,3
184,4
200,6
200
206,2
185,7
192,8
197,1
200,1
202,9
252,1
214,2
200,7
201,1
196,5
194,9
194,6
192,4
193,6
198,3
195,4
217,3
232,3
240,9
246,7
224,7
177,5
162
167,1
162,8
158,8
157,6
157,9
155
159,7
165,2
169,5
168,7
169,2
213,5
280,9
199,8
234,5
259,2
231,7
225,5
224,3
224,8
248,9
221,1
189,5
182,5
232,8
215,6
174
156,6
168,3
166,2
181,8
186,6
209,4
194,3
188,4
182,4
178,5
174,9
174,3
177,6
179
180,2
193,8
198,8
197,6
192,2
167,6
157,5
154
152,6
150,1
150,3
148,9
148,6
149
150,1
150,8
150,8
151,5
172,3
188,9
195,1
208,1
251,3
255,5
256,8
251,4
250,2
250,8
247,8
237,1
198,1
153,2
149,1
147,5
147
146,9
147,5
150,4
153,3
154,9
157,3
157,4
160,9
163,9
168,4
226,1
243,3
228,5
216,9
232
191
187,1
176,1
180,9
230,9
253,7
212,7
209,7
188,7
187,8
180,4
198,4
212,2
201
189,2
188,4
188,4
183,6
183,2
179,1
177
176,4
188,9
200,8
213,5
209,2
202
196,1
189,6
184,8
181,4
176,9
170,2
168,2
169,9
171,7
177,4
180,5
180,4
181,6
184,9
168,2
169,1
273,1
310,7
270,8
268,9
280,4
295,7
261
225,8
328,3
239,6
226,7
203,2
180,7
187,2
175,5
181,6
203,6
219,2
213,7
210,2
202,7
201,4
197,6
194,4
197,5
202,1
201,6
209,3
209,7
228
236,8
235,8
226,3
217,7
199,9
191,9
182,7
176,8
178,3
173,3
177,2
184,9
184,6
185,7
192,8
193,8
193,4
193,5
195
199,1
204,4
217,6
241,6
242
206,6
205,6
201,1
197,8
219,6
222,8
219,7
217,4
216,8
221,2
220,1
220,4
225,6
223,6
220,2
219,6
219,6
220,7
223
223,8
227,1
233,1
241,4
244,7
239,5
230,7
225,3
223,3
221,2
222,8
220,8
224,4
220,2
201,1
181,4
188,7
190,4
185,9
197,7
250,8
257,4
255,5
255,5
256,3
255,6
258,1
264,3
264
271,2
282,8
283,2
279,3
271,8
268,5
270,9
270
270
271,6
267
261,8
259,7
247,2
239,2
235,8
230,9
231,4
230,8
228,3
226,4
234,5
252,6
256,5
257,3
252,8
256,1
259,1
259,1
258,6
252
247,2
245,1
247,8
244,7
245,5
242,5
237,7
228,6
203,8
187,2
163,6
163,8
164,6
218,1
226,5
229,4
256,1
244,2
226,8
217,1
216,7
209,2
204,9
201,5
202,5
199,9
209
217
215,5
210,6
210,4
220,3
218,4
214,5
189,9
230,3
229,2
199
208,9
227,3
234,1
219,5
209
200,9
195,5
187,7
183,1
182,3
166,2
164,6
164,9
166,8
168,1
158,6
158
156,8
156,3
155,7
155,9
155,4
155,4
156
158,3
165,3
173,3
169,6
161,1
157,4
152,1
145,8
148,9
148,1
151,9
174
192,1
190
194,2
208,4
211,6
190,9
166,1
221
249,9
202,8
180,9
180
165,2
164,7
175,7
168,4
156,5
152
149
146,7
144,2
141,9
141
142,9
157,4
167
155,2
148,5
146,2
145,8
145,3
144,3
144
144,3
144,4
145,8
148,1
150,3
149
148,8
148,6
149,2
145,9
142,4
141,8
140,9
140,1
140,5
141,4
142,1
125,1
123,5
124,4
123,7
123,2
123,7
123,6
123
122,6
123
115,9
120,1
115,7
122
145,1
142,7
144,3
147,9
148,1
149,3
148,2
151,3
124,9
116,9
116,1
113,3
112,3
128,3
140,8
140,4
145,6
139,8
138,7
140,8
142,9
148,4
148
144,2
135,5
131,7
112
106
103,6
104,7
103,7
106,5
105,3
105,2
105,4
103,7
102,8
103,4
103,8
104,4
105,1
104,2
103,9
103,3
103,7
107,7
123,7
121,8
120,6
120,5
119,4
120,6
74,2
115,3
112,9
127,1
129,5
129,7
210,6
222,3
225,1
218,8
226,8
226,2
223,8
221
192
192,6
200,2
221,4
229,4
207,7
198,2
185,3
170,4
158,4
159,6
156,5
150,8
150,4
151,8
161,7
163,1
166,8
172,6
169,3
161,3
180,9
232,1
232,2
216
202,7
182,9
181,4
176,9
170,1
175,3
173,2
171
172,5
168
163,4
154,4
151,6
153,5
158
162,7
167,6
171,5
181,6
224,8
214,1
158,1
162,7
294,5
328,6
343,4
269,4
192,9
219,5
260,8
196,4
194,4
212,7
224,7
218,3
216,4
214,7
208,6
213,4
198,7
214,2
221,4
215,7
152,6
152,5
153,4
153,4
158,3
161,8
167,9
173,4
171,5
173,2
265,3
322,6
323,9
309,5
291,8
269,7
223,7
183,8
175,8
178,8
181,9
180
180,2
177,6
173,9
162,3
164,6
162,1
164,6
168,3
181,6
210
234,9
174,3
189,1
176,5
174,7
166
161,1
159,5
159,6
189,8
220,6
202,7
225,2
224
202
164,4
164,1
162,4
162,3
162,1
162
163,1
166,1
178,8
190,1
183,3
175,4
173,7
169
165,7
162,9
156,3
153,8
155,5
152,8
153,4
151,8
152,7
152,4
152,2
150,9
151,9
151,1
152,4
150,9
151,8
192,8
228,4
219,5
152,4
130,1
133,8
132,6
129,8
111
96,4
103,3
101
104,5
105,9
106,9
111,7
116,6
114,5
128,2
105,1
105
105,1
105,4
105,7
106,7
119,8
127
125,2
119,5
119,2
118,6
118,4
134
110,1
115,2
114,4
113,8
117,1
117,8
116,2
116,8
116,5
115,8
115,4
115,4
114,8
116
115,3
117
118,2
119,2
117,2
96,1
87,3
87,9
88,5
89,3
95,3
99
98,8
99
98,8
100,3
94,8
99,7
111,9
113,7
115,8
115,2
115,9
115,3
115,6
115,2
118
124,7
184,4
174,9
128,7
129,6
130,1
121,4
92,9
106,7
92,4
94,6
109,5
108,4
107,2
108,3
109,2
110,1
107,4
108,2
102,2
107,6
115,1
114,4
112
113,9
112,4
116,6
118,7
121,6
122,1
125
125,6
126,7
127
124,7
127,5
125,4
125,5
126
122,1
117,4
115,7
112,8
113,3
117,4
118,1
117,8
117,7
117,5
117,7
117,1
116,1
115,2
117,5
119,4
116,9
117,4
117,3
118,1
118,3
118,5
119,3
118,6
116,8
108,5
122,7
124,6
124,8
124,6
125
127,3
128,6
128,9
119,7
203,8
206,4
206,6
181,6
110,9
113,2
114,9
114,6
113,5
110,2
112,7
115,8
115,6
114,9
114
112,7
109,9
112,2
113,3
116,3
118
120,1
118,8
128,9
129,7
125,9
120,9
112,3
112,8
114,7
113,7
115,1
115,8
117
117,2
116,5
113,8
117,7
116
115,3
112,4
104,6
104,2
105,2
107,5
107,9
119
124,1
129,4
126,3
153,5
176,4
176,6
174,9
190,5
189,2
186,8
184,5
179,4
181,8
180,8
181,9
183,2
184,6
184,4
173,7
177,2
181,8
179,4
173,4
174,2
174,3
173,4
178,3
161,5
111,1
104,7
111,9
111,3
112,3
112,4
113,8
113,8
111
114,7
114,9
114,4
114
114,9
114,5
113,5
118,3
120,2
120,4
121,4
121,6
122,2
123,6
122,9
116,4
117
116,9
116
117,3
118,7
119
119,7
120,3
120,9
119,9
119,4
119,1
119,9
117,9
118
119,2
120,3
119,8
119,5
121,5
121,1
121,3
118,5
114,7
111,1
112
110,9
110,7
111
109,9
110,5
110,4
108
108,7
106,6
107,7
108,4
107,6
107,7
108
107,5
108,6
110,7
105,5
117,7
117,2
115,8
116,2
113,4
112,7
112,2
113,8
114,9
119,7
125,3
129,6
131,6
131,1
130,3
127,3
130
128,8
130,4
135,5
141,1
147,1
145,2
147,3
144,9
137,2
135,9
135,7
132,9
129,8
131,2
130,3
129,6
129,4
129,3
129,8
130,9
129,9
129,8
131,1
129,9
129,7
127,3
130,8
144,2
148,1
141,6
129,8
129,9
128,5
130,5
128
123,9
124,5
120,9
112,2
125,8
126,7
126,8
128,9
132,9
136
139,8
138,4
140,1
138,8
139,8
138,9
141,2
144,7
149,1
143,9
145,7
145,4
138,9
136,7
136,4
125,5
130,7
130,2
140,6
146,8
149,8
151,5
153,4
155,6
155,4
154,9
155,4
154,9
155,3
154,2
154,8
141,1
132,5
147,9
144,2
146,9
152,5
153,8
157,6
186,1
185
176,7
178
177,9
183,1
181,2
179,1
177,7
176,5
176
176,5
176,8
177,6
180,6
185,9
175,2
175
159
152,2
158,1
159,6
155,2
154
154,8
137
137,4
138,7
140,9
139
138,6
138,4
140,7
140,9
140,3
139,9
141,1
141,2
141,4
143,4
143,8
143,1
174,7
173,4
174
172,9
171,5
168,9
170
168,2
167,5
166,5
167,4
167,1
165,8
135
136
135
136,2
135,4
134,9
135,3
136
137,6
138,7
139,7
140,2
141,3
140,4
139,3
127,7
129,2
134,5
138,6
140
140,2
140,2
141,3
138,4
141,2
136,2
130,7
130,9
131
130,2
129,7
130,1
143,2
147
139,2
128,7
128,1
125,5
125,8
124,1
125,4
125
127,5
128,2
126,6
129,2
128,2
128,4
139,3
140,5
139,7
139
139,8
139,1
139
138,9
152,1
158,8
158,2
156,8
158,4
158
156,6
141,8
148,5
150,5
154,3
149,8
150,2
151,5
150,2
150,5
150
151,3
149,4
149,3
149,3
148,8
149,6
151,8
154,8
155,2
155,6
156,6
157,4
155,9
150
134,9
132,7
130,5
126,6
126,2
121,4
126,9
126,5
122
129,8
129
135,8
135,4
134,7
137,1
136,6
138,1
139,2
139,9
132,3
145,6
140,4
140,8
140,9
141
142,1
142,4
142
140,2
138,9
139,7
120,3
121,5
123,9
125,1
128,2
129,8
129,7
129,7
127,6
129,6
128,5
167
168,8
175,5
177,7
183,9
182,5
172,5
172,3
169,5
129,4
128,9
118,3
116,4
119,7
118,2
117
116,2
117
115,6
116,5
116,1
116
115,3
116,8
116,8
116,7
116,1
114,2
112,6
120,3
111,8
112
112,5
112,3
113,2
112,2
115,6
119
118,6
119,6
118,9
119,2
118,4
118,6
118,2
118,1
118,1
119,9
118,8
118,9
118,3
117,8
117,6
117,2
116,3
117,2
115,5
116
116,9
117,2
115
115,4
115,5
107,6
107,1
106,7
106,6
106,3
105,9
105,8
106,7
109,6
115,6
113,7
110,5
109,6
121
127,3
88
93,3
112,1
115,6
121,7
117,3
119,6
117,2
119,3
118,7
117,8
118
118,7
108,9
119
116,6
117,8
118,2
120
116,8
94,8
92,8
98,4
100,4
101,2
101,7
101,5
101,1
99,1
98,2
97,8
91,3
96,6
99,8
101,5
101,4
100,9
100,2
100,5
100,2
99,2
96,1
99,3
100,3
98,7
100,5
99,7
101,7
101,2
102,5
102,4
101,8
95,1
100
101,8
101,9
101,3
102,1
100,1
101,4
100
101,5
99,8
102,2
99,5
97,7
100,7
102
101,6
101,2
100,6
93,6
94,2
98,4
96,1
101,3
102,3
99
95,2
97,9
103,7
101,9
101,4
101,7
91,5
109,3
113,6
109,9
101,1
100,7
99,7
101,4
102,1
101,6
101,4
102,6
102,8
102,1
103,6
101,7
101,9
101,6
101,2
100,4
101,2
100,2
99,6
100,8
97,6
98,9
102,5
101,4
100,5
100,4
102,3
104,8
104,5
107,6
117
118
118,3
118,3
117,9
119,3
117,2
117,9
117,7
117,2
121,4
119,6
119,3
119,7
122,5
123,5
123
124,9
123,1
124,1
123,8
123,7
123,5
122,7
123,2
123,4
124,6
124,5
124,2
125,4
126
122
126,4
126,7
127,7
126,5
126,7
126,3
123,1
124,2
124
126,7
126,9
127,1
125,6
126,1
126,4
126,8
127,1
126,5
126,6
128,4
127,9
129
126,3
127,3
127,3
127,2
128,6
125,6
127,7
127,3
106,6
92,8
107,1
118,5
135,6
129,2
126,4
126,2
127,4
123,2
126,7
123,5
120,3
127,3
126,7
125,9
122,2
127,8
126,5
125,4
126,3
124,9
126,1
124,9
121,8
126,6
126
126,1
107,6
101,2
102,9
101,3
101,4
100,5
99,1
99,9
103,7
102,7
102,6
105,4
105,2
103,7
101
104,6
103,9
103,5
104,2
102,6
101,9
100,4
98,5
103,6
101,1
103,2
100,9
104,5
105,2
108,1
113,4
115,5
111,8
113,5
113,6
116,1
110,8
117,6
117,4
118,4
118,5
117
117,1
118,1
117,8
118,7
118,6
118,9
117,9
118,6
118
118,5
118,5
120,2
116,2
119,8
120,4
120,3
120,9
121,2
120,9
121,1
120,4
119,7
119
119,6
119,9
119,4
119,6
119,3
109,7
103,1
102,6
101,8
102,1
101,2
101,4
99,5
95,9
101,8
101,4
101,2
101,4
94,6
98,1
101,5
98,3
101,1
103,2
96,8
107,7
113,6
113
114,1
113,8
113,8
112,5
112,7
112,2
109,1
109,5
110,7
111,7
110,9
110,6
110
112
110,8
110,4
112,3
112,4
112
110,6
105,7
110,4
110,4
110,6
111
111,5
110,7
108,8
108,9
109,3
109,4
108,6
107,6
107,3
100,1
97,5
101,6
98
104,3
104,6
103,8
104
103,1
99,2
102,8
102,6
101,9
96,2
100,5
102,7
101,5
101,7
101,8
101,8
99,3
91,5
89,1
90,5
92,8
98,3
97,7
99,4
98,3
95,8
99,4
106,4
113,2
115,4
114,8
52,3
80
76,5
75,8
76,4
77,4
77,9
75,7
76,2
76,9
73,7
50
50
74,2
74,2
75,4
86,9
89,2
93,7
94,3
111,2
102,9
105,4
97,8
66,7
61,9
65,5
74,8
75,5
72,6
73,6
72,6
82,3
91,5
93,9
75,1
81,5
102,6
103,9
91,3
69,2
52,3
50
59,9
80,6
76
93,7
93,8
92,2
90,4
93,1
94,4
94,8
88,8
92,2
91
83,4
80
81,6
96,5
80,1
84,1
53
50
50
50
50
50
50
50
50
72,1
85,6
80,5
87,8
85,4
89,6
88
90,7
90
90
90,1
82
52,6
50,1
50,9
50
51,1
56,7
55,5
50,6
56,1
52,3
50
50
50
54,8
61,8
78
83,6
84,5
82,9
77,6
77
74,4
79,8
80,4
81,1
82,3
82,5
81,7
83,5
84,1
77,7
52,4
51,1
54,4
55,5
53,6
50,9
54,8
59,2
58,5
58,9
56,9
50
54,2
52,1
70,4
89
83,6
82,2
66,5
67,2
73,6
72,3
68,3
71,3
69,4
65,5
59,8
61,9
70,4
72,5
71,4
69,3
69,3
69,9
69,7
69,2
67,7
64,9
68,9
68,8
69,9
67,8
68,3
70,3
70,2
70,2
70,9
64,4
68,1
52,8
55,7
55,3
56,6
63,4
68,5
65,3
67,8
68,5
68,3
67,6
68,3
66,9
68
67,4
67,7
69,6
76,6
78,6
78,6
79,2
80,1
81
81,9
80,2
80,6
84,1
82,9
83,6
83,1
83,6
83,1
83,5
83,9
83,2
81,9
82,6
81
82,2
82,2
81,6
83,1
83,9
88,6
89,4
90
91,6
92,4
90,9
87,5
93
90,6
88,7
92
93
93,3
93,7
92,5
92,8
93,3
93,3
93,3
94,8
93,1
86,6
91,7
98,6
94,7
78,8
78,7
78,7
78,6
79,1
79,8
79,7
72
78,9
86
95,7
93,7
97,9
96,7
98
93,8
94,5
95,6
96,2
84,3
98,2
85,8
88,6
95
95,7
91,2
92,7
93
93,3
93
90
72,8
92,6
91,2
96,1
97,5
97,1
97,3
95,1
93,1
96,6
97,4
94,2
85,3
78,7
79,6
75,6
77
85,2
84,1
83,4
83,4
82,5
84,1
77,6
83,4
81,5
84,3
86
76,2
81,3
79,9
79,3
72,7
79,2
79,1
74,7
75,3
76,2
86,9
97,4
101,4
99,2
99
96
95,9
94,4
96,2
95,9
96,6
95,5
96,5
96
96,6
96
96,3
95,8
93,3
93,6
95,8
91,6
91,9
68,4
50
52,8
84,5
97
98,1
97,2
93,3
97,3
94,9
97,2
101,6
94,2
94,2
90,6
83,8
77,4
77
76,4
75,5
72,6
77,2
75,7
76,3
74
76,7
78,6
77,5
78,4
73,8
73,8
72
72,8
72,9
70
70,6
72,4
68
70,8
70,8
71,2
71,5
72,4
71,8
66
66,3
70,1
70,6
68,5
70,3
68,5
73,6
69,9
64,4
65
67,6
68,5
68,3
68,1
73,8
87
81,5
75,8
73,6
75,9
76,5
76,8
77,3
75,1
70,1
77,9
77,7
77,1
83,7
84,5
84,8
85,1
82
89,5
84,8
87,3
85,8
89,1
89,5
88,4
87,3
86,7
86,7
86,1
87,5
80,3
77,8
81,2
79,6
80,1
82,8
79,2
73,1
79,7
79,8
76,6
80,8
80,4
80,7
78,6
77,2
75,6
76,1
72,3
75,1
74,6
75,4
72,6
71,2
72
73,3
73
69,7
72,2
71,6
71,5
67,7
68,2
81,4
78,5
75
77,6
81,1
74
74,7
74,6
75,3
74,4
75
76,9
73,9
76,7
78,4
78,2
76,3
77,5
77,1
75,2
74,4
73,4
55,4
52,4
56,5
73,7
74,1
71,9
74,4
73
74,1
74,4
73,7
72,7
72,9
72,2
70,8
72,5
71,8
72,5
68,6
69,9
82
92
91,8
93,1
91,1
94,5
105,4
76,4
89,6
95,2
67,2
55,7
60,6
66,3
66,2
70
68,4
76
70,7
70,6
71,8
69,1
76
72,2
74,3
86,9
88,3
90,6
91,7
90,3
91,4
96,4
97,8
101,6
100,4
98,7
99,7
109
117,6
113,5
116,8
110,7
111
110,6
110,6
112,3
94,7
95,6
91,2
80,3
94,3
103,2
105,4
94,4
79,9
89,9
90,4
90,9
101,4
105,3
98,8
94,6
93,4
95,8
96,7
97,5
98,5
98
62,6
87,4
96,7
97,6
94,7
97,6
98,9
101,1
97
99,7
97
91,7
97,4
96,4
98,2
96,2
95,6
94,6
97,6
97,3
97,4
98,1
98
97,1
96,4
97,1
97,3
96,6
94,2
96
96,3
98,6
105,5
105,1
111,2
106,5
101,4
99,9
106,6
105,8
107,8
107,5
106,9
91
87,7
86,5
87,2
86,7
88,6
89,1
88,4
88,3
88,7
89,4
88,9
88,3
88,4
88,4
88,5
86,6
87,4
84,3
82,5
82,1
86,7
88,9
87,7
81,6
83,4
82
82,2
79,3
78,2
79,4
79,3
79,9
79,5
79,2
80
78,8
78,4
76,1
77,1
74,6
78,4
77,4
77,5
69,8
68,4
74,1
74,3
77,4
74,9
73,6
76,9
78,3
77,8
77,6
75,2
76,8
75,5
82,5
86,1
85,8
82,6
75,1
85,1
81,8
80,2
80,5
83,5
85,1
85,3
81,8
81,9
81,8
86,1
83,1
86,4
81,6
84
87,7
86,1
85,7
85,1
87
85,1
81,6
86
85,4
85,9
87
86
88,1
85,8
85,9
86,4
86,2
86,2
87,4
85
86,5
90,1
86,5
86
89,5
90,2
89,2
88,2
87,6
76,9
80,4
93,1
92,1
92
91,4
93,9
94,5
95,1
91,1
87,8
94,3
90,7
91,9
91,7
92,6
93,5
92,8
93,9
94,3
93,5
93,7
92,8
92,2
92,2
93,5
92,2
95,8
96,1
97,2
99,2
99,5
98,6
97,9
99
98,8
99,6
97,2
97,9
97,5
97,9
97,9
97,2
97,5
98,7
97,7
97,5
96,8
97,7
96,6
97,4
97,1
96,5
92
92
91,1
91,5
91
92,6
92,4
92,4
92
91,8
91,4
91,6
92
92,2
91
90,5
91,1
90,8
90,3
91,3
91,4
92,1
93,2
93,3
97,1
96,3
97,7
95,7
97
96,2
97,2
96,3
97,7
97
97
96,8
96,5
95,3
96,9
96,3
96,1
96,5
95,1
95,1
96,4
93,6
95
93,2
92,4
92,3
92,6
92,7
97,7
98,1
98,8
98,3
98,5
98,7
98
98,5
98,1
98,5
97,6
97,9
97,2
95,8
92
93
92,5
93,4
93,7
94,4
91,3
93
91,4
88,6
85,9
88,9
89,2
89,2
89
89,1
89,2
88,8
89,4
89
86,8
88,5
87,6
88
88,1
88,1
88,3
88,8
90,6
93,6
94,5
97,2
95,7
96,2
99,4
98,5
95,8
98,9
96,8
99
96,4
97,3
96,7
96,1
90,2
86,9
85,6
90,7
94,4
86,3
50
71,2
107,6
108,7
106,4
103,4
100,8
97,4
102,8
106,3
107,8
107,9
108,8
107,7
110,6
110,2
108,4
111
105,2
110,9
111,9
107,5
98,8
98,7
99,4
98,2
97,6
96,9
94,5
84,5
83,6
84,2
83,3
83,5
83,3
84,6
83,7
83,4
83,4
84,2
85
84,7
84,8
84,8
84,8
84,7
84,5
84,5
84,6
84,9
84,6
83,3
78,2
77,2
77,5
83,6
83,8
84,6
85
84,5
83,1
83,9
84,3
88,1
94,1
92
90,9
91,1
90,4
91,7
90,7
89,4
89,2
89,5
90,1
90,2
92,2
92,4
92,7
92,5
86,7
89,9
91,9
86,8
82,6
83,2
83,5
82,5
82,3
82,2
83,6
82,1
81,3
77,7
72,3
72
73,1
71,8
68,6
66,1
60,6
58,7
66,9
67,4
67,6
66,7
67,5
67,4
66,5
67,2
66,1
67,6
66,3
66,7
65,2
50
53,1
63,5
63,3
66,7
67,8
67,3
67,8
69,1
77,8
78,8
79,1
74,9
80,4
85,2
86
88,1
88,4
86,5
87,3
86,9
87
87,2
87,7
87,6
87,6
87,3
85,7
79,9
78,3
80,1
81,1
81,1
86,3
89,6
89
88,8
89,3
89,5
88,8
89,1
88
88,6
78,2
71,7
69,9
67,4
69,3
75,5
74,5
77
83
83,1
84,9
84,9
85,6
83,2
79,6
66,4
79,5
77,6
76,7
78,1
78
78,5
79,5
78,3
77,6
79,1
76,7
74,9
78,8
78,2
77,9
78,5
77,9
69,9
67
66,2
68,9
77,6
81,4
81,8
82,6
82,8
82,4
82,2
83,2
82,2
82,7
82,6
81,8
82,4
82,5
82,2
82,3
82,6
83,3
81,9
81,6
81,4
81,1
81
81,4
81,2
81,4
82,9
82,5
82,9
82,4
82,5
81,8
81,6
81,8
81,6
78,7
74,2
73,6
74,1
73,7
73,6
73,8
74
73,4
74,4
74,2
74,2
74,4
74,1
73,9
74,3
74,4
74,2
74,5
73,6
73,3
73,3
73,2
73,6
73,7
75,3
76,8
77,5
78,5
79,3
79,8
81,6
81,3
82,2
82,9
83,6
86,5
84,8
86
86,1
85
86,1
86,4
85
85,4
85
84,2
84,1
85,6
86
86
85,7
86
85,3
85,9
85,3
84,8
84,7
85,6
85,4
85,5
85,1
85,3
84,7
84
85,8
82,8
85,8
84,8
85,9
84,5
86,1
85
85,9
87,1
86,4
86,2
86,5
85,7
86,3
86
85,6
85,3
84,9
84,9
84,4
84,7
85,5
86,7
86,2
85,7
85
85,7
85,6
86,2
84,9
86,9
87,5
83,8
84,3
84,8
85,3
85,3
85,1
87,1
85,5
86,5
86
86,7
85,3
85,9
85,2
87,8
88
85,9
86,5
84,6
81,9
79,6
81,4
79
79,4
79,7
79,8
80,6
79,6
79,2
79,5
78,3
80,8
81
81,8
82
81,9
82,3
81,4
83,1
83,6
83,4
82,6
83,1
80,9
80,6
82,2
82,7
82,3
83
82,6
81,7
82,6
82
83
81,9
81,6
81
50
60,7
83,2
95,8
95,8
88,2
85,8
86,8
85,6
87,1
85,5
86
86,6
86,4
85,2
85,3
85
84,1
83,9
84,2
83,7
83,6
81,4
79
79,9
79,5
80,5
81,4
83,6
83,5
83,6
81,8
79,8
80,7
81,7
81,3
81,4
81,5
81,4
80,4
81,3
81
80,4
81,1
80,7
85,2
87,1
86,2
88
87,8
87,2
88
87,5
88,2
87,8
88,1
88,6
87,8
87,1
88
87,2
87,2
87
86,3
86,4
85,9
86,9
86,5
86,3
86,7
86,8
87,2
86,2
86,2
86,5
83,1
79,9
83,8
86
88,2
86
88,4
87,3
87,9
86,8
87,9
87,3
87,9
88
88
87,7
85,9
86,8
86,4
86,8
86,9
87,5
88,1
87,8
88,5
88,5
89,6
89,1
89
89,9
88,4
88,2
89,5
87,8
89
89,4
88,6
89,4
88,1
87,1
88,4
87,2
87,9
87,1
88,4
87,4
81,3
80,4
79,2
79,1
74,2
68,2
68,8
74,1
73,2
74
73,8
75,9
74,4
75,3
74
74,5
75,2
74,5
74,4
74,4
74,9
75,2
78
79,8
79,1
79,5
79,3
80
80,7
80,1
81,3
80,8
81,8
81
81,8
83,3
83,7
83,4
84
82,7
83,9
83,3
84,1
84,1
83,8
83,3
83,9
83,3
83,9
81
84
85
83,8
84,1
84,3
82,5
79,5
79,7
78,7
79,2
79,2
79,1
78,5
77,9
77,8
78,2
78,6
78,2
78,7
78,4
77,4
76,7
76,6
75,4
75
76,1
73,8
72,9
70,6
70,9
70,5
70,8
69,8
70,8
70
70,4
70
70,8
70,9
70,7
70,6
70,6
71,2
71,1
70
70,7
70,9
70,7
70,3
69,4
70,7
71,1
71,2
70,6
70,5
69,3
70,8
70,6
70,1
70,8
70,7
70,4
70,7
72,4
70,7
70,6
70,3
51
63,5
63,1
62
56,7
61
60
59
61,2
60
52,8
56,3
60,2
60,6
61
61,6
60
57,5
59,4
61
61,7
61,4
60,7
62,7
62,6
62
62,3
62,5
61,9
65,6
67,9
66,6
67,4
66,2
67,7
67,7
68,5
69,6
70
68,5
68,1
69
68,8
69,1
70,1
69,9
71,3
68,4
67
66,9
69
67,7
68,5
68,3
68,4
68,3
68,2
68,5
68,4
68,8
68,8
68,3
68,5
68,5
68,2
68,4
68,4
68,1
68,4
68,5
68,2
67,9
68,5
69,4
68
67,9
68,8
68,1
68,4
67,8
69,8
68,6
68,2
69,2
68,6
68,9
67,7
67,8
68,4
68,2
68,8
68,7
68,4
68,7
68,3
68,7
66
64,8
64,8
64,7
64,5
64,5
64,6
65,2
64
64,3
65
63,8
65,1
65,9
65,5
65,3
65,8
66
65,1
64,4
64,5
64,4
64,4
64,6
64,1
64
64,7
64,4
64,6
64,8
64,1
64,4
64,4
64,6
66,4
65,3
65,6
66,4
68,5
69,6
69,6
69,4
68,8
69,6
70
69,5
69,3
71,9
73,8
75,2
75,5
75,3
76,3
76
75,6
75,1
75,6
76,9
75
76,7
75,2
76
75
76,2
75,8
75,8
75,8
75,9
75,5
75,9
75,3
74,5
74,3
75,1
73,7
73,3
69,4
66,5
65,7
70
72,9
73,4
73,5
73,7
74,3
73,3
73,3
72,7
73
75,3
75,8
74,9
77,2
76,1
74,4
75,4
74
74
75,2
74,6
74,5
77,1
76,3
75,8
76,2
76,9
75,8
75,3
76,1
75,7
76,1
75,6
76,2
76,2
76
75,2
75,9
76
75,8
74,7
76
75,2
74,5
75,2
74,6
74,3
74,6
76,5
75,8
75,7
76
75,3
77,1
76,7
75,7
76,9
76,4
76,2
75,3
75,9
76,6
76,7
74,8
76,1
75,9
75,6
75,8
75,2
77,2
77,5
77,6
76,9
76,8
77,3
76,7
77,3
76,8
77,2
76,5
77,3
77,3
77,4
77,1
78,6
76,9
76,8
77,2
76,9
76,6
76,2
76,7
77,3
77,4
76,9
76,9
77,5
77,8
78,8
77,4
79,3
92
92,3
92,2
92,2
91,3
91,1
91,5
91,3
91,8
91,6
91
91,5
91,3
90,7
90,9
91,7
91,6
85,9
84,9
84,7
81,3
78,1
76,2
76,6
76,6
76,8
76,1
77
76,2
76,2
76,1
76,1
76,4
75,5
75,4
75
75,3
74,8
74,2
65,7
74,7
66,7
70,4
70
75,9
77,4
75,3
76,8
78,1
77,3
76,2
75,7
78,4
76,1
75,4
75,4
76,6
78,1
76
75,6
75,2
74,7
75,5
75,5
74,7
75,4
71,3
76,1
77,9
76,8
76,9
77,9
77,3
77,4
77,7
78,1
78,2
76,6
77,4
75,5
75,9
78
76,4
69,9
75,8
75,4
70,5
69,2
55,5
50
50
74,9
76,5
76,8
76,6
76,2
76,5
75
75,1
77,8
78,2
76,7
78,1
78,2
77
79,2
81,3
79,6
78,7
79,6
77,9
78,2
78,1
79,9
79,8
50
50
50
50
50
50
50
50
50
50
79,8
81
79,7
81
81,7
82,9
72,3
69,7
50
71,8
72,9
73,9
75,5
76,8
75,6
77,1
75,2
75,8
75
75,6
74,8
76,2
76,3
74,9
74,5
74,6
74,1
74,7
74,9
74,2
74
74,1
74,3
74
74,5
74,5
74,4
74,5
73,8
74,4
73,8
75,3
75,7
75,4
75,7
76,4
75,4
75,1
75,8
75,7
75,7
74,5
74,8
74,4
73,9
75,5
77,3
79,6
80,7
80,6
81,8
81,4
81,7
82,6
82,9
83,1
83,3
82,6
83,3
82,9
82,5
83,2
83
82,8
83,1
82,6
81,8
77,7
72,1
70,6
71,3
70,5
70,3
70,4
97,1
80
74,8
74,6
74,3
72,1
76,8
82,1
93,6
91,1
73,6
72,2
72,8
72,9
73,4
73,6
73,4
74,5
83,2
89,7
93,9
85,9
78,7
78,2
101,3
99,6
98,1
98
98,9
99,2
99
99,3
99,1
99,7
99,1
98,7
98,4
99,5
98,6
99
98,1
100,5
113,5
112,4
107
99,6
98
98,2
98
94
89,1
85,7
86,4
82,6
80
86,7
90,8
98
100,5
101,4
101,2
84
96,1
100,4
100,8
100,2
100,1
101,4
106,5
100,6
100
99,7
101,3
100,6
102,9
101,6
101,1
100,9
98,6
100,8
99,5
99,3
98,9
99,2
99,5
98,7
98,6
97,9
99,2
99,2
99,5
98,6
98,7
98,8
99,7
100,9
99
100
97,1
98,8
99,4
98,9
98,7
97,6
100,2
98,9
98,9
99,4
99,1
101
104,8
105,8
103,9
104,1
105,2
106,9
105,8
108,2
108,4
108,6
111,5
113,3
114,3
115,2
113,8
113,9
107,2
103,2
103,7
100,1
100,1
99,8
97,3
101,6
89,5
89,2
89,8
90,2
90,2
89,7
90
90,7
90,6
89,4
89
89,2
90,4
91,2
90
92
89,9
90,8
91
94,8
101,1
100,2
101,2
101
101,2
101,5
102
104,6
119,4
118,5
117,8
120,7
120,2
109,6
110,1
101,4
99,1
97,5
97,4
98,4
100,7
110
109,8
110,1
108,6
108,9
108,5
107,9
107,7
107,7
108,7
108,8
123,2
123
120,5
123,8
124,8
124,7
120,8
118,5
117,3
116,9
116,9
117,9
117,9
118,1
118,4
112,1
115,2
115,5
114,8
114,9
113,5
113,5
114,6
114,3
127,7
128
125,1
123,7
124,9
124,1
124,5
125,1
126,3
121,9
116,3
118,6
119,1
122,8
123,9
122,8
116,5
116,1
115,8
114
115
115,2
114,2
110
119,2
114,8
111
108,5
100,8
100
105
107,4
108,4
110,1
113,4
114,6
109,3
104,8
102,5
110
109,4
108,1
112
111
113,6
111,5
107,7
107,3
108
111
105,6
86,8
109,3
116,4
117
104,1
68
78,8
85,2
90,3
88,3
88,9
90,5
90,2
91,2
90
91,4
90,4
90,1
90,6
90,1
90,9
91,9
92,6
92,8
91,9
91,3
91,5
92,2
91
91,8
90,9
91,9
90
91,2
89
92,5
92,7
92,9
92,7
94
94,6
94,6
94
93,5
94,4
94,1
94,4
94,2
94,9
94,8
94,7
94,5
95,3
94,1
94
95,3
94
94,3
90,9
94,9
100
101,5
103,9
102,8
103
102,6
101,2
100,1
98,7
100,4
102,1
99,6
63,3
108,3
100,8
100,6
104,1
103
104,7
108,6
106,8
107,8
107,5
109,4
109
109,1
108,3
109
108,8
107,8
109,5
108,4
108,8
107,9
109,4
109,6
110,8
107,2
110,3
104,4
101
103,6
107,9
110
108,6
110,8
110,7
108,7
107,4
108,9
107,1
105,8
104,3
103,8
105,3
105,2
101,8
92,8
79,9
79,7
90,1
81,3
79,5
81,1
90,4
90,3
88,7
85,9
78,8
80,2
79,4
78,1
78,6
94,9
114,8
115,9
98,3
97,4
104,6
106,7
110,4
119,7
126,7
126,6
124,1
116,4
115,2
138,2
115
109
108,7
114,2
116,8
116,5
119,4
119,8
113,3
116
110,1
106,9
97,3
87,2
96,9
106,3
118,8
116,2
117,4
116,6
118,5
114,4
96,4
108,2
116,1
124,4
129,6
128,3
114,5
108,4
115,2
123,3
126,9
129,9
126,6
126,3
127,2
128,1
121,2
124,1
125,6
123
126,9
131,4
130,3
130,7
130,7
131,2
132
131,9
131,1
128,7
132,6
132,1
132,6
132,9
133,2
131,6
132,7
130,1
130,5
129,9
131,9
127,2
129,2
125,7
124,5
131,4
126,4
124,5
122,4
123,3
124,7
126,8
126,4
120,5
116,4
122,1
123,6
124
125,9
126,3
125,5
125,5
125,1
124,6
113,1
113,5
114,5
114,8
111,2
117,5
124,7
124,7
124,2
124,8
124,8
124,5
123,7
123
123,6
124,2
124,3
124,4
124,3
122,7
124,3
124,3
123,2
123,5
122,8
122,2
123,1
123,7
117,8
118,4
121,4
121,2
124
122,7
113,9
123,4
125
124
128
129
127,9
129,8
128,2
131
129,6
128,8
127,3
127,5
127,4
125,7
131,9
145,6
148,8
158,7
175,5
177,1
178,2
171,2
166
170,1
165,1
168,5
169,4
169,4
169,3
168,9
165,6
148,7
148
148,8
147,1
146
146,2
145,6
145,8
146,7
146,4
145,6
140,6
131,8
131,5
132
132,9
144,2
142,2
140,7
144,6
145,9
144,3
146,1
146,3
145
145,4
143,7
144,6
143,3
143
142,1
135,1
136,4
116,2
103,8
107,7
112,6
113,1
113,9
134
135,2
134,2
133,1
132,1
132,6
131,7
137,9
138,2
136,8
137,4
135,7
132,9
134,9
133,2
136,2
134,3
135,3
136,3
136,6
138,3
138,7
137,2
138
136,1
137,3
135,7
123,5
129,7
163,5
145,5
138,4
138,7
132,6
128,2
123,8
127,7
128,7
126,5
126,5
127,4
128,2
133,7
137,1
134,3
134,9
137,3
138
137,1
119
112,6
109,6
109,4
115,2
115,8
115,2
115
115,1
116,5
120,1
121,5
120,9
119,9
119,1
113,9
128
131,1
133,6
135,5
136,4
136,8
136,7
133,4
100,1
101,5
101,2
100,8
100,5
102,2
118,6
114,6
118,1
118
117,7
117,2
116,6
116,6
114,7
115
131,6
132,7
130,6
133,1
134,8
120,1
121,4
137,8
118,7
95
105,3
121,9
120,5
108,4
113,7
119,3
131,2
145,7
151,7
156,4
157,2
146,7
147,3
147,9
162
170,3
163
146,4
132
132,1
131,7
120,4
117
108,2
104,6
107,1
111
110
127,8
138,6
141
139,2
138,9
138,3
137,1
136
137,7
135,1
167
169,5
170,6
171,5
171,5
152,1
128,1
127,2
125,7
125,9
123,7
124
126,5
140
142,6
140,5
141,7
140,5
139,2
140,6
140,6
141,1
138,6
139,1
139,3
163,7
164,5
156,8
157,1
157,1
165,4
167,3
164,5
163,9
162
161,2
161,5
163,2
164
163,9
163,7
163,8
159,5
150,5
149,4
147,2
146,1
145,1
146,9
147,4
147,7
169,2
177,7
178,1
178,6
176
144,8
141,2
146,3
149,6
151,3
150,3
164
155,3
150,7
150,3
148,8
149,6
149,1
150,2
149,5
149,5
149,7
149,2
149,9
149,1
148,5
149,1
148,5
150,1
151
151
151,8
150,1
150,4
150,9
151,6
151,9
151,5
150,3
137,1
138,7
137,6
138,2
137,1
138,1
155,5
175,4
183,5
185,9
187,3
166,1
154,4
154,8
138,2
138,6
141,2
140,4
140,7
139,6
141,2
140,7
140,3
139,5
140,7
140,3
140,4
140
139,2
139
139,8
161,3
167,2
169
164,4
151,9
136
135,4
126,8
130
132,9
132,9
133,2
133,4
131,8
133,1
138,6
144,4
144,7
143,2
143,6
143,8
142,9
142,8
162,2
163,7
165,1
164,3
161,5
129,2
147
153
137,2
137,3
120,4
116,4
142,6
161,3
153,4
153,1
155,8
161,3
236,4
240
236
227,9
225,1
224,6
226
221,6
222,2
225,5
228,6
228,1
149,3
125,8
139,8
149,2
150,3
152,9
158,1
157,1
149,6
145,3
145,6
141,3
136,3
133,1
134,4
136
135,8
146,1
170,6
186,5
185,6
166,5
153,1
145,3
135,8
129,8
126,2
121,6
127,4
130,2
131,7
134,8
131
130,3
128,3
130,5
129,6
129,1
127,8
127,2
135,8
181,3
195,3
180,8
187,4
191,6
185,6
181,4
175,2
166
160,3
150,2
148
151,4
157,9
171,6
185,5
184,1
183,5
183,2
183,1
183,2
181
183
181,5
181,7
180,7
180,6
181,6
182,4
183,5
175
155,8
157,4
157,4
157
156,7
156,3
158,2
154,2
157,6
156,7
157,7
157,2
156,4
156,7
155,7
156,8
157,6
160,6
158,5
159,3
161,3
164,4
166,6
168,7
168,8
169,7
167,1
164,3
158
155,6
149,3
148,9
147,7
148,9
148,5
147,5
148,4
147
148,6
148,7
150
148,7
146,1
181,5
292,9
315,1
342,6
341,8
328,1
299,5
228,2
194,3
182,5
185,9
190,8
187,5
174,8
170,9
170,5
164,8
129,4
174,3
183,2
178,9
172,8
179,1
206,5
202,2
213,6
203,8
187,1
168,1
163,6
161,5
156,1
154,1
153,7
157,3
164,2
166,5
162,4
162,8
162,1
161,2
161,1
162,5
162,4
175,4
180
207,8
295,2
224,1
254,8
334,2
271,2
267,7
230,5
201,9
194,5
194,2
195,1
195,2
192,4
192,4
188,7
181,4
176,3
169,4
167,6
163,1
164,8
164,9
168,2
180
201,6
215,4
214,1
200,7
187,3
186,7
180,6
167,1
107,5
112,2
113,3
112,7
116,8
116,1
114,6
112,8
118,8
168,2
183
186,5
186,2
190
210,2
232,9
203,8
203,1
182,8
221,1
194,6
210,1
194
214,4
229,6
219,7
224
197,1
157,5
177,7
246,4
232,9
194,9
207
151,2
132,7
134,5
133,4
134,6
137,1
137,1
142,9
149,4
150,8
144,6
140,5
136,1
136,4
130,6
129,7
127,6
136,1
139,4
138,3
133,9
133,8
131,6
138,8
153
209,2
275,8
271,2
265,4
299,8
275,3
225,7
146,2
167,1
143,8
183,5
198,3
123,9
126,9
123,8
131,9
130,8
138,4
136,6
137
132,7
132,4
128,9
127,7
130,7
186,9
256,2
212,2
168,7
147,1
147,7
148,7
146,9
144,5
140
140,5
143,4
136,4
137,5
140,5
142,6
144,2
146,5
141,7
138,9
137,4
137,2
129,7
146,4
179,8
149,2
141,9
145,3
193,8
195,7
194,5
166,9
178
175,6
171,2
174,3
168,1
165,9
166,9
169,1
177,7
164,1
129,6
144,3
165,2
171,6
173,9
189
214,8
205
194,5
183,5
173
159,9
161,2
159
157,2
148
139,9
138,4
136,3
143,7
147,2
152,8
161,4
179,4
188,2
208,1
263,7
274
253,6
240,5
207
240,8
306,9
303,6
299,1
293,2
287,9
218,5
198,2
187,5
177,3
180,6
181,9
240,3
278,7
228,9
189,3
184,7
173,9
170,1
172,6
174,6
172,8
192,3
215,9
226,2
242,4
252,1
257,2
228,8
229,8
234,8
238,8
230,8
231,6
234
226,6
225,6
226,8
228
229,5
229,5
226,6
222,9
221,6
218,7
202,7
192
193,2
193,2
194,6
195,1
196,7
214,6
241,3
250,2
223,2
217,8
213,6
214,2
202
197,1
199,8
207,7
225,1
228,3
202,2
210,2
196,3
188,2
192,4
195,5
193
201,6
212,5
221,7
253,6
262,4
283,8
233
189,3
181,1
194,4
173,7
179,1
177,6
178
182,4
197,7
195,6
189
193,5
197,1
200,7
227,8
237,8
234,8
239,4
245,9
252,3
273,1
281,1
287,6
310,1
300,2
289,2
284,9
272
229,1
217,4
220,2
225,2
230,4
230,6
226,1
227,6
231,4
169,3
229,2
233,8
236,5
236,7
243,2
252,7
267,8
242,2
253,4
249,5
220,4
206,9
195,6
234,9
220,7
205,8
199,1
218
234
250,2
252,7
248,4
230,7
223,2
214,7
223,4
179,6
180,8
184,4
264,7
338
276,9
227,2
220
219,7
240,8
229,1
221,6
210,2
210,2
212,9
272,1
325,9
239,1
257,6
240,9
213,9
193,5
180,9
179,3
175,5
174,1
178,7
185,9
196,9
208,2
228,1
228,9
220
274,6
268,7
261,9
191
251,5
196,2
222,5
210,5
237,8
169
163,6
214
203,1
202,1
196,3
197,4
196,9
199,5
200,5
209,8
218,4
229,8
236,7
223,5
200,3
181,7
166,8
167,7
166,1
109,4
117,7
118,9
117
115,6
108,5
107,3
166,2
185,7
223,6
369,2
146
163,5
164,2
157,6
171,3
177,6
182,8
183
179
119
117,7
114,2
173,3
194,4
152,7
126
124,3
121
141,9
200,4
197,3
209,4
286
254,1
205,9
213,5
218,7
241,5
230
158,1
149,1
204,2
198,6
194,5
189,6
124,3
183
187,2
191,2
189,6
188,3
186,9
183,6
180,1
179,7
126,1
182,4
188,9
191,8
200,1
171,4
175
219,7
210,7
152,7
190,4
183,7
186,8
183,2
185
180,2
189,4
197,5
201,8
201,6
203,1
218,1
332,2
255,9
239,2
259,7
295,8
196,1
227,7
234,1
258,9
181,9
172,6
160,5
161,1
213,4
210
151,9
242,3
283,5
193,7
147,3
146,5
143,2
155,2
216,3
154,7
147,6
145,5
144,4
202,1
206,4
239,8
260,6
257,6
205,4
179,8
126,9
142,3
153,2
164,1
173
164,8
173,4
174,8
169,7
194,4
209,2
222,5
236,9
261,4
257,6
291,1
281,6
254,8
219,1
239,7
250,9
286,6
307,6
300
266,7
247,7
228,2
214,5
201,6
195,5
202,9
220
222,6
227,5
221
207,6
198,9
195,2
191,1
187,2
180
176,6
174,4
177,8
193
194,9
214
227,6
225
206,7
201
184,4
177,5
176,2
177,4
182,9
180,4
186
182,1
181,4
179,5
179,8
175,8
177,4
188,7
192,3
205,7
217,8
225
228,8
236,1
240,3
236,7
226,9
214
216,9
210,4
206,5
210,5
219,2
228,1
233,9
215,4
209,7
207,1
210,8
223,9
217
216,1
261,8
275,8
296,6
302,4
303
284,9
213
187,6
248,2
318,6
339,4
339,3
276,6
268,7
258,9
258,2
256,7
247,2
242,6
229,1
222,5
218
213,9
208,9
213,7
225,9
227,8
239
255,2
260,1
253,7
238,9
223,5
224,6
221
210,5
207,2
217,1
227,8
220,5
244,1
248,6
239,8
265,9
206,1
172,4
170,7
169,8
171,5
261,2
266,4
310,3
335,1
316,8
307,3
306
259
223,4
224,6
223,1
218,5
222,1
229,9
226,8
252,3
249,7
232,5
217,3
222,7
212,2
193,2
196,7
187,9
234,3
232,1
190,1
233,7
259
249,6
269,8
315,9
327,3
287,1
225
203,6
207,1
204,6
206
207,9
209,5
206,5
204,9
201,4
195,7
185,4
220,9
298,6
297,5
297
281,2
283,4
242
281,1
274
248,9
213,1
225,8
265,3
233,2
222
225,3
229,7
230,2
229,1
261,4
270,9
268,3
251,5
194,9
239,4
314,6
346,5
335,8
302,1
287,9
234,4
251,6
210,1
274,7
347,6
353,7
339,3
269,3
251,1
235
228
292,9
347
324,9
271,9
250,2
268,8
227,7
224
277
319,2
346,7
344,4
357,2
362,7
371,3
348,4
300,6
292,5
291,6
221,4
217,8
207,2
211,1
280
336,1
342,7
340,7
285
249,7
332,2
334,9
321,4
307,2
304,1
303,8
298,6
331,4
266,9
271,1
279,9
319,5
325,5
324,4
270,2
225
243,8
245,3
267,7
312,9
352,8
355,7
325,3
324,9
325,7
260,3
260,1
344
337,4
327,8
323,2
338,4
333,2
342,7
329,6
330,7
344,5
304,2
300,2
299
322,7
355,6
349,2
267,8
339,3
356,3
341,4
313,4
260,6
247,4
311,2
261
304,7
340,4
348,9
364
371,4
373,7
374,1
376,1
376
366,1
360,9
362,6
343,9
356,5
353
249
222,3
208,4
224,9
268,6
278,1
286,7
297,2
307,9
340,2
341,3
334,1
336,7
362,3
344,3
358,3
303
336,2
333
314,4
340,3
322,6
224,4
214,7
304
339,5
345,1
347,3
340,5
336,7
336,7
333,7
320,7
320,4
325,8
332,6
350,4
344,1
351,5
350,7
358,6
336,7
317,5
308,7
324,7
328,1
242,9
259,6
333,2
298,8
247,2
259,8
244,4
224,7
237,8
235,6
233,4
237
245,7
248,5
255,1
224,3
252,2
211,1
216,2
234,5
184,8
188,6
185,3
219,5
325,8
296,1
210,7
256,5
221,1
267,8
268,2
264,2
296,1
268,7
292,6
313
266,4
262,7
263,7
221,6
226,8
228,8
225,1
224,7
222,9
219
217,2
222
217,8
218,8
221,3
227,1
269,7
272,4
319,6
318,3
298,8
320,2
329,8
325,1
287,5
286,3
302,3
345,2
357,8
338,1
342,7
280,1
247,3
246,4
233,5
243,4
259,5
262,3
242,7
246,9
279,6
317,8
313,1
335,1
335,8
312,1
282,8
262
265,5
277,9
281,5
227,6
232,7
266,1
249,8
288,7
303
282,6
321
270,9
282,6
365,8
291,6
304,6
282,4
271,5
264,8
256,9
251,9
243,6
178,5
180,6
192,8
213,4
231,3
260,7
251,3
241,2
311,5
317,8
296
293
290,1
283,6
266,5
290,5
299,6
283,1
279,6
270,7
257,3
241,8
244,1
244,7
241,7
241,3
246,6
261,7
280
279,6
294,4
290,3
265,5
259,3
249,2
257,2
256,2
251,1
256,2
252,5
254,6
250,8
236
227,3
226,3
213,6
208,3
213,1
213,2
220
226,4
235,4
275,9
289,8
296,7
236,9
214
195,4
204,7
219,5
209,7
228,4
297,8
295
285,3
281,1
277,4
266,4
240,3
239,6
238,8
241,9
226,3
294,7
264,2
193,2
209,5
212,2
309,1
318,2
320
310,2
304,5
287,5
281,3
272,3
257,3
266,7
263,6
252,3
227,5
198,5
224,6
194,6
153,6
151,1
188,9
207,1
207
239
269,9
279,2
283,1
225,6
222,6
217,6
214,3
218,9
221
287,7
285,5
265,9
267,1
258,9
243,1
239,6
236
230,2
230
232,6
231,3
235,1
243,9
259,1
233,8
194,4
192,1
197,5
283,5
305,3
284,7
216,3
163,5
179,3
193,1
216,1
204,5
256,9
310
331,1
285,7
280
278,7
275,8
260,6
264,8
269,3
276,8
292,2
268,4
280,6
325,3
262,5
187,3
260,8
292,7
285,9
287,6
295,9
248,2
288,2
288,6
269,6
267,5
113,9
187,4
315,8
336,2
341,3
252,4
271,7
270,1
289,8
304,8
314,5
343
367,2
365,7
284,4
218,8
244,7
282,4
312,7
327,7
317,3
310,4
291,9
217,8
188,8
152,3
157,7
218,9
168,8
214,9
219,1
226,2
236,3
227,4
166
250
257,2
197,2
193,3
234,3
214,9
156,1
263,2
229,4
224,2
223,6
188,2
203,6
204,3
194,6
190,6
203,6
216,3
215,6
221,1
224,4
202
219
242,8
318
305
292
286,3
306,3
309,9
291,9
283,9
287,7
285,4
283,9
275,4
277,5
270,1
271,2
267,5
263,2
257,1
255,2
252
246,3
250
257,7
265
275,1
274
275,9
262,2
258,3
256,6
255,4
241,8
242,3
240,1
237,9
236,4
233,7
239,7
240,2
236,1
237,6
222,5
225,2
224,5
229,8
251,9
266,8
280,8
292
295,4
309,5
321,8
309,7
287,2
289,6
286,7
317,8
289,4
271,4
235,7
233,8
230,4
240,6
305,5
308,9
274,6
262,7
261,7
280,9
251,4
294,2
336,2
316,5
257,2
286,3
314,3
308
303,4
297
286,1
269,1
283,4
253,3
265,4
269
250,1
257,8
255,3
266,1
273,2
272,3
277,5
300,2
326,9
342,4
294,9
300,7
355,3
339,4
312,2
296,2
292,9
300,7
304,2
290,6
299,8
301,2
290,2
276,3
265,2
246,7
252,9
252,7
256,8
256,6
259,3
269,3
301,7
310,4
276,8
265,9
265,2
261,6
258,7
260,1
255,3
250,7
240,4
240,8
241,8
236,6
229,8
223,8
221,2
216,5
218,4
210,1
212,4
218,6
221,5
229,9
241,9
247,9
242,5
242,1
240,8
209,2
203,5
324,9
321,9
280,1
271,5
269,4
271,4
268,9
255,3
243,3
232,8
227,3
215,3
215,9
210
216,7
212,8
238,4
259
246,5
207
245,3
267,2
263,1
267,6
257,8
259,7
255,4
253,7
259,8
262,8
253,1
249,4
247,1
237,5
225,7
218,5
222,7
227,9
225,4
241,7
249,5
262,5
274
257,7
285,1
305,2
271,2
202,3
232,7
316,7
307,5
250
303,4
298,7
306,5
294,3
288,8
288,4
281,9
270
269,7
265,8
264,6
261,6
263,7
274,1
285,8
298,9
285,1
316,3
276
212,2
206,3
204,2
208,2
274,7
285
285,8
292,4
292,2
264,7
239,9
272,9
268,6
293,5
324,6
328,6
333,7
337,4
305,2
283,5
278,9
283,3
279,7
276,5
274,8
267,1
274,5
286,3
280,7
280
279,2
277,6
273,8
271,3
277
334,1
341,4
330,9
328,3
332
331
336,3
353,3
364,3
357,2
340,7
336,5
329,2
298,1
309,7
306,3
303,4
299
297,4
296,3
298,4
293,2
286,2
281,2
274,3
253,8
239,9
278,5
280,5
287,4
297,1
328,8
347,6
346,7
352,2
346,3
347,2
345,2
335,4
330,7
323,8
315,9
315,5
314,3
315,1
308,8
296,5
290,2
282,5
277,1
277,1
279,8
281,1
293,5
307,5
334,5
346,8
354,7
353,3
350
344,5
327,8
305,3
320,8
322,9
320,4
318,1
312,7
311,3
303,1
297,4
291,3
282,5
277,6
279,3
274,6
279,5
291,1
307,3
329
339,1
339,5
333,4
335
335
330,7
309,1
298
297,3
298,8
299,4
295,8
287,3
277,4
270,6
261,5
254,4
253,3
254,3
255,8
257,2
261,8
268,6
277,4
286,5
307,3
328,5
330,1
334
326,9
320,3
317,6
309,5
310,1
308,4
309,1
303,3
302,1
295,1
293,7
287,8
287,8
303,5
352
353,2
349,5
347,1
349
323,9
327,2
378,4
386,7
368,3
325,7
317,6
313,3
317,6
337,8
354,8
350
343,1
362,7
376,1
378,7
378,7
355,8
336,3
352
354,4
357
357,8
386
396,6
393,1
406,2
404
396,3
394,5
389,1
385,7
376,2
315,7
299,4
385,7
389,2
356,9
353
341,6
334,3
325,3
318,1
315,7
322,9
329,4
340,9
373,1
398,8
396,9
394,6
381,7
383,6
376,3
372,3
365,9
379
371,8
355,9
350,9
349
344,7
340,7
334,2
324,6
320
314,2
310,8
312,9
314,5
327,6
348,7
364,6
357,9
350,8
337,2
342
324,6
213,7
249
308,2
362,4
296,2
226,2
299,2
311,8
390,2
395,7
395,6
386,7
356,5
324,3
313,2
313,3
320,2
336,7
275,7
228,4
224,6
233,7
234,4
230,1
307,9
383,4
401,2
395,5
402,4
388,4
375,7
371,7
342,4
313,3
294,5
286,5
282,9
280,8
283,7
288,8
303,4
335
350,8
345,7
345,1
347,2
351,4
347,8
341,1
338,1
317,4
305,6
312,3
320,4
333,9
311,7
303,8
291,9
283,9
284,1
285
287,7
287,6
293,7
296,6
315,7
324,6
336,6
350,9
367,5
372,2
367,4
361,5
343,9
332,4
332,5
291,8
326,6
340
338,8
333,5
311,1
301,1
297,1
303,4
292,4
299,2
307,5
307,6
278,3
229,6
318,5
259
247,5
242,3
242,4
239,7
259,4
315,2
303,7
270,8
339,5
366,9
330,3
314,6
381,1
345,8
290,5
331,8
344
347,9
347,2
350,7
358,5
388,3
416,4
425,2
415,9
392,3
373
364
341,7
327,7
311,7
298,4
290,3
289,7
285,9
273,2
270,1
268,3
271,4
268,5
272,1
260,7
273,3
282,8
291,7
298,3
302,6
308,7
319,3
330
335,9
328,3
320,9
300,5
291,2
292,3
298,8
294,8
282,3
277,2
277,1
271,6
269,8
265,3
272,4
266,6
272,4
284,6
300,4
308,7
318,5
332,2
340,2
339,8
330,5
273,7
292,6
299,8
300,5
299,2
294
291,1
290,6
287,1
278
277,4
262
265,9
268,9
271,3
277,4
287,9
295,2
309,5
316,8
324,7
352,7
345,4
330,7
318,5
311,9
308,6
297,7
282,5
267,7
256,2
250,6
248,2
174
228,4
226,4
224,9
173,4
187,3
250,4
257,1
272,1
279
282,7
284,6
292,8
291,4
291
286,1
284,5
281,6
268,5
262,5
259,9
256
246,7
240,6
235,3
232,7
240,2
227,9
231,6
235,5
244,9
240,1
253,8
261,9
272,8
287,4
293,7
295,8
293,7
281,3
281,8
283
284,5
295,4
295,5
286
272
271,5
245,7
249,3
263,4
268,1
273,1
270
281,2
283
282,8
281,6
290
306,1
320,5
314,1
297,2
289,3
283,8
286,4
292,9
299,9
307
310,7
309,4
302,9
298,8
294,4
288,6
300,8
301,8
291,2
280,4
285
286,6
286
288,6
291,9
301,4
298,7
296,7
293,8
290,7
292,4
294,1
296,2
300,1
300,9
301,7
298,4
297
294,4
288,6
300,8
301,8
291,2
280,4
285
286,6
286
288,6
291,9
301,4
298,7
296,7
293,8
290,7
292,4
294,1
296,2
300,1
300,9
301,7
298,4
297
294,4
