70,13
67,99
65,10
67,06
67,84
64,47
63,98
63,61
63,35
61,82
62,11
62,49
64,24
65,13
65,65
61,90
68,00
71,07
71,67
71,10
69,74
67,09
61,30
51,75
41,41
35,46
32,69
31,78
29,47
30,70
32,13
34,24
34,09
36,22
36,20
35,08
36,05
37,67
41,00
43,89
46,15
48,67
51,36
52,29
52,01
52,98
51,31
50,88
50,76
47,43
44,28
41,85
39,53
35,38
32,29
27,53
22,80
20,86
22,62
23,28
25,59
28,28
31,61
35,46
40,09
46,25
49,12
50,24
52,17
57,87
62,72
65,53
67,74
69,37
70,31
69,61
67,77
65,35
63,44
60,13
54,57
53,38
54,70
57,91
59,48
58,66
57,68
57,64
59,56
60,50
59,86
59,56
60,35
60,39
62,67
65,25
62,93
62,23
64,77
64,12
61,55
58,53
54,31
46,54
38,68
30,91
26,35
20,77
21,79
21,54
20,55
20,66
25,27
32,86
38,73
42,61
45,50
42,93
42,38
41,01
37,09
30,97
25,47
21,39
16,81
15,86
16,66
17,57
17,38
18,10
20,21
22,31
23,56
23,84
22,18
18,24
14,79
12,17
11,30
11,35
11,20
9,84
9,40
8,37
7,91
8,05
9,55
10,16
11,64
13,96
17,87
21,57
27,58
32,61
42,53
53,16
57,38
57,28
56,75
53,11
47,75
42,38
40,16
39,74
39,50
39,12
42,30
46,21
51,71
56,30
59,25
61,35
62,34
62,86
64,08
65,62
66,48
67,67
67,67
62,04
54,67
49,82
46,86
42,87
36,18
29,18
26,74
25,36
26,02
26,30
27,86
31,23
38,96
46,00
51,15
54,17
54,16
53,26
55,76
61,74
67,00
70,28
73,26
74,90
75,50
75,60
76,07
76,13
76,60
76,76
76,22
75,87
74,47
71,61
68,21
63,49
58,57
50,93
42,81
33,94
24,89
17,84
16,24
20,46
25,12
28,72
31,30
35,80
40,79
47,03
53,07
59,62
64,03
66,90
69,41
64,38
52,21
45,49
48,07
50,02
51,93
46,83
41,46
34,15
24,50
24,56
31,82
43,55
54,31
59,43
68,04
70,24
69,39
61,37
52,25
53,69
55,95
56,95
57,36
53,97
53,05
57,59
56,53
54,61
52,51
41,21
38,30
43,43
51,24
62,25
67,75
69,51
66,20
59,84
51,94
48,55
51,51
54,82
60,40
67,12
71,12
75,88
77,67
77,22
75,95
73,74
72,51
73,21
73,27
72,50
71,73
72,25
72,17
71,19
68,49
64,92
59,57
53,04
49,80
45,01
35,24
21,52
11,14
9,22
13,94
23,53
38,41
51,36
61,07
65,88
69,91
73,37
75,30
72,23
70,53
69,00
68,32
65,62
61,32
57,84
53,57
51,82
53,87
50,96
56,00
60,73
64,79
67,90
69,78
70,30
67,92
62,40
58,39
55,24
49,73
42,95
38,93
38,65
42,39
49,06
55,20
61,57
66,14
68,70
69,18
69,40
69,10
69,25
69,28
69,21
67,80
65,77
63,38
63,28
63,33
66,31
69,95
72,01
72,90
72,88
72,55
71,35
69,94
68,30
64,43
54,84
44,79
36,03
26,98
20,75
18,18
18,27
22,02
25,72
24,58
18,66
13,12
10,31
7,98
6,11
4,55
3,49
3,26
3,80
4,03
4,11
4,73
6,45
8,74
16,74
24,38
32,19
37,67
42,17
45,48
48,26
55,22
63,96
67,79
71,00
70,82
64,96
57,31
53,49
55,46
62,51
64,57
66,04
67,65
62,67
59,31
57,74
52,95
46,14
43,29
41,43
38,51
35,77
29,86
22,53
15,75
16,35
19,51
28,04
31,57
37,38
41,84
42,58
42,28
40,24
43,70
48,96
54,16
58,13
57,95
54,25
49,70
44,84
38,57
30,85
26,80
26,92
26,15
27,10
31,50
34,78
38,62
41,89
39,31
34,21
28,15
20,52
13,15
10,29
9,23
9,37
9,57
9,22
10,22
14,86
25,71
39,05
50,08
54,31
52,94
51,37
51,24
55,34
62,83
69,08
71,90
67,93
66,03
67,08
69,00
65,51
66,10
67,87
69,19
66,35
69,14
66,28
63,54
61,64
57,16
53,66
49,58
45,90
41,38
36,15
37,19
37,81
35,34
33,13
34,13
36,75
33,59
27,15
19,94
12,76
8,41
7,88
6,50
8,08
12,70
17,47
23,17
28,11
30,10
33,59
37,71
43,39
45,82
44,64
45,79
47,57
47,67
45,63
41,94
33,97
23,27
14,72
8,05
4,27
2,39
2,52
4,80
7,34
9,54
11,44
11,74
11,68
10,91
9,30
9,34
11,28
11,22
9,47
9,31
8,69
8,17
6,90
5,91
5,12
4,88
3,70
2,75
2,39
1,03
0,52
0,39
0,37
0,64
1,45
2,27
2,94
3,50
4,81
7,08
9,90
11,73
12,05
12,64
14,26
16,19
18,87
21,22
25,17
27,18
29,48
31,84
32,44
32,45
31,22
30,34
27,04
23,06
21,37
18,60
15,55
11,67
10,53
9,70
7,75
5,92
4,47
3,17
2,78
2,31
2,55
3,48
4,35
5,54
8,29
12,99
17,86
21,76
27,11
31,81
36,31
39,95
43,75
47,71
49,95
51,47
50,27
49,34
52,98
51,70
47,41
45,34
49,98
56,03
59,48
61,30
60,81
56,34
50,10
45,22
42,24
42,84
45,31
47,79
47,37
46,97
47,00
45,82
43,37
40,90
37,05
33,79
29,99
28,54
28,04
28,25
31,33
35,23
34,99
32,37
24,06
17,89
16,01
14,84
17,66
17,40
17,81
16,48
18,17
22,01
30,69
39,62
48,15
51,96
58,31
64,44
66,70
64,56
64,39
67,10
69,13
69,24
69,00
69,25
70,40
71,16
73,78
75,19
75,07
75,38
71,94
63,78
54,52
47,42
43,21
37,92
33,75
29,73
25,96
21,10
15,69
9,42
5,14
2,12
1,26
1,10
3,32
9,05
12,76
18,26
22,18
25,91
29,24
29,14
30,45
37,17
46,88
53,07
57,82
61,27
61,63
60,76
59,82
58,87
54,05
49,66
47,03
44,86
42,65
44,94
46,91
45,87
44,29
42,60
45,19
48,97
53,31
53,91
57,06
59,87
58,71
56,91
57,09
56,88
57,33
58,17
56,74
60,86
67,30
72,07
74,53
74,55
75,14
75,63
75,09
74,21
74,18
73,59
72,22
68,61
62,66
57,65
52,10
44,58
37,79
32,42
24,76
17,07
12,32
9,10
7,48
5,93
3,99
3,73
3,61
3,68
4,79
6,34
6,73
8,14
10,43
12,68
13,82
12,32
9,73
9,93
10,70
9,85
8,18
10,47
12,27
14,25
16,64
16,99
15,95
17,41
19,36
25,61
31,62
34,26
35,76
40,46
46,32
58,07
67,92
71,79
72,49
72,73
72,86
72,81
71,47
69,52
67,28
66,60
65,80
63,43
62,35
59,70
59,56
59,88
57,33
53,65
55,65
58,03
56,49
54,36
51,30
46,87
42,47
40,46
37,13
35,94
38,51
35,12
31,57
29,94
29,80
31,03
30,94
31,59
32,83
33,17
35,04
36,09
37,12
39,03
42,94
45,78
48,35
46,14
44,19
41,90
38,48
33,22
31,16
29,94
30,26
31,22
34,02
34,15
34,30
36,01
36,35
39,31
42,23
44,82
44,53
41,26
37,49
35,68
33,57
37,21
42,88
46,57
47,80
45,15
40,83
36,84
32,19
29,07
24,80
22,52
21,95
20,28
16,81
16,29
13,69
11,31
9,84
8,44
6,05
5,90
4,04
4,11
4,84
3,18
3,33
5,67
5,60
6,22
6,16
9,00
10,08
12,21
14,31
15,95
17,13
17,17
16,39
15,79
14,86
14,08
13,07
12,91
12,32
13,09
14,22
14,24
13,67
12,76
12,40
11,51
11,04
9,71
9,77
9,01
9,33
10,13
10,69
9,97
9,40
8,61
7,36
7,06
7,99
8,61
8,53
8,55
7,98
7,96
9,54
11,38
12,23
12,78
13,99
17,73
20,84
22,27
21,41
21,41
23,64
25,78
29,11
31,45
34,29
34,93
34,22
34,67
34,99
34,67
34,22
35,66
37,02
37,65
38,16
39,99
41,14
40,82
37,95
32,75
29,25
28,98
28,25
24,71
21,36
21,37
21,53
21,20
21,59
21,95
21,05
18,96
18,33
18,53
19,36
21,39
23,62
24,77
24,39
24,70
27,62
31,15
32,80
33,56
33,56
32,93
32,35
31,22
29,85
29,16
28,84
29,68
31,09
33,52
36,36
39,24
41,57
45,00
46,33
48,50
55,37
60,51
64,42
67,00
68,77
70,35
70,70
71,34
71,50
69,06
68,67
68,35
69,19
67,78
64,96
62,08
58,75
55,63
52,71
48,66
45,45
43,50
41,63
39,28
36,17
32,88
30,77
29,19
27,38
25,98
25,82
24,81
25,96
27,75
29,62
31,58
33,34
35,22
35,63
34,71
33,49
32,67
30,27
26,51
23,06
21,25
20,42
19,50
17,94
16,57
14,83
12,64
10,22
8,87
6,85
5,44
5,10
4,87
3,94
2,39
1,11
0,74
0,49
0,22
0,47
0,97
1,30
1,65
2,07
1,72
2,25
2,59
2,66
3,38
4,58
5,17
5,40
6,84
7,82
8,68
8,24
8,37
8,46
9,78
10,47
11,17
11,05
11,48
10,53
8,04
5,27
4,01
2,90
2,44
2,36
1,77
1,23
0,83
0,50
0,64
0,75
0,60
0,78
0,90
1,17
1,07
1,90
2,47
3,03
3,72
5,72
8,77
11,08
13,20
16,25
19,38
22,69
26,06
25,24
23,97
25,36
28,69
33,41
38,18
43,21
47,93
50,87
54,40
56,78
55,59
55,98
57,27
58,39
62,81
64,36
65,67
67,04
67,05
64,47
62,02
59,44
55,48
53,74
52,99
52,80
54,49
57,90
57,21
56,57
57,65
56,16
48,74
39,54
31,60
26,32
21,32
16,67
12,91
8,75
6,49
5,56
5,16
4,66
3,51
2,09
1,15
0,65
0,59
0,75
0,95
2,14
3,19
3,76
5,51
7,02
10,20
13,48
17,70
17,93
15,49
13,76
13,69
12,90
12,67
10,27
7,22
5,56
4,04
2,48
1,59
1,04
0,76
0,44
0,41
0,32
0,26
0,23
0,29
0,51
0,82
1,24
1,59
1,48
1,24
1,04
1,21
1,47
2,18
2,45
2,53
2,69
2,54
2,48
2,14
1,90
1,46
1,16
0,81
0,53
0,51
0,61
1,12
1,71
2,62
3,69
5,04
5,88
7,00
9,09
11,11
14,34
19,01
20,94
23,38
26,07
27,88
30,94
34,67
39,11
43,88
48,38
51,14
52,63
55,01
56,71
56,67
56,03
52,50
54,95
55,71
55,35
55,61
55,44
56,12
55,05
51,60
51,28
49,79
46,28
43,79
42,43
40,68
37,54
35,11
32,91
32,70
32,88
32,89
32,63
33,34
34,83
36,03
38,07
41,50
45,58
48,57
50,92
52,86
54,01
53,75
53,97
53,98
54,67
54,99
55,46
56,11
56,24
56,69
57,44
57,84
58,68
59,02
59,23
59,30
58,80
59,21
59,87
59,88
59,56
59,55
60,32
60,76
60,81
59,49
56,69
53,76
52,01
50,21
49,68
49,05
47,85
46,06
44,07
40,50
36,24
34,19
33,59
32,29
32,14
33,76
34,54
36,12
36,10
36,22
35,21
34,59
33,50
31,78
30,38
29,59
29,83
29,52
29,85
29,34
28,65
27,47
27,04
26,74
24,56
23,63
21,44
20,71
19,50
16,80
16,15
15,46
16,88
17,68
17,70
18,23
16,89
16,39
14,46
13,02
11,56
10,04
9,40
8,70
8,39
8,39
7,72
6,72
5,67
5,31
5,50
6,12
7,28
9,33
11,47
12,77
14,27
15,43
16,28
16,87
16,51
15,11
13,95
10,08
7,15
7,37
11,53
18,47
26,54
30,94
34,90
35,69
35,45
34,72
34,09
34,20
36,62
33,88
28,05
20,45
12,64
5,03
2,53
4,61
8,35
13,33
19,97
26,45
28,26
32,84
35,55
35,17
36,12
36,86
37,52
38,15
37,76
39,22
39,41
40,31
39,58
36,43
32,69
29,52
25,55
22,32
21,33
19,03
17,74
17,74
17,76
19,83
21,55
21,65
22,87
22,49
25,94
29,53
31,35
31,79
26,37
23,08
22,53
22,57
23,30
23,44
25,20
22,04
19,66
13,58
10,45
7,83
5,84
4,21
2,87
2,17
1,82
2,26
3,69
4,91
5,64
7,44
9,89
10,87
11,41
9,80
10,39
10,83
8,89
5,70
4,63
6,16
5,97
4,90
3,44
2,52
2,43
1,85
2,15
2,42
2,57
1,89
1,42
1,16
0,91
1,03
1,13
1,36
1,27
0,94
0,68
0,78
0,63
0,43
0,28
0,36
0,37
0,35
0,27
0,15
0,07
0,09
0,36
0,80
1,10
1,32
1,65
1,95
2,26
2,28
2,65
3,13
3,77
3,85
3,47
3,20
4,87
6,73
7,38
6,25
6,55
8,07
10,17
12,32
14,36
18,86
23,64
26,52
28,82
34,64
39,13
42,50
46,89
52,13
56,57
61,39
65,85
65,82
64,04
61,87
57,10
51,52
46,68
42,59
39,75
34,53
28,23
25,11
24,42
20,29
18,73
19,48
20,51
21,18
22,91
26,02
29,68
32,82
36,62
39,76
43,46
46,78
50,21
52,86
55,34
57,33
58,39
58,82
57,46
54,60
49,96
45,74
39,53
31,94
24,29
17,11
10,85
7,17
5,22
4,07
3,16
2,68
2,77
2,97
2,93
3,16
3,60
3,86
4,38
4,44
4,58
4,29
4,35
4,17
4,18
3,35
2,46
2,25
2,01
1,67
1,65
2,23
2,71
5,00
7,85
12,14
15,91
18,50
15,92
14,39
15,61
20,31
22,81
25,72
26,41
25,16
21,60
19,19
17,27
14,59
12,97
12,42
14,22
16,26
15,86
15,14
15,23
15,70
17,85
21,47
24,71
29,84
35,78
40,13
40,77
40,35
35,94
28,82
23,04
19,75
18,97
16,77
16,85
16,69
16,79
17,08
18,56
18,46
15,62
15,41
14,88
16,45
15,72
15,16
13,77
14,60
17,92
22,36
30,27
42,90
54,21
58,46
62,21
64,16
63,57
60,86
59,61
59,43
61,49
62,64
60,49
57,48
54,51
48,13
44,35
43,05
39,59
38,93
39,88
39,13
37,70
38,09
35,82
37,82
39,93
41,72
42,87
42,17
41,70
37,43
31,73
33,24
36,16
35,97
34,55
31,30
27,80
24,83
23,14
22,81
21,59
20,97
23,64
25,99
28,08
29,38
33,00
37,86
43,42
48,67
49,81
48,35
46,00
41,04
33,21
28,95
25,48
22,20
17,34
12,69
9,43
7,14
5,80
4,45
3,31
2,43
2,39
2,28
2,09
2,05
2,52
3,30
5,61
9,78
14,78
18,82
21,14
22,27
19,21
16,33
15,23
17,31
19,93
20,66
18,74
19,45
20,95
20,96
20,88
21,50
20,30
17,89
16,02
15,17
15,37
17,62
21,16
24,80
27,44
29,15
28,55
25,31
17,74
13,88
13,07
13,47
13,99
14,05
13,51
13,47
13,07
14,01
15,02
15,44
15,94
17,23
16,74
17,50
20,24
25,38
32,28
38,05
41,77
43,98
43,44
39,54
35,78
34,35
37,35
41,82
41,61
38,80
36,07
29,73
25,58
23,08
22,26
19,63
15,70
13,33
11,15
11,22
18,68
28,58
39,12
49,57
58,41
63,72
66,60
68,25
68,53
69,42
72,46
74,84
76,02
73,73
71,92
69,61
65,66
64,39
67,71
70,54
72,66
73,92
73,41
72,45
71,59
72,61
73,27
73,73
73,06
71,30
66,09
60,07
49,51
39,82
34,26
33,87
40,53
48,85
57,52
63,68
67,61
71,81
71,34
73,61
72,85
70,39
59,87
52,91
59,00
69,98
71,63
73,62
69,76
67,45
61,31
57,23
56,56
61,87
66,32
68,04
67,94
67,30
65,71
64,80
63,85
62,73
61,27
58,48
55,03
53,36
55,92
58,91
59,80
59,26
57,15
52,32
45,07
41,26
36,06
30,87
25,59
21,44
19,80
20,06
19,81
18,92
18,12
17,35
15,70
12,57
8,66
6,08
6,46
6,09
5,56
3,91
3,33
3,48
3,26
3,88
4,78
6,14
7,16
9,10
10,54
10,50
12,99
12,53
12,13
13,60
14,48
14,78
15,40
16,44
17,84
19,21
21,88
25,67
28,88
35,11
46,55
53,65
54,38
56,15
57,62
61,12
60,89
55,94
47,32
37,24
30,67
27,35
25,50
25,66
24,91
25,41
25,66
26,59
27,17
27,50
28,32
28,99
29,09
32,26
40,37
48,19
52,34
55,26
58,24
61,35
63,60
62,18
58,55
54,25
54,54
55,97
55,20
52,64
49,02
42,53
37,85
34,28
32,05
31,23
30,95
32,42
34,35
36,09
37,34
39,51
41,17
41,77
40,42
36,53
37,58
40,72
41,24
38,15
37,89
42,51
45,31
45,96
45,68
47,76
49,71
50,96
51,33
49,87
49,22
48,33
48,49
50,57
51,24
50,42
51,02
52,17
49,91
47,33
43,53
42,36
39,60
35,14
34,48
35,76
36,07
34,99
31,22
29,34
27,99
26,64
24,51
22,19
20,81
18,81
15,68
14,65
14,16
15,55
19,95
25,13
30,24
29,97
27,81
25,01
20,06
17,18
18,83
19,67
20,01
18,77
17,03
15,98
14,29
13,82
14,40
14,59
14,18
13,57
11,07
8,21
7,17
8,52
12,02
16,52
19,91
24,83
27,92
28,17
27,04
24,82
24,45
24,44
21,93
21,10
18,91
16,02
14,44
14,43
14,85
15,06
15,15
15,75
13,83
10,55
9,92
12,93
19,16
23,37
25,41
27,43
28,65
28,10
25,02
21,09
19,35
19,67
19,79
18,93
16,87
15,49
14,11
13,31
13,06
13,00
13,20
11,93
9,64
7,06
6,48
7,73
10,94
12,23
13,74
15,87
17,84
17,72
16,48
16,02
15,21
16,15
17,21
16,70
16,53
16,51
16,19
16,70
17,12
18,09
18,84
19,73
20,41
19,49
22,10
26,65
33,22
38,05
40,52
41,62
41,28
37,52
30,09
24,13
21,96
21,39
20,83
18,50
16,40
14,35
12,72
11,76
10,90
11,25
10,63
9,50
8,11
5,90
5,40
6,74
10,45
12,48
11,95
10,00
8,94
7,11
5,67
5,82
8,49
9,96
10,11
11,54
10,09
9,57
9,50
9,37
9,65
8,73
8,16
7,77
6,48
4,37
4,25
5,38
6,45
6,07
5,92
5,95
6,31
6,95
6,16
6,26
7,09
8,28
9,93
9,70
9,37
8,04
7,28
6,42
5,72
5,02
4,83
4,55
4,33
2,37
2,23
3,00
4,43
5,24
4,85
3,99
3,98
4,39
3,76
2,70
2,79
3,12
2,60
2,27
2,12
2,31
2,75
3,23
3,61
3,54
3,31
3,23
3,49
5,45
7,37
9,67
15,06
23,23
30,46
34,86
36,18
37,23
38,34
35,63
30,66
24,22
22,66
23,59
24,62
25,68
27,10
28,75
31,25
35,27
40,13
43,18
50,64
62,03
64,67
62,14
60,17
58,72
56,83
54,39
49,37
41,64
29,90
17,79
8,70
5,47
2,98
1,85
2,32
2,75
3,49
4,01
5,41
6,55
8,31
8,66
8,30
12,84
19,59
21,21
23,06
28,46
34,39
39,73
43,16
44,10
47,19
51,56
53,78
56,94
59,36
61,36
62,77
63,38
62,28
61,85
60,17
59,23
58,74
60,27
63,27
66,95
68,90
70,89
72,76
72,88
72,70
72,39
71,88
70,19
66,90
63,32
59,72
56,78
53,94
51,78
49,47
45,89
40,78
34,42
29,95
28,81
28,41
26,02
28,40
36,80
39,56
40,24
39,72
40,24
41,98
43,44
44,33
43,70
40,75
36,04
32,01
29,43
28,49
26,62
24,31
23,23
22,10
21,01
17,95
13,11
10,48
8,43
8,22
14,05
16,92
18,24
20,17
23,15
27,52
35,76
45,11
52,81
58,70
60,87
58,78
58,00
56,34
51,40
43,55
33,88
25,33
18,60
14,23
11,25
7,78
5,00
3,68
3,14
3,54
6,89
13,09
18,05
23,42
28,41
30,28
31,72
34,86
37,88
40,19
42,99
45,65
50,57
51,18
52,66
52,64
52,85
52,88
52,04
52,09
50,72
50,23
48,98
50,34
50,26
46,99
44,31
37,90
32,53
30,37
29,90
28,84
26,27
23,16
21,03
21,05
23,08
26,03
28,58
31,31
35,88
41,28
44,47
45,45
48,53
50,21
54,53
58,07
58,70
57,75
57,32
57,65
55,11
51,52
46,53
37,58
30,81
28,84
31,77
33,43
34,77
36,42
36,04
33,77
32,00
29,84
29,67
29,88
29,79
29,68
33,84
37,27
38,51
39,02
38,45
38,24
37,78
36,65
35,96
32,26
25,15
19,39
16,52
13,47
11,55
9,90
8,37
6,84
4,86
3,80
3,14
2,61
2,30
2,02
3,03
4,70
6,20
6,64
6,64
7,11
7,36
6,82
6,04
5,00
4,51
3,91
4,53
2,77
2,48
2,06
2,13
2,00
2,48
3,13
3,69
3,77
3,05
2,23
1,87
2,20
3,12
5,33
7,29
7,86
8,38
8,52
8,38
8,38
7,60
7,64
7,74
8,31
8,94
8,09
8,31
8,69
9,09
8,79
9,11
9,19
8,82
6,05
4,86
5,95
6,23
6,45
6,50
6,75
6,15
6,02
5,70
5,27
5,03
10,14
14,33
12,65
12,82
13,53
12,01
9,44
7,09
6,77
7,49
8,66
9,01
7,15
4,75
4,71
5,79
6,84
8,82
9,51
10,70
11,25
11,30
11,19
12,02
13,93
15,63
16,25
15,64
15,43
15,30
16,01
15,12
14,56
13,90
13,43
10,13
6,11
4,45
3,61
2,97
2,74
3,44
4,32
6,31
11,50
14,48
14,86
16,16
17,47
18,28
20,58
21,04
20,08
20,70
21,50
20,92
19,32
18,91
16,76
13,52
12,44
13,74
15,78
19,19
23,69
30,22
35,76
42,80
49,98
49,40
47,38
42,06
39,43
36,41
40,06
44,12
45,88
47,48
49,33
50,69
51,12
49,43
46,71
47,26
53,91
55,81
52,07
48,63
47,69
46,73
46,59
47,94
51,37
52,85
50,16
42,67
31,83
25,31
23,79
26,78
32,49
39,10
46,70
54,54
60,21
62,60
64,12
65,06
66,00
67,29
70,03
71,75
72,91
73,63
73,39
73,61
74,32
74,79
75,40
74,64
72,51
71,55
71,56
69,41
66,78
65,37
62,88
59,97
56,06
51,88
48,56
48,69
55,38
58,91
57,51
57,38
58,59
57,55
57,73
56,84
55,44
50,53
44,46
32,84
19,30
12,97
10,31
8,35
7,34
6,05
5,59
5,27
5,44
4,95
3,54
2,81
2,20
2,93
2,22
1,32
1,23
1,42
1,79
2,20
2,24
2,11
1,65
1,39
0,97
1,11
1,60
2,41
3,34
5,03
7,42
9,88
12,20
14,59
16,91
17,72
18,15
18,23
20,49
24,20
28,76
30,76
31,32
30,37
28,19
23,89
17,22
11,62
9,54
7,96
7,41
7,14
7,47
7,45
6,39
5,93
5,10
5,41
5,02
4,95
4,43
4,12
4,94
6,35
8,53
9,26
7,76
6,58
7,28
7,34
5,96
3,46
2,52
2,49
2,52
2,53
2,37
2,37
2,78
3,02
2,58
2,17
2,02
1,68
1,37
1,83
2,28
2,38
2,89
3,34
3,47
3,41
2,69
1,92
1,42
1,13
0,79
1,20
2,22
3,24
3,68
4,96
5,57
6,57
7,25
7,17
8,02
8,01
8,28
9,64
12,22
14,82
16,36
17,65
19,25
20,02
21,13
21,51
19,21
19,21
19,21
20,14
19,51
19,00
18,93
17,79
15,37
12,48
10,02
8,31
7,01
4,78
3,00
2,38
2,15
2,00
1,63
1,86
2,89
4,43
5,24
5,29
5,53
6,28
5,97
5,07
4,62
4,91
4,85
4,21
3,89
3,12
2,88
3,16
3,15
2,49
1,28
0,97
1,12
1,53
1,95
2,80
3,98
4,70
5,35
5,41
4,88
4,56
4,40
5,20
5,71
4,85
4,31
3,95
3,84
4,37
4,59
3,81
3,66
3,37
3,45
4,43
4,88
5,80
9,69
14,23
17,10
21,65
23,85
22,92
21,47
16,44
13,03
13,71
13,19
10,60
9,13
9,06
9,29
8,23
7,59
7,09
5,35
3,95
4,11
3,87
3,51
3,10
2,76
2,41
2,32
2,60
3,22
3,84
4,68
5,13
3,67
3,14
2,86
2,98
3,04
2,93
2,74
2,45
2,02
1,92
2,14
1,85
1,84
1,84
1,24
1,49
2,54
3,58
4,57
5,09
4,86
4,49
4,02
3,83
3,13
1,52
0,89
1,30
1,28
1,53
2,01
2,83
3,39
3,69
3,54
2,19
1,01
1,68
2,35
3,00
3,46
3,98
4,56
5,73
6,80
6,91
6,28
4,55
3,20
2,94
2,81
2,26
1,52
0,92
0,59
0,40
0,34
0,37
0,43
0,36
0,29
0,43
0,82
1,11
1,53
2,09
2,85
4,00
5,37
6,01
5,28
4,23
3,46
3,25
2,64
1,75
1,57
1,37
1,42
1,52
1,83
2,40
2,61
2,50
3,25
3,08
2,46
3,15
4,68
5,58
5,87
6,08
5,79
5,47
4,92
3,59
2,80
2,86
2,81
2,81
2,75
3,18
3,35
3,44
3,74
4,03
3,67
4,03
3,89
3,33
2,93
2,75
2,51
2,44
3,05
3,42
3,96
4,06
3,59
2,94
2,29
1,93
1,68
1,37
1,16
0,78
0,56
0,43
0,27
0,14
0,11
0,15
0,14
0,17
0,24
0,30
0,53
1,34
2,41
3,18
3,55
3,72
3,87
3,45
2,83
2,72
3,15
3,03
1,97
1,63
1,21
1,78
1,65
1,44
1,49
2,16
3,98
6,25
9,45
14,69
20,78
24,82
27,44
30,07
32,31
34,78
31,31
26,68
19,79
15,62
13,92
13,38
13,69
13,78
15,16
16,92
18,22
18,72
17,89
19,81
24,88
30,27
34,89
38,14
41,55
42,17
42,78
42,01
36,91
33,56
31,91
27,24
18,83
13,64
14,40
15,78
15,58
14,86
17,73
19,32
19,67
24,20
29,24
35,77
43,93
47,73
50,80
49,77
52,16
55,72
56,85
55,84
56,08
52,41
44,86
37,32
30,15
29,11
31,40
32,58
34,22
36,09
37,38
39,66
43,17
48,27
51,54
55,36
59,17
60,70
60,57
60,51
60,47
61,15
61,87
61,50
60,10
57,50
52,89
46,41
35,10
25,99
20,73
16,57
13,33
10,62
7,49
5,48
4,51
4,38
5,18
5,24
8,65
12,25
11,73
18,83
22,21
25,88
28,19
30,60
30,55
30,55
30,72
30,26
29,88
30,59
31,91
32,70
31,18
26,98
21,95
18,14
15,91
12,52
8,38
5,90
5,91
5,10
4,68
5,66
8,30
12,72
21,03
26,23
32,37
36,82
37,66
37,52
34,75
30,29
26,55
21,14
17,05
14,97
12,94
9,97
7,41
4,85
3,03
2,98
4,76
6,26
7,15
8,01
8,50
8,12
10,03
13,22
14,72
13,23
11,69
10,89
9,97
10,08
10,69
10,29
10,47
10,56
11,20
12,66
13,56
14,53
14,00
15,38
17,33
17,72
18,22
18,25
18,83
15,86
12,18
8,75
5,72
2,43
0,83
0,76
2,42
5,03
9,67
15,87
25,01
35,11
44,96
47,19
42,10
36,14
37,45
43,94
55,79
62,86
65,55
63,06
57,61
54,95
52,31
48,06
42,71
37,55
34,64
31,82
27,19
24,15
26,21
28,48
26,01
20,56
17,17
16,78
17,58
17,99
17,46
19,19
25,16
25,95
26,05
28,04
31,35
35,58
38,79
35,40
35,00
33,14
28,33
21,87
15,35
10,87
9,60
8,86
7,55
6,55
5,71
4,71
3,63
2,58
1,90
1,33
1,73
1,93
1,89
2,17
2,91
4,62
5,58
7,01
8,64
11,00
13,98
15,03
14,67
13,67
13,31
14,41
15,04
15,09
16,14
16,93
18,17
18,81
20,43
23,60
31,98
35,97
38,72
41,14
42,80
43,73
44,32
44,02
43,04
41,21
36,80
29,63
18,34
12,17
9,62
8,39
4,81
5,59
6,80
5,18
4,19
4,64
6,31
8,67
15,53
25,26
32,83
39,17
42,47
45,44
47,80
49,17
49,66
49,15
48,37
43,59
38,27
39,72
38,61
35,95
33,48
31,81
33,02
35,71
37,10
41,40
43,40
42,96
47,14
48,73
51,93
55,29
56,31
57,07
58,02
56,25
53,68
50,40
44,64
36,43
25,82
19,89
19,50
17,80
16,69
16,59
15,90
14,59
12,93
11,71
7,96
5,92
6,89
6,68
6,78
7,92
7,67
6,92
5,93
4,83
3,47
2,94
2,58
2,24
2,30
3,01
3,50
4,25
4,58
4,23
4,15
6,24
8,84
11,65
12,38
12,67
12,66
11,26
10,60
9,82
9,27
10,87
15,98
17,33
17,75
16,90
13,09
9,29
5,10
3,51
2,79
2,26
2,29
1,53
1,06
1,04
0,90
0,40
0,18
0,12
0,11
0,47
2,59
5,45
6,61
7,63
9,10
12,03
12,74
13,88
14,72
14,62
13,20
9,80
8,61
8,68
8,33
8,74
7,42
6,97
6,37
4,97
3,16
2,50
3,62
3,57
3,79
5,11
6,55
7,15
8,88
10,24
11,43
12,89
13,97
12,51
10,36
8,19
8,25
9,33
10,03
10,31
10,21
9,20
7,68
6,06
5,33
6,75
10,33
14,61
18,73
21,67
24,59
26,81
26,19
23,82
21,54
17,16
11,84
8,31
6,53
4,60
3,73
4,72
4,70
4,25
4,45
4,61
5,55
5,44
5,87
6,39
6,92
8,02
9,30
10,58
11,73
12,59
11,75
11,18
10,30
8,29
6,30
4,65
3,56
2,72
2,99
3,13
2,83
3,04
3,34
2,66
2,21
1,93
1,39
2,19
2,72
2,36
2,76
2,73
2,84
3,36
4,46
5,17
5,85
6,07
5,91
5,01
3,53
3,06
2,52
3,07
3,04
3,66
4,92
5,49
5,74
6,59
6,76
9,28
11,03
14,74
18,67
20,71
23,22
26,27
28,05
26,35
22,71
19,61
18,08
19,84
20,32
18,72
15,89
13,70
10,73
7,05
5,57
4,94
5,09
3,53
2,57
1,28
1,48
1,54
1,81
2,37
3,05
4,96
6,27
7,09
8,54
8,45
7,57
7,18
6,64
6,96
8,19
8,01
8,01
8,79
10,34
12,07
12,08
11,74
12,52
14,83
16,87
17,97
20,02
22,33
20,68
16,71
14,64
13,44
11,76
10,16
9,12
9,49
12,88
15,28
17,58
16,97
17,55
18,60
20,67
22,05
23,67
25,96
29,76
31,64
33,29
37,18
41,45
41,84
41,66
38,65
32,96
26,69
19,17
13,19
8,57
5,57
3,05
1,91
1,58
1,49
2,59
4,19
5,09
6,47
6,74
7,40
6,94
5,28
4,78
4,84
5,19
5,64
5,89
6,02
6,36
6,77
7,64
8,36
8,07
6,77
5,66
6,48
8,39
8,38
6,54
6,34
6,00
5,19
5,55
5,29
4,47
2,83
2,59
3,42
3,92
4,05
4,23
4,17
3,92
4,77
5,65
7,04
8,00
8,03
7,91
7,39
7,72
7,41
5,44
4,92
4,89
5,40
6,03
6,33
7,02
7,85
8,84
8,57
8,34
9,41
11,17
10,50
9,58
8,23
7,45
6,65
4,81
4,05
3,35
2,42
2,64
2,41
3,17
3,91
5,09
5,98
6,43
5,83
4,45
3,83
4,78
6,06
8,78
10,73
10,97
11,44
11,08
9,65
8,18
7,73
7,24
6,18
5,30
5,14
5,83
5,53
4,61
3,76
3,14
2,12
2,09
2,18
2,17
1,71
1,80
2,34
2,86
4,86
6,16
5,98
6,03
6,81
6,87
5,89
4,89
3,69
3,98
2,91
2,38
1,66
1,12
0,79
0,74
0,66
0,63
0,78
0,69
0,78
1,08
1,27
1,69
2,78
3,45
3,83
4,86
5,42
5,58
4,50
3,71
2,48
2,17
3,03
3,95
4,50
5,16
4,84
4,65
4,32
4,18
4,57
3,80
2,65
2,84
3,00
4,35
6,14
7,05
7,60
7,77
7,60
7,38
6,81
5,63
4,95
3,92
4,62
5,52
5,98
6,01
6,03
5,73
6,05
6,47
6,67
5,84
4,12
4,33
4,91
6,15
9,58
12,63
14,68
15,80
15,42
14,26
13,51
11,29
8,57
6,85
7,26
8,31
7,92
7,35
6,86
7,41
8,02
8,53
9,52
7,86
6,33
6,12
7,06
9,80
11,65
12,85
14,07
14,17
12,34
10,43
9,14
8,46
7,32
6,10
5,93
6,68
6,99
7,85
8,07
8,62
8,16
7,41
6,71
5,51
3,71
2,85
3,56
4,63
5,58
5,81
6,73
7,05
7,86
7,69
7,67
6,64
5,27
4,14
4,61
5,80
7,23
7,32
7,97
8,40
9,00
9,53
9,39
7,22
3,34
1,74
1,12
1,13
1,17
1,23
1,36
1,61
2,23
3,12
3,74
3,85
4,71
5,07
5,10
5,14
4,59
2,88
2,04
1,53
1,44
1,09
1,25
0,91
0,31
0,07
0,11
0,23
0,32
0,38
0,64
1,29
2,26
3,42
3,75
3,36
2,40
1,53
1,32
1,74
3,10
4,36
5,53
6,67
7,71
7,92
9,06
12,36
14,80
17,70
20,06
21,21
22,26
22,15
23,77
25,52
24,87
23,89
24,33
24,91
23,51
19,99
17,06
15,96
16,65
16,95
17,83
16,85
15,21
13,98
13,10
12,97
14,08
13,00
9,44
6,44
5,57
6,01
5,93
5,25
5,79
6,49
10,60
12,33
11,53
8,69
6,57
5,68
6,87
8,25
8,92
9,80
10,01
10,35
10,84
10,73
12,38
15,25
17,55
17,64
17,58
18,10
19,20
19,15
18,83
16,95
14,03
10,73
7,50
4,66
3,64
4,59
4,59
5,32
5,81
6,77
8,60
9,17
10,57
11,27
11,32
15,97
24,38
32,50
37,09
39,77
39,73
38,20
37,60
35,63
33,09
30,38
28,17
26,32
25,08
22,93
19,73
16,58
13,73
10,41
8,72
8,12
6,83
5,29
4,33
3,45
3,19
2,91
2,40
2,06
2,24
2,43
2,84
3,09
2,91
2,52
2,28
2,41
2,59
2,76
2,69
3,13
2,76
2,39
1,91
1,84
2,14
1,94
1,63
2,20
2,74
3,50
4,23
5,32
5,13
4,78
3,87
2,98
2,14
1,68
1,60
1,64
1,82
1,58
1,52
1,24
1,16
1,03
0,85
0,58
0,29
0,13
0,05
0,02
0,04
0,07
0,14
0,37
0,72
1,29
1,77
2,48
2,75
2,90
2,69
1,78
1,29
1,38
1,92
1,84
1,64
1,61
1,91
2,04
1,91
1,25
1,27
1,60
1,33
1,29
1,28
1,26
1,34
1,85
2,37
2,48
2,07
1,56
1,50
1,57
1,51
1,84
1,95
1,78
2,15
3,01
3,39
3,25
3,89
3,85
3,60
6,52
10,51
13,77
16,18
16,67
16,02
14,77
14,27
11,80
8,16
5,48
5,56
5,70
6,27
6,14
5,75
6,03
6,80
6,76
6,04
5,37
4,29
3,06
1,92
1,76
2,11
2,83
2,79
2,93
2,90
2,59
2,96
3,96
4,82
4,64
3,63
2,77
2,23
2,05
2,05
2,18
2,17
2,23
2,69
2,43
1,87
1,74
2,01
3,50
5,37
7,45
10,95
15,36
19,09
21,34
21,80
20,62
18,61
14,43
9,53
5,84
4,04
4,13
4,77
5,41
5,43
5,03
4,93
4,53
4,03
3,18
3,45
5,42
6,41
6,68
6,85
7,58
9,40
9,76
10,54
11,83
12,75
11,89
9,98
7,32
5,17
4,72
4,75
4,32
4,32
3,90
3,25
3,35
2,97
2,11
1,86
2,67
3,71
4,42
4,83
5,10
4,43
4,01
3,99
4,58
3,69
3,54
2,42
1,14
0,57
0,49
0,73
1,10
1,15
1,23
0,86
0,47
0,25
0,13
0,17
0,23
0,45
1,11
2,04
3,26
3,55
3,18
3,57
4,27
4,84
4,92
4,63
4,13
5,33
8,14
12,52
14,51
15,13
16,79
18,28
19,30
19,48
18,62
20,69
23,44
24,45
23,04
19,73
15,74
13,04
10,13
4,74
1,73
1,73
2,96
4,23
4,87
7,27
8,77
10,23
14,87
22,05
27,62
31,15
33,43
34,76
35,25
36,00
39,84
47,53
58,94
63,13
65,22
65,53
65,11
63,14
61,54
62,11
61,26
56,69
52,06
47,29
42,72
40,75
38,85
37,18
35,17
33,83
33,27
32,96
32,87
33,64
39,30
44,22
47,15
49,11
51,02
52,33
54,03
54,01
54,49
52,96
49,01
44,70
37,27
30,87
26,39
24,87
22,74
20,41
17,74
17,86
16,87
16,68
16,41
17,13
20,38
24,46
27,18
28,03
28,93
29,24
29,29
28,16
27,17
27,86
24,00
20,29
16,50
14,54
12,53
12,05
10,41
10,99
12,54
13,60
12,81
13,14
13,39
12,09
14,45
18,24
23,06
26,10
25,41
23,44
23,10
23,31
23,13
23,51
22,65
18,73
13,47
9,07
6,42
4,73
2,98
2,06
1,68
0,93
0,38
0,19
0,44
0,96
1,87
3,75
5,63
8,11
11,19
13,30
15,01
16,33
18,36
17,58
18,58
17,05
14,93
14,14
12,23
11,28
10,20
8,89
8,01
6,30
5,02
3,88
3,31
2,94
3,23
3,43
4,19
5,40
6,93
8,77
9,10
10,43
9,63
8,43
8,19
8,17
7,22
6,34
5,59
4,55
3,77
3,37
3,08
2,55
3,15
3,19
3,67
4,16
6,21
7,97
9,67
12,22
15,73
16,74
16,95
13,78
10,19
6,32
3,35
1,68
1,00
0,76
0,40
0,18
0,07
0,08
0,14
0,19
0,23
0,35
0,52
0,67
0,89
1,08
1,40
2,07
2,87
3,83
4,91
5,19
4,38
3,94
3,22
2,15
1,37
0,84
0,97
1,33
1,28
1,64
2,02
2,10
2,04
1,92
1,72
1,55
1,60
3,52
6,07
8,78
12,33
15,67
19,81
21,71
22,37
21,03
20,32
20,97
20,57
16,69
13,82
14,14
13,16
11,52
9,33
7,42
6,83
5,69
4,45
3,26
2,69
2,57
2,16
2,26
3,32
3,31
2,58
3,64
5,70
6,15
5,46
3,62
2,68
1,77
1,41
1,45
1,83
2,14
2,74
4,41
6,97
10,17
13,81
17,85
23,51
28,70
32,33
34,67
39,33
42,98
45,09
46,92
47,19
46,44
45,66
45,23
44,06
42,88
41,48
40,38
39,67
41,86
42,67
42,65
43,10
42,16
45,72
50,75
55,97
58,46
61,75
63,03
64,34
64,70
64,47
63,08
60,79
57,77
54,81
49,59
40,46
31,79
27,24
25,51
25,01
23,95
22,85
22,32
22,55
22,05
22,08
24,07
26,49
27,06
28,17
29,77
31,62
31,75
31,60
30,57
29,11
27,70
25,83
22,08
16,74
11,93
10,04
9,31
8,31
7,68
8,11
9,03
9,42
9,95
9,60
11,32
16,71
18,57
17,30
18,61
20,02
20,88
20,92
21,68
21,90
20,37
17,52
14,92
11,65
10,49
11,41
12,58
15,73
18,35
18,10
19,15
17,49
15,82
13,87
13,20
11,47
10,55
10,11
9,68
9,59
10,17
12,56
14,44
16,65
18,04
17,41
16,26
16,81
16,80
16,79
17,70
17,81
20,66
23,03
25,29
26,22
26,70
26,10
27,48
29,15
32,48
33,41
34,53
33,35
31,65
31,28
32,16
30,64
26,60
22,72
19,20
15,71
12,96
11,38
10,88
9,70
9,38
8,52
6,98
5,55
5,53
5,19
5,03
6,98
7,94
7,58
7,05
7,30
7,55
8,12
7,68
7,01
7,15
6,75
5,28
2,88
1,48
1,14
1,85
2,02
2,39
2,68
3,68
5,45
8,12
10,03
11,92
12,40
17,27
24,06
32,92
35,70
34,39
35,10
40,04
44,48
48,95
50,44
48,43
44,09
37,74
34,30
32,67
29,66
27,12
25,72
24,39
21,35
18,43
17,70
20,34
23,05
24,37
22,76
23,22
22,13
19,25
17,01
14,85
9,71
5,10
2,93
1,68
1,66
2,52
4,72
7,43
7,19
6,11
6,46
7,50
9,61
10,17
9,27
9,72
11,59
13,25
12,36
8,81
7,31
7,83
7,77
7,93
6,20
5,58
3,76
2,23
1,36
1,37
1,59
2,54
4,18
6,81
6,78
3,83
3,31
5,19
8,69
14,82
23,26
30,09
36,16
46,22
56,49
63,18
65,33
66,35
65,08
63,93
61,38
55,52
44,96
34,29
27,01
22,29
21,45
21,29
21,65
23,90
25,08
24,03
23,95
27,75
34,59
39,94
43,06
46,32
48,29
49,22
48,03
45,84
43,27
36,19
31,81
27,32
22,53
18,86
17,80
17,91
18,84
18,32
17,61
18,17
16,95
16,23
16,72
19,38
22,23
21,77
21,51
21,01
21,62
22,20
21,92
21,16
19,57
16,56
14,45
12,86
10,55
7,48
6,88
6,46
5,99
5,58
5,59
5,36
5,17
4,71
4,17
4,14
6,30
7,14
6,64
5,07
3,94
3,16
2,32
1,79
2,26
2,65
3,04
3,33
4,63
6,51
9,12
11,94
13,08
14,67
16,51
15,67
15,48
13,58
13,08
14,33
14,88
17,31
17,78
17,65
17,27
17,44
15,91
12,86
11,00
9,56
7,53
6,00
3,60
1,78
1,76
1,15
0,90
1,40
2,61
4,44
6,46
6,02
5,23
4,50
2,92
2,34
1,76
1,13
1,23
1,21
3,25
4,62
2,74
1,59
1,39
0,86
0,83
1,44
1,80
2,41
3,01
4,66
5,65
5,36
5,29
5,58
5,75
4,78
5,42
5,74
5,36
6,06
7,12
7,68
7,43
6,19
5,17
3,50
2,09
1,00
0,43
0,26
0,63
1,22
1,84
3,05
3,53
4,22
4,54
5,31
6,39
7,36
10,61
10,40
9,88
10,55
8,94
7,22
6,19
6,82
9,90
11,71
12,22
11,92
11,22
13,13
14,54
15,85
18,73
21,72
24,32
25,59
25,58
25,75
25,47
27,06
31,82
37,10
37,85
37,59
39,31
41,45
42,99
40,28
37,36
33,90
33,20
29,82
20,98
13,90
12,86
12,95
12,50
12,02
11,83
12,04
12,19
11,76
12,25
13,86
14,92
17,89
24,24
30,55
33,58
37,16
36,05
30,45
23,66
22,06
18,73
16,08
16,56
15,27
15,02
20,20
28,17
31,73
33,40
31,31
29,02
27,92
28,23
32,11
39,78
48,70
55,76
60,40
63,08
64,81
64,48
62,99
63,14
63,20
61,05
55,92
46,57
39,17
35,59
32,92
29,18
27,39
24,12
20,73
18,12
16,96
16,45
17,69
22,59
27,16
31,50
37,47
41,63
44,73
46,71
50,63
53,92
52,31
51,16
47,36
42,28
37,84
34,99
32,46
31,37
28,56
28,03
24,88
22,52
21,37
19,42
19,88
22,76
24,80
25,15
26,50
29,20
31,60
35,09
36,76
39,25
39,09
38,28
35,34
27,93
22,76
21,56
21,70
22,26
22,14
22,02
23,73
26,41
29,08
33,70
38,06
41,75
45,16
47,92
49,49
49,90
49,24
47,91
46,53
47,17
48,93
49,96
49,81
48,91
45,39
44,73
45,92
45,80
46,38
46,19
44,10
42,61
42,94
44,36
50,00
53,64
56,00
57,30
58,37
59,48
61,28
62,58
63,62
64,08
63,50
61,27
56,90
48,80
39,72
35,02
33,08
29,42
26,57
25,18
23,59
20,94
18,56
16,55
15,87
20,53
25,66
26,31
27,05
29,77
32,81
34,02
32,74
30,01
27,01
21,29
14,87
9,16
7,07
6,83
7,42
8,00
7,40
6,57
6,17
5,58
5,78
5,76
4,05
2,62
2,30
1,94
1,90
2,38
3,41
4,46
4,94
5,22
5,30
4,23
3,51
2,80
3,34
4,56
6,25
7,29
8,53
11,83
15,38
15,09
15,00
14,41
14,20
21,04
28,13
29,40
30,57
31,64
34,37
34,35
34,01
35,20
34,10
28,65
20,88
11,12
6,51
6,12
5,84
5,46
5,82
5,20
4,30
4,25
5,71
6,16
6,30
7,99
11,60
16,18
19,47
20,80
21,90
23,97
25,72
24,90
23,52
19,32
15,54
10,41
6,30
4,83
4,63
4,46
4,35
4,01
3,76
3,16
3,55
4,18
4,26
5,53
6,86
8,97
11,29
12,87
12,39
10,43
8,63
8,11
7,84
7,61
7,44
8,19
10,97
15,01
16,74
18,07
18,14
17,53
17,21
17,50
17,64
18,13
17,24
17,04
19,78
26,96
35,51
39,93
42,16
42,49
42,27
42,62
40,25
36,61
31,46
25,06
23,41
23,57
23,29
21,62
18,86
16,80
13,98
11,68
10,01
8,28
6,17
5,35
5,09
5,45
7,81
10,35
12,35
13,20
13,74
14,75
14,94
12,26
10,37
8,58
6,28
4,81
5,04
5,62
7,19
6,80
7,73
8,58
8,42
9,10
9,27
8,88
6,91
6,51
7,30
8,71
8,92
9,48
10,71
11,75
12,96
11,94
10,47
8,71
7,75
6,87
7,06
7,30
7,30
5,27
4,71
5,71
6,63
5,72
5,73
6,04
5,09
4,73
5,73
6,74
6,97
7,61
8,92
9,22
9,95
8,99
6,77
6,14
6,90
6,02
5,39
5,40
5,60
5,62
5,42
5,64
6,09
6,21
5,61
5,23
5,22
5,65
6,88
9,21
11,73
13,82
14,51
16,44
15,84
15,12
14,46
14,19
13,78
12,62
10,76
11,04
11,68
11,65
10,49
10,09
10,08
9,81
9,71
9,67
10,10
9,66
9,63
10,63
11,99
12,62
13,14
13,45
14,53
13,87
11,88
10,43
9,72
9,99
9,29
8,61
8,20
7,95
8,51
8,13
7,85
7,27
6,93
7,94
8,61
8,25
8,36
8,07
7,72
7,35
7,09
7,30
7,31
7,01
5,72
3,39
2,24
1,83
2,15
3,45
4,18
5,89
5,85
6,59
6,93
6,48
5,66
5,12
6,83
9,42
11,31
13,29
13,87
15,17
16,44
16,96
17,01
15,30
11,64
8,17
6,26
6,09
7,50
8,05
7,62
7,68
7,74
7,72
7,51
6,78
5,23
5,08
9,31
12,66
12,77
13,19
14,52
17,82
21,13
20,86
17,81
14,14
12,01
13,58
17,91
23,86
31,48
37,53
42,80
46,14
46,65
42,78
41,68
43,46
46,91
49,15
48,89
45,41
48,24
51,84
53,36
53,35
54,32
55,34
53,07
46,90
38,06
29,70
26,04
24,30
20,80
15,70
13,67
11,50
11,86
15,52
19,07
20,10
19,36
20,75
19,02
14,88
11,69
10,37
13,18
15,24
17,48
20,27
24,18
27,68
24,50
23,24
23,37
23,94
25,00
24,64
25,52
25,73
25,12
25,45
26,22
24,74
23,94
27,21
33,06
36,16
33,88
31,65
30,15
26,75
24,48
22,08
20,17
15,89
12,70
10,42
9,88
9,94
10,03
10,48
10,11
10,30
9,45
8,76
7,38
7,35
5,77
5,44
7,13
9,17
9,37
9,14
8,34
8,32
7,58
6,23
4,94
3,56
2,24
1,81
1,89
2,37
2,74
3,05
4,66
5,15
4,95
5,13
5,54
6,55
6,26
5,86
6,33
8,78
11,31
12,18
12,83
13,49
12,67
12,57
11,02
10,39
10,66
11,25
11,36
11,11
10,75
11,52
10,58
9,63
9,35
9,03
9,53
8,10
7,67
10,93
14,83
15,02
16,26
19,98
22,44
21,99
22,52
22,31
21,75
17,91
15,86
14,83
14,01
13,40
14,47
14,35
13,97
15,30
15,96
15,39
17,02
18,06
18,83
22,33
26,91
31,65
35,91
39,13
43,75
48,47
53,57
54,72
53,02
51,29
49,28
44,24
37,23
31,82
28,90
26,11
25,13
21,58
20,48
22,24
23,74
21,25
19,49
20,27
19,75
21,12
23,23
25,11
25,28
24,16
23,78
22,99
23,76
19,32
15,38
16,68
19,02
18,34
15,33
13,99
10,95
8,99
8,66
6,91
4,87
3,28
2,64
1,95
1,33
0,99
0,56
0,42
0,28
0,26
0,75
1,39
1,24
0,97
1,13
1,04
1,01
0,61
0,71
1,03
2,07
2,50
2,06
2,30
2,69
3,30
4,37
6,18
7,37
6,89
7,65
9,64
13,22
17,31
20,01
22,10
24,37
23,35
20,91
21,37
22,69
22,74
23,40
24,34
24,49
22,14
23,54
23,06
20,41
19,01
22,03
24,65
26,56
28,03
30,84
32,46
33,96
34,73
34,20
35,03
33,63
30,00
23,92
18,79
15,04
13,25
13,95
15,49
17,66
18,94
19,96
23,37
24,91
27,16
29,38
36,75
44,66
49,73
54,93
58,15
61,60
63,13
63,17
62,41
59,48
53,77
46,56
41,11
39,23
37,64
34,88
33,86
33,03
31,65
31,67
28,43
25,39
25,65
25,73
28,40
33,74
40,20
46,17
48,26
52,14
53,13
57,21
59,16
58,08
53,49
46,64
38,78
34,03
31,45
28,70
26,11
24,56
22,79
21,53
20,36
20,29
20,31
20,39
22,98
30,83
35,36
35,31
35,61
37,03
39,87
42,14
42,76
40,54
36,30
27,70
19,21
16,01
14,44
13,74
13,00
12,57
13,03
13,10
12,67
13,28
12,16
10,76
11,07
16,30
20,32
22,81
23,19
23,34
24,08
25,17
25,95
25,86
26,60
21,96
16,51
14,43
12,21
10,81
9,84
7,35
7,50
8,29
6,78
8,28
7,15
6,46
5,39
4,24
5,28
6,63
7,37
8,84
10,59
10,88
7,95
7,83
6,93
6,05
4,76
4,74
5,62
5,91
6,40
7,50
8,37
8,92
8,99
8,90
11,72
14,42
19,25
25,95
33,20
39,86
44,45
46,15
46,95
45,92
42,66
38,42
33,09
27,57
24,07
22,61
19,54
16,90
15,57
13,69
13,14
12,34
9,16
9,05
7,63
5,98
6,38
8,92
10,14
11,86
14,61
18,05
21,18
23,97
26,43
27,17
26,48
24,88
24,33
26,48
27,46
28,78
31,50
35,99
40,91
42,11
40,93
39,82
39,49
39,34
38,97
40,95
45,27
49,96
50,34
46,36
40,93
39,81
35,87
30,85
25,78
21,63
22,67
21,81
22,74
25,08
26,63
27,72
28,43
29,49
30,61
32,97
35,57
37,19
42,32
49,31
55,28
59,07
59,95
59,21
59,25
62,01
65,11
65,53
63,91
57,43
49,91
44,44
41,81
40,15
37,26
35,19
32,33
28,92
26,07
22,97
21,49
20,90
22,09
28,68
40,14
45,80
45,33
41,87
41,33
40,06
36,80
30,02
22,89
14,44
12,00
11,73
10,20
8,65
7,71
7,38
5,93
5,08
4,86
4,28
3,87
3,27
2,91
3,69
6,08
9,20
12,10
13,90
14,56
16,11
15,61
14,29
12,07
10,17
9,45
9,75
10,41
10,94
11,77
13,41
15,94
19,75
20,62
21,90
22,64
22,46
23,51
27,47
32,76
34,60
34,29
35,27
36,67
36,27
36,96
36,61
33,62
28,07
26,38
28,86
32,22
32,55
32,03
33,23
30,94
26,53
26,79
26,62
26,64
27,91
29,52
33,14
38,76
42,76
46,51
48,40
51,58
51,66
51,22
51,99
48,04
44,82
43,15
41,11
38,60
36,78
33,62
30,61
31,17
33,11
33,68
35,13
34,47
35,76
42,69
49,93
55,66
60,26
65,28
69,15
71,64
73,06
72,31
70,53
67,12
61,71
55,86
50,53
44,69
37,46
32,06
28,08
24,69
21,98
19,38
16,89
14,05
12,77
11,06
9,88
8,59
8,43
10,58
13,13
17,16
22,63
22,27
16,32
18,36
24,70
22,49
16,62
12,79
13,31
18,59
25,27
31,36
35,22
36,88
39,36
37,73
37,02
40,14
47,69
54,73
57,03
57,30
55,73
52,65
50,33
47,76
43,96
37,76
32,41
29,58
29,98
31,02
32,06
29,65
24,82
20,20
18,83
17,30
14,30
10,62
8,51
6,46
5,98
5,33
5,41
6,53
7,61
10,09
12,97
16,50
19,66
21,96
20,02
19,72
20,32
20,19
21,36
22,71
22,88
22,72
22,40
25,08
26,53
26,03
27,99
32,57
41,99
51,21
58,13
60,90
60,97
60,38
60,59
60,11
57,82
51,49
42,45
35,99
33,80
30,57
26,71
22,83
18,90
15,81
14,56
12,16
9,85
8,63
7,53
6,85
8,37
8,48
8,12
9,09
10,18
9,83
9,16
8,99
8,50
7,36
5,28
5,75
7,93
9,97
11,90
15,78
20,36
23,42
26,82
30,33
34,66
39,83
45,36
47,36
50,19
52,86
53,80
48,90
48,22
52,01
57,68
56,85
56,74
54,25
51,71
52,88
56,29
60,10
61,88
62,66
63,96
66,22
66,54
67,06
66,95
66,02
64,76
65,92
67,99
70,20
72,13
72,69
72,43
71,56
70,29
67,69
60,25
49,51
36,01
26,49
19,69
15,37
13,13
13,89
15,57
18,01
19,85
24,61
30,30
34,65
37,51
42,62
48,86
52,64
55,55
57,31
58,63
58,64
59,16
58,64
58,59
55,48
52,55
52,86
52,60
50,08
50,20
53,16
50,76
48,08
44,17
40,39
30,90
22,04
17,25
15,30
17,48
20,81
20,68
19,92
19,91
18,14
14,28
10,65
7,57
3,65
2,17
1,93
2,14
2,60
2,93
4,05
4,76
4,97
8,68
11,09
14,97
19,41
22,34
25,84
32,34
38,58
41,33
43,42
46,37
47,93
48,35
48,70
46,46
39,06
32,77
30,38
29,24
28,56
25,37
20,67
17,85
15,43
13,89
10,62
9,81
11,81
13,52
15,25
20,35
26,34
34,05
41,91
47,68
51,79
50,58
43,55
37,46
31,88
29,32
28,13
25,91
23,53
20,18
18,49
17,95
15,90
13,88
13,37
15,22
18,39
20,67
23,16
28,78
35,65
41,92
44,99
46,75
45,32
40,89
38,03
29,88
22,71
19,99
22,13
22,08
21,01
20,41
22,01
25,27
25,18
23,80
22,99
23,59
23,67
20,07
17,42
19,82
27,63
32,30
36,31
40,55
40,03
33,58
30,90
32,92
37,22
37,83
35,78
36,49
35,11
32,58
25,69
18,64
14,61
11,21
8,08
6,87
7,35
7,68
6,41
6,87
11,80
15,94
19,96
23,63
24,16
22,50
19,67
13,89
7,29
5,24
4,91
4,43
4,15
4,44
5,31
5,56
5,90
5,69
6,50
6,97
7,01
7,23
8,34
10,09
11,70
14,18
18,35
21,76
22,96
23,66
22,72
18,45
15,34
15,12
16,29
17,43
15,60
15,88
17,09
17,60
17,09
16,83
16,24
16,04
16,65
16,72
17,73
20,10
22,14
26,15
33,26
40,02
44,96
50,45
52,24
54,14
52,50
46,15
45,60
38,35
29,15
24,68
23,26
24,19
23,99
21,46
17,87
14,36
11,94
11,01
11,45
11,79
12,83
12,28
11,64
12,02
11,31
10,67
9,52
6,10
3,88
3,45
3,58
3,65
4,58
4,56
3,17
2,31
2,01
2,24
2,16
1,65
1,39
1,16
0,77
1,78
1,23
0,94
0,44
0,09
0,07
0,15
0,17
0,17
0,24
0,31
0,61
0,81
1,13
1,60
1,82
2,17
2,69
2,93
3,87
5,01
6,00
6,81
6,92
6,24
9,41
12,69
15,48
18,42
20,11
22,33
23,96
25,20
25,67
27,70
30,19
33,18
34,87
37,64
39,29
41,14
41,34
42,38
44,39
47,39
49,95
52,52
53,84
54,78
55,86
57,25
56,99
55,49
55,76
57,34
58,35
59,12
58,32
58,76
60,65
60,70
60,75
62,45
63,34
64,16
64,39
64,67
64,14
61,57
57,32
52,11
46,39
41,96
37,15
31,84
27,89
23,60
19,00
15,27
13,64
7,34
5,73
7,43
9,16
10,05
8,70
7,01
6,04
4,24
3,57
3,58
4,32
4,77
5,04
7,12
8,67
11,09
15,66
19,75
22,16
23,44
23,55
23,29
20,69
17,17
14,76
14,75
15,27
15,31
16,12
16,52
16,90
16,69
16,81
17,81
16,81
15,82
15,09
14,55
12,65
12,72
15,49
18,27
19,51
19,36
20,16
19,44
17,43
13,65
10,83
10,53
11,11
10,03
8,80
8,07
6,28
4,88
4,09
4,27
4,26
4,30
4,83
5,04
4,47
2,70
1,95
1,69
1,56
1,06
0,46
0,43
0,65
0,79
0,58
0,56
0,34
0,33
0,47
0,52
0,41
0,18
0,06
0,05
0,06
0,07
0,09
0,09
0,06
0,07
0,02
0,01
0,02
0,08
0,09
0,14
0,38
0,73
1,15
2,37
4,60
6,56
6,85
7,30
8,47
8,70
7,68
8,59
8,57
8,77
11,76
12,86
12,84
13,73
14,55
15,69
16,73
16,25
12,91
10,26
7,73
6,58
8,81
9,49
9,06
7,80
7,49
7,01
7,73
7,66
6,00
6,24
7,25
7,15
6,61
6,60
6,11
5,48
6,18
5,48
4,63
3,52
2,16
1,37
1,40
1,46
1,55
1,94
2,03
1,64
0,98
0,77
0,59
0,46
0,34
0,30
0,25
0,17
0,14
0,13
0,11
0,08
0,03
0,03
0,02
0,02
0,04
0,03
0,02
0,02
0,02
0,04
0,04
0,02
0,05
0,21
0,40
0,66
1,07
1,46
1,96
2,67
3,52
4,25
4,95
4,82
4,99
6,61
8,85
11,00
12,78
14,66
14,83
13,65
12,32
12,51
13,83
15,53
18,23
19,86
21,26
22,05
22,75
23,03
22,23
22,88
21,45
19,87
17,48
14,68
14,57
12,88
11,62
10,96
11,02
10,61
10,09
9,49
8,24
8,09
8,69
9,21
8,26
7,81
7,83
7,43
6,57
6,49
6,10
5,29
4,73
3,67
3,14
2,64
2,92
3,32
3,06
3,22
3,05
2,56
2,60
2,52
1,90
1,44
1,69
1,72
1,29
1,22
1,30
1,28
1,43
1,66
1,97
2,23
2,75
3,57
4,99
5,69
7,78
11,15
16,46
21,07
21,94
22,02
17,82
14,72
12,34
9,42
8,05
7,15
6,10
5,24
4,55
5,16
4,30
3,22
3,50
4,71
4,73
5,37
6,63
10,21
14,44
22,93
35,49
46,30
53,01
55,69
58,17
57,64
54,34
51,05
49,54
46,62
45,76
46,90
47,10
53,30
59,56
60,24
60,84
62,55
56,42
48,65
38,84
35,07
37,78
41,17
36,40
29,09
22,10
20,12
16,61
13,20
9,50
6,81
4,82
3,34
2,48
2,07
1,44
1,31
1,06
1,11
1,20
1,12
1,12
1,49
1,91
1,84
1,95
2,86
3,05
3,38
3,88
4,05
3,39
2,01
2,23
3,93
5,93
7,94
10,22
11,09
11,59
11,53
10,97
11,22
11,68
11,48
12,08
12,55
12,48
11,05
11,34
12,92
16,03
18,57
19,18
18,16
15,73
12,39
11,83
12,58
12,45
12,37
11,83
10,61
9,01
7,68
7,00
6,34
5,25
4,51
3,91
3,60
3,60
2,67
1,69
2,12
2,95
4,98
6,17
7,10
7,22
7,64
8,53
9,80
9,92
8,98
9,08
10,45
11,28
11,75
12,44
14,27
14,43
14,67
16,13
19,28
24,64
30,69
36,76
38,67
38,65
37,84
36,82
32,50
28,42
22,45
19,36
20,66
22,26
21,73
16,89
11,42
10,05
8,25
7,04
6,40
5,51
5,51
5,61
5,80
5,46
4,63
4,26
4,74
6,69
8,67
10,08
11,72
11,97
13,01
13,11
14,33
16,91
17,83
20,99
23,58
25,03
25,47
28,40
32,68
36,37
37,56
36,20
33,57
31,61
29,44
29,80
32,26
31,35
29,71
28,45
27,24
25,34
20,87
18,06
17,79
16,70
15,44
15,10
14,68
14,10
12,81
11,36
10,18
8,87
6,34
5,85
6,20
6,56
5,98
5,63
8,78
12,59
13,61
13,03
13,61
13,91
8,69
6,84
6,67
6,63
5,76
3,76
2,18
1,29
0,86
0,76
1,15
1,90
2,49
3,06
3,61
3,66
3,66
3,73
4,84
6,98
11,06
14,41
14,44
13,46
10,35
8,87
7,92
7,63
7,42
7,61
7,89
7,90
6,95
6,37
5,05
4,72
3,79
3,01
2,36
2,48
2,48
2,05
2,62
2,53
2,26
2,53
2,72
3,24
3,71
4,61
6,68
8,70
10,43
11,19
10,74
9,78
8,62
8,56
7,68
8,73
9,59
8,71
8,23
8,43
9,26
9,40
10,94
12,86
12,56
11,98
9,58
6,88
4,27
3,64
4,06
5,02
5,06
4,38
4,26
4,84
4,65
3,74
3,57
4,49
3,81
2,71
1,97
2,40
2,58
2,46
2,19
2,97
3,25
2,87
2,52
2,64
2,85
3,71
5,07
5,44
6,07
7,24
7,65
7,41
7,21
6,27
6,18
6,44
6,50
7,04
8,24
8,61
9,16
8,08
8,72
8,95
8,52
7,07
6,52
6,34
6,18
6,81
6,76
5,88
5,20
4,36
3,19
2,80
3,35
3,13
2,90
2,92
3,35
3,16
3,01
3,31
3,67
3,77
3,97
5,51
6,72
5,56
4,69
3,26
2,69
4,38
5,50
4,83
5,22
5,29
4,80
4,20
4,06
4,26
4,81
5,12
6,01
7,00
6,90
5,69
5,03
5,33
4,80
3,82
3,29
2,96
3,31
3,00
2,47
2,31
2,06
1,99
3,03
2,47
1,44
2,15
2,14
0,88
1,84
1,37
1,51
1,43
2,69
2,42
2,63
2,74
4,30
6,67
8,69
9,57
10,09
9,30
11,01
13,98
16,78
19,82
24,20
29,16
32,45
33,03
33,43
52,77
71,44
35,65
37,42
40,99
47,40
48,70
51,35
53,38
55,63
56,13
56,65
57,34
58,40
59,54
60,23
61,15
61,88
62,18
60,94
59,56
57,59
51,03
51,73
49,24
46,61
43,30
39,45
36,33
30,75
24,11
19,40
16,00
13,84
13,48
11,41
9,77
6,28
3,90
3,73
4,32
5,18
5,16
4,59
5,11
4,47
3,19
3,07
2,93
2,79
2,68
2,61
2,03
1,83
1,69
1,96
2,75
3,00
4,80
8,50
11,46
14,39
14,62
14,21
15,18
18,03
17,74
15,89
16,07
15,79
13,82
11,75
11,61
11,79
10,50
7,11
4,15
2,53
3,31
5,89
8,86
12,95
17,58
21,17
26,06
28,13
28,99
28,35
28,28
31,13
34,70
39,58
44,68
46,57
45,15
44,07
43,89
40,96
43,14
42,73
47,18
46,98
45,68
43,82
40,99
40,95
43,55
43,33
39,17
36,01
31,20
26,34
23,41
18,99
13,70
10,41
8,56
7,03
5,21
4,02
3,30
3,37
2,96
2,57
2,60
2,91
3,74
3,49
1,97
1,70
1,70
1,71
2,12
2,45
1,01
0,69
1,70
3,48
5,41
8,15
12,40
18,45
27,42
36,01
42,10
44,93
49,58
50,55
48,58
45,59
41,51
44,29
51,18
56,58
57,59
59,02
58,27
56,40
54,12
49,41
48,06
47,05
44,73
43,24
40,60
39,02
36,22
32,62
30,29
25,07
20,97
18,22
14,88
11,74
8,94
6,45
3,70
2,47
2,03
1,09
0,80
0,83
0,94
0,72
0,85
0,91
1,27
2,09
3,05
3,41
4,47
5,77
6,61
7,05
6,85
7,15
8,32
8,81
9,06
9,02
11,31
15,15
19,47
26,48
32,66
36,08
38,33
45,18
48,93
47,67
39,66
30,15
26,24
32,60
37,84
41,59
45,70
46,86
46,66
44,63
44,05
43,85
49,92
56,30
60,88
65,38
67,89
66,69
63,80
61,98
56,31
47,39
43,63
40,39
35,94
30,16
27,75
23,50
27,17
40,93
53,67
61,51
65,82
66,34
65,37
62,80
61,51
59,64
61,22
65,70
69,31
71,04
71,29
71,44
70,05
65,71
60,88
58,70
57,98
56,20
54,81
53,24
51,50
46,10
39,87
33,98
29,01
22,99
17,15
14,52
11,35
12,08
15,44
25,42
35,43
43,44
47,47
50,92
54,67
58,54
57,83
56,45
59,19
63,39
66,01
65,05
64,55
65,41
65,80
65,43
63,53
61,75
59,47
58,61
59,11
60,82
61,68
61,32
59,97
61,26
63,25
63,60
64,09
65,02
66,48
65,43
62,83
60,00
56,69
52,69
47,49
42,07
36,17
31,82
31,79
31,13
28,87
27,96
28,26
27,25
28,76
35,51
45,50
50,58
51,14
47,31
40,30
34,30
31,42
29,55
26,62
22,73
18,95
15,56
12,13
8,64
4,34
2,28
1,99
1,83
2,79
2,90
4,06
8,90
12,06
13,31
16,78
21,72
23,56
22,71
19,96
17,70
18,13
20,52
25,19
28,31
28,94
28,96
28,73
27,16
26,00
23,39
20,57
20,00
20,93
21,34
21,40
19,00
15,93
15,25
18,21
21,35
21,60
18,31
13,66
9,85
8,92
8,27
7,21
6,06
5,47
5,03
4,77
4,87
4,91
5,34
5,88
5,86
5,89
5,93
5,58
5,41
5,09
5,52
5,40
5,74
6,69
7,01
7,55
8,94
11,71
14,34
14,56
17,43
19,16
20,79
21,20
22,52
22,41
21,63
22,25
22,45
23,27
22,78
21,16
20,15
19,67
18,44
18,21
18,96
18,42
17,99
15,95
15,75
15,22
13,68
12,81
11,23
8,83
7,75
6,31
4,61
3,54
3,08
2,61
2,02
1,53
1,30
1,38
1,83
3,05
4,46
5,80
6,27
6,01
5,50
6,07
7,03
8,05
9,84
9,90
8,82
7,39
6,18
6,46
7,45
7,16
7,12
9,27
10,34
12,58
13,67
14,77
16,59
19,41
20,86
23,22
26,40
29,11
30,21
28,82
24,63
21,79
21,04
20,05
19,55
18,71
18,21
17,27
16,38
15,41
14,00
14,16
14,63
13,42
12,08
10,86
9,74
8,56
8,52
7,34
7,76
8,57
8,30
8,09
8,16
8,22
7,94
8,49
8,78
9,53
9,78
10,31
10,23
10,23
10,88
11,25
8,94
8,71
9,00
9,11
8,81
7,54
7,37
8,14
6,99
5,06
3,80
3,27
4,45
6,45
8,14
8,94
10,89
12,05
13,03
14,25
13,52
13,36
16,31
20,47
25,51
30,75
33,95
36,75
38,52
38,92
38,40
38,33
36,42
33,54
30,44
26,82
24,51
19,96
15,56
13,37
10,54
8,84
7,32
5,93
5,16
4,40
4,12
3,67
3,63
3,83
4,33
5,52
5,87
5,80
6,78
7,76
8,44
9,42
10,60
11,64
12,41
15,20
18,56
20,92
22,45
24,24
26,25
26,40
25,88
25,18
26,77
28,96
32,60
37,37
41,37
44,27
46,65
46,03
46,44
46,10
45,81
45,71
44,55
41,53
36,80
32,07
27,74
23,63
21,42
19,01
17,44
15,18
14,78
13,71
13,56
13,50
13,98
14,16
15,60
14,99
15,69
18,52
21,11
22,66
21,63
22,37
22,43
22,75
25,92
30,16
34,59
35,69
34,14
31,96
32,72
29,39
24,81
21,65
19,23
18,27
21,74
22,46
25,29
24,90
24,19
22,64
20,99
22,64
29,03
32,49
32,88
36,29
41,14
42,95
43,25
41,73
38,85
33,77
27,25
21,22
16,59
13,28
10,31
7,18
5,07
2,74
1,80
3,18
7,68
12,63
17,61
25,38
34,45
41,22
47,47
54,61
60,76
64,49
65,04
62,67
53,06
44,30
36,76
28,61
24,65
23,77
27,51
30,39
33,99
36,11
41,48
45,96
50,38
55,94
60,68
66,46
69,88
70,93
70,64
67,93
65,71
65,15
65,25
62,10
62,09
56,13
55,28
53,55
46,53
40,88
38,99
37,20
37,57
37,07
37,37
38,34
39,98
40,70
44,08
48,33
51,43
49,95
42,29
33,16
28,52
27,85
27,84
27,40
26,64
25,19
23,30
22,41
20,05
18,04
15,89
13,57
11,86
10,05
8,72
8,29
7,13
5,46
3,24
1,94
2,22
2,03
1,76
1,59
1,60
1,36
1,61
1,89
2,02
2,43
3,53
4,93
5,60
6,19
7,00
7,63
8,97
9,91
12,77
15,74
16,11
18,26
22,37
26,05
29,36
31,21
32,82
32,94
32,76
35,62
39,02
42,60
44,88
46,55
48,77
50,78
52,11
53,29
55,39
56,93
55,98
52,72
44,27
33,34
26,08
20,60
18,75
19,95
21,49
24,74
28,18
30,71
32,29
32,41
31,78
30,28
25,58
27,21
27,40
29,71
32,66
34,01
33,13
31,52
29,24
27,40
23,75
21,33
19,04
15,93
12,50
10,30
8,81
7,10
5,59
4,42
5,16
7,01
10,35
13,74
16,69
21,18
25,43
29,09
33,91
37,38
40,69
44,82
50,69
57,34
61,83
63,41
65,13
64,19
63,37
64,39
68,28
68,56
70,28
73,72
73,47
70,33
65,50
59,70
54,07
47,87
42,14
35,04
31,86
31,15
30,95
29,70
28,81
27,74
28,32
30,20
30,83
31,25
31,35
35,61
39,96
43,89
40,74
34,85
29,90
25,82
20,40
18,12
17,15
14,65
11,79
10,83
11,03
11,40
12,51
14,52
15,43
15,74
14,98
13,51
12,69
12,64
10,79
11,44
13,45
17,40
21,40
22,99
23,41
23,96
21,90
21,18
18,97
18,02
16,56
13,82
17,73
22,59
24,75
25,81
24,89
26,12
23,05
22,51
18,16
16,03
14,67
14,28
15,17
12,83
10,36
8,70
9,84
9,16
12,18
14,96
16,67
19,86
27,26
35,12
42,79
47,74
46,23
44,40
43,88
44,16
45,85
47,96
50,20
53,75
57,15
60,02
61,91
63,06
65,03
66,37
66,53
66,79
64,74
60,59
57,74
57,50
56,09
52,79
50,39
49,61
49,18
51,98
55,24
56,97
55,70
51,26
48,03
47,48
47,66
42,60
39,90
40,70
39,55
36,34
32,35
28,24
29,04
32,01
35,27
39,66
45,17
49,79
43,02
32,52
22,53
13,91
8,27
5,84
5,07
3,92
4,06
5,68
6,86
8,61
13,25
16,19
19,57
21,19
25,18
29,27
32,15
33,20
33,37
35,58
40,99
44,09
45,70
48,43
47,91
48,02
49,28
50,71
53,41
52,81
48,71
46,96
45,70
40,89
34,41
29,27
25,67
18,57
14,29
12,51
13,01
15,28
20,75
22,50
22,61
24,04
27,23
32,20
37,63
39,93
43,38
43,05
43,54
39,18
33,43
28,80
26,25
20,06
16,74
15,03
12,69
10,41
8,94
8,42
9,38
8,94
7,38
6,17
4,79
3,63
3,10
2,73
1,99
1,55
1,45
0,85
0,64
0,63
0,51
0,44
0,39
0,28
0,15
0,13
0,07
0,04
0,03
0,05
0,09
0,14
0,19
0,43
3,61
2,91
2,59
2,87
3,81
5,45
5,81
5,34
5,07
5,02
4,62
4,23
3,53
3,53
3,92
4,30
4,06
4,20
3,71
3,59
3,64
3,96
4,51
5,59
6,54
6,91
7,17
6,61
6,01
5,03
4,53
4,36
3,61
2,78
2,73
2,76
1,96
1,45
0,95
0,57
0,32
0,24
0,26
0,18
0,18
0,16
0,14
0,14
0,11
0,09
0,04
0,04
0,03
0,05
0,06
0,08
0,13
0,18
0,20
0,34
0,51
0,40
0,52
0,56
0,42
0,50
0,81
1,34
1,58
1,85
2,52
3,23
3,65
4,15
4,57
5,17
4,52
4,19
3,38
3,36
3,06
3,03
3,48
4,01
3,91
3,72
3,18
2,70
2,25
2,10
1,28
1,06
0,70
0,71
0,77
0,55
0,37
0,27
0,26
0,14
0,07
0,03
0,03
0,05
0,06
0,09
0,10
0,19
0,18
0,09
0,08
0,05
0,05
0,03
0,04
0,11
0,31
0,31
0,39
0,63
0,56
0,79
0,62
0,30
0,22
0,21
0,21
0,27
0,39
0,44
0,52
0,64
0,65
0,65
0,57
0,55
0,57
0,80
1,08
1,21
1,18
1,13
1,15
1,31
1,54
1,68
1,39
1,10
0,87
0,84
0,89
0,68
0,59
0,51
0,69
0,66
0,45
0,53
0,70
0,61
0,64
0,63
0,72
0,82
1,02
0,95
0,79
0,69
0,60
0,61
0,45
0,28
0,21
0,17
0,17
0,19
0,12
0,05
0,03
0,01
0,01
0,02
0,13
0,33
0,17
0,11
0,01
0,02
0,02
0,01
0,03
0,06
0,03
0,08
0,09
0,06
0,06
0,11
0,23
0,28
0,50
0,84
1,34
2,07
3,03
4,42
5,72
6,90
8,05
8,94
9,88
10,90
12,30
12,75
13,27
14,09
13,95
13,19
13,15
14,14
15,63
15,45
14,77
13,08
10,78
9,80
9,85
10,05
10,02
10,01
10,34
9,81
7,71
5,86
4,88
4,61
4,20
3,62
3,39
3,54
3,42
2,79
2,23
1,85
1,19
0,56
0,23
0,30
0,32
0,20
0,20
0,19
0,12
0,06
0,07
0,06
0,05
0,04
0,05
0,02
0,02
0,08
0,11
0,10
0,04
0,12
0,14
0,16
0,21
0,20
0,24
0,39
0,49
0,46
0,41
0,61
0,88
1,29
1,66
2,01
2,08
1,88
2,31
3,66
4,33
5,69
7,73
9,02
10,28
11,37
12,70
13,25
14,12
15,50
14,74
11,25
9,32
9,19
12,34
10,55
10,39
9,85
9,65
9,51
9,16
7,48
5,38
4,80
4,44
4,40
4,89
5,41
6,98
8,22
10,55
12,53
14,64
16,51
19,16
21,16
22,95
24,53
26,81
29,36
34,14
39,09
43,47
43,87
44,11
45,68
48,31
49,81
49,93
49,96
50,07
48,20
46,16
42,47
35,73
29,49
26,15
24,45
23,67
23,33
21,65
23,43
28,89
31,60
35,84
38,74
40,70
42,47
44,55
44,81
49,50
49,52
51,22
51,98
50,75
47,91
42,02
37,09
30,77
26,09
24,05
21,71
21,07
21,42
19,86
23,09
25,57
29,07
28,27
26,71
25,01
20,47
16,51
15,36
16,24
17,88
19,93
21,54
25,24
29,14
33,85
36,55
39,23
38,36
39,91
42,20
45,90
49,73
53,03
56,66
58,40
61,46
64,00
66,58
67,55
68,28
67,71
66,22
65,14
64,05
62,23
59,94
55,09
49,96
47,23
45,91
43,72
40,36
37,61
36,54
34,55
34,55
36,91
41,42
46,45
52,36
58,52
63,49
68,77
72,22
73,99
73,96
73,54
72,52
70,55
69,90
69,63
69,38
68,66
67,76
67,24
67,89
67,79
67,77
66,71
65,79
65,40
66,08
67,28
67,81
69,33
68,64
65,60
63,61
63,48
61,62
57,43
50,34
44,09
41,94
41,57
39,75
37,10
32,64
30,31
28,46
25,67
24,45
26,18
29,54
32,51
34,67
34,81
32,99
31,47
31,90
33,12
33,64
28,54
25,32
23,54
22,12
19,73
17,95
16,95
15,59
13,79
12,46
11,22
9,86
9,29
8,52
7,31
6,91
6,80
5,87
5,48
5,14
4,21
4,29
4,44
4,80
5,59
5,81
6,04
5,69
6,21
6,79
7,27
7,98
9,16
10,48
11,22
9,86
9,29
8,52
7,31
6,91
6,80
5,87
5,48
5,14
4,21
4,29
4,44
4,80
5,59
5,81
6,04
5,69
6,21
6,79
7,27
7,98
9,16
10,48
