0.8007
0.7833
0.7970
0.7687
0.7964
0.7838
0.7736
0.7103
0.6604
0.6604
0.6604
0.6604
0.6604
0.6604
0.6604
0.6604
0.5803
0.6910
0.8462
0.8217
0.8501
0.8521
0.8479
0.8596
0.8432
0.8518
0.8462
0.6616
0.4558
0.4563
0.4694
0.3614
0.4240
0.4296
0.4836
0.5715
0.6604
0.6604
0.6604
0.6604
0.6604
0.8508
0.8469
0.8270
0.8358
0.8463
0.8551
0.8487
0.8514
0.5686
0.4608
0.4402
0.4565
0.4688
0.4515
0.3867
0.6604
0.6604
0.6604
0.6604
0.6604
0.6604
0.6604
0.6604
0.4339
0.4112
0.8446
0.8780
0.8823
0.8945
0.8889
0.8891
0.8858
0.8904
0.8906
0.8670
0.8983
0.8806
0.8916
0.8375
0.6604
0.6604
0.6604
0.6604
0.6604
0.6604
0.6604
0.6604
0.4348
0.4510
0.6038
0.8820
0.8964
0.8901
0.8907
0.8870
0.8906
0.8900
0.8866
0.8774
0.8842
0.8898
0.8419
0.8915
0.6604
0.6604
0.6604
0.6604
0.6604
0.6604
0.6604
0.6604
0.4557
0.7734
0.8826
0.8966
0.8901
0.8903
0.8855
0.8897
0.8906
0.8838
0.8930
0.8707
0.8903
0.8866
0.8586
0.8055
0.6604
0.6604
0.6604
0.6604
0.6604
0.6604
0.6604
0.6604
0.4943
0.6798
0.8952
0.8898
0.8834
0.8864
0.8871
0.8881
0.8736
0.8874
0.8894
0.8702
0.8856
0.8891
0.8794
0.8012
0.6604
0.6604
0.6604
0.6604
0.6604
0.6604
0.6604
0.6604
0.4587
0.4650
0.4470
0.4592
0.6681
0.8843
0.8993
0.8814
0.8952
0.8892
0.8898
0.8677
0.8896
0.8901
0.8851
0.8245
0.6604
0.6604
0.6604
0.6604
0.6604
0.6604
0.6604
0.6350
0.4964
0.5429
0.8814
0.8843
0.8848
0.8980
0.8801
0.8938
0.8886
0.8889
0.8859
0.8702
0.8900
0.8809
0.8813
0.8016
0.6604
0.6604
0.6604
0.6604
0.6604
0.6604
0.6604
0.6604
0.6604
0.8908
0.8810
0.8852
0.8974
0.8806
0.8942
0.8882
0.8882
0.8850
0.8842
0.8769
0.8810
0.8949
0.8894
0.8596
0.6604
0.6604
0.6604
0.6604
0.6604
0.6604
0.6604
0.6604
0.5490
0.4494
0.8149
0.8982
0.8798
0.8942
0.8888
0.8852
0.8852
0.8848
0.8982
0.8618
0.8949
0.8902
0.2407
0.6182
0.6604
0.6604
0.6604
0.6604
0.6604
0.6604
0.6604
0.6604
0.4900
0.6280
0.8761
0.8778
0.8917
0.8868
0.8874
0.8837
0.8957
0.8788
0.8834
0.8765
0.8783
0.8888
0.8820
0.8235
0.6604
0.6604
0.6604
0.6604
0.6604
0.6604
0.6604
0.6604
0.5491
0.4480
0.4506
0.5957
0.8882
0.8889
0.8844
0.8971
0.8795
0.8842
0.8926
0.8734
0.8886
0.8843
0.8755
0.8009
0.6604
0.6604
0.6604
0.6604
0.6604
0.6604
0.6604
0.6604
0.5484
0.4506
0.4720
0.8879
0.8882
0.8849
0.8938
0.8829
0.8805
0.8927
0.8878
0.8698
0.8840
0.8972
0.8793
0.8126
0.6604
0.6604
0.6604
0.6604
0.6604
0.6604
0.6604
0.6604
0.4983
0.5384
0.8879
0.8885
0.8842
0.8858
0.8906
0.8794
0.8936
0.8877
0.8878
0.8639
0.8960
0.8788
0.8787
0.7870
0.8342
0.4553
0.6283
0.6604
0.5268
0.6421
0.6604
0.6148
0.4486
0.2610
0.3282
0.7130
0.7869
0.8003
0.7827
0.7970
0.7914
0.7917
0.7880
0.7788
0.7770
0.7854
0.7946
0.7100
0.7355
0.4425
0.3702
0.3351
0.3379
0.3725
0.3532
0.3217
0.3590
0.4170
0.7721
0.7872
0.8014
0.7823
0.7972
0.7909
0.7903
0.7865
0.7906
0.7702
0.7830
0.7958
0.7626
0.2967
0.3033
0.3241
0.3353
0.4243
0.4694
0.3972
0.4500
0.3895
0.4305
0.7788
0.7862
0.7994
0.7858
0.7905
0.7947
0.4324
0.7490
0.7868
0.7988
0.7683
0.7910
0.7942
0.7810
0.6915
0.6604
0.6395
0.6604
0.6604
0.6604
0.6604
0.6604
0.6604
0.6604
0.8839
0.8964
0.8838
0.8878
0.8905
0.8900
0.8790
0.8834
0.8966
0.8838
0.8683
0.8927
0.8852
0.8083
0.8408
0.6604
0.6604
0.6157
0.6604
0.6604
0.6604
0.6004
0.5068
0.4516
0.4381
0.6525
0.8883
0.8846
0.8958
0.8790
0.8839
0.8961
0.8844
0.8882
0.8610
0.8761
0.8779
0.8139
0.8308
0.8553
0.8802
0.8626
0.8871
0.8808
0.8965
0.4999
0.4386
0.4503
0.4526
0.7124
0.8840
0.8962
0.8790
0.8839
0.8962
0.8834
0.8882
0.8917
0.8667
0.8788
0.8836
0.8959
0.8008
0.6604
0.4680
0.5196
0.4791
0.5083
0.5328
0.4935
0.4956
0.4578
0.6132
0.8828
0.8978
0.8726
0.8842
0.8968
0.8846
0.8882
0.8882
0.8932
0.8576
0.8845
0.8964
0.8848
0.8209
0.6604
0.6604
0.6604
0.6604
0.6604
0.6604
0.6604
0.5545
0.4772
0.4435
0.4544
0.4536
0.4554
0.7822
0.8849
0.8886
0.8843
0.8970
0.8792
0.8650
0.8962
0.8845
0.8882
0.5633
0.4265
0.6604
0.6604
0.6604
0.6604
0.6604
0.6604
0.5788
0.4425
0.4536
0.4777
0.8849
0.8922
0.8887
0.8885
0.8828
0.8986
0.8794
0.8844
0.8774
0.8842
0.8896
0.8920
0.8094
0.6604
0.6604
0.6604
0.6604
0.6604
0.6604
0.6604
0.5589
0.4648
0.4588
0.5847
0.8886
0.8843
0.8969
0.8806
0.8967
0.8822
0.8928
0.8882
0.8672
0.8928
0.8832
0.7913
0.8334
0.6604
0.6604
0.6604
0.6604
0.6604
0.6604
0.6604
0.6604
0.4957
0.4615
0.5791
0.8843
0.8970
0.8795
0.8950
0.8856
0.8928
0.8882
0.8847
0.8766
0.8824
0.8975
0.8543
0.8058
0.6604
0.6604
0.6604
0.6604
0.6604
0.6604
0.6604
0.6604
0.4748
0.4587
0.4551
0.4676
0.4642
0.8948
0.8905
0.8948
0.8900
0.8864
0.8990
0.8694
0.8910
0.8846
0.8953
0.8014
0.6604
0.6604
0.6604
0.6604
0.6604
0.6604
0.6604
0.6604
0.5099
0.5382
0.8985
0.8813
0.8953
0.8906
0.8945
0.8905
0.8862
0.8989
0.8814
0.8775
0.8878
0.8952
0.8765
0.7948
0.6604
0.6604
0.5468
0.6604
0.6604
0.6568
0.6604
0.6185
0.5771
0.6604
0.8742
0.8946
0.8894
0.8946
0.8902
0.8862
0.8982
0.8810
0.8943
0.8706
0.8943
0.8900
0.8855
0.7982
0.6604
0.6604
0.6604
0.6604
0.6604
0.6604
0.6604
0.6604
0.5132
0.4500
0.4628
0.8448
0.8554
0.8518
0.8474
0.8592
0.8423
0.8558
0.8507
0.8367
0.8518
0.8473
0.8338
0.7668
0.6604
0.6604
0.6604
0.6604
0.6604
0.6604
0.6604
0.6604
0.5265
0.4717
0.6607
0.9042
0.8831
0.9012
0.8950
0.8895
0.8951
0.8905
0.8936
0.8793
0.8895
0.8949
0.8593
0.7926
0.6604
0.6604
0.6604
0.6604
0.6604
0.6604
0.6604
0.6604
0.5593
0.6604
0.8760
0.8943
0.8895
0.8945
0.8888
0.8950
0.8974
0.8896
0.8940
0.8746
0.8878
0.9045
0.8511
0.6604
0.6604
0.6604
0.6604
0.6604
0.6604
0.6604
0.6604
0.6604
0.6604
0.4583
0.8419
0.8852
0.8983
0.9030
0.8806
0.9027
0.8809
0.9029
0.8942
0.8383
0.4642
0.4598
0.4239
0.4038
0.4369
0.4497
0.4017
0.4691
0.6562
0.6604
0.6604
0.6604
0.6604
0.8639
0.8820
0.8981
0.8935
0.8866
0.8977
0.8936
0.8920
0.8894
0.8926
0.8730
0.9018
0.8845
0.8733
0.8159
0.6604
0.6604
0.6604
0.6604
0.6604
0.6604
0.6604
0.6604
0.5716
0.4568
0.7307
0.8898
0.9033
0.8842
0.8986
0.8844
0.8979
0.9034
0.8794
0.8808
0.8852
0.8975
0.8066
0.6604
0.6604
0.6604
0.6604
0.6604
0.6604
0.6604
0.6604
0.6604
0.6604
0.4357
0.4422
0.8009
0.8792
0.9033
0.8943
0.8878
0.8946
0.8874
0.9032
0.8683
0.8927
0.8910
0.8202
0.6604
0.6604
0.6604
0.6604
0.6604
0.6604
0.6604
0.6604
0.6604
0.6604
0.4624
0.5304
0.8947
0.8926
0.8894
0.8926
0.8914
0.9017
0.8838
0.8983
0.8834
0.8792
0.9027
0.5891
0.4005
0.4310
0.4363
0.5091
0.6604
0.6604
0.6604
0.6604
0.6604
0.6604
0.6604
0.8911
0.8846
0.8982
0.9028
0.8794
0.9033
0.8876
0.8947
0.8950
0.8689
0.8982
0.8946
0.8668
0.6604
0.6604
0.6604
0.6604
0.6604
0.6604
0.6604
0.6604
0.6604
0.6604
0.6383
0.8858
0.8766
0.8946
0.8902
0.9006
0.8895
0.8927
0.8898
0.9030
0.8651
0.8985
0.8840
0.8583
0.3818
0.6604
0.6604
0.6604
0.6604
0.6604
0.6604
0.6604
0.6604
0.6604
0.6452
0.8572
0.8997
0.9017
0.8824
0.8983
0.8930
0.8878
0.9030
0.8775
0.8830
0.9030
0.8775
0.8983
0.6604
0.6604
0.6604
0.6604
0.6604
0.6604
0.6604
0.6604
0.6604
0.6604
0.4922
0.4464
0.7858
0.8885
0.8930
0.9034
0.8775
0.9035
0.8982
0.8827
0.8794
0.8826
0.8996
0.8238
0.6604
0.6604
0.6604
0.6604
0.6604
0.6604
0.6604
0.6604
0.6604
0.6604
0.4622
0.6146
0.8985
0.8830
0.8980
0.8975
0.8876
0.8982
0.8831
0.8983
0.8819
0.8775
0.9030
0.8831
0.6604
0.4372
0.5558
0.5736
0.5419
0.4826
0.4674
0.4363
0.4354
0.4706
0.4522
0.4673
0.8135
0.8875
0.9035
0.8777
0.9034
0.5291
0.6062
0.9034
0.8633
0.8965
0.8982
0.8824
0.8250
0.8478
0.6604
0.6604
0.6604
0.6604
0.6604
0.5025
0.4521
0.4310
0.6604
0.9027
0.8778
0.9028
0.8979
0.8828
0.8975
0.8838
0.8981
0.9018
0.8713
0.8980
0.8935
0.8023
0.8090
0.4015
0.4318
0.4451
0.4371
0.5259
0.6604
0.6604
0.6604
0.6604
0.6604
0.9007
0.8847
0.8978
0.8824
0.8982
0.9029
0.8770
0.9026
0.8876
0.8732
0.9030
0.8773
0.8868
0.6604
0.4218
0.5553
0.6604
0.6604
0.6604
0.6604
0.6604
0.6604
0.5628
0.6604
0.8774
0.9037
0.9027
0.8779
0.9027
0.8877
0.8929
0.8981
0.8823
0.8790
0.9030
0.8824
0.8358
0.6604
0.6604
0.6604
0.6604
0.6604
0.6604
0.6604
0.6604
0.6604
0.5736
0.4686
0.4513
0.8426
0.8866
0.8952
0.9011
0.8826
0.8978
0.8962
0.8838
0.8838
0.8772
0.8890
0.8124
0.6604
0.6604
0.6604
0.6604
0.6604
0.6604
0.6604
0.6604
0.6604
0.5722
0.6328
0.8903
0.9002
0.8774
0.9030
0.8877
0.8924
0.9027
0.8774
0.9029
0.8785
0.8821
0.8976
0.8882
0.6604
0.6604
0.6604
0.6604
0.6604
0.6604
0.6604
0.6604
0.6604
0.6604
0.4838
0.9044
0.8889
0.8930
0.8986
0.8833
0.8986
0.9036
0.8833
0.8987
0.8640
0.8985
0.9037
0.8779
0.6604
0.5631
0.3672
0.6604
0.6604
0.6604
0.6604
0.6604
0.6604
0.6604
0.6604
0.8184
0.8104
0.8170
0.8222
0.8062
0.8217
0.8054
0.8210
0.8210
0.7834
0.8202
0.8148
0.8092
0.6604
0.6604
0.6604
0.6604
0.6604
0.6604
0.6604
0.6604
0.6604
0.6604
0.5559
0.4588
0.4926
0.9043
0.8802
0.9035
0.8994
0.8850
0.8998
0.8942
0.8737
0.9029
0.8855
0.8994
0.6604
0.6604
0.6604
0.6604
0.6604
0.6604
0.6604
0.6604
0.6604
0.6604
0.4127
0.6374
0.8930
0.8950
0.8932
0.8986
0.8866
0.8969
0.9034
0.8804
0.8849
0.8911
0.8931
0.9043
0.6604
0.6604
0.6604
0.6604
0.6604
0.6604
0.6604
0.6604
0.6604
0.6604
0.4710
0.6399
0.9033
0.8796
0.9034
0.8942
0.8880
0.9033
0.8895
0.8936
0.8798
0.8854
0.8993
0.8750
0.8370
0.4891
0.4422
0.4561
0.5475
0.5665
0.6073
0.6165
0.6510
0.6604
0.6604
0.9032
0.8898
0.8924
0.8989
0.8946
0.8890
0.8936
0.8923
0.8982
0.8753
0.8877
0.9032
0.8795
0.6604
0.6604
0.6604
0.6604
0.6604
0.6604
0.6604
0.6604
0.5394
0.4716
0.4610
0.4883
0.8890
0.8934
0.8942
0.8870
0.9030
0.8892
0.8926
0.8943
0.8688
0.9027
0.8899
0.8329
0.8372
0.6604
0.6604
0.4617
0.4467
0.4467
0.4662
0.4382
0.4675
0.4560
0.4637
0.5758
0.8874
0.9021
0.8886
0.8922
0.8890
0.8922
0.8980
0.8940
0.8788
0.8891
0.8995
0.8724
0.8076
0.6604
0.6604
0.6604
0.6604
0.6604
0.6120
0.5984
0.5208
0.5029
0.6604
0.9016
0.8886
0.8931
0.8922
0.8982
0.8947
0.8863
0.8946
0.8882
0.8827
0.8940
0.8873
0.8791
0.6604
0.6604
0.6604
0.6604
0.6604
0.6604
0.6604
0.6604
0.6604
0.6604
0.4859
0.8424
0.8941
0.8982
0.8922
0.8942
0.8878
0.9025
0.8896
0.8920
0.8702
0.9030
0.8891
0.8928
0.8159
0.6604
0.6604
0.6604
0.6604
0.6604
0.6604
0.6604
0.6604
0.6604
0.4870
0.8044
0.8894
0.8921
0.8892
0.9023
0.8922
0.8892
0.9028
0.8881
0.8723
0.8869
0.8942
0.8826
0.6604
0.6604
0.6604
0.6604
0.6604
0.6604
0.6604
0.6604
0.6604
0.6604
0.5050
0.4494
0.8611
0.8794
0.8897
0.8915
0.8902
0.8892
0.9028
0.8881
0.8723
0.8869
0.8942
0.8826
0.6604
0.6604
0.6604
0.6604
0.6604
0.6604
0.6604
0.6604
0.6604
0.6604
0.5050
0.4494
0.8611
0.8794
0.8897
0.8915
0.8902
0.9028
0.8884
0.8943
0.8794
0.8922
0.8904
0.8439
0.6604
0.6604
0.6604
0.6604
0.6604
0.6604
0.6604
0.6604
0.6604
0.6604
0.4991
0.8060
0.8793
0.8863
0.8899
0.8894
0.8896
0.9031
0.8803
0.9010
0.8719
0.8901
0.9038
0.8299
0.6604
0.6604
0.6604
0.6604
0.6604
0.6604
0.6604
0.6604
0.6604
0.6604
0.5057
0.4643
0.4608
0.4582
0.8537
0.8799
0.9031
0.8878
0.8938
0.8979
0.8634
0.9028
0.8873
0.8781
0.6604
0.6604
0.6604
0.6604
0.6604
0.6604
0.6604
0.6604
0.6604
0.6604
0.5197
0.8042
0.8882
0.9028
0.8882
0.8953
0.8981
0.8842
0.8972
0.8929
0.8816
0.7422
0.4538
0.4439
0.5926
0.6604
0.6604
0.6604
0.6604
0.6604
0.6604
0.6604
0.6604
0.6604
0.5206
0.4487
0.7525
0.9034
0.8804
0.9018
0.8926
0.8898
0.9028
0.8790
0.8822
0.8962
0.8877
0.8597
0.6604
0.6604
0.6604
0.6604
0.6604
0.6604
0.6604
0.6604
0.6604
0.6604
0.4886
0.4331
0.8269
0.8725
0.9031
0.8975
0.8838
0.9030
0.8894
0.8921
0.7619
0.4518
0.4662
0.4546
0.3971
0.6604
0.6604
0.6604
0.6604
0.6604
0.6604
0.6604
0.6604
0.5233
0.4562
0.4701
0.6838
0.8819
0.8962
0.8806
0.8948
0.9002
0.8553
0.4623
0.4482
0.4447
0.4670
0.4367
0.5896
0.6604
0.6604
0.6604
0.6604
0.6604
0.6604
0.6604
0.6604
0.6604
0.4920
0.7531
0.8198
0.7387
0.9039
0.8798
0.9039
0.8906
0.8933
0.9039
0.8595
0.9035
0.8993
0.8850
0.6604
0.6604
0.6604
0.6604
0.6604
0.6604
0.6604
0.6604
0.6604
0.6604
0.6462
0.6083
0.8902
0.9030
0.8844
0.9037
0.7099
0.4572
0.4673
0.4649
0.4395
0.4728
0.4579
0.4707
0.6153
0.6604
0.6604
0.6604
0.6604
0.6604
0.6604
0.6604
0.6604
0.6604
0.6604
0.8829
0.8774
0.8967
0.8922
0.9035
0.8894
0.6484
0.4710
0.4538
0.4505
0.4531
0.4714
0.4722
0.5343
0.6604
0.6604
0.6604
0.6604
0.6604
0.6604
0.6604
0.6604
0.6604
0.6604
0.6604
0.8648
0.8464
0.8649
0.8483
0.8634
0.8603
0.8504
0.8649
0.8333
0.8578
0.8603
0.6604
0.6604
0.6604
0.6604
0.6604
0.6604
0.6604
0.6604
0.6604
0.6604
0.6604
0.6604
0.6393
0.8895
0.9034
0.8930
0.8961
0.8994
0.6878
0.4674
0.4715
0.4379
0.4727
0.4602
0.4204
0.6604
0.6604
0.6604
0.6604
0.6604
0.6604
0.6604
0.6604
0.6604
0.6604
0.6604
0.4627
0.5290
0.8954
0.8833
0.9016
0.8950
0.8906
0.9021
0.8834
0.8840
0.8915
0.5553
0.4460
0.6604
0.6604
0.6604
0.6604
0.6604
0.6604
0.6604
0.6604
0.6604
0.6604
0.6196
0.4633
0.8660
0.8859
0.9039
0.8992
0.8913
0.8999
0.8893
0.9040
0.8804
0.8908
0.9002
0.6604
0.6604
0.6604
0.6604
0.6604
0.6604
0.6604
0.6604
0.6604
0.6604
0.6604
0.6604
0.4815
0.7135
0.9028
0.9000
0.8898
0.9005
0.8970
0.8926
0.9043
0.8663
0.9040
0.9049
0.6604
0.6604
0.6604
0.6604
0.6604
0.6604
0.6604
0.6604
0.6604
0.6604
0.6604
0.6604
0.4740
0.4608
0.4725
0.4542
0.4729
0.4736
0.4551
0.7760
0.8884
0.8825
0.9006
0.8913
0.6604
0.6604
0.6604
0.6604
0.6604
0.6604
0.6604
0.6604
0.6604
0.6604
0.6604
0.6604
0.4673
0.4736
0.4624
0.4661
0.4696
0.4598
0.8973
0.8982
0.8980
0.8798
0.8902
0.8997
0.6604
0.6604
0.6604
0.6604
0.6604
0.6604
0.6604
0.6604
0.6604
0.6604
0.6604
0.4475
0.4646
0.4682
0.4557
0.8016
0.8850
0.8913
0.8963
0.8770
0.8965
0.8451
0.4572
0.4654
0.4379
0.4563
0.7706
0.8884
0.8881
0.8782
0.8378
0.4390
0.4272
0.4446
0.4380
0.4607
0.8926
0.8780
0.7418
0.4542
0.4577
0.4670
0.4490
0.4672
0.4640
0.4346
0.4629
0.4542
0.4589
0.4607
0.4586
0.4559
0.6604
0.6604
0.6604
0.6604
0.6604
0.6604
0.6604
0.6604
0.6507
0.6686
0.6647
0.6550
0.6642
0.5411
0.4678
0.4736
0.4587
0.4494
0.4666
0.4622
0.4590
0.4327
0.6604
0.6604
0.6604
0.6604
0.6604
0.6604
0.6604
0.6604
0.6604
0.6604
0.6522
0.6682
0.6547
0.6644
0.6618
0.6574
0.4921
0.4538
0.4732
0.4508
0.4590
0.4738
0.4309
0.6604
0.6604
0.6604
0.6604
0.6604
0.6604
0.6604
0.6604
0.6604
0.6604
0.6604
0.6703
0.6494
0.6682
0.6647
0.6545
0.6688
0.6577
0.6616
0.6639
0.6323
0.6650
0.6628
0.6380
0.6604
0.6604
0.6604
0.6604
0.6604
0.6604
0.6604
0.6604
0.6604
0.6604
0.6443
0.4660
0.8019
0.9009
0.8896
0.8994
0.9036
0.8868
0.9046
0.8898
0.8814
0.9043
0.8496
0.6604
0.6604
0.6604
0.6604
0.6604
0.6604
0.6604
0.6604
0.6604
0.6604
0.5681
0.4868
0.4546
0.4725
0.4594
0.5851
0.9046
0.8862
0.9044
0.8930
0.8974
0.8792
0.8894
0.9042
0.8569
0.4966
0.6604
0.6604
0.6604
0.6604
0.6604
0.6604
0.6604
0.6604
0.5754
0.6604
0.9032
0.8918
0.8953
0.8980
0.8871
0.7550
0.6062
0.4565
0.4665
0.4368
0.4641
0.4698
0.4511
0.5209
0.6604
0.6604
0.6604
0.6604
0.6604
0.6604
0.6604
0.6604
0.6604
0.6604
0.6604
0.8910
0.9004
0.8983
0.7578
0.4738
0.4554
0.4734
0.4669
0.4429
0.4735
0.4552
0.4199
0.5568
0.6604
0.6604
0.6604
0.6604
0.6604
0.6604
0.6604
0.6604
0.6604
0.6604
0.4551
0.4739
0.8786
0.8875
0.9054
0.8866
0.6786
0.4698
0.4595
0.4496
0.4671
0.4659
0.4184
0.6604
0.6604
0.6604
0.6604
0.6604
0.6604
0.6604
0.6604
0.6604
0.6604
0.6604
0.4719
0.4693
0.4594
0.4693
0.4669
0.4651
0.4687
0.4590
0.4698
0.4538
0.4550
0.4734
0.4421
0.6210
0.6604
0.6604
0.6604
0.6604
0.6604
0.6604
0.6604
0.6604
0.6604
0.6604
0.9003
0.8913
0.9011
0.9048
0.8857
0.9053
0.6302
0.4714
0.4738
0.4370
0.4735
0.4626
0.4372
0.4018
0.4373
0.5801
0.6604
0.6604
0.6604
0.6604
0.6604
0.6604
0.6604
0.6604
0.6604
0.8951
0.9023
0.8839
0.9028
0.8907
0.8952
0.8987
0.8889
0.8800
0.9018
0.8663
0.6604
0.6604
0.6604
0.6604
0.6604
0.6604
0.6604
0.6604
0.6604
0.5291
0.5171
0.4504
0.4442
0.2078
0.4585
0.4684
0.6386
0.8910
0.9008
0.8977
0.0000
0.8739
0.9045
0.8867
0.8974
0.6604
0.6604
0.6604
0.6604
0.6604
0.6604
0.6604
0.6604
0.6604
0.6604
0.6604
0.6604
0.5479
0.4650
0.8205
0.9041
0.8900
0.7462
0.7505
0.7256
0.7505
0.7003
0.7465
0.7530
0.6604
0.6604
0.6604
0.6604
0.6604
0.6604
0.6604
0.6604
0.6604
0.6604
0.6604
0.6604
0.6604
0.7289
0.7453
0.7332
0.7440
0.7535
0.7304
0.7472
0.7114
0.7345
0.7532
0.7039
0.6604
0.6604
0.6604
0.6604
0.6604
0.6604
0.6604
0.6604
0.6604
0.6604
0.6604
0.6604
0.6604
0.7502
0.7452
0.7382
0.7533
0.7304
0.7458
0.7519
0.7063
0.7454
0.7109
0.6486
0.6604
0.6604
0.6604
0.6604
0.6604
0.6604
0.6604
0.6604
0.6604
0.6604
0.6604
0.6604
0.4308
0.3551
0.4442
0.5815
0.5864
0.5798
0.5976
0.5753
0.5624
0.5864
0.5786
0.5173
0.6604
0.6604
0.6604
0.6604
0.6604
0.6604
0.6604
0.6604
0.6604
0.6604
0.6604
0.6604
0.6604
0.7335
0.7502
0.7556
0.7280
0.7507
0.7293
0.7453
0.7378
0.7155
0.7239
0.6335
0.6604
0.6604
0.6604
0.6604
0.6604
0.6604
0.6604
0.6604
0.6604
0.6604
0.6604
0.6604
0.6604
0.7472
0.7553
0.7326
0.7453
0.7411
0.7338
0.7518
0.7001
0.7440
0.7493
0.7117
0.6604
0.6604
0.6604
0.6604
0.6604
0.6604
0.6604
0.6604
0.6604
0.6604
0.6604
0.6604
0.6604
0.7557
0.7328
0.7511
0.7532
0.7300
0.7457
0.7318
0.7118
0.7508
0.7293
0.7135
0.6151
0.6604
0.6604
0.6604
0.6604
0.6604
0.6604
0.6604
0.6604
0.6604
0.6604
0.6604
0.6604
0.7416
0.7346
0.7542
0.7312
0.7474
0.7412
0.7342
0.7222
0.7299
0.7254
0.6286
0.6604
0.6604
0.6604
0.6604
0.6604
0.6604
0.6604
0.6604
0.6604
0.6604
0.6604
0.6604
0.6604
0.7323
0.7533
0.7323
0.7472
0.7521
0.7301
0.7472
0.7104
0.7347
0.7523
0.7287
0.6604
0.6604
0.6604
0.6604
0.6604
0.6604
0.6604
0.6604
0.6604
0.6604
0.6604
0.6604
0.6604
0.7501
0.7460
0.7393
0.7525
0.7301
0.7465
0.7508
0.6966
0.7494
0.7289
0.6604
0.6604
0.6604
0.6604
0.6604
0.6604
0.6604
0.6604
0.6604
0.6604
0.6604
0.6604
0.6604
0.6604
0.7547
0.7326
0.7502
0.7340
0.7437
0.7513
0.7286
0.7170
0.7412
0.7336
0.6604
0.6604
0.6604
0.6604
0.6604
0.6604
0.6604
0.6604
0.6604
0.6604
0.6604
0.6604
0.6604
0.7560
0.7334
0.7496
0.7454
0.7355
0.7531
0.7289
0.7462
0.7222
0.7308
0.7460
0.7293
0.6604
0.6604
0.6604
0.6604
0.6604
0.6604
0.6604
0.6604
0.6604
0.6604
0.6604
0.6604
0.6604
0.7470
0.7543
0.7304
0.7423
0.7397
0.7317
0.7488
0.6959
0.7433
0.7387
0.6604
0.6604
0.6604
0.6604
0.6604
0.6604
0.6604
0.6604
0.6604
0.6604
0.6604
0.6604
0.6604
0.6604
0.7532
0.7301
0.7456
0.7485
0.7243
0.7475
0.7275
0.7092
0.7510
0.7270
0.6604
0.6604
0.6604
0.6604
0.6604
0.6604
0.6604
0.6604
0.6604
0.6604
0.6604
0.6604
0.6604
0.6604
0.7304
0.7407
0.7500
0.7273
0.7430
0.7384
0.7317
0.7196
0.7258
0.7438
0.6604
0.6604
0.6604
0.6604
0.6604
0.6604
0.6604
0.6604
0.6604
0.6604
0.6604
0.6604
0.6604
0.6604
0.7337
0.7519
0.7300
0.7419
0.7486
0.7258
0.7433
0.7282
0.7392
0.7494
0.6604
0.6604
0.6604
0.6604
0.6604
0.6604
0.6604
0.6604
0.6604
0.6604
0.6604
0.6604
0.6604
0.6604
0.7466
0.7422
0.7335
0.7490
0.7265
0.7428
0.7382
0.7006
0.7477
0.7256
0.6604
0.6604
0.6604
0.6604
0.6604
0.6604
0.6604
0.6604
0.6604
0.6604
0.6604
0.6604
0.6604
0.6604
0.7511
0.7269
0.7488
0.7277
0.7417
0.7476
0.7252
0.7128
0.7377
0.7310
0.6525
0.6604
0.6604
0.6604
0.6604
0.6604
0.6604
0.6604
0.6604
0.6604
0.6604
0.6604
0.6604
0.6604
0.7313
0.7460
0.7414
0.7291
0.7488
0.7258
0.7425
0.7164
0.7229
0.7003
0.6556
0.6604
0.6604
0.6604
0.6604
0.6604
0.6604
0.6604
0.6604
0.6604
0.6604
0.6604
0.6604
0.6604
0.7469
0.7541
0.7329
0.7442
0.7318
0.7388
0.7495
0.6992
0.7414
0.7410
0.7307
0.6393
0.6604
0.6604
0.6604
0.6604
0.6604
0.6604
0.6604
0.6604
0.6604
0.6604
0.6604
0.7384
0.7574
0.7338
0.7510
0.7420
0.7345
0.7514
0.7293
0.7157
0.7523
0.7285
0.6809
0.6549
0.6604
0.6604
0.6604
0.6604
0.6604
0.6604
0.6604
0.6604
0.6604
0.6604
0.6604
0.6604
0.7296
0.7468
0.7523
0.7291
0.7461
0.7409
0.7336
0.7211
0.7289
0.7457
0.6604
0.6604
0.6604
0.6604
0.6604
0.6604
0.6604
0.6604
0.6604
0.6604
0.6604
0.6604
0.6604
0.6604
0.6604
0.7560
0.7338
0.7476
0.7495
0.7268
0.7494
0.7003
0.7454
0.7514
0.6604
0.6604
0.6604
0.6604
0.6604
0.6604
0.6604
0.6604
0.6604
0.6604
0.6604
0.6604
0.6604
0.6604
0.6604
0.7355
0.7484
0.7528
0.7290
0.7463
0.7415
0.7048
0.7523
0.7308
0.6604
0.6604
0.6604
0.6604
0.6604
0.6604
0.6604
0.6604
0.6604
0.6604
0.6604
0.6604
0.6604
0.6604
0.6604
0.7369
0.7552
0.7308
0.7462
0.7526
0.7290
0.7150
0.7331
0.7438
0.6604
0.6604
0.6604
0.6604
0.6604
0.6604
0.6604
0.6604
0.6604
0.6604
0.6604
0.6604
0.6604
0.6604
0.6604
0.7460
0.7423
0.7349
0.7530
0.7282
0.7454
0.7115
0.7341
0.7273
0.6604
0.6604
0.6604
0.6604
0.6604
0.6604
0.6604
0.6604
0.6604
0.6604
0.6604
0.6604
0.6604
0.6604
0.7474
0.7519
0.7282
0.7481
0.7273
0.7443
0.7537
0.7077
0.7438
0.7387
0.6604
0.6604
0.6604
0.6604
0.6604
0.6604
0.6604
0.6604
0.6604
0.6604
0.6604
0.6604
0.6604
0.6604
0.7530
0.7327
0.7469
0.7398
0.7336
0.7518
0.7299
0.7211
0.7488
0.7267
0.6604
0.6604
0.6604
0.6604
0.6604
0.6604
0.6604
0.6604
0.6604
0.6604
0.6604
0.6604
0.6604
0.6604
0.7286
0.7421
0.7481
0.7267
0.7451
0.7318
0.7423
0.7219
0.7282
0.7452
0.7390
0.6604
0.6604
0.6604
0.6604
0.6604
0.6604
0.6604
0.6604
0.6604
0.6604
0.6604
0.6604
0.6604
0.6604
0.7532
0.7296
0.7428
0.7403
0.7337
0.7512
0.6978
0.7451
0.7508
0.6604
0.6604
0.6604
0.6604
0.6604
0.6604
0.6604
0.6604
0.6604
0.6604
0.6604
0.6604
0.6604
0.6604
0.6604
0.7313
0.7466
0.7493
0.8498
0.8611
0.8582
0.8346
0.8656
0.8510
0.6604
0.6604
0.6604
0.6604
0.6604
0.6604
0.6604
0.6604
0.6604
0.6604
0.6604
0.6604
0.6604
0.6604
0.4703
0.4597
0.4715
0.4570
0.6442
0.8630
0.8481
0.8464
0.8496
0.8605
0.6604
0.6604
0.6604
0.6604
0.6604
0.6604
0.6604
0.6604
0.6604
0.6604
0.6604
0.6604
0.6604
0.5235
0.4586
0.4676
0.4594
0.4663
0.4718
0.4578
0.8380
0.8385
0.8545
0.8658
0.6604
0.6604
0.6604
0.6604
0.6604
0.6604
0.6604
0.6604
0.6604
0.6604
0.6604
0.6604
0.5024
0.5448
0.4667
0.4640
0.4594
0.4712
0.4583
0.4678
0.4721
0.4430
0.4682
0.4616
0.6604
0.6604
0.6604
0.6604
0.6604
0.6604
0.6604
0.6604
0.6604
0.6604
0.6604
0.6604
0.6604
0.6604
0.6604
0.8440
0.8578
0.8616
0.8473
0.8575
0.8482
0.8350
0.8600
0.7282
0.5542
0.6604
0.6604
0.6604
0.6604
0.6604
0.6604
0.6604
0.6604
0.6604
0.6604
0.5551
0.6604
0.6604
0.8564
0.8530
0.8643
0.8501
0.8600
0.8575
0.8529
0.8452
0.8501
0.8590
0.6604
0.6604
0.6604
0.6604
0.6604
0.6604
0.6604
0.6604
0.6604
0.6604
0.6604
0.6604
0.6604
0.6604
0.6604
0.8611
0.8489
0.8609
0.8642
0.8496
0.8606
0.8374
0.8520
0.8620
0.6604
0.6604
0.6604
0.6604
0.6604
0.6604
0.6604
0.6604
0.6604
0.6604
0.6604
0.6604
0.6604
0.5088
0.6604
0.8578
0.8529
0.8638
0.8495
0.8606
0.8654
0.8341
0.8622
0.8501
0.6604
0.6604
0.6604
0.6604
0.6604
0.6604
0.6604
0.6604
0.6604
0.6604
0.6604
0.6604
0.6604
0.6604
0.4772
0.4564
0.4678
0.4587
0.7048
0.8660
0.8513
0.8429
0.8578
0.8536
0.6604
0.6604
0.6604
0.6604
0.6604
0.6604
0.6604
0.6604
0.6604
0.6604
0.6604
0.6604
0.6604
0.6604
0.4707
0.4668
0.4650
0.4599
0.4715
0.4571
0.4676
0.4520
0.4566
0.4677
0.4618
0.5798
0.6604
0.6604
0.6604
0.6604
0.6604
0.6604
0.6604
0.6604
0.6604
0.6604
0.6604
0.6604
0.8598
0.8634
0.8502
0.8610
0.8567
0.8526
0.8649
0.8306
0.8586
0.8576
0.5810
0.6602
0.6604
0.6604
0.6604
0.6604
0.6604
0.6604
0.6604
0.6604
0.6604
0.6604
0.6604
0.6604
0.6604
0.8506
0.8138
0.4712
0.4553
0.4684
0.4554
0.4491
0.4720
0.4575
0.6604
0.6604
0.6604
0.6604
0.6604
0.6604
0.6604
0.6604
0.6604
0.6604
0.6604
0.6604
0.6604
0.6604
0.6604
0.8580
0.5717
0.4562
0.4686
0.4645
0.4599
0.4518
0.4566
0.4676
0.6604
0.6604
0.6604
0.6604
0.6604
0.6604
0.6604
0.6604
0.6604
0.6604
0.6604
0.6604
0.6604
0.6604
0.6604
0.6854
0.4567
0.4682
0.4720
0.4566
0.4666
0.4396
0.4652
0.4721
0.6604
0.6604
0.6604
0.6604
0.6604
0.6604
0.6604
0.6604
0.6604
0.6604
0.6604
0.6604
0.6604
0.6604
0.4819
0.4638
0.4602
0.4721
0.4562
0.4659
0.4633
0.4403
0.4719
0.4580
0.6604
0.6604
0.6604
0.6604
0.6604
0.6604
0.6604
0.6604
0.6604
0.6604
0.6604
0.6604
0.6604
0.6604
0.6604
0.8486
0.8628
0.7505
0.4661
0.4697
0.4558
0.4472
0.4627
0.4590
0.4354
0.3992
0.4849
0.6002
0.6317
0.6604
0.6604
0.6604
0.6604
0.6604
0.6604
0.6604
0.6604
0.6604
0.6604
0.7229
0.7186
0.7156
0.7258
0.7118
0.7212
0.7062
0.7094
0.7229
0.6604
0.6604
0.6604
0.6604
0.6604
0.6604
0.6604
0.6604
0.6604
0.6604
0.6604
0.6604
0.6604
0.6604
0.4795
0.4684
0.4533
0.4650
0.4566
0.4621
0.4679
0.4356
0.4646
0.4624
0.5567
0.6604
0.6604
0.6604
0.6604
0.6604
0.6604
0.6604
0.6604
0.6604
0.6604
0.6604
0.6604
0.6604
0.6604
0.6910
0.7022
0.7059
0.6882
0.7023
0.6886
0.6839
0.7048
0.6881
0.6604
0.6472
0.6604
0.6604
0.6604
0.6604
0.6604
0.6604
0.6604
0.6604
0.6604
0.6604
0.6604
0.6604
0.4899
0.4674
0.4725
0.4562
0.4671
0.4715
0.4565
0.4498
0.4557
0.4744
0.6604
0.6604
0.6604
0.6604
0.6604
0.6604
0.6604
0.6604
0.6604
0.6604
0.6604
0.6604
0.6604
0.6604
0.6604
0.7029
0.6918
0.2502
0.2348
0.2348
0.2352
0.2348
0.2348
0.2419
0.3699
0.6604
0.6604
0.6604
0.6604
0.6604
0.6604
0.6604
0.6604
0.6604
0.6604
0.6604
0.6604
0.6604
0.3664
0.3399
0.3361
0.3400
0.3300
0.3406
0.3458
0.3121
0.3413
0.3409
0.6272
0.6604
0.6604
0.6604
0.6604
0.6604
0.6604
0.6604
0.6604
0.6604
0.6604
0.6604
0.6604
0.6604
0.6604
0.6926
0.7025
0.6956
0.7050
0.7027
0.6932
0.6840
0.7018
0.6604
0.6604
0.6604
0.6604
0.6604
0.6604
0.6604
0.6604
0.6604
0.6604
0.6604
0.6604
0.6604
0.6604
0.6141
0.6709
0.7071
0.7037
0.6856
0.4669
0.4576
0.4732
0.4482
0.4576
0.4670
0.4738
0.6604
0.6604
0.6604
0.6604
0.6604
0.6604
0.6604
0.6604
0.6604
0.6604
0.6604
0.6604
0.6604
0.6604
0.7029
0.6938
0.7070
0.6971
0.7013
0.7029
0.6811
0.7074
0.6604
0.6604
0.6604
0.6604
0.6604
0.6604
0.6604
0.6604
0.6604
0.6604
0.6604
0.6604
0.6604
0.6604
0.6604
0.5106
0.4281
0.4723
0.4669
0.4590
0.4724
0.4550
0.4542
0.4678
0.4596
0.6604
0.6604
0.6604
0.6604
0.6604
0.6604
0.6604
0.6604
0.6604
0.6604
0.6604
0.6604
0.6604
0.6604
0.6604
0.6923
0.7039
0.6940
0.7079
0.6978
0.6998
0.6879
0.6905
0.6604
0.6604
0.6604
0.6604
0.6604
0.6604
0.6604
0.6604
0.6604
0.6604
0.6604
0.6604
0.6604
0.6604
0.6604
0.6604
0.7079
0.6882
0.5835
0.4682
0.4581
0.4717
0.4354
0.4692
0.4817
0.6604
0.6604
0.6604
0.6604
0.6604
0.6604
0.6604
0.6604
0.6604
0.6604
0.6604
0.6604
0.6604
0.6604
0.6604
0.6953
0.6220
0.4730
0.4534
0.4725
0.4668
0.4439
0.4730
0.4526
0.5199
0.6604
0.6604
0.6604
0.6604
0.6604
0.6604
0.6604
0.6604
0.6604
0.6604
0.6604
0.6604
0.6604
0.6604
0.6900
0.7079
0.5950
0.4726
0.4722
0.4525
0.4578
0.4598
0.4671
0.6604
0.6604
0.6604
0.6604
0.6604
0.6604
0.6604
0.6604
0.6604
0.6604
0.6604
0.6604
0.6604
0.6604
0.6604
0.7077
0.7073
0.5237
0.4719
0.4596
0.4652
0.4568
0.4530
0.4744
0.6576
0.6604
0.6604
0.6604
0.6604
0.6604
0.6604
0.6604
0.6604
0.6604
0.6604
0.6604
0.6604
0.6604
0.6604
0.7062
0.6871
0.5463
0.4716
0.4522
0.4709
0.4354
0.4714
0.4594
0.6604
0.6604
0.6604
0.6604
0.6604
0.6604
0.6604
0.6604
0.6604
0.6604
0.6604
0.6604
0.6604
0.6604
0.6604
0.6925
0.7026
0.7078
0.5698
0.4719
0.4640
0.4420
0.4718
0.4707
0.6398
0.6604
0.6604
0.6604
0.6604
0.6604
0.6604
0.6604
0.6604
0.6604
0.6604
0.6604
0.6604
0.6604
0.6604
0.6886
0.6794
0.4559
0.4662
0.4706
0.4510
0.4522
0.4574
0.4668
0.5899
0.6604
0.6604
0.6604
0.6604
0.6604
0.6604
0.6604
0.6604
0.6604
0.6604
0.6604
0.6604
0.6604
0.6604
0.7075
0.6997
0.4818
0.4719
0.4567
0.4666
0.4514
0.4533
0.4716
0.6604
0.6604
0.6604
0.6604
0.6604
0.6604
0.6604
0.6604
0.6604
0.6604
0.6604
0.6604
0.6604
0.6604
0.6604
0.7084
0.6882
0.5886
0.4585
0.4667
0.4714
0.4380
0.4666
0.4638
0.5949
0.6604
0.6604
0.6604
0.6604
0.6604
0.6604
0.6604
0.6604
0.6604
0.6604
0.6604
0.6604
0.6604
0.6604
0.6924
0.7040
0.7011
0.6967
0.7088
0.6933
0.6841
0.7086
0.6604
0.6604
0.6604
0.6604
0.6604
0.6604
0.6604
0.6604
0.6604
0.6604
0.6604
0.6604
0.6604
0.6604
0.6256
0.5954
0.7030
0.7086
0.6904
0.4682
0.4580
0.4669
0.4524
0.4569
0.4777
0.6604
0.6604
0.6604
0.6604
0.6604
0.6604
0.6604
0.6604
0.6604
0.6604
0.6604
0.6604
0.6604
0.6604
0.6604
0.6995
0.6935
0.7044
0.7074
0.6927
0.7025
0.6297
0.4672
0.4794
0.6604
0.6604
0.6604
0.6604
0.6604
0.6604
0.6604
0.6604
0.6604
0.6604
0.6604
0.6604
0.6604
0.6604
0.5765
0.4513
0.4722
0.4685
0.4588
0.4681
0.4644
0.4467
0.4685
0.4686
0.6604
0.6604
0.6604
0.6604
0.6604
0.6604
0.6604
0.6604
0.6604
0.6604
0.6604
0.6604
0.6604
0.6604
0.6604
0.7009
0.7024
0.6922
0.7066
0.7038
0.5082
0.4490
0.4570
0.4847
0.6604
0.6604
0.6604
0.6604
0.6604
0.6604
0.6604
0.6604
0.6604
0.6604
0.6604
0.6604
0.6604
0.6604
0.5558
0.4712
0.4568
0.4715
0.4668
0.4577
0.4734
0.4418
0.4646
0.4798
0.6604
0.6604
0.6604
0.6604
0.6604
0.6604
0.6604
0.6604
0.6604
0.6604
0.6604
0.6604
0.6604
0.6604
0.5373
0.4630
0.4582
0.4680
0.4590
0.4730
0.4686
0.4389
0.4713
0.4603
0.6604
0.6604
0.6604
0.6604
0.6604
0.6604
0.6604
0.6604
0.6604
0.6604
0.6604
0.6604
0.6604
0.6604
0.5565
0.4498
0.4645
0.4594
0.4650
0.4678
0.4591
0.4543
0.4671
0.4776
0.6604
0.6604
0.6604
0.6604
0.6604
0.6604
0.6604
0.6604
0.6604
0.6604
0.6604
0.6604
0.6604
0.6604
0.5607
0.4620
0.4602
0.4522
0.4662
0.4526
0.4726
0.4500
0.4593
0.4728
0.6604
0.6604
0.6604
0.6604
0.6604
0.6604
0.6604
0.6604
0.6604
0.6604
0.6604
0.6604
0.6604
0.6604
0.4820
0.4626
0.4450
0.4639
0.4530
0.4615
0.4660
0.4351
0.4690
0.4791
0.6604
0.6604
0.6604
0.6604
0.6604
0.6604
0.6604
0.6604
0.6604
0.6604
0.6604
0.6604
0.6604
0.6604
0.5285
0.4446
0.4635
0.4638
0.4466
0.4710
0.4539
0.4532
0.4717
0.4645
0.6604
0.6604
0.6604
0.6604
0.6604
0.6604
0.6604
0.6604
0.6604
0.6604
0.6604
0.6604
0.6604
0.6604
0.5288
0.4624
0.4622
0.4506
0.4654
0.4570
0.4622
0.4500
0.4573
0.4822
0.6604
0.6604
0.6604
0.6604
0.6604
0.6604
0.6604
0.6604
0.6604
0.6604
0.6604
0.6604
0.6604
0.6604
0.5662
0.4610
0.4498
0.4637
0.4579
0.4558
0.4625
0.4354
0.4714
0.4858
0.6604
0.6604
0.6604
0.6604
0.6604
0.6604
0.6604
0.6604
0.6604
0.6604
0.6604
0.6604
0.6604
0.6604
0.5740
0.4474
0.4637
0.4639
0.4503
0.4629
0.4484
0.4606
0.4581
0.4796
0.6604
0.6604
0.6604
0.6604
0.6604
0.6604
0.6604
0.6604
0.6604
0.6604
0.6604
0.6604
0.6604
0.6576
0.4967
0.4628
0.4630
0.4494
0.4663
0.4540
0.4662
0.4489
0.4571
0.4903
0.6604
0.6604
0.6604
0.6604
0.6604
0.6604
0.6604
0.6604
0.6604
0.6604
0.6604
0.6604
0.6604
0.6604
0.5216
0.4670
0.4541
0.4661
0.4542
0.4581
0.4644
0.4378
0.4701
0.4728
0.6604
0.6604
0.6604
0.6604
0.6604
0.6604
0.6604
0.6604
0.6604
0.6604
0.6604
0.6604
0.6604
0.6604
0.5146
0.4493
0.4638
0.4571
0.4639
0.4676
0.4556
0.4520
0.4715
0.4748
0.6604
0.6604
0.6604
0.6604
0.6604
0.6604
0.6604
0.6604
0.6604
0.6604
0.6604
0.6604
0.6604
0.6604
0.5556
0.4660
0.4630
0.4511
0.4711
0.4574
0.4717
0.4530
0.4577
0.4829
0.6604
0.6604
0.6604
0.6604
0.6604
0.6604
0.6604
0.6604
0.6604
0.6604
0.6604
0.6604
0.6604
0.6604
0.4859
0.4644
0.4519
0.4682
0.4538
0.4713
0.4694
0.4415
0.4721
0.4630
0.6604
0.6604
0.6604
0.6604
0.6604
0.6604
0.6604
0.6604
0.6604
0.6604
0.6604
0.6604
0.6604
0.6604
0.5803
0.4575
0.4722
0.4665
0.4606
0.4705
0.4581
0.4725
0.4536
0.4580
0.6604
0.6604
0.6604
0.6604
0.6604
0.6604
0.6604
0.6604
0.6604
0.6604
0.6604
0.6604
0.6604
0.5772
0.4380
0.4462
0.4644
0.4554
0.4708
0.4572
0.4698
0.4707
0.4437
0.4808
0.6604
0.6604
0.6604
0.6604
0.6604
0.6604
0.6604
0.6604
0.6604
0.6604
0.6604
0.6604
0.6604
0.6604
0.5346
0.4710
0.4574
0.4719
0.4575
0.4704
0.4705
0.4582
0.4534
0.4746
0.6604
0.6604
0.6604
0.6604
0.6604
0.6604
0.6604
0.6604
0.6604
0.6604
0.6604
0.6604
0.4971
0.4844
0.4756
0.4578
0.4705
0.4628
0.4670
0.4726
0.4578
0.4560
0.4666
0.4612
0.4789
0.6597
0.6604
0.6604
0.6604
0.6604
0.6604
0.6604
0.6604
0.6604
0.6604
0.6604
0.6604
0.6604
0.5153
0.4710
0.4630
0.4642
0.4718
0.4568
0.4712
0.4559
0.4586
0.4991
0.6604
0.6604
0.6604
0.6604
0.6604
0.6604
0.6604
0.6604
0.6604
0.6604
0.6604
0.6604
0.6604
0.6604
0.5586
0.4707
0.4573
0.4713
0.4576
0.4707
0.4725
0.4450
0.4711
0.4707
0.6604
0.6604
0.6604
0.6604
0.6604
0.6604
0.6604
0.6604
0.6604
0.6604
0.6604
0.6604
0.6604
0.6604
0.5901
0.4585
0.4669
0.4572
0.4698
0.4703
0.4562
0.4522
0.4625
0.4706
0.6604
0.6604
0.6604
0.6604
0.6604
0.6604
0.6604
0.6604
0.6604
0.6604
0.6604
0.6604
0.6604
0.6604
0.5833
0.4635
0.4529
0.4606
0.4636
0.4538
0.4695
0.4453
0.4653
0.4807
0.6604
0.6604
0.6604
0.6604
0.6604
0.6604
0.6604
0.6604
0.6604
0.6604
0.6604
0.6604
0.6604
0.6604
0.5621
0.4528
0.4566
0.4680
0.4562
0.4675
0.4670
0.4362
0.4716
0.4578
0.6604
0.6604
0.6604
0.6604
0.6604
0.6604
0.6604
0.6604
0.6604
0.6604
0.6604
0.6604
0.6604
0.6604
0.5222
0.4496
0.4637
0.4530
0.4656
0.4689
0.4579
0.4529
0.4577
0.4731
0.6604
0.6604
0.6604
0.6604
0.6604
0.6604
0.6604
0.6604
0.6604
0.6604
0.6604
0.6604
0.6604
0.6604
0.4864
0.4654
0.4482
0.4652
0.4669
0.4542
0.4662
0.4418
0.4645
0.4785
0.6604
0.6604
0.6604
0.6604
0.6604
0.6604
0.6604
0.6604
0.6604
0.6604
0.6604
0.6604
0.6604
0.6604
0.6263
0.4478
0.4615
0.4634
0.4486
0.4622
0.4564
0.4418
0.4670
0.4574
0.6604
0.6604
0.6604
0.6604
0.6604
0.6604
0.6604
0.6604
0.6604
0.6604
0.6604
0.6604
0.6604
0.6604
0.5404
0.4584
0.4630
0.4492
0.4636
0.4588
0.4527
0.4458
0.4542
0.4750
0.6604
0.6604
0.6604
0.6604
0.6604
0.6604
0.6604
0.6604
0.6604
0.6604
0.6604
0.6604
0.6604
0.6604
0.5039
0.4614
0.4486
0.4661
0.4701
0.4568
0.4698
0.4321
0.4684
0.4750
0.6604
0.6604
0.6604
0.6604
0.6604
0.6604
0.6604
0.6604
0.6604
0.6604
0.6604
0.6604
0.6604
0.6604
0.4708
0.4485
0.4629
0.4682
0.4509
0.4698
0.4570
0.4493
0.4704
0.4607
0.6604
0.6604
0.6604
0.6604
0.6604
0.6604
0.6604
0.6604
0.6604
0.6604
0.6604
0.6604
0.6604
0.6604
0.5127
0.4588
0.4612
0.4475
0.4626
0.4535
0.4622
0.4278
0.4602
0.4749
0.4962
0.6604
0.6604
0.6604
0.6604
0.6604
0.6604
0.6604
0.6604
0.6604
0.6604
0.6604
0.6604
0.6604
0.5355
0.4635
0.4525
0.4700
0.4659
0.4656
0.4753
0.4430
0.4750
0.4838
0.6604
0.6604
0.6604
0.6604
0.6604
0.6604
0.6604
0.6604
0.6604
0.6604
0.6604
0.6604
0.6604
0.6604
0.5241
0.4520
0.4638
0.4658
0.4526
0.4678
0.4546
0.4523
0.4742
0.4658
0.6604
0.6604
0.6604
0.6604
0.6604
0.6604
0.6604
0.6604
0.6604
0.6604
0.6604
0.6604
0.6604
0.6604
0.5123
0.4664
0.4673
0.4523
0.4693
0.4567
0.4710
0.4536
0.4577
0.4874
0.6472
0.6604
0.6604
0.6604
0.6604
0.6604
0.6604
0.6604
0.6604
0.6604
0.6604
0.6604
0.6604
0.5486
0.5631
0.4674
0.4570
0.4734
0.4651
0.4684
0.4735
0.4455
0.4738
0.4705
0.6336
0.6604
0.6604
0.6604
0.6604
0.6604
0.6604
0.6604
0.6604
0.6604
0.6604
0.6604
0.6604
0.6604
0.5583
0.4542
0.4694
0.4602
0.4634
0.4721
0.4580
0.4515
0.4756
0.4637
0.6604
0.6604
0.6604
0.6604
0.6604
0.6604
0.6604
0.6604
0.6604
0.6604
0.6604
0.6604
0.6604
0.6604
0.4829
0.4666
0.4658
0.4554
0.4696
0.4566
0.4684
0.4516
0.4615
0.4774
0.6604
0.6604
0.6604
0.6604
0.6604
0.6604
0.6604
0.6604
0.6604
0.6604
0.6604
0.6604
0.6604
0.6604
0.5311
0.4662
0.4524
0.4682
0.4544
0.4683
0.4681
0.4514
0.4474
0.4616
0.4896
0.6604
0.6604
0.6604
0.6604
0.6604
0.6604
0.6604
0.6604
0.6604
0.6604
0.6604
0.6604
0.6604
0.5013
0.4359
0.4518
0.4438
0.4541
0.4643
0.4551
0.4490
0.4664
0.4678
0.6604
0.6604
0.6604
0.6604
0.6604
0.6604
0.6604
0.6604
0.6604
0.6604
0.6604
0.6604
0.6604
0.5797
0.4654
0.4748
0.4253
0.3734
0.3790
0.3642
0.3784
0.3606
0.3670
0.3802
0.5201
0.6604
0.6604
0.6604
0.6604
0.6604
0.6604
0.6604
0.6604
0.6604
0.6604
0.6604
0.6604
0.6604
0.6604
0.4661
0.4582
0.4709
0.4618
0.4756
0.4735
0.4414
0.4758
0.4517
0.6352
0.6604
0.6604
0.6604
0.6604
0.6604
0.6604
0.6604
0.6604
0.6604
0.6604
0.6604
0.6604
0.6604
0.5106
0.4548
0.4683
0.4563
0.4670
0.4664
0.4529
0.4694
0.4428
0.4678
0.5671
0.6604
0.6604
0.6604
0.6604
0.6604
0.6604
0.6604
0.6604
0.6604
0.6604
0.6604
0.6604
0.6604
0.4928
0.4674
0.4554
0.4675
0.4700
0.4572
0.4715
0.4442
0.4691
0.4770
0.6400
0.6604
0.6604
0.6604
0.6604
0.6604
0.6604
0.6604
0.6604
0.6604
0.6604
0.6604
0.6604
0.5901
0.4690
0.4547
0.4587
0.4633
0.4504
0.4637
0.4614
0.4370
0.4692
0.4577
0.6604
0.6604
0.6604
0.6604
0.6604
0.6604
0.6604
0.6604
0.6604
0.6604
0.6604
0.6604
0.6036
0.5591
0.4606
0.4535
0.4623
0.4493
0.4657
0.4687
0.4540
0.4500
0.4580
0.4712
0.6597
0.6604
0.6604
0.6604
0.6604
0.6604
0.6604
0.6604
0.6604
0.6604
0.6604
0.6604
0.6604
0.6604
0.4679
0.4602
0.4476
0.4644
0.4682
0.4550
0.4701
0.4390
0.4697
0.4707
0.5809
0.6604
0.6604
0.6604
0.6604
0.6604
0.6604
0.6604
0.6604
0.6604
0.6604
0.6604
0.6604
0.6604
0.4918
0.4491
0.4626
0.4629
0.4298
0.4658
0.4569
0.4407
0.4703
0.4574
0.5009
0.6604
0.6604
0.6604
0.6604
0.6604
0.6604
0.6604
0.6604
0.6604
0.6604
0.6604
0.6604
0.6604
0.4717
0.4366
0.4501
0.4400
0.4551
0.4523
0.4252
0.0000
0.0000
0.0314
0.6222
0.6604
0.6604
0.6604
0.6604
0.6604
0.6604
0.6604
0.6604
0.6604
0.6604
0.6604
0.6604
0.6604
0.4733
0.4248
0.4198
0.4330
0.4345
0.4199
0.4338
0.4026
0.4354
0.4374
0.5434
0.6604
0.6604
0.6604
0.6604
0.6604
0.6604
0.6604
0.6604
0.6604
0.6604
0.6604
0.6604
0.6604
0.4581
0.4257
0.4449
0.4488
0.4381
0.4530
0.4386
0.4374
0.4611
0.4466
0.6475
0.6604
0.6604
0.6604
0.6604
0.6604
0.6604
0.6604
0.6604
0.6604
0.6604
0.6604
0.4341
0.4585
0.4596
0.4717
0.4710
0.4571
0.4713
0.4639
0.4672
0.4717
0.4567
0.4240
0.4943
0.6604
0.6604
0.6604
0.6604
0.6604
0.6604
0.6604
0.6604
0.6604
0.6604
0.6604
0.6604
0.6604
0.4752
0.4626
0.4543
0.4710
0.4643
0.4650
0.4720
0.4401
0.4728
0.4728
0.5515
0.6604
0.6604
0.6604
0.6604
0.6604
0.6604
0.6604
0.6604
0.6604
0.6604
0.6604
0.6604
0.6604
0.4693
0.4324
0.4650
0.4643
0.5014
0.5014
0.5014
0.5014
0.5014
0.5014
0.6118
0.6604
0.6604
0.6604
0.6604
0.6604
0.6604
0.6604
0.6604
0.6604
0.6604
0.6604
0.6604
0.6604
0.4694
0.4503
0.4503
0.5014
0.5014
0.5014
0.5014
0.5014
0.5014
0.5014
0.5927
0.6604
0.6604
0.6604
0.6604
0.6604
0.6604
0.6604
0.6604
0.6604
0.6604
0.6604
0.6604
0.6604
0.4648
0.4503
0.4503
0.5014
0.5014
0.5014
0.5014
0.5014
0.5014
0.5014
0.6327
0.6604
0.6604
0.6604
0.6604
0.6604
0.6604
0.6604
0.6604
0.6604
0.6604
0.6604
0.6604
0.6604
0.4646
0.4503
0.4503
0.5014
0.5014
0.5014
0.5014
0.5014
0.5014
0.5014
0.5954
0.6604
0.6604
0.6604
0.6604
0.6604
0.6604
0.6604
0.6604
0.6604
0.6604
0.6604
0.6604
0.6604
0.5211
0.5014
0.5014
0.5014
0.5014
0.5014
0.5014
0.5014
0.5014
0.5014
0.5980
0.6604
0.6604
0.6604
0.6604
0.6604
0.6604
0.6604
0.6604
0.6604
0.6604
0.6604
0.6604
0.6604
0.4726
0.4503
0.4503
0.5014
0.5014
0.5014
0.5014
0.5014
0.5014
0.5014
0.5876
0.6604
0.6604
0.6604
0.6604
0.6604
0.6604
0.6604
0.6604
0.6604
0.6604
0.6604
0.6604
0.6604
0.4584
0.4503
0.4503
0.5014
0.5014
0.5014
0.5014
0.5014
0.5014
0.5014
0.5732
0.6604
0.6604
0.6604
0.6604
0.6604
0.6604
0.6604
0.6604
0.6604
0.6604
0.6604
0.6604
0.6604
0.4659
0.4503
0.4503
0.5014
0.5014
0.5014
0.5014
0.5014
0.5014
0.5014
0.5069
0.6604
0.6604
0.6604
0.6604
0.6604
0.6604
0.6604
0.6604
0.6604
0.6604
0.6604
0.6604
0.6604
0.4611
0.4503
0.4503
0.5014
0.5014
0.5014
0.5014
0.5014
0.5014
0.5014
0.5340
0.6604
0.6604
0.6604
0.6604
0.6604
0.6604
0.6604
0.6604
0.6604
0.6604
0.6604
0.6604
0.4898
0.4503
0.4503
0.4503
0.5014
0.5014
0.5014
0.5014
0.5014
0.5014
0.5014
0.5481
0.6604
0.6604
0.6604
0.6604
0.6604
0.6604
0.6604
0.6604
0.6604
0.6604
0.6604
0.6604
0.6598
0.4572
0.4503
0.4503
0.5014
0.5014
0.5014
0.5014
0.5014
0.5014
0.5014
0.5720
0.6604
0.6604
0.6604
0.6604
0.6604
0.6604
0.6604
0.6604
0.6604
0.6604
0.6604
0.6604
0.6604
0.5084
0.5014
0.5014
0.5014
0.5014
0.5014
0.5014
0.5014
0.5014
0.5014
0.5336
0.6604
0.6604
0.6604
0.6604
0.6604
0.6604
0.6604
0.6604
0.6604
0.6604
0.6604
0.6604
0.6604
0.4568
0.4503
0.4503
0.5014
0.5014
0.5014
0.5014
0.5014
0.5014
0.5014
0.5464
0.6604
0.6604
0.6604
0.6604
0.6604
0.6604
0.6604
0.6604
0.6604
0.6604
0.6604
0.6604
0.6294
0.4589
0.4503
0.4503
0.5014
0.5014
0.5014
0.5014
0.5014
0.5014
0.5014
0.5014
0.4617
0.6604
0.6604
0.6604
0.6604
0.6604
0.6604
0.6604
0.6604
0.6604
0.6604
0.6604
0.6604
0.4533
0.4503
0.4503
0.5014
0.5014
0.5014
0.5014
0.5014
0.5014
0.5014
0.5268
0.6604
0.6604
0.6604
0.6604
0.6604
0.6604
0.6604
0.6604
0.6604
0.6604
0.6604
0.6604
0.6604
0.5119
0.5014
0.5014
0.5014
0.5014
0.5014
0.5014
0.5014
0.5014
0.5014
0.5068
0.6604
0.6604
0.6604
0.6604
0.6604
0.6604
0.6604
0.6604
0.6604
0.6604
0.6604
0.6604
0.6354
0.4519
0.4503
0.4503
0.5014
0.5014
0.5014
0.5014
0.5014
0.5014
0.5014
0.5351
0.6604
0.6604
0.6604
0.6604
0.6604
0.6604
0.6604
0.6604
0.6604
0.6604
0.6604
0.6604
0.4821
0.4504
0.4503
0.4503
0.5014
0.5014
0.5014
0.5014
0.5014
0.5014
0.5014
0.5283
0.6604
0.6604
0.6604
0.6604
0.6604
0.6604
0.6604
0.6604
0.6604
0.6604
0.6604
0.6604
0.6573
0.5045
0.5014
0.5014
0.5014
0.5014
0.5014
0.5014
0.5014
0.5014
0.5014
0.5264
0.6604
0.6604
0.6604
0.6604
0.6604
0.6604
0.6604
0.6604
0.6604
0.6604
0.6604
0.5148
0.4503
0.4503
0.4503
0.4503
0.5014
0.5014
0.5014
0.5014
0.5014
0.5014
0.5014
0.5073
0.6210
0.6604
0.6604
0.6604
0.6604
0.6604
0.6604
0.6604
0.6604
0.6604
0.6604
0.6604
0.5602
0.4519
0.4503
0.4503
0.5014
0.5014
0.5014
0.5014
0.5014
0.5014
0.5014
0.5187
0.6604
0.6604
0.6604
0.6604
0.6604
0.6604
0.6604
0.6604
0.6604
0.6604
0.6604
0.6604
0.5543
0.4533
0.4503
0.4503
0.5014
0.5014
0.5014
0.5014
0.5014
0.5014
0.5014
0.5232
0.6604
0.6604
0.6604
0.6604
0.6604
0.6604
0.6604
0.6604
0.6604
0.6604
0.6604
0.6604
0.6232
0.4519
0.4503
0.4503
0.5014
0.5014
0.5014
0.5014
0.5014
0.5014
0.5014
0.5051
0.6604
0.6604
0.6604
0.6604
0.6604
0.6604
0.6604
0.6604
0.6604
0.6604
0.4482
0.4458
0.4504
0.4503
0.4503
0.4503
0.5014
0.5014
0.5014
0.5014
0.5014
0.5014
0.5014
0.5104
0.6604
0.6604
0.6604
0.6604
0.6604
0.6604
0.6604
0.6604
0.6604
0.6604
0.6604
0.6604
0.5313
0.4503
0.4503
0.4503
0.5014
0.5014
0.5014
0.5014
0.5014
0.5014
0.5014
0.5014
0.6604
0.6604
0.6604
0.6604
0.6604
0.6604
0.6604
0.6604
0.6604
0.6604
0.6604
0.6604
0.6140
0.5014
0.5014
0.5014
0.5014
0.5014
0.5014
0.5014
0.5014
0.5014
0.5014
0.5014
0.4935
0.6604
0.6604
0.6604
0.6604
0.6604
0.6604
0.6604
0.6604
0.6604
0.6604
0.6604
0.5111
0.4503
0.4503
0.4503
0.5014
0.5014
0.5014
0.5014
0.5014
0.5014
0.5014
0.5014
0.6449
0.6604
0.6604
0.6604
0.6604
0.6604
0.6604
0.6604
0.6604
0.6604
0.6604
0.6604
0.5296
0.4503
0.4503
0.4503
0.5014
0.5014
0.5014
0.5014
0.5014
0.5014
0.5014
0.5160
0.6604
0.6604
0.6604
0.6604
0.6604
0.6604
0.6604
0.6604
0.6604
0.6604
0.6604
0.6604
0.5473
0.4503
0.4503
0.4503
0.5014
0.5014
0.5014
0.5014
0.5014
0.5014
0.5014
0.5045
0.6604
0.6604
0.6604
0.6604
0.6604
0.6604
0.6604
0.6604
0.6604
0.6604
0.6604
0.6604
0.5753
0.4503
0.4503
0.4503
0.5014
0.5014
0.5014
0.5014
0.5014
0.5014
0.5014
0.5014
0.6604
0.6604
0.6604
0.6604
0.6604
0.6604
0.6604
0.6604
0.6604
0.6604
0.6604
0.6604
0.5175
0.4503
0.4503
0.4503
0.5014
0.5014
0.5014
0.5014
0.5014
0.5014
0.5014
0.5014
0.6306
0.6604
0.6604
0.6604
0.6604
0.6604
0.6604
0.6604
0.6604
0.6604
0.6604
0.6604
0.5029
0.4503
0.4503
0.4503
0.5014
0.4167
0.4167
0.4167
0.4167
0.4167
0.4167
0.4167
0.5512
0.6604
0.6604
0.6604
0.6604
0.6604
0.6604
0.6604
0.6604
0.6604
0.6604
0.6604
0.4895
0.4167
0.4167
0.4167
0.4167
0.4167
0.4167
0.4167
0.4167
0.4167
0.4167
0.4184
0.6604
0.6604
0.6604
0.6604
0.6604
0.6604
0.6604
0.6604
0.6604
0.6604
0.6604
0.6604
0.4895
0.4506
0.4506
0.4506
0.4167
0.4167
0.4167
0.4167
0.4167
0.4167
0.4167
0.4184
0.6604
0.6604
0.6604
0.6604
0.6604
0.6604
0.6604
0.6604
0.6604
0.6604
0.6604
0.6604
0.4748
0.4506
0.4506
0.4506
0.4167
0.4167
0.4167
0.4167
0.4167
0.4167
0.4167
0.4184
0.6604
0.6604
0.6604
0.6604
0.6604
0.6604
0.6604
0.6604
0.6604
0.6604
0.6604
0.6604
0.4980
0.4506
0.4506
0.4506
0.4167
0.4167
0.4167
0.4167
0.4167
0.4167
0.4167
0.4167
0.5449
0.6604
0.6604
0.6604
0.6604
0.6604
0.6604
0.6604
0.6604
0.6604
0.6604
0.6604
0.4876
0.4506
0.4506
0.4506
0.4167
0.4167
0.4167
0.4167
0.4167
0.4167
0.4167
0.4168
0.6297
0.6604
0.6604
0.6604
0.6604
0.6604
0.6604
0.6604
0.6604
0.6604
0.6604
0.6604
0.4787
0.4506
0.4506
0.4506
0.4167
0.4167
0.4167
0.4167
0.4167
0.4167
0.4167
0.4168
0.6604
0.6604
0.6604
0.6604
0.6604
0.6604
0.6604
0.6604
0.6604
0.6604
0.6604
0.6604
0.4789
0.4506
0.4506
0.4506
0.4167
0.4167
0.4167
0.4167
0.4167
0.4167
0.4167
0.4168
0.6604
0.6604
0.6604
0.6604
0.6604
0.6604
0.6604
0.6604
0.6604
0.6604
0.6604
0.6604
0.4247
0.4167
0.4167
0.4167
0.4167
0.4167
0.4167
0.4167
0.4167
0.4167
0.4167
0.4167
0.6148
0.6604
0.6604
0.6604
0.6604
0.6604
0.6604
0.6604
0.6604
0.6604
0.6604
0.6604
0.4726
0.4506
0.4506
0.4506
0.4167
0.4167
0.4167
0.4167
0.4167
0.4167
0.4167
0.4167
0.6604
0.6604
0.6604
0.6604
0.6604
0.6604
0.6604
0.6604
0.6604
0.6604
0.6604
0.4626
0.4506
0.4506
0.4506
0.4506
0.4167
0.4167
0.4167
0.4167
0.4167
0.4167
0.4167
0.4168
0.6604
0.6604
0.6604
0.6604
0.6604
0.6604
0.6604
0.6604
0.6604
0.6604
0.6604
0.6604
0.4653
0.4506
0.4506
0.4506
0.4167
0.4167
0.4167
0.4167
0.4167
0.4167
0.4167
0.4167
0.6604
0.6604
0.6604
0.6604
0.6604
0.6604
0.6604
0.6604
0.6604
0.6604
0.6604
0.6604
0.4721
0.4506
0.4506
0.4506
0.4167
0.4167
0.4167
0.4167
0.4167
0.4167
0.4167
0.4168
0.6604
0.6604
0.6604
0.6604
0.6604
0.6604
0.6604
0.6604
0.6604
0.6604
0.6604
0.6604
0.4657
0.4506
0.4506
0.4506
0.4167
0.4167
0.4167
0.4167
0.4167
0.4167
0.4167
0.4167
0.6604
0.6604
0.6604
0.6604
0.6604
0.6604
0.6604
0.6604
0.6604
0.6604
0.6604
0.6604
0.4735
0.4506
0.4506
0.4506
0.4167
0.4167
0.4167
0.4167
0.4167
0.4167
0.4167
0.4167
0.5437
0.6604
0.6604
0.6604
0.6604
0.6604
0.6604
0.6604
0.6604
0.6604
0.5824
0.4297
0.4167
0.4167
0.4167
0.4167
0.4167
0.4167
0.4167
0.4167
0.4167
0.4167
0.4167
0.4167
0.5020
0.6604
0.6604
0.6604
0.6604
0.6604
0.6604
0.6604
0.6604
0.6604
0.6604
0.6604
0.5048
0.4874
0.4874
0.4874
0.4535
0.4535
0.4531
0.4535
0.4535
0.4535
0.4535
0.4531
0.6333
0.6604
0.6604
0.6604
0.6604
0.6604
0.6604
0.6604
0.6604
0.6604
0.6604
0.6604
0.4678
0.4506
0.4506
0.4506
0.4167
0.4167
0.4167
0.4167
0.4167
0.4167
0.4167
0.4167
0.6604
0.6604
0.6604
0.6604
0.6604
0.6604
0.6604
0.6604
0.6604
0.6604
0.6604
0.6604
0.4562
0.4506
0.4506
0.4506
0.4167
0.4167
0.4167
0.4167
0.4167
0.4167
0.4167
0.4167
0.6256
0.6604
0.6604
0.6604
0.6604
0.6604
0.6604
0.6604
0.6604
0.6604
0.6604
0.6604
0.4592
0.4506
0.4506
0.4506
0.4167
0.4167
0.4167
0.4167
0.4167
0.4167
0.4167
0.4167
0.5713
0.6604
0.6604
0.6604
0.6604
0.6604
0.6604
0.6604
0.6604
0.6604
0.6604
0.6429
0.4555
0.4506
0.4506
0.4506
0.4167
0.4167
0.4167
0.4167
0.4167
0.4167
0.4167
0.4167
0.5798
0.6604
0.6604
0.6604
0.6604
0.6604
0.6604
0.6604
0.6604
0.6604
0.6604
0.5940
0.4538
0.4506
0.4506
0.4506
0.4167
0.4167
0.4167
0.4167
0.4167
0.4167
0.4167
0.4167
0.6175
0.6604
0.6604
0.6604
0.6604
0.6604
0.6604
0.6604
0.6604
0.6604
0.6604
0.6604
0.4183
0.4167
0.4167
0.4167
0.4167
0.4167
0.4167
0.4167
0.4167
0.4167
0.4167
0.4167
0.6340
0.6604
0.6604
0.6604
0.6604
0.6604
0.6604
0.6604
0.6604
0.6604
0.6604
0.6604
0.6604
0.8450
0.8446
0.4974
0.4167
0.4167
0.4167
0.4167
0.4167
0.4167
0.4167
0.4167
0.6544
0.6604
0.6604
0.6604
0.6604
0.6604
0.6604
0.6604
0.6604
0.6604
0.6604
0.6604
0.5250
0.4506
0.4506
0.4506
0.4167
0.4167
0.4167
0.4167
0.4167
0.4167
0.4167
0.4167
0.4782
0.6604
0.6604
0.6604
0.6604
0.6604
0.6604
0.6604
0.6604
0.6604
0.6604
0.6604
0.6470
0.6466
0.6466
0.6466
0.6127
0.6127
0.6127
0.6127
0.6127
0.6127
0.6127
0.6123
0.6604
0.6604
0.6604
0.6604
0.6604
0.6604
0.6604
0.6604
0.6604
0.6604
0.6604
0.6604
0.6466
0.6470
0.6466
0.6466
0.6127
0.6127
0.6127
0.6127
0.6127
0.6123
0.6127
0.6127
0.6604
0.6604
0.6604
0.6604
0.6604
0.6604
0.6604
0.6604
0.6604
0.6604
0.6604
0.5015
0.5394
0.5470
0.5470
0.5474
0.5131
0.5131
0.5131
0.5135
0.5131
0.5131
0.5131
0.4995
0.4928
0.6604
0.6604
0.6604
0.6604
0.6604
0.6604
0.6604
0.6604
0.6604
0.6604
0.6604
0.6470
0.6466
0.6466
0.6466
0.6127
0.6127
0.6127
0.6127
0.6127
0.6127
0.6127
0.6127
0.6143
0.6604
0.6604
0.6604
0.6604
0.6604
0.6604
0.6604
0.6604
0.6604
0.6604
0.6226
0.6127
0.6127
0.6127
0.6123
0.6127
0.6127
0.6127
0.6127
0.4731
0.4167
0.4167
0.4167
0.4563
0.6604
0.6604
0.6604
0.6604
0.6604
0.6604
0.6604
0.6604
0.6604
0.6604
0.6604
0.6462
0.6466
0.6466
0.6462
0.6127
0.6667
0.6536
0.6678
0.6498
0.6540
0.6684
0.6546
0.6604
0.6604
0.6604
0.6604
0.6604
0.6604
0.6604
0.6604
0.6604
0.6604
0.6604
0.6584
0.6533
0.6679
0.6674
0.6526
0.6675
0.6546
0.6676
0.4900
0.4474
0.4725
0.4640
0.4536
0.5225
0.6604
0.6604
0.6604
0.6604
0.6604
0.6604
0.6604
0.6604
0.6604
0.6604
0.6604
0.8641
0.8650
0.8519
0.8650
0.8559
0.8629
0.8663
0.8538
0.8478
0.8594
0.8494
0.8651
0.6604
0.6604
0.6604
0.6604
0.6604
0.6604
0.6604
0.6604
0.6604
0.6604
0.4971
0.4739
0.4706
0.4574
0.4715
0.4633
0.4661
0.4721
0.4592
0.4722
0.4525
0.4581
0.4618
0.4587
0.4718
0.4672
0.5562
0.6604
0.6604
0.6604
0.6604
0.6604
0.6604
0.6604
0.5091
0.4727
0.5033
0.8648
0.8623
0.8530
0.8651
0.8514
0.8658
0.8655
0.8324
0.8654
0.8524
0.8621
0.8158
0.6604
0.6604
0.6604
0.6604
0.6604
0.6604
0.6604
0.6604
0.6604
0.6604
0.6604
0.8580
0.8394
0.5120
0.4704
0.4574
0.4711
0.4716
0.4574
0.4526
0.4613
0.4678
0.4521
0.4175
0.6604
0.6604
0.6604
0.6604
0.6604
0.6604
0.6604
0.6604
0.6604
0.6604
0.6604
0.8642
0.8502
0.8642
0.8511
0.8641
0.8653
0.8514
0.8650
0.8390
0.8606
0.8654
0.8473
0.6604
0.6604
0.6604
0.6604
0.6604
0.6604
0.6604
0.6604
0.6604
0.6604
0.6604
0.4663
0.4530
0.4714
0.4618
0.4652
0.4706
0.4570
0.4713
0.4700
0.4411
0.4715
0.4576
0.4578
0.5037
0.6604
0.6604
0.6604
0.6604
0.6604
0.6604
0.6604
0.6604
0.6604
0.6604
0.6604
0.7653
0.7608
0.7570
0.7663
0.7515
0.7658
0.7664
0.7538
0.7477
0.7523
0.7666
0.7566
0.6604
0.6604
0.6604
0.6604
0.6604
0.6604
0.6604
0.6604
0.6604
0.6604
0.6604
0.6604
0.7654
0.7143
0.4374
0.4366
0.4714
0.4704
0.4579
0.4722
0.4565
0.4542
0.4726
0.4481
0.4258
0.4524
0.6604
0.6604
0.6604
0.6604
0.6604
0.6604
0.6604
0.6604
0.6604
0.6604
0.7519
0.7659
0.7517
0.7654
0.7658
0.7524
0.7662
0.7586
0.7418
0.7652
0.7520
0.7545
0.6604
0.6604
0.6604
0.6604
0.6604
0.6604
0.6604
0.6604
0.6604
0.6604
0.6604
0.6604
0.7658
0.7570
0.7603
0.7654
0.7520
0.7662
0.7618
0.7177
0.4564
0.4782
0.4782
0.4781
0.4406
0.5901
0.6604
0.6604
0.6604
0.6604
0.6604
0.6604
0.6604
0.6604
0.6604
0.4510
0.4706
0.4713
0.4573
0.4711
0.4628
0.4658
0.4711
0.4571
0.4526
0.4700
0.4582
0.4557
0.4099
0.5639
0.6604
0.6604
0.6604
0.6604
0.6604
0.6604
0.6604
0.6604
0.6604
0.6604
0.7453
0.7517
0.7405
0.7623
0.7544
0.7657
0.7513
0.7657
0.7471
0.7518
0.7658
0.7006
0.6604
0.6604
0.6604
0.6604
0.6604
0.6604
0.6604
0.6604
0.6604
0.6604
0.5330
0.4834
0.4570
0.4708
0.4709
0.4568
0.4708
0.4570
0.4710
0.4713
0.4403
0.4710
0.4605
0.4109
0.4331
0.5723
0.6604
0.6604
0.6604
0.6604
0.6604
0.6604
0.6604
0.6604
0.6604
0.6604
0.8644
0.8648
0.8502
0.8644
0.8510
0.8639
0.8645
0.8514
0.8466
0.8565
0.8592
0.8496
0.6604
0.6604
0.6604
0.6604
0.6604
0.6604
0.6604
0.6604
0.6604
0.6604
0.6604
0.6604
0.8646
0.8513
0.8647
0.8006
0.4658
0.4711
0.4574
0.4720
0.4506
0.4606
0.4715
0.4420
0.4183
0.6604
0.6604
0.6604
0.6604
0.6604
0.6604
0.6604
0.6604
0.6604
0.6604
0.6604
0.8507
0.8651
0.8594
0.8569
0.8657
0.8515
0.8656
0.8653
0.8328
0.8653
0.4840
0.4725
0.4196
0.6604
0.6604
0.6604
0.6604
0.6604
0.6604
0.6604
0.6604
0.6604
0.6604
0.6604
0.8615
0.8644
0.8508
0.8651
0.8509
0.8654
0.8655
0.8517
0.8466
0.8515
0.8654
0.8505
0.6604
0.6604
0.6604
0.6604
0.6604
0.6604
0.6604
0.6604
0.6604
0.6604
0.6604
0.4668
0.4710
0.4579
0.4717
0.4570
0.8130
0.8654
0.8516
0.8658
0.8387
0.8602
0.8651
0.8451
0.6604
0.6604
0.6604
0.6604
0.6604
0.6604
0.6604
0.6604
0.6604
0.6604
0.6604
0.8648
0.8505
0.8647
0.8557
0.8598
0.8653
0.8518
0.8651
0.8599
0.8378
0.8653
0.6333
0.4598
0.4276
0.5390
0.6604
0.6604
0.6604
0.6604
0.6604
0.6604
0.6604
0.6604
0.6604
0.6604
0.8655
0.8566
0.8584
0.8647
0.8510
0.8655
0.8652
0.8514
0.8467
0.8511
0.8654
0.8650
0.8014
0.5294
0.6604
0.6604
0.6604
0.6604
0.6604
0.6604
0.6604
0.6604
0.6604
0.6604
0.8643
0.8524
0.8654
0.8512
0.8652
0.8657
0.8509
0.8650
0.8332
0.8648
0.8655
0.8503
0.8270
0.6604
0.6604
0.6604
0.6604
0.6604
0.6604
0.5643
0.3892
0.4578
0.4606
0.4707
0.4574
0.4708
0.4571
0.4717
0.4717
0.4574
0.4717
0.4630
0.4472
0.4717
0.4576
0.4648
0.4428
0.6604
0.6604
0.6604
0.6604
0.6604
0.6604
0.6604
0.6604
0.6604
0.6604
0.6604
0.8651
0.8544
0.8626
0.8658
0.8513
0.8654
0.8575
0.8600
0.8466
0.8518
0.8654
0.8654
0.6604
0.6604
0.6604
0.6604
0.6604
0.6604
0.6604
0.6604
0.6604
0.6604
0.6604
0.6604
0.8170
0.8226
0.8362
0.8507
0.8645
0.8635
0.8526
0.8650
0.8327
0.8654
0.8655
0.5406
0.4236
0.5214
0.6604
0.6604
0.6604
0.6604
0.6604
0.6604
0.6604
0.6604
0.6604
0.6604
0.8439
0.8652
0.8510
0.8655
0.8658
0.8513
0.8583
0.8589
0.8657
0.8521
0.8241
0.8150
0.6604
0.6604
0.6604
0.6604
0.6604
0.6604
0.6604
0.6604
0.6604
0.6604
0.8110
0.8528
0.8271
0.8654
0.8648
0.8513
0.8658
0.8546
0.8622
0.8449
0.8520
0.8667
0.8582
0.8486
0.6604
0.6604
0.6604
0.6604
0.6604
0.6604
0.6604
0.6604
0.6604
0.6604
0.8545
0.8502
0.8646
0.8654
0.8510
0.8657
0.8568
0.8597
0.8657
0.8338
0.6019
0.4714
0.4591
0.4394
0.5230
0.6604
0.6604
0.6604
0.4889
0.6154
0.6604
0.6344
0.5180
0.4833
0.6810
0.8601
0.8645
0.8506
0.8654
0.8630
0.8534
0.8652
0.8510
0.8471
0.8663
0.8509
0.8651
0.7917
0.6604
0.6604
0.6604
0.6604
0.6604
0.6604
0.6604
0.6604
0.6604
0.6604
0.4810
0.4662
0.4226
0.4127
0.4264
0.4144
0.4091
0.2497
0.3957
0.3760
0.3810
0.3956
0.4074
0.4265
0.5553
0.6604
0.6604
0.6604
0.6604
0.6604
0.6604
0.6604
0.6604
0.6604
0.8659
0.8507
0.8651
0.8647
0.8514
0.8662
0.8519
0.8424
0.8420
0.8420
0.8424
0.8420
0.8424
0.7652
0.5173
0.6604
0.6604
0.6604
0.6604
0.6604
0.6604
0.6604
0.6604
0.4600
0.8316
0.8420
0.8424
0.8420
0.8420
0.8420
0.8420
0.8420
0.8420
0.8420
0.8416
0.8424
0.8416
0.8420
0.6604
0.6604
0.6604
0.6604
0.6604
0.6604
0.6604
0.6604
0.6604
0.6604
0.8343
0.8343
0.8343
0.8343
0.8343
0.8339
0.8420
0.8420
0.8420
0.8420
0.8416
0.8420
0.8420
0.8420
0.6604
0.6604
0.6604
0.6604
0.6604
0.6604
0.6604
0.6604
0.6604
0.6604
0.8420
0.5008
0.4480
0.4480
0.4480
0.4480
0.4480
0.4480
0.4480
0.4480
0.4480
0.4480
0.4480
0.4480
0.6604
0.6604
0.6604
0.6604
0.6604
0.6604
0.6604
0.6604
0.6604
0.6604
0.8158
0.8154
0.8339
0.8343
0.8339
0.8339
0.8416
0.8416
0.8416
0.8416
0.8416
0.8416
0.8416
0.8416
0.5170
0.6604
0.6604
0.6604
0.6604
0.6604
0.6604
0.6604
0.6604
0.6604
0.8158
0.8154
0.8343
0.8339
0.8343
0.8339
0.8416
0.8416
0.8416
0.8416
0.8416
0.8416
0.8420
0.8416
0.6604
0.6604
0.6604
0.6604
0.6604
0.6604
0.6604
0.6604
0.6604
0.6604
0.8158
0.8158
0.8339
0.8343
0.8339
0.8343
0.8416
0.8416
0.8416
0.8416
0.8416
0.8416
0.8416
0.8416
0.6604
0.6604
0.6604
0.6604
0.6604
0.6604
0.6604
0.6604
0.6604
0.6604
0.8158
0.8158
0.5795
0.4403
0.4403
0.4403
0.4480
0.4480
0.4480
0.4480
0.4480
0.4480
0.4480
0.4480
0.5043
0.6604
0.6604
0.6604
0.6604
0.6604
0.6604
0.6604
0.6604
0.6604
0.8154
0.8158
0.8339
0.8343
0.8339
0.8343
0.8416
0.8416
0.8420
0.8416
0.8416
0.8420
0.8416
0.8416
0.6604
0.6604
0.6604
0.6604
0.6604
0.6604
0.6604
0.6604
0.6604
0.6604
0.8343
0.8339
0.8339
0.8339
0.8343
0.8335
0.8416
0.8416
0.8416
0.8416
0.8416
0.8412
0.8416
0.8416
0.6604
0.6604
0.6604
0.6604
0.6604
0.6604
0.6604
0.6604
0.6604
0.6604
0.8416
0.8416
0.8416
0.8412
0.8416
0.8412
0.8416
0.8412
0.8416
0.8412
0.8416
0.8412
0.8416
0.8412
0.6604
0.6604
0.6604
0.6604
0.6604
0.6604
0.6604
0.6604
0.6604
0.6604
0.8154
0.8154
0.8339
0.8339
0.8335
0.8339
0.8412
0.8416
0.8412
0.8416
0.8412
0.8412
0.8412
0.8416
0.6604
0.6604
0.6604
0.6604
0.6604
0.6604
0.6604
0.6604
0.6604
0.6604
0.8154
0.8154
0.8335
0.8339
0.8335
0.8339
0.8412
0.8412
0.8416
0.8412
0.8412
0.8412
0.8412
0.8416
0.6604
0.6604
0.6604
0.6604
0.6604
0.6604
0.6604
0.6604
0.6604
0.6604
0.8154
0.8154
0.8339
0.8335
0.8339
0.8339
0.8416
0.8416
0.8412
0.8416
0.8412
0.8252
0.8420
0.8416
0.6604
0.6604
0.6604
0.6604
0.6604
0.6604
0.6604
0.6604
0.6604
0.6604
0.8158
0.8158
0.8343
0.8343
0.8343
0.8343
0.8420
0.8420
0.8420
0.8420
0.8416
0.8420
0.8416
0.8420
0.8343
0.6604
0.6604
0.6604
0.6604
0.6604
0.6604
0.6604
0.6604
0.6604
0.8158
0.8154
0.8343
0.8339
0.8343
0.8339
0.8420
0.8416
0.8420
0.8416
0.8416
0.8420
0.8416
0.8420
0.8342
0.6604
0.6604
0.6604
0.6604
0.6604
0.6604
0.6604
0.6604
0.6604
0.8343
0.8343
0.8343
0.8339
0.8343
0.8339
0.6216
0.4480
0.4480
0.4480
0.4480
0.4480
0.4480
0.4480
0.4480
0.4789
0.6604
0.6604
0.6604
0.6604
0.6604
0.6604
0.6604
0.6604
0.8420
0.8420
0.8420
0.8420
0.8416
0.8420
0.8420
0.8416
0.8420
0.8420
0.6412
0.4480
0.4480
0.4480
0.4534
0.6604
0.6604
0.6604
0.6604
0.6604
0.6604
0.6604
0.6604
0.8158
0.8158
0.8154
0.8343
0.7795
0.4403
0.4403
0.4480
0.4480
0.4480
0.4480
0.4480
0.4480
0.4480
0.4480
0.4404
0.6604
0.6604
0.6604
0.6604
0.6604
0.6604
0.6604
0.6604
0.6604
0.4498
0.4218
0.4403
0.4403
0.4403
0.4403
0.4480
0.4480
0.4480
0.4480
0.4480
0.4480
0.4480
0.4480
0.4446
0.6604
0.6604
0.6604
0.6604
0.6604
0.6604
0.6604
0.6604
0.6604
0.8154
0.8158
0.8339
0.8339
0.8339
0.8339
0.8416
0.8416
0.8416
0.8412
0.8416
0.8416
0.8416
0.8412
0.8339
0.6604
0.6604
0.6604
0.6604
0.6604
0.6604
0.6604
0.6604
0.6604
0.8154
0.8150
0.8339
0.8335
0.8339
0.8335
0.8416
0.8412
0.8412
0.8412
0.8412
0.8412
0.8412
0.8412
0.8335
0.8150
0.8150
0.6604
0.6604
0.6604
0.6604
0.6604
0.6604
0.6163
0.4218
0.6222
0.8335
0.8335
0.8335
0.8335
0.8412
0.8412
0.8412
0.8408
0.8412
0.8412
0.8408
0.8412
0.8335
0.6604
0.6604
0.6604
0.6604
0.6604
0.6604
0.6604
0.6604
0.6604
0.8335
0.8335
0.8335
0.8339
0.8335
0.8335
0.8412
0.8412
0.8412
0.8412
0.8412
0.8412
0.8412
0.8412
0.6604
0.6604
0.6604
0.6604
0.6604
0.6604
0.6604
0.6604
0.6604
0.6604
0.8412
0.8412
0.8416
0.8412
0.8412
0.8416
0.8412
0.8412
0.8412
0.8412
0.8412
0.8412
0.8412
0.8412
0.6604
0.6604
0.6604
0.6604
0.6604
0.6604
0.6604
0.6604
0.6604
0.6604
0.8150
0.8150
0.8335
0.8335
0.8335
0.8331
0.8412
0.8408
0.8412
0.8408
0.8408
0.8412
0.8408
0.8408
0.6604
0.6604
0.6604
0.6604
0.6604
0.6604
0.6604
0.6604
0.6604
0.4297
0.4218
0.4218
0.4403
0.4403
0.4403
0.4403
0.4480
0.4480
0.4480
0.4480
0.4480
0.4480
0.4480
0.4480
0.4406
0.6604
0.6604
0.6604
0.6604
0.6604
0.6604
0.6604
0.6604
0.6604
0.8146
0.8150
0.8335
0.8331
0.8335
0.8331
0.8408
0.8408
0.8408
0.8408
0.8408
0.8408
0.8408
0.8408
0.6604
0.6604
0.6604
0.6604
0.6604
0.6604
0.6604
0.6604
0.6604
0.4374
0.4218
0.4218
0.5079
0.8335
0.8335
0.8331
0.8412
0.8408
0.8412
0.8408
0.6628
0.4480
0.4480
0.4480
0.4423
0.6604
0.6604
0.6604
0.6604
0.6604
0.6604
0.6604
0.6604
0.6604
0.7446
0.8150
0.8335
0.8331
0.7967
0.4403
0.4480
0.4480
0.4480
0.4480
0.4480
0.4480
0.4480
0.4480
0.4403
0.5443
0.6604
0.6604
0.6604
0.6604
0.6604
0.6604
0.6604
0.6604
0.7447
0.7447
0.7447
0.7447
0.7447
0.6235
0.4480
0.4714
0.4683
0.4695
0.4494
0.4743
0.4742
0.4566
0.4065
0.6604
0.6604
0.6604
0.6604
0.6604
0.6604
0.6604
0.6604
0.6604
0.7494
0.7598
0.7472
0.7651
0.7652
0.7685
0.7579
0.7660
0.7680
0.7605
0.7464
0.7686
0.7659
0.7634
0.7378
0.6604
0.6604
0.6604
0.6604
0.6604
0.6604
0.6604
0.6604
0.6604
0.7473
0.7657
0.7144
0.4689
0.4729
0.4729
0.4594
0.4726
0.4706
0.4673
0.4494
0.4706
0.4710
0.4674
0.4461
0.6604
0.6604
0.6604
0.6604
0.6604
0.6604
0.6604
0.6604
0.6604
0.8282
0.7633
0.7585
0.7610
0.7671
0.7617
0.7640
0.7626
0.5066
0.4674
0.4578
0.4690
0.4652
0.4474
0.4376
0.6604
0.6604
0.6604
0.6604
0.6604
0.6604
0.6604
0.6604
0.6604
0.7638
0.7549
0.7615
0.7642
0.7656
0.6865
0.4727
0.4706
0.4705
0.4682
0.4609
0.4709
0.5470
0.7588
0.7356
0.6604
0.6604
0.6604
0.6604
0.6604
0.6604
0.6604
0.6604
0.4026
0.4639
0.4708
0.4684
0.4710
0.4738
0.4645
0.4744
0.4719
0.4691
0.4710
0.4630
0.4689
0.4681
0.4660
0.4585
0.6604
0.6604
0.6604
0.6604
0.6604
0.6604
0.6604
0.6604
0.6604
0.7599
0.7591
0.7659
0.7690
0.7622
0.7637
0.7690
0.7696
0.7586
0.7690
0.5242
0.4715
0.4665
0.4316
0.4331
0.6509
0.6604
0.6604
0.6604
0.6604
0.6604
0.6604
0.6604
0.6604
0.7660
0.7609
0.7679
0.7084
0.4686
0.4692
0.4740
0.4746
0.4634
0.4745
0.4620
0.4689
0.4688
0.4592
0.4210
0.5781
0.6604
0.6604
0.6604
0.6604
0.6604
0.6604
0.6604
0.6604
0.7658
0.7552
0.7685
0.7684
0.7620
0.7629
0.7686
0.7661
0.6298
0.4716
0.4618
0.4650
0.4743
0.4665
0.4238
0.5928
0.6604
0.6604
0.6604
0.6604
0.6604
0.6604
0.6604
0.4657
0.4592
0.4657
0.4726
0.4734
0.4654
0.4709
0.4742
0.5579
0.7635
0.7650
0.7578
0.7606
0.7684
0.7578
0.7238
0.6604
0.6604
0.6604
0.6604
0.6604
0.6604
0.6604
0.6604
0.3959
0.4384
0.4648
0.4725
0.4726
0.4644
0.4690
0.4728
0.6684
0.7654
0.7650
0.7540
0.6799
0.4735
0.4590
0.4077
0.5538
0.6604
0.6604
0.6604
0.6604
0.6604
0.6604
0.6604
0.4454
0.4601
0.4696
0.4698
0.4687
0.4674
0.4727
0.4708
0.4654
0.4736
0.4725
0.4559
0.4677
0.4734
0.4494
0.4138
0.5062
0.6604
0.6604
0.6604
0.6604
0.6604
0.6604
0.6604
0.5283
0.5906
0.7677
0.7602
0.7642
0.7622
0.7673
0.7643
0.7582
0.7680
0.7677
0.7486
0.6022
0.4732
0.4234
0.4451
0.5426
0.6604
0.6604
0.6604
0.6604
0.6604
0.6604
0.6604
0.6565
0.6438
0.6554
0.4686
0.4662
0.4686
0.4715
0.4695
0.4656
0.4734
0.4735
0.4526
0.4707
0.4734
0.4604
0.4243
0.5343
0.6604
0.6604
0.6604
0.6604
0.6604
0.6604
0.6604
0.4797
0.4786
0.5083
0.5089
0.4982
0.5094
0.5091
0.5062
0.5010
0.5092
0.5100
0.4902
0.5060
0.5098
0.4829
0.4558
0.5548
0.6604
0.6604
0.6604
0.6604
0.6604
0.6604
0.6604
0.4577
0.4780
0.4889
0.5022
0.4981
0.5088
0.5098
0.5041
0.5039
0.5098
0.5069
0.4891
0.5075
0.5101
0.5013
0.4657
0.5039
0.6604
0.6604
0.6604
0.6604
0.6604
0.6604
0.6604
0.4654
0.4958
0.5071
0.5047
0.5023
0.5042
0.5076
0.4993
0.5073
0.5047
0.5044
0.4906
0.5075
0.5058
0.4995
0.4638
0.5101
0.6604
0.6604
0.6604
0.6604
0.6604
0.6604
0.6604
0.6174
0.6494
0.6667
0.6640
0.6618
0.6636
0.6670
0.6584
0.6670
0.6644
0.6622
0.6526
0.6670
0.6618
0.6222
0.6273
0.6604
0.6604
0.6604
0.6604
0.6604
0.6604
0.6604
0.6604
0.4852
0.4152
0.4557
0.4654
0.6628
0.6634
0.6626
0.6610
0.6656
0.6661
0.6552
0.6547
0.6656
0.6630
0.5989
0.6265
0.6604
0.6604
0.6604
0.6604
0.6604
0.6604
0.6604
0.6604
0.6518
0.4814
0.6130
0.6584
0.6661
0.6665
0.6610
0.6610
0.6150
0.4713
0.4606
0.4582
0.4707
0.4654
0.4174
0.4202
0.6343
0.6604
0.6604
0.6604
0.6604
0.6604
0.6604
0.6456
0.6401
0.6662
0.6639
0.6583
0.4805
0.4706
0.4626
0.4677
0.4701
0.4679
0.4631
0.4581
0.4706
0.4586
0.4321
0.4230
0.4505
0.5573
0.6604
0.6604
0.6604
0.6604
0.6604
0.6604
0.6121
0.6430
0.6638
0.6584
0.6664
0.6665
0.6200
0.4679
0.4705
0.4672
0.4658
0.4584
0.4704
0.4623
0.4705
0.4593
0.4918
0.6604
0.6604
0.6604
0.6604
0.6604
0.6604
0.6604
0.6604
0.6564
0.6638
0.6590
0.6666
0.6663
0.6587
0.6637
0.6667
0.6617
0.6633
0.6518
0.6642
0.6616
0.6475
0.6082
0.6604
0.6604
0.6604
0.6604
0.6604
0.6604
0.6604
0.6604
0.6524
0.6482
0.6545
0.6606
0.6666
0.6634
0.6617
0.6641
0.6660
0.6587
0.6663
0.6544
0.6608
0.6615
0.6315
0.6370
0.6416
0.6604
0.6604
0.6604
0.6604
0.6604
0.6604
0.6604
0.6173
0.6804
0.6979
0.7060
0.7028
0.7031
0.7004
0.7062
0.7028
0.6985
0.7054
0.6934
0.6980
0.7030
0.5833
0.4093
0.4886
0.6604
0.6604
0.6604
0.6604
0.6604
0.6604
0.6604
0.7149
0.7653
0.7577
0.7652
0.7624
0.7607
0.7628
0.7655
0.7598
0.7602
0.7654
0.7557
0.7550
0.7654
0.7650
0.7626
0.7519
0.6604
0.6604
0.6604
0.6604
0.6604
0.6604
0.6604
0.6604
0.7985
0.7999
0.8050
0.8052
0.7942
0.8053
0.8046
0.7906
0.4633
0.4705
0.4580
0.4625
0.4678
0.4422
0.4272
0.6204
0.6604
0.6604
0.6604
0.6604
0.6604
0.6604
0.6604
0.6604
0.8480
0.8562
0.8591
0.8640
0.8531
0.8637
0.8642
0.8586
0.8589
0.8637
0.8471
0.8587
0.8612
0.8470
0.8062
0.6604
0.6604
0.6604
0.6604
0.6604
0.6604
0.6604
0.6604
0.6604
0.8168
0.8215
0.8244
0.8218
0.5766
0.4703
0.4704
0.4626
0.4681
0.4706
0.4664
0.7081
0.8638
0.8364
0.8119
0.6604
0.6604
0.6604
0.6604
0.6604
0.6604
0.6604
0.6604
0.6604
0.8100
0.7552
0.7584
0.5066
0.4654
0.4678
0.4705
0.6108
0.6263
0.6237
0.6078
0.6237
0.6264
0.6096
0.5618
0.6435
0.6604
0.6604
0.6604
0.6604
0.6604
0.6604
0.6604
0.5928
0.6175
0.6150
0.6263
0.5297
0.4677
0.4678
0.4677
0.4654
0.4703
0.4681
0.4462
0.4704
0.4706
0.4649
0.4095
0.6208
0.6604
0.6604
0.6604
0.6604
0.6604
0.6604
0.6604
0.6604
0.8154
0.7683
0.7417
0.7540
0.7648
0.7657
0.7596