0.8944
0.9120
0.9226
0.9472
0.9507
0.9367
0.9437
0.9543
0.9437
0.9120
0.8768
0.7748
0.7079
0.6341
0.6270
0.6517
0.6868
0.6833
0.6552
0.6235
0.6235
0.6094
0.6411
0.6939
0.7044
0.7150
0.7044
0.7115
0.7220
0.7255
0.7255
0.7255
0.7185
0.7079
0.6868
0.6622
0.6341
0.6165
0.6235
0.6305
0.6833
0.7291
0.7255
0.7291
0.7572
0.7748
0.7748
0.7572
0.7431
0.7678
0.8065
0.8170
0.8417
0.8557
0.8593
0.8628
0.8698
0.8311
0.7924
0.7079
0.6657
0.6129
0.5848
0.6094
0.6868
0.7361
0.7607
0.7889
0.8065
0.8135
0.8276
0.8170
0.8346
0.8487
0.8522
0.8452
0.8487
0.8593
0.8593
0.8768
0.8522
0.8487
0.8100
0.7044
0.6059
0.5566
0.5144
0.5707
0.6376
0.6939
0.7255
0.7396
0.7537
0.7713
0.7783
0.7854
0.7994
0.7994
0.8030
0.7994
0.8170
0.8135
0.8030
0.8135
0.7959
0.7854
0.7572
0.6094
0.5039
0.4546
0.4335
0.4265
0.5496
0.5637
0.5355
0.5003
0.4511
0.4476
0.4440
0.5074
0.4898
0.5285
0.5602
0.6798
0.6974
0.7185
0.7431
0.7607
0.7361
0.6974
0.6692
0.5707
0.5144
0.5813
0.5672
0.6094
0.6692
0.6798
0.7150
0.7326
0.6657
0.6692
0.6833
0.6904
0.7044
0.7255
0.7607
0.7959
0.8135
0.8065
0.8100
0.8241
0.8170
0.8135
0.7783
0.6024
0.5566
0.4898
0.4581
0.4968
0.6165
0.6939
0.7115
0.7396
0.7642
0.7959
0.8135
0.8030
0.8205
0.8346
0.8417
0.8452
0.8417
0.7924
0.7924
0.7854
0.7678
0.7431
0.6974
0.6481
0.6129
0.5813
0.6024
0.5989
0.6517
0.7185
0.7326
0.7079
0.7115
0.7009
0.7115
0.7009
0.6904
0.7044
0.7150
0.7220
0.7572
0.7818
0.7959
0.7994
0.7924
0.7678
0.7115
0.6059
0.5672
0.5215
0.5461
0.5742
0.5707
0.5742
0.6094
0.6059
0.5918
0.6165
0.6376
0.6517
0.6587
0.6692
0.6798
0.6833
0.6868
0.6974
0.7079
0.7255
0.7220
0.7044
0.6798
0.5778
0.5778
0.5391
0.5285
0.5531
0.6094
0.6692
0.6939
0.6904
0.6798
0.6904
0.7220
0.7678
0.7467
0.7713
0.7818
0.8135
0.8276
0.8417
0.8452
0.8557
0.8628
0.8381
0.8100
0.7361
0.6692
0.6200
0.5813
0.5918
0.6763
0.7467
0.7748
0.7924
0.8135
0.8311
0.8487
0.8593
0.8522
0.8593
0.8733
0.8839
0.9050
0.9226
0.9367
0.9437
0.9331
0.9015
0.8522
0.7326
0.6657
0.6129
0.5848
0.5778
0.6552
0.7150
0.7642
0.7748
0.7678
0.7537
0.7713
0.7642
0.7502
0.7537
0.7607
0.7678
0.7642
0.7607
0.7537
0.7537
0.7502
0.7396
0.7255
0.6904
0.6481
0.6446
0.6411
0.6446
0.6939
0.7044
0.6904
0.7079
0.7185
0.7185
0.6798
0.6798
0.7009
0.7044
0.7115
0.7150
0.7185
0.7220
0.7185
0.7150
0.7150
0.6833
0.6552
0.6341
0.6270
0.6094
0.5918
0.6059
0.6657
0.6833
0.6904
0.6833
0.6974
0.7150
0.7291
0.7467
0.7537
0.7537
0.7361
0.7291
0.7291
0.7431
0.7502
0.7467
0.7396
0.7431
0.7361
0.7079
0.6904
0.6622
0.6446
0.6552
0.6728
0.7009
0.7150
0.7185
0.7185
0.7220
0.7220
0.7396
0.7537
0.7537
0.7220
0.7079
0.7009
0.7009
0.6868
0.6904
0.6798
0.6692
0.6657
0.6833
0.6587
0.6376
0.6376
0.6622
0.7079
0.7079
0.7220
0.7079
0.6974
0.6939
0.6833
0.6904
0.7115
0.7220
0.6904
0.6763
0.6833
0.6728
0.6939
0.7115
0.7079
0.6763
0.6411
0.6200
0.6341
0.6235
0.5707
0.6129
0.6587
0.6974
0.7115
0.7291
0.7678
0.7467
0.7502
0.7502
0.7537
0.7607
0.7783
0.7678
0.7572
0.7326
0.7291
0.7431
0.7572
0.7572
0.7431
0.6728
0.6165
0.6129
0.5848
0.5918
0.6904
0.7361
0.7748
0.8135
0.8276
0.8417
0.8593
0.8768
0.8487
0.8593
0.8628
0.8768
0.8733
0.8698
0.8733
0.8593
0.8100
0.7924
0.7642
0.7431
0.7255
0.7150
0.7115
0.7115
0.7185
0.7572
0.7783
0.7818
0.7818
0.7818
0.7748
0.7748
0.7748
0.7713
0.7642
0.7607
0.7607
0.7537
0.7396
0.7079
0.6728
0.6974
0.7431
0.7502
0.7467
0.7431
0.7326
0.7255
0.7291
0.7326
0.7396
0.7431
0.7396
0.7220
0.7291
0.7291
0.7255
0.7185
0.6939
0.7115
0.7079
0.7150
0.7361
0.7431
0.7537
0.7396
0.7079
0.6868
0.6657
0.6446
0.6305
0.6165
0.6059
0.6411
0.6517
0.6587
0.6587
0.6622
0.6692
0.6587
0.6692
0.6692
0.6692
0.6657
0.6692
0.6622
0.6798
0.7044
0.6974
0.6341
0.5707
0.5531
0.5496
0.5320
0.5215
0.5215
0.5672
0.6833
0.7255
0.7044
0.6974
0.7537
0.7889
0.7889
0.8135
0.7994
0.8135
0.8346
0.8417
0.8276
0.8452
0.8698
0.8135
0.7713
0.7361
0.6587
0.6200
0.6059
0.5989
0.5637
0.5848
0.6024
0.6129
0.6376
0.6341
0.6094
0.6059
0.6059
0.6059
0.6024
0.6200
0.6165
0.6270
0.6376
0.6692
0.7009
0.7255
0.6939
0.5989
0.5778
0.5391
0.4898
0.4616
0.5109
0.5954
0.6552
0.6939
0.7396
0.7854
0.7783
0.7467
0.7959
0.8276
0.8205
0.8381
0.8593
0.8698
0.8804
0.8733
0.8874
0.8522
0.8698
0.7748
0.6411
0.5778
0.5566
0.5496
0.5602
0.6235
0.6657
0.7044
0.7115
0.6939
0.6939
0.6974
0.7185
0.7220
0.7079
0.7009
0.7079
0.7185
0.7361
0.7326
0.7326
0.7431
0.7572
0.7185
0.6657
0.6059
0.5496
0.5637
0.5813
0.6587
0.7044
0.7291
0.7607
0.7994
0.8170
0.8241
0.8487
0.8698
0.8874
0.8909
0.9120
0.9191
0.9331
0.9402
0.9226
0.8804
0.8311
0.7572
0.6833
0.6376
0.5778
0.5320
0.5707
0.6165
0.6446
0.6904
0.7115
0.7291
0.7502
0.7255
0.7396
0.7431
0.7502
0.7467
0.7467
0.7431
0.7326
0.7326
0.7537
0.7502
0.7396
0.7467
0.7502
0.7467
0.7326
0.7115
0.6939
0.7185
0.7326
0.7431
0.7255
0.7255
0.7431
0.7431
0.7396
0.7326
0.7467
0.7607
0.7783
0.8100
0.8135
0.8346
0.8557
0.8593
0.8522
0.7994
0.6763
0.6235
0.5954
0.5602
0.5883
0.6235
0.7009
0.7326
0.7678
0.7713
0.7889
0.8135
0.8030
0.8065
0.8276
0.8346
0.8452
0.8487
0.8628
0.8733
0.8487
0.8241
0.8100
0.7889
0.7396
0.6868
0.5883
0.5461
0.5426
0.6024
0.7009
0.7467
0.7678
0.7748
0.7854
0.7889
0.7713
0.7502
0.7502
0.7607
0.7748
0.7818
0.7924
0.7959
0.8135
0.8241
0.8241
0.7994
0.7396
0.6587
0.5566
0.4863
0.4722
0.5637
0.6657
0.7220
0.7115
0.7642
0.7924
0.8241
0.8311
0.8346
0.8522
0.8593
0.8733
0.8804
0.8874
0.8874
0.9050
0.9015
0.8839
0.8065
0.6798
0.5813
0.5250
0.5003
0.4933
0.5391
0.6200
0.6763
0.6974
0.6798
0.6728
0.6552
0.6587
0.6728
0.6763
0.6868
0.6904
0.6833
0.6833
0.6868
0.6868
0.6798
0.6692
0.6622
0.6552
0.6481
0.6129
0.6094
0.5426
0.5285
0.5320
0.5285
0.5215
0.5144
0.5109
0.5074
0.5531
0.6376
0.7079
0.7467
0.7818
0.8030
0.8100
0.8135
0.8205
0.8346
0.8311
0.7150
0.5355
0.4476
0.4159
0.4370
0.5039
0.5285
0.6270
0.6692
0.7079
0.7431
0.7502
0.7818
0.7607
0.7607
0.8135
0.8417
0.8698
0.8874
0.8944
0.9015
0.8839
0.8944
0.8804
0.7572
0.6235
0.5637
0.4968
0.4652
0.4335
0.4863
0.5602
0.5989
0.6411
0.7079
0.7678
0.8065
0.8311
0.8276
0.8381
0.8381
0.8452
0.8522
0.8452
0.8100
0.8381
0.8417
0.8065
0.7115
0.6270
0.5461
0.5285
0.4792
0.4581
0.4968
0.5742
0.6129
0.6376
0.6622
0.6868
0.7009
0.7009
0.6833
0.6657
0.6517
0.6939
0.6939
0.6904
0.6868
0.7255
0.7678
0.7642
0.6939
0.5813
0.5285
0.4898
0.4300
0.4687
0.5285
0.6024
0.6059
0.6200
0.6517
0.6692
0.7009
0.7361
0.7291
0.7467
0.7678
0.7537
0.7678
0.7959
0.8135
0.8241
0.7854
0.7115
0.6446
0.5426
0.4898
0.4828
0.4616
0.4581
0.5039
0.5566
0.6376
0.6657
0.6728
0.6833
0.7044
0.7150
0.7255
0.7396
0.7537
0.7642
0.7924
0.8276
0.8241
0.8346
0.8381
0.8417
0.7748
0.6481
0.5672
0.5531
0.5989
0.5742
0.6129
0.6833
0.7431
0.7818
0.7889
0.8276
0.8557
0.8381
0.8452
0.8452
0.8522
0.8557
0.8698
0.8557
0.8557
0.8768
0.8980
0.8839
0.7713
0.6728
0.6446
0.6235
0.6587
0.6904
0.7044
0.7502
0.7818
0.8065
0.8205
0.8452
0.8381
0.8593
0.8733
0.8768
0.8628
0.8733
0.8874
0.8980
0.9085
0.9191
0.9191
0.9120
0.8804
0.7924
0.6868
0.6341
0.6165
0.6270
0.6763
0.7572
0.8276
0.8346
0.8522
0.8557
0.8874
0.8663
0.8593
0.8487
0.8522
0.8557
0.8557
0.8452
0.8452
0.8346
0.8311
0.8205
0.8135
0.8100
0.8241
0.8241
0.8205
0.8135
0.7959
0.7818
0.7748
0.7783
0.7678
0.7678
0.7678
0.7607
0.7431
0.7326
0.7502
0.7678
0.7678
0.7678
0.7642
0.7678
0.7537
0.7431
0.7185
0.6763
0.6728
0.6094
0.6341
0.6094
0.6481
0.7220
0.7291
0.7431
0.7537
0.7783
0.8030
0.8381
0.8874
0.8804
0.9191
0.9507
0.9719
0.9789
1.0000
0.9578
0.9648
0.9120
0.8100
0.6657
0.5954
0.6024
0.6200
0.5954
0.6305
0.6798
0.7537
0.7994
0.8346
0.8487
0.8839
0.9226
0.9191
0.8698
0.8417
0.8241
0.8135
0.8065
0.8628
0.8980
0.8980
0.8839
0.7009
0.6129
0.5602
0.5355
0.5003
0.5215
0.5778
0.6376
0.6692
0.6868
0.7713
0.8030
0.8100
0.8381
0.8381
0.8628
0.8557
0.8417
0.8381
0.8170
0.8276
0.8311
0.7994
0.7220
0.6446
0.5778
0.5531
0.5531
0.5391
0.5426
0.5707
0.6129
0.6552
0.6517
0.6904
0.7467
0.7537
0.7713
0.7748
0.7924
0.7994
0.8170
0.8100
0.7994
0.8065
0.7994
0.7713
0.7431
0.6200
0.5496
0.5039
0.5109
0.4687
0.4898
0.5426
0.6094
0.6200
0.6341
0.6622
0.7009
0.7079
0.7079
0.7115
0.7185
0.7150
0.7115
0.7220
0.7255
0.7291
0.7185
0.7009
0.6305
0.5989
0.6094
0.5848
0.5883
0.5989
0.6059
0.6341
0.6868
0.7044
0.7079
0.7115
0.7115
0.7291
0.7502
0.7502
0.7537
0.7467
0.7361
0.7396
0.7642
0.7748
0.7748
0.7818
0.7713
0.7326
0.6692
0.5989
0.5285
0.5074
0.5109
0.5637
0.6305
0.7115
0.7431
0.7185
0.7291
0.7678
0.8135
0.8381
0.8557
0.8663
0.8909
0.8733
0.8593
0.8909
0.9015
0.8768
0.8030
0.6904
0.6411
0.5672
0.5074
0.4863
0.4335
0.4863
0.5637
0.6094
0.6587
0.6833
0.7115
0.7854
0.8205
0.8065
0.8346
0.8522
0.8593
0.8628
0.8768
0.8804
0.8804
0.8663
0.8276
0.6939
0.6200
0.5566
0.4511
0.4933
0.5144
0.5707
0.6059
0.6235
0.6270
0.6341
0.6622
0.6657
0.6728
0.6868
0.6974
0.7115
0.7220
0.7115
0.7220
0.7255
0.7220
0.7079
0.6868
0.6657
0.6341
0.6517
0.7044
0.7291
0.7431
0.7537
0.7572
0.7607
0.7678
0.7713
0.7748
0.7818
0.7924
0.8065
0.8065
0.8135
0.8100
0.8100
0.8205
0.8241
0.8346
0.7748
0.7467
0.7396
0.6763
0.6692
0.6833
0.6868
0.6868
0.7255
0.7467
0.7642
0.7783
0.7854
0.7854
0.7994
0.8135
0.8100
0.8100
0.8205
0.8417
0.8628
0.8452
0.8452
0.8628
0.8522
0.8205
0.7537
0.7255
0.6904
0.6868
0.6517
0.6446
0.6517
0.6904
0.7115
0.7009
0.6798
0.6763
0.6798
0.7079
0.7079
0.7255
0.7326
0.7185
0.7079
0.6833
0.6833
0.6868
0.7115
0.7361
0.7326
0.6904
0.6657
0.5848
0.5954
0.6376
0.7115
0.7431
0.7537
0.7748
0.7572
0.7467
0.7467
0.7502
0.7502
0.7537
0.7396
0.7396
0.7326
0.7396
0.7502
0.7502
0.7361
0.7150
0.6763
0.6305
0.5848
0.5672
0.5813
0.5918
0.6270
0.6481
0.6587
0.6587
0.6728
0.6833
0.6904
0.7009
0.7185
0.7361
0.7467
0.7607
0.7748
0.7959
0.7924
0.7959
0.7678
0.6868
0.6446
0.5426
0.4898
0.4370
0.3842
0.3842
0.4265
0.5355
0.5742
0.6165
0.6868
0.6904
0.7255
0.7326
0.7678
0.7748
0.7783
0.7748
0.7572
0.7396
0.7361
0.7255
0.7044
0.6728
0.6341
0.6094
0.5285
0.5039
0.5179
0.5074
0.5039
0.5461
0.5813
0.5918
0.5989
0.6129
0.6270
0.6305
0.6376
0.6481
0.6692
0.6692
0.6692
0.6728
0.6728
0.6622
0.6305
0.5602
0.5215
0.5144
0.4722
0.4265
0.3772
0.3631
0.4053
0.5003
0.5426
0.5602
0.5883
0.6622
0.6481
0.6517
0.6376
0.6481
0.6692
0.6692
0.6692
0.6728
0.6728
0.6622
0.6305
0.5602
0.5215
0.5144
0.4722
0.4265
0.3772
0.3631
0.4053
0.5003
0.5426
0.5602
0.5883
0.6622
0.6481
0.6517
0.77
0.82
0.87
0.89
0.92
0.94
0.94
0.94
0.90
0.73
0.64
0.53
0.42
0.07
0.07
0.43
0.48
0.54
0.59
0.60
0.61
0.65
0.71
0.77
0.7396
0.7044
0.7150
0.7748
0.7537
0.8100
0.8417
0.8346
0.7642
0.6657
0.5637
0.4511
0.3702
0.0605
0.0605
0.0605
0.3948
0.4757
0.5637
0.5566
0.5496
0.5496
0.5707
0.6235
0.6341
0.7220
0.7748
0.7607
0.8065
0.8346
0.8522
0.8452
0.7924
0.6552
0.5531
0.4300
0.3490
0.0605
0.0605
0.0605
0.0605
0.4053
0.4898
0.5355
0.5426
0.5883
0.6763
0.6939
0.7291
0.7818
0.8065
0.8241
0.8311
0.8381
0.8452
0.8452
0.7678
0.6129
0.5109
0.3877
0.0605
0.0605
0.0605
0.0605
0.0605
0.4089
0.5144
0.5672
0.5883
0.6200
0.6622
0.7396
0.7678
0.7783
0.8135
0.8346
0.8557
0.8628
0.8733
0.8522
0.7678
0.6692
0.5531
0.4652
0.4018
0.3666
0.3666
0.3737
0.4018
0.4440
0.4863
0.5215
0.5320
0.5707
0.5778
0.5848
0.5989
0.5918
0.5813
0.5883
0.5778
0.5742
0.5918
0.5672
0.5672
0.5778
0.5672
0.5602
0.5461
0.5355
0.5285
0.5320
0.5285
0.5320
0.5391
0.5355
0.5391
0.5637
0.5742
0.5778
0.5813
0.5848
0.5813
0.5672
0.5707
0.5531
0.5602
0.5566
0.5039
0.4616
0.4652
0.4405
0.4159
0.4370
0.4159
0.4053
0.4265
0.4476
0.4757
0.4828
0.4898
0.4968
0.4968
0.5039
0.5039
0.5074
0.5144
0.5179
0.5215
0.5215
0.5285
0.5215
0.4933
0.4581
0.4229
0.4335
0.4194
0.3913
0.3807
0.3948
0.4089
0.4265
0.4440
0.4581
0.4722
0.4792
0.4828
0.4863
0.5039
0.5144
0.5250
0.5285
0.5320
0.5566
0.5742
0.5742
0.4863
0.3983
0.0605
0.3526
0.3561
0.3842
0.3666
0.3596
0.3772
0.4018
0.4300
0.4616
0.4722
0.4792
0.4898
0.4968
0.5074
0.5074
0.5215
0.5250
0.5320
0.5426
0.5707
0.5989
0.5215
0.4722
0.3983
0.3490
0.0605
0.0605
0.0605
0.0605
0.3561
0.3737
0.4159
0.4757
0.5215
0.5602
0.5637
0.5637
0.6270
0.6622
0.6692
0.6376
0.6657
0.6939
0.7326
0.7220
0.5989
0.5144
0.4687
0.3913
0.0605
0.0605
0.0605
0.0605
0.3596
0.3983
0.4370
0.4546
0.4898
0.4933
0.5144
0.5250
0.5285
0.5320
0.5320
0.5355
0.5391
0.5461
0.5531
0.5355
0.4933
0.4792
0.4335
0.3737
0.3490
0.0605
0.4018
0.4370
0.4194
0.4335
0.4828
0.5074
0.4968
0.5109
0.5215
0.5285
0.5461
0.5707
0.6059
0.6376
0.6235
0.6165
0.5954
0.5848
0.5637
0.4933
0.4194
0.4335
0.4229
0.4863
0.5250
0.5320
0.5355
0.5426
0.5707
0.5883
0.6270
0.6481
0.6305
0.6411
0.6587
0.6552
0.6341
0.6305
0.6376
0.6305
0.5883
0.5496
0.5355
0.5074
0.4757
0.4229
0.3948
0.0605
0.3913
0.4476
0.4687
0.5074
0.5672
0.6059
0.6376
0.6552
0.6692
0.6763
0.6868
0.7009
0.7326
0.7467
0.7607
0.7889
0.7818
0.7818
0.7009
0.6341
0.5742
0.5320
0.4933
0.4616
0.4546
0.4968
0.4898
0.5566
0.6446
0.7079
0.7185
0.7220
0.7326
0.7431
0.7467
0.7607
0.7642
0.7818
0.8030
0.8170
0.8241
0.8205
0.7467
0.6833
0.5989
0.5285
0.5320
0.5074
0.5109
0.5320
0.5461
0.5989
0.6200
0.6341
0.6446
0.6587
0.6657
0.6622
0.6622
0.6692
0.6868
0.7220
0.7572
0.7713
0.7994
0.7572
0.6974
0.6974
0.6939
0.6833
0.6692
0.6552
0.6517
0.6974
0.7502
0.7572
0.7572
0.7572
0.7537
0.7431
0.7255
0.7185
0.7115
0.7079
0.7009
0.6939
0.6939
0.6904
0.6974
0.6904
0.6798
0.6657
0.6587
0.6622
0.6517
0.6517
0.6376
0.6270
0.6376
0.6376
0.6376
0.6270
0.6376
0.6481
0.6587
0.6904
0.7185
0.7502
0.7678
0.7607
0.7713
0.7889
0.7994
0.7572
0.6763
0.5989
0.4792
0.4089
0.0605
0.0605
0.0605
0.0605
0.0605
0.4792
0.5496
0.5989
0.6200
0.6376
0.6587
0.6763
0.6868
0.6904
0.7326
0.7678
0.7818
0.8241
0.8276
0.7748
0.6798
0.5883
0.5179
0.4652
0.4300
0.4194
0.4300
0.4581
0.4828
0.5250
0.5602
0.5778
0.5883
0.5954
0.5954
0.5954
0.6059
0.6270
0.6868
0.6868
0.7115
0.7326
0.7396
0.7220
0.6446
0.5355
0.4229
0.3455
0.0605
0.0605
0.0605
0.0605
0.0605
0.3526
0.4652
0.5215
0.5637
0.6059
0.6129
0.5954
0.6200
0.6517
0.6868
0.7326
0.7924
0.8030
0.8241
0.7537
0.6024
0.4968
0.4089
0.0605
0.0605
0.0605
0.0605
0.0605
0.0605
0.3596
0.4652
0.5074
0.5426
0.5602
0.5989
0.6094
0.6129
0.6341
0.6305
0.6622
0.6763
0.7009
0.7396
0.6904
0.5602
0.4828
0.3842
0.0605
0.0605
0.0605
0.0605
0.3490
0.3666
0.3948
0.4687
0.4933
0.5039
0.5215
0.5285
0.5285
0.5426
0.5531
0.5566
0.5672
0.5637
0.5707
0.5672
0.5566
0.5355
0.5285
0.5039
0.4863
0.4792
0.4863
0.5003
0.5109
0.5109
0.5320
0.5461
0.5566
0.5672
0.5707
0.5778
0.5813
0.5778
0.5813
0.5813
0.5883
0.5848
0.5954
0.5989
0.5918
0.5672
0.5496
0.5285
0.5179
0.5285
0.5250
0.5391
0.5566
0.5742
0.5918
0.6059
0.6165
0.6200
0.6270
0.6341
0.6411
0.6552
0.6798
0.6939
0.7115
0.7220
0.7220
0.7185
0.7079
0.6868
0.6692
0.6622
0.6587
0.6622
0.6481
0.6270
0.6270
0.6341
0.6411
0.6622
0.6763
0.6728
0.6692
0.6692
0.6728
0.6763
0.6833
0.6904
0.6868
0.6798
0.6833
0.6939
0.6763
0.6376
0.6094
0.5637
0.5778
0.5672
0.5672
0.5602
0.5566
0.5531
0.5637
0.5813
0.5918
0.5954
0.5989
0.6094
0.6165
0.6235
0.6270
0.6376
0.6411
0.6446
0.6411
0.6657
0.6481
0.5918
0.5426
0.5179
0.5320
0.5391
0.5531
0.5778
0.6059
0.6235
0.6376
0.6587
0.6763
0.6939
0.7150
0.7291
0.7431
0.7537
0.7431
0.7361
0.7255
0.7185
0.7115
0.7044
0.6798
0.6481
0.5883
0.5074
0.4687
0.4687
0.4511
0.4159
0.4511
0.4440
0.4687
0.4968
0.5109
0.5250
0.5391
0.5461
0.5531
0.5531
0.5566
0.5566
0.5531
0.5566
0.5813
0.5989
0.5742
0.5391
0.5003
0.5074
0.5109
0.5074
0.5003
0.5250
0.5320
0.5391
0.5566
0.5672
0.5672
0.5707
0.5707
0.5778
0.5918
0.5918
0.6094
0.6235
0.6165
0.6305
0.6517
0.6481
0.5778
0.4933
0.3877
0.0605
0.0605
0.0605
0.4546
0.5003
0.5355
0.5496
0.5320
0.5320
0.5391
0.5637
0.5778
0.5813
0.6059
0.6341
0.6305
0.6341
0.6411
0.6587
0.6517
0.6481
0.6129
0.5778
0.5707
0.5250
0.4616
0.4476
0.4476
0.4405
0.4616
0.4828
0.5074
0.5426
0.5707
0.5848
0.5813
0.5707
0.5742
0.5954
0.6165
0.6305
0.6481
0.6411
0.5672
0.5426
0.5285
0.4792
0.3877
0.0605
0.3561
0.3772
0.3596
0.0605
0.0605
0.0605
0.3737
0.4124
0.4370
0.4511
0.4616
0.4687
0.4616
0.4722
0.4933
0.5109
0.5179
0.5285
0.5426
0.5320
0.5144
0.4933
0.4405
0.0605
0.0605
0.0605
0.0605
0.0605
0.0605
0.0605
0.3490
0.3807
0.4370
0.4687
0.4757
0.4933
0.5426
0.5637
0.5707
0.6200
0.6692
0.7044
0.6939
0.6868
0.6270
0.5320
0.4511
0.3807
0.0605
0.0605
0.0605
0.3666
0.3913
0.4194
0.4405
0.4652
0.5109
0.5144
0.5179
0.5179
0.5144
0.5109
0.5320
0.5320
0.5355
0.5391
0.5426
0.5355
0.5285
0.5109
0.4687
0.4159
0.3807
0.4018
0.3948
0.4300
0.4370
0.4440
0.4581
0.4722
0.4933
0.5003
0.5039
0.5109
0.5250
0.5461
0.5496
0.5566
0.5602
0.5531
0.5566
0.5496
0.5320
0.4968
0.4722
0.3877
0.0605
0.0605
0.0605
0.0605
0.0605
0.0605
0.3596
0.3807
0.4018
0.4124
0.4265
0.4335
0.4476
0.4546
0.4581
0.4616
0.4616
0.4687
0.4863
0.4898
0.4863
0.4722
0.4616
0.4687
0.4652
0.4546
0.4405
0.4053
0.3877
0.4053
0.4229
0.4476
0.4687
0.4757
0.4616
0.4792
0.4933
0.5003
0.5179
0.5355
0.5391
0.5496
0.5461
0.5461
0.5355
0.5144
0.4863
0.5039
0.5003
0.5144
0.5742
0.6165
0.6481
0.6552
0.6446
0.6517
0.6517
0.6446
0.6446
0.6446
0.6411
0.6376
0.6270
0.6270
0.6305
0.6376
0.6270
0.6200
0.5883
0.5144
0.4300
0.4089
0.3526
0.3807
0.3737
0.3737
0.3772
0.4335
0.4863
0.5039
0.5215
0.5285
0.5250
0.5250
0.5285
0.5496
0.5954
0.6129
0.6411
0.6446
0.6904
0.6939
0.6094
0.4898
0.3983
0.0605
0.0605
0.0605
0.0605
0.0605
0.0605
0.0605
0.0605
0.0605
0.3913
0.4335
0.4828
0.5074
0.5179
0.5109
0.5320
0.5391
0.5426
0.5531
0.5531
0.5355
0.5074
0.4828
0.4053
0.0605
0.0605
0.0605
0.0605
0.0605
0.0605
0.0605
0.0605
0.3526
0.3737
0.4018
0.4300
0.4440
0.4476
0.4546
0.4546
0.4546
0.4546
0.4546
0.4546
0.4546
0.4476
0.4405
0.4229
0.4089
0.0605
0.0605
0.0605
0.0605
0.0605
0.0605
0.0605
0.0605
0.3983
0.4089
0.4440
0.4546
0.4757
0.4511
0.4265
0.4616
0.4933
0.5426
0.5883
0.6024
0.4652
0.3490
0.0605
0.0605
0.0605
0.0605
0.0605
0.0605
0.0605
0.0605
0.0605
0.0605
0.3983
0.4018
0.4229
0.4687
0.4898
0.5461
0.5778
0.5848
0.5778
0.6200
0.6376
0.5918
0.4476
0.3561
0.0605
0.0605
0.0605
0.0605
0.0605
0.0605
0.0605
0.0605
0.0605
0.0605
0.0605
0.0605
0.3526
0.3842
0.3877
0.4581
0.4546
0.5003
0.5074
0.5426
0.5707
0.5391
0.4053
0.0605
0.0605
0.0605
0.0605
0.0605
0.0605
0.0605
0.0605
0.0605
0.0605
0.0605
0.0605
0.0605
0.0605
0.0605
0.0605
0.0605
0.0605
0.0605
0.0605
0.0605
0.3490
0.3561
0.0605
0.0605
0.0605
0.0605
0.0605
0.0605
0.0605
0.0605
0.0605
0.0605
0.0605
0.0605
0.0605
0.0605
0.0605
0.0605
0.3666
0.3983
0.3983
0.4405
0.4511
0.4440
0.4722
0.4511
0.3561
0.0605
0.0605
0.0605
0.0605
0.0605
0.0605
0.0605
0.0605
0.0605
0.0605
0.0605
0.0605
0.0605
0.0605
0.0605
0.0605
0.3455
0.3807
0.4124
0.4616
0.4863
0.4933
0.4687
0.3561
0.0605
0.0605
0.0605
0.0605
0.0605
0.0605
0.0605
0.0605
0.0605
0.0605
0.0605
0.0605
0.0605
0.0605
0.0605
0.0605
0.0605
0.0605
0.3842
0.3772
0.3913
0.4335
0.4124
0.0605
0.0605
0.0605
0.0605
0.0605
0.0605
0.0605
0.0605
0.0605
0.0605
0.0605
0.0605
0.0605
0.0605
0.0605
0.0605
0.0605
0.0605
0.0605
0.3455
0.3702
0.3772
0.3596
0.3842
0.3948
0.3807
0.3631
0.3737
0.3842
0.3737
0.3807
0.3877
0.3842
0.4018
0.3983
0.4229
0.4335
0.4370
0.4335
0.4300
0.4440
0.4476
0.4440
0.4511
0.4440
0.4405
0.4440
0.4440
0.4335
0.4124
0.4265
0.4159
0.4194
0.4229
0.4194
0.3807
0.0605
0.0605
0.0605
0.3631
0.3490
0.3596
0.3948
0.4159
0.4335
0.4229
0.4300
0.4440
0.4476
0.4581
0.4440
0.4194
0.4124
0.4053
0.3842
0.0605
0.3526
0.0605
0.3807
0.3666
0.3561
0.0605
0.0605
0.3596
0.3807
0.4018
0.4089
0.4124
0.4124
0.4229
0.4300
0.4335
0.4511
0.4546
0.4581
0.4440
0.4194
0.3737
0.0605
0.0605
0.0605
0.0605
0.0605
0.0605
0.0605
0.0605
0.0605
0.0605
0.3842
0.4089
0.4265
0.4194
0.4194
0.4687
0.5074
0.5320
0.5391
0.5602
0.5602
0.5285
0.4440
0.0605
0.0605
0.0605
0.0605
0.0605
0.0605
0.0605
0.0605
0.0605
0.0605
0.0605
0.0605
0.0605
0.3807
0.3772
0.3842
0.4194
0.4792
0.5074
0.5461
0.5637
0.5778
0.5215
0.3666
0.0605
0.0605
0.0605
0.0605
0.0605
0.0605
0.0605
0.0605
0.0605
0.0605
0.0605
0.0605
0.0605
0.0605
0.3526
0.3666
0.4018
0.3983
0.3490
0.0605
0.3631
0.3561
0.3490
0.0605
0.0605
0.0605
0.0605
0.0605
0.0605
0.0605
0.0605
0.0605
0.0605
0.0605
0.0605
0.0605
0.0605
0.0605
0.0605
0.0605
0.0605
0.3596
0.3702
0.3737
0.3702
0.3737
0.3737
0.3666
0.3561
0.3526
0.3561
0.3526
0.0605
0.0605
0.0605
0.0605
0.3490
0.3631
0.3737
0.3772
0.3877
0.4018
0.4018
0.4053
0.4089
0.4089
0.4124
0.4124
0.4194
0.4300
0.4089
0.3737
0.3490
0.0605
0.0605
0.0605
0.0605
0.0605
0.0605
0.0605
0.0605
0.0605
0.0605
0.0605
0.0605
0.0605
0.0605
0.0605
0.0605
0.0605
0.0605
0.0605
0.0605
0.0605
0.0605
0.0605
0.0605
0.0605
0.0605
0.0605
0.0605
0.0605
0.0605
0.0605
0.0605
0.0605
0.0605
0.0605
0.0605
0.0605
0.0605
0.0605
0.0605
0.3561
0.0605
0.0605
0.0605
0.0605
0.0605
0.0605
0.0605
0.0605
0.0605
0.0605
0.0605
0.0605
0.0605
0.0605
0.0605
0.0605
0.0605
0.0605
0.0605
0.0605
0.0605
0.0605
0.0605
0.0605
0.0605
0.0605
0.0605
0.0605
0.0605
0.0605
0.0605
0.0605
0.0605
0.0605
0.0605
0.0605
0.0605
0.0605
0.0605
0.0605
0.0605
0.0605
0.0605
0.0605
0.0605
0.0605
0.0605
0.0605
0.0605
0.0605
0.0605
0.0605
0.0605
0.0605
0.0605
0.0605
0.0605
0.0605
0.0605
0.0605
0.0605
0.0605
0.0605
0.0605
0.0605
0.0605
0.0605
0.0605
0.0605
0.0605
0.0605
0.0605
0.3842
0.4229
0.4124
0.4265
0.3913
0.0605
0.0605
0.0605
0.0605
0.0605
0.0605
0.0605
0.0605
0.0605
0.0605
0.0605
0.3737
0.3666
0.3737
0.3631
0.3913
0.4018
0.3948
0.4229
0.4335
0.4616
0.4828
0.4933
0.4546
0.3772
0.0605
0.0605
0.0605
0.0605
0.0605
0.0605
0.0605
0.0605
0.0605
0.0605
0.0605
0.0605
0.0605
0.0605
0.3455
0.3631
0.3596
0.3807
0.4511
0.4546
0.3526
0.0605
0.0605
0.0605
0.0605
0.0605
0.0605
0.0605
0.0605
0.0605
0.0605
0.0605
0.0605
0.0605
0.0605
0.0605
0.0605
0.0605
0.0605
0.0605
0.0605
0.3455
0.3490
0.3490
0.3490
0.3490
0.0605
0.0605
0.0605
0.0605
0.0605
0.0605
0.0605
0.0605
0.0605
0.0605
0.0605
0.0605
0.0605
0.0605
0.0605
0.0605
0.0605
0.0605
0.0605
0.3702
0.3807
0.4124
0.4370
0.4370
0.3772
0.3526
0.0605
0.0605
0.0605
0.0605
0.0605
0.0605
0.0605
0.0605
0.0605
0.0605
0.0605
0.0605
0.0605
0.0605
0.0605
0.0605
0.0605
0.0605
0.0605
0.3526
0.3772
0.3877
0.0605
0.0605
0.0605
0.0605
0.0605
0.0605
0.0605
0.0605
0.0605
0.0605
0.0605
0.0605
0.0605
0.0605
0.0605
0.0605
0.0605
0.0605
0.0605
0.3561
0.3631
0.3877
0.4194
0.4265
0.3807
0.0605
0.0605
0.0605
0.0605
0.0605
0.0605
0.0605
0.0605
0.0605
0.0605
0.0605
0.0605
0.0605
0.0605
0.0605
0.0605
0.0605
0.0605
0.0605
0.0605
0.0605
0.0605
0.0605
0.0605
0.0605
0.0605
0.0605
0.0605
0.0605
0.0605
0.0605
0.0605
0.0605
0.0605
0.0605
0.0605
0.0605
0.0605
0.0605
0.0605
0.0605
0.0605
0.0605
0.0605
0.0605
0.3490
0.3490
0.0605
0.0605
0.0605
0.0605
0.0605
0.0605
0.0605
0.0605
0.0605
0.0605
0.0605
0.0605
0.0605
0.0605
0.0605
0.0605
0.0605
0.3526
0.3772
0.4053
0.4405
0.4476
0.4757
0.5109
0.4616
0.3455
0.0605
0.0605
0.0605
0.0605
0.0605
0.0605
0.0605
0.0605
0.0605
0.0605
0.0605
0.0605
0.3948
0.4405
0.4652
0.4828
0.4792
0.4757
0.4968
0.5602
0.5707
0.5954
0.5426
0.4124
0.0605
0.0605
0.0605
0.0605
0.0605
0.0605
0.0605
0.0605
0.0605
0.0605
0.0605
0.0605
0.0605
0.0605
0.3631
0.3913
0.4335
0.4792
0.5003
0.4968
0.5285
0.5144
0.4476
0.3455
0.0605
0.0605
0.0605
0.0605
0.0605
0.0605
0.0605
0.0605
0.0605
0.0605
0.0605
0.0605
0.0605
0.0605
0.0605
0.0605
0.3631
0.3631
0.3702
0.3877
0.4053
0.3842
0.0605
0.0605
0.0605
0.0605
0.0605
0.0605
0.0605
0.0605
0.0605
0.0605
0.0605
0.0605
0.0605
0.0605
0.0605
0.0605
0.0605
0.0605
0.0605
0.3526
0.3596
0.3455
0.3596
0.3737
0.3842
0.3913
0.3877
0.3807
0.3877
0.3877
0.3948
0.4089
0.4053
0.4089
0.3913
0.3842
0.3842
0.3877
0.3737
0.3772
0.3666
0.3596
0.3596
0.3561
0.3526
0.3772
0.3737
0.3737
0.3737
0.3913
0.3983
0.3948
0.3737
0.3455
0.0605
0.0605
0.0605
0.0605
0.0605
0.0605
0.0605
0.3455
0.3666
0.4124
0.4511
0.4652
0.4722
0.4898
0.5250
0.5496
0.5355
0.5531
0.5039
0.3913
0.0605
0.0605
0.0605
0.0605
0.0605
0.0605
0.0605
0.0605
0.0605
0.0605
0.0605
0.3526
0.3561
0.3455
0.0605
0.0605
0.3455
0.3631
0.3702
0.3772
0.3702
0.3772
0.3877
0.3913
0.3983
0.4018
0.3702
0.0605
0.0605
0.0605
0.0605
0.0605
0.0605
0.0605
0.0605
0.0605
0.3631
0.3807
0.4053
0.4089
0.4229
0.4335
0.4652
0.4757
0.4722
0.4687
0.4370
0.3807
0.0605
0.0605
0.0605
0.0605
0.0605
0.0605
0.0605
0.0605
0.0605
0.0605
0.3596
0.4053
0.4194
0.4229
0.4511
0.4792
0.4828
0.4933
0.5074
0.5215
0.5355
0.5355
0.4863
0.4159
0.0605
0.0605
0.0605
0.0605
0.0605
0.0605
0.0605
0.0605
0.0605
0.0605
0.3842
0.4124
0.4089
0.4194
0.4229
0.4265
0.4440
0.4652
0.4898
0.5109
0.5355
0.5496
0.5003
0.4053
0.0605
0.0605
0.0605
0.0605
0.0605
0.0605
0.0605
0.0605
0.0605
0.0605
0.0605
0.0605
0.0605
0.0605
0.0605
0.3455
0.3666
0.3526
0.3490
0.3772
0.3842
0.3877
0.3455
0.0605
0.0605
0.0605
0.0605
0.0605
0.0605
0.0605
0.0605
0.0605
0.0605
0.3596
0.3631
0.4089
0.4370
0.4300
0.4335
0.4405
0.4194
0.4229
0.4511
0.4722
0.4687
0.4863
0.5039
0.4863
0.4863
0.4722
0.4511
0.4511
0.4476
0.4616
0.4792
0.4757
0.4440
0.4300
0.4581
0.4828
0.5039
0.4968
0.4968
0.5109
0.5144
0.5215
0.5355
0.5355
0.5285
0.5179
0.5074
0.4722
0.4300
0.3772
0.3455
0.0605
0.0605
0.0605
0.3526
0.4370
0.4440
0.4405
0.4476
0.4687
0.4898
0.4863
0.5215
0.5461
0.5637
0.5672
0.5848
0.6059
0.6059
0.6165
0.5742
0.4581
0.0605
0.0605
0.0605
0.0605
0.0605
0.0605
0.0605
0.0605
0.0605
0.0605
0.0605
0.0605
0.3842
0.4370
0.4476
0.4370
0.4581
0.4722
0.4863
0.5531
0.5954
0.6059
0.5391
0.0605
0.0605
0.0605
0.0605
0.0605
0.0605
0.0605
0.0605
0.0605
0.0605
0.0605
0.0605
0.0605
0.0605
0.0605
0.0605
0.3490
0.3666
0.3983
0.4405
0.4511
0.4828
0.4616
0.4124
0.3455
0.0605
0.0605
0.0605
0.0605
0.0605
0.0605
0.0605
0.0605
0.0605
0.0605
0.0605
0.0605
0.0605
0.0605
0.0605
0.3490
0.3596
0.3596
0.3772
0.3948
0.4124
0.4229
0.4229
0.4053
0.3772
0.0605
0.0605
0.0605
0.3948
0.4018
0.0605
0.3772
0.4053
0.3842
0.4053
0.4300
0.4581
0.4476
0.4511
0.4616
0.4828
0.5003
0.5179
0.5426
0.5637
0.5602
0.5039
0.4476
0.3842
0.0605
0.0605
0.0605
0.0605
0.0605
0.3807
0.3666
0.3455
0.3490
0.3666
0.3842
0.4265
0.4440
0.4546
0.4511
0.4440
0.4511
0.4546
0.4581
0.4581
0.4546
0.4194
0.3596
0.0605
0.0605
0.0605
0.0605
0.0605
0.0605
0.0605
0.0605
0.0605
0.0605
0.0605
0.0605
0.0605
0.3455
0.0605
0.4018
0.4405
0.4229
0.4370
0.4546
0.4898
0.4933
0.4476
0.3455
0.0605
0.0605
0.0605
0.0605
0.0605
0.0605
0.0605
0.0605
0.0605
0.0605
0.0605
0.0605
0.0605
0.0605
0.0605
0.0605
0.3596
0.3666
0.4089
0.4124
0.4089
0.4124
0.3737
0.0605
0.0605
0.0605
0.0605
0.0605
0.0605
0.0605
0.0605
0.0605
0.0605
0.0605
0.0605
0.0605
0.0605
0.0605
0.0605
0.0605
0.0605
0.0605
0.3561
0.3948
0.3983
0.3666
0.0605
0.0605
0.0605
0.0605
0.0605
0.0605
0.0605
0.0605
0.0605
0.0605
0.0605
0.0605
0.0605
0.0605
0.0605
0.0605
0.0605
0.0605
0.0605
0.0605
0.0605
0.0605
0.0605
0.0605
0.0605
0.0605
0.0605
0.0605
0.0605
0.0605
0.0605
0.0605
0.0605
0.0605
0.0605
0.0605
0.0605
0.0605
0.0605
0.0605
0.0605
0.0605
0.0605
0.0605
0.0605
0.0605
0.0605
0.0605
0.0605
0.0605
0.0605
0.0605
0.0605
0.0605
0.0605
0.0605
0.0605
0.0605
0.0605
0.0605
0.0605
0.0605
0.0605
0.0605
0.0605
0.0605
0.0605
0.0605
0.0605
0.0605
0.0605
0.0605
0.0605
0.0605
0.0605
0.0605
0.0605
0.0605
0.0605
0.0605
0.0605
0.0605
0.0605
0.0605
0.0605
0.0605
0.0605
0.0605
0.0605
0.0605
0.3561
0.3772
0.4018
0.3948
0.3983
0.3983
0.0605
0.0605
0.0605
0.0605
0.0605
0.0605
0.0605
0.0605
0.0605
0.0605
0.0605
0.0605
0.0605
0.0605
0.0605
0.0605
0.0605
0.0605
0.0605
0.0605
0.0605
0.3702
0.3561
0.3631
0.0605
0.0605
0.0605
0.0605
0.0605
0.0605
0.0605
0.0605
0.0605
0.0605
0.0605
0.0605
0.0605
0.0605
0.0605
0.0605
0.0605
0.0605
0.0605
0.0605
0.0605
0.3455
0.0605
0.0605
0.0605
0.0605
0.0605
0.0605
0.0605
0.0605
0.0605
0.0605
0.0605
0.0605
0.0605
0.0605
0.0605
0.0605
0.0605
0.0605
0.0605
0.0605
0.0605
0.0605
0.3631
0.3772
0.3737
0.3737
0.0605
0.0605
0.0605
0.0605
0.0605
0.0605
0.0605
0.0605
0.0605
0.0605
0.0605
0.0605
0.0605
0.0605
0.0605
0.0605
0.0605
0.0605
0.0605
0.0605
0.0605
0.0605
0.0605
0.0605
0.0605
0.0605
0.0605
0.0605
0.0605
0.0605
0.0605
0.0605
0.0605
0.0605
0.0605
0.0605
0.0605
0.0605
0.0605
0.0605
0.0605
0.0605
0.0605
0.0605
0.3666
0.3948
0.3948
0.4053
0.3526
0.0605
0.0605
0.0605
0.0605
0.0605
0.0605
0.0605
0.0605
0.0605
0.0605
0.0605
0.0605
0.0605
0.0605
0.0605
0.0605
0.0605
0.0605
0.0605
0.0605
0.0605
0.0605
0.0605
0.0605
0.0605
0.0605
0.0605
0.0605
0.0605
0.0605
0.0605
0.0605
0.0605
0.0605
0.0605
0.0605
0.0605
0.0605
0.0605
0.0605
0.0605
0.0605
0.0605
0.0605
0.0605
0.0605
0.0605
0.0605
0.0605
0.0605
0.0605
0.0605
0.0605
0.0605
0.0605
0.0605
0.0605
0.0605
0.0605
0.0605
0.0605
0.0605
0.0605
0.0605
0.0605
0.0605
0.0605
0.0605
0.0605
0.0605
0.0605
0.0605
0.0605
0.0605
0.0605
0.0605
0.0605
0.0605
0.0605
0.0605
0.0605
0.0605
0.0605
0.0605
0.0605
0.0605
0.0605
0.0605
0.0605
0.0605
0.0605
0.0605
0.0605
0.0605
0.0605
0.0605
0.0605
0.0605
0.0605
0.0605
0.0605
0.0605
0.0605
0.0605
0.0605
0.0605
0.0605
0.0605
0.0605
0.0605
0.0605
0.0605
0.0605
0.0605
0.0605
0.0605
0.0605
0.0605
0.0605
0.0605
0.0605
0.0605
0.0605
0.0605
0.0605
0.0605
0.0605
0.0605
0.0605
0.0605
0.0605
0.0605
0.0605
0.0605
0.0605
0.0605
0.0605
0.0605
0.0605
0.0605
0.0605
0.0605
0.0605
0.0605
0.0605
0.0605
0.0605
0.0605
0.0605
0.0605
0.0605
0.0605
0.0605
0.0605
0.0605
0.0605
0.0605
0.0605
0.0605
0.0605
0.0605
0.0605
0.0605
0.0605
0.0605
0.0605
0.0605
0.0605
0.0605
0.0605
0.0605
0.0605
0.0605
0.0605
0.0605
0.0605
0.0605
0.0605
0.0605
0.0605
0.0605
0.0605
0.0605
0.0605
0.0605
0.0605
0.0605
0.0605
0.0605
0.0605
0.0605
0.0605
0.0605
0.0605
0.0605
0.0605
0.0605
0.0605
0.0605
0.0605
0.0605
0.0605
0.0605
0.0605
0.0605
0.0605
0.0605
0.0605
0.0605
0.0605
0.0605
0.0605
0.0605
0.0605
0.0605
0.0605
0.0605
0.0605
0.0605
0.0605
0.0605
0.0605
0.0605
0.0605
0.0605
0.0605
0.0605
0.0605
0.0605
0.0605
0.0605
0.0605
0.0605
0.0605
0.0605
0.0605
0.0605
0.0605
0.0605
0.0605
0.0605
0.0605
0.0605
0.0605
0.0605
0.0605
0.0605
0.0605
0.0605
0.0605
0.0605
0.0605
0.0605
0.0605
0.0605
0.0605
0.0605
0.0605
0.0605
0.0605
0.0605
0.0605
0.0605
0.0605
0.0605
0.0605
0.0605
0.0605
0.0605
0.0605
0.0605
0.0605
0.0605
0.0605
0.0605
0.0605
0.0605
0.0605
0.0605
0.0605
0.0605
0.0605
0.0605
0.0605
0.0605
0.0605
0.0605
0.0605
0.0605
0.0605
0.0605
0.0605
0.0605
0.0605
0.0605
0.0605
0.0605
0.0605
0.0605
0.0605
0.0605
0.0605
0.0605
0.0605
0.3526
0.3948
0.4089
0.4124
0.4124
0.4581
0.4300
0.3666
0.0605
0.0605
0.0605
0.0605
0.0605
0.0605
0.0605
0.0605
0.0605
0.0605
0.0605
0.0605
0.0605
0.0605
0.0605
0.0605
0.0605
0.0605
0.3490
0.3666
0.3772
0.3842
0.3807
0.0605
0.0605
0.0605
0.0605
0.0605
0.0605
0.0605
0.0605
0.0605
0.0605
0.0605
0.0605
0.0605
0.0605
0.0605
0.0605
0.0605
0.0605
0.0605
0.0605
0.0605
0.0605
0.3490
0.0605
0.0605
0.0605
0.0605
0.0605
0.0605
0.0605
0.0605
0.0605
0.0605
0.0605
0.3490
0.3737
0.3561
0.3526
0.3596
0.3631
0.3737
0.3772
0.3913
0.3948
0.4053
0.4124
0.4053
0.3913
0.3772
0.3455
0.0605
0.0605
0.0605
0.0605
0.0605
0.0605
0.0605
0.0605
0.0605
0.0605
0.0605
0.0605
0.0605
0.0605
0.3526
0.3772
0.4265
0.4159
0.4089
0.4300
0.4511
0.4405
0.3666
0.0605
0.0605
0.0605
0.0605
0.0605
0.0605
0.0605
0.0605
0.0605
0.0605
0.0605
0.0605
0.0605
0.0605
0.0605
0.0605
0.0605
0.3455
0.3702
0.3526
0.3983
0.3561
0.3877
0.0605
0.0605
0.0605
0.0605
0.0605
0.0605
0.0605
0.0605
0.0605
0.0605
0.0605
0.0605
0.0605
0.0605
0.0605
0.0605
0.0605
0.0605
0.0605
0.0605
0.0605
0.3807
0.3490
0.0605
0.0605
0.0605
0.0605
0.0605
0.0605
0.0605
0.0605
0.0605
0.0605
0.0605
0.0605
0.0605
0.0605
0.0605
0.0605
0.0605
0.0605
0.0605
0.0605
0.0605
0.0605
0.0605
0.0605
0.0605
0.0605
0.0605
0.0605
0.0605
0.0605
0.0605
0.0605
0.0605
0.0605
0.0605
0.0605
0.0605
0.0605
0.0605
0.0605
0.0605
0.0605
0.0605
0.0605
0.0605
0.0605
0.0605
0.0605
0.0605
0.0605
0.0605
0.0605
0.0605
0.0605
0.0605
0.0605
0.0605
0.0605
0.0605
0.0605
0.0605
0.0605
0.0605
0.0605
0.0605
0.0605
0.0605
0.0605
0.0605
0.0605
0.0605
0.0605
0.0605
0.0605
0.0605
0.0605
0.0605
0.0605
0.0605
0.0605
0.0605
0.0605
0.0605
0.0605
0.0605
0.0605
0.0605
0.0605
0.0605
0.0605
0.0605
0.0605
0.0605
0.0605
0.0605
0.0605
0.0605
0.0605
0.0605
0.0605
0.0605
0.0605
0.0605
0.0605
0.0605
0.0605
0.0605
0.0605
0.0605
0.0605
0.0605
0.0605
0.0605
0.0605
0.0605
0.0605
0.0605
0.0605
0.0605
0.0605
0.0605
0.0605
0.0605
0.0605
0.0605
0.0605
0.0605
0.0605
0.0605
0.0605
0.0605
0.0605
0.0605
0.0605
0.0605
0.0605
0.0605
0.0605
0.0605
0.0605
0.0605
0.0605
0.0605
0.0605
0.0605
0.0605
0.0605
0.0605
0.0605
0.0605
0.0605
0.0605
0.0605
0.0605
0.0605
0.0605
0.0605
0.0605
0.0605
0.0605
0.0605
0.0605
0.0605
0.0605
0.0605
0.0605
0.0605
0.0605
0.0605
0.0605
0.0605
0.0605
0.0605
0.0605
0.0605
0.0605
0.0605
0.0605
0.0605
0.0605
0.0605
0.0605
0.0605
0.0605
0.0605
0.0605
0.0605
0.0605
0.0605
0.0605
0.0605
0.0605
0.0605
0.0605
0.0605
0.0605
0.0605
0.0605
0.0605
0.0605
0.0605
0.0605
0.0605
0.0605
0.0605
0.0605
0.0605
0.0605
0.0605
0.0605
0.0605
0.0605
0.0605
0.0605
0.0605
0.0605
0.0605
0.0605
0.0605
0.0605
0.0605
0.0605
0.0605
0.0605
0.0605
0.0605
0.0605
0.0605
0.0605
0.0605
0.0605
0.0605
0.0605
0.0605
0.0605
0.0605
0.0605
0.0605
0.0605
0.0605
0.0605
0.0605
0.0605
0.0605
0.0605
0.0605
0.0605
0.0605
0.0605
0.0605
0.0605
0.0605
0.0605
0.0605
0.0605
0.0605
0.0605
0.0605
0.0605
0.0605
0.0605
0.0605
0.0605
0.0605
0.0605
0.0605
0.0605
0.0605
0.0605
0.0605
0.0605
0.0605
0.0605
0.0605
0.0605
0.0605
0.0605
0.0605
0.0605
0.0605
0.0605
0.0605
0.0605
0.0605
0.0605
0.0605
0.0605
0.0605
0.0605
0.0605
0.0605
0.0605
0.0605
0.0605
0.0605
0.0605
0.0605
0.0605
0.0605
0.0605
0.0605
0.0605
0.0605
0.0605
0.0605
0.0605
0.0605
0.0605
0.0605
0.0605
0.0605
0.0605
0.0605
0.0605
0.0605
0.0605
0.0605
0.0605
0.0605
0.0605
0.0605
0.0605
0.0605
0.0605
0.0605
0.0605
0.0605
0.0605
0.0605
0.0605
0.0605
0.0605
0.0605
0.0605
0.0605
0.0605
0.0605
0.0605
0.0605
0.0605
0.0605
0.0605
0.0605
0.0605
0.0605
0.0605
0.0605
0.0605
0.0605
0.0605
0.0605
0.0605
0.0605
0.0605
0.0605
0.0605
0.0605
0.0605
0.0605
0.0605
0.0605
0.0605
0.0605
0.0605
0.0605
0.0605
0.0605
0.0605
0.0605
0.0605
0.0605
0.0605
0.0605
0.0605
0.0605
0.0605
0.0605
0.0605
0.0605
0.0605
0.0605
0.0605
0.0605
0.0605
0.0605
0.0605
0.0605
0.0605
0.0605
0.0605
0.0605
0.0605
0.0605
0.0605
0.0605
0.0605
0.0605
0.0605
0.0605
0.0605
0.0605
0.0605
0.0605
0.0605
0.0605
0.0605
0.0605
0.0605
0.0605
0.0605
0.0605
0.0605
0.0605
0.0605
0.0605
0.0605
0.0605
0.0605
0.0605
0.0605
0.0605
0.0605
0.0605
0.0605
0.0605
0.0605
0.0605
0.0605
0.0605
0.0605
0.0605
0.0605
0.0605
0.0605
0.0605
0.0605
0.0605
0.0605
0.0605
0.0605
0.0605
0.0605
0.0605
0.0605
0.0605
0.0605
0.0605
0.0605
0.0605
0.0605
0.0605
0.0605
0.0605
0.0605
0.0605
0.0605
0.0605
0.0605
0.0605
0.0605
0.0605
0.0605
0.0605
0.0605
0.0605
0.0605
0.0605
0.0605
0.0605
0.0605
0.0605
0.0605
0.0605
0.0605
0.0605
0.0605
0.0605
0.0605
0.0605
0.0605
0.0605
0.0605
0.0605
0.0605
0.0605
0.0605
0.0605
0.0605
0.0605
0.0605
0.0605
0.0605
0.0605
0.0605
0.0605
0.0605
0.0605
0.0605
0.0605
0.0605
0.0605
0.0605
0.0605
0.0605
0.0605
0.0605
0.0605
0.0605
0.0605
0.0605
0.0605
0.0605
0.0605
0.0605
0.0605
0.0605
0.0605
0.0605
0.0605
0.0605
0.0605
0.0605
0.0605
0.0605
0.0605
0.0605
0.0605
0.0605
0.0605
0.0605
0.0605
0.0605
0.0605
0.0605
0.0605
0.0605
0.0605
0.0605
0.0605
0.0605
0.0605
0.0605
0.0605
0.0605
0.0605
0.0605
0.0605
0.0605
0.0605
0.0605
0.0605
0.0605
0.0605
0.0605
0.0605
0.0605
0.0605
0.0605
0.0605
0.0605
0.0605
0.0605
0.0605
0.0605
0.0605
0.0605
0.0605
0.0605
0.0605
0.0605
0.0605
0.0605
0.0605
0.0605
0.0605
0.0605
0.0605
0.0605
0.0605
0.0605
0.0605
0.0605
0.0605
0.0605
0.0605
0.0605
0.0605
0.0605
0.0605
0.0605
0.0605
0.0605
0.0605
0.0605
0.0605
0.0605
0.0605
0.0605
0.0605
0.0605
0.0605
0.0605
0.0605
0.0605
0.0605
0.0605
0.0605
0.0605
0.0605
0.0605
0.0605
0.0605
0.0605
0.0605
0.0605
0.0605
0.0605
0.0605
0.0605
0.0605
0.0605
0.0605
0.0605
0.0605
0.0605
0.0605
0.0605
0.0605
0.0605
0.0605
0.0605
0.0605
0.0605
0.0605
0.0605
0.0605
0.0605
0.0605
0.0605
0.0605
0.0605
0.0605
0.0605
0.0605
0.0605
0.0605
0.0605
0.0605
0.0605
0.0605
0.0605
0.0605
0.0605
0.0605
0.0605
0.0605
0.0605
0.0605
0.0605
0.0605
0.0605
0.0605
0.0605
0.0605
0.0605
0.0605
0.0605
0.0605
0.0605
0.0605
0.0605
0.0605
0.0605
0.0605
0.0605
0.0605
0.0605
0.0605
0.0605
0.0605
0.0605
0.0605
0.0605
0.0605
0.0605
0.0605
0.0605
0.0605
0.0605
0.0605
0.0605
0.0605
0.0605
0.0605
0.0605
0.0605
0.0605
0.0605
0.0605
0.0605
0.0605
0.0605
0.0605
0.0605
0.0605
0.0605
0.0605
0.0605
0.0605
0.0605
0.0605
0.0605
0.0605
0.0605
0.0605
0.0605
0.0605
0.0605
0.0605
0.0605
0.0605
0.0605
0.0605
0.0605
0.0605
0.0605
0.0605
0.0605
0.0605
0.0605
0.0605
0.0605
0.0605
0.0605
0.0605
0.0605
0.0605
0.0605
0.0605
0.0605
0.0605
0.0605
0.0605
0.0605
0.0605
0.0605
0.0605
0.0605
0.0605
0.0605
0.0605
0.0605
0.0605
0.0605
0.0605
0.0605
0.0605
0.0605
0.0605
0.0605
0.0605
0.0605
0.0605
0.0605
0.0605
0.0605
0.0605
0.0605
0.0605
0.0605
0.0605
0.0605
0.0605
0.0605
0.0605
0.0605
0.0605
0.0605
0.0605
0.0605
0.0605
0.0605
0.0605
0.0605
0.0605
0.0605
0.0605
0.0605
0.0605
0.0605
0.0605
0.0605
0.0605
0.0605
0.0605
0.0605
0.0605
0.0605
0.0605
0.0605
0.0605
0.0605
0.0605
0.0605
0.0605
0.0605
0.0605
0.0605
0.0605
0.0605
0.0605
0.0605
0.0605
0.0605
0.0605
0.0605
0.0605
0.0605
0.0605
0.0605
0.0605
0.0605
0.0605
0.0605
0.0605
0.0605
0.0605
0.0605
0.0605
0.0605
0.0605
0.0605
0.0605
0.0605
0.0605
0.0605
0.0605
0.0605
0.0605
0.0605
0.0605
0.0605
0.0605
0.0605
0.0605
0.0605
0.0605
0.0605
0.0605
0.0605
0.0605
0.0605
0.0605
0.0605
0.0605
0.0605
0.0605
0.0605
0.0605
0.0605
0.0605
0.0605
0.0605
0.0605
0.0605
0.0605
0.0605
0.0605
0.0605
0.0605
0.0605
0.0605
0.0605
0.0605
0.0605
0.0605
0.0605
0.0605
0.0605
0.0605
0.0605
0.0605
0.0605
0.0605
0.0605
0.0605
0.0605
0.0605
0.0605
0.0605
0.0605
0.0605
0.0605
0.0605
0.0605
0.0605
0.0605
0.0605
0.0605
0.0605
0.0605
0.0605
0.0605
0.0605
0.0605
0.0605
0.0605
0.0605
0.0605
0.0605
0.0605
0.0605
0.0605
0.0605
0.0605
0.0605
0.0605
0.0605
0.0605
0.0605
0.0605
0.0605
0.0605
0.0605
0.0605
0.0605
0.0605
0.0605
0.0605
0.0605
0.0605
0.0605
0.0605
0.0605
0.0605
0.0605
0.0605
0.0605
0.0605
0.0605
0.0605
0.0605
0.0605
0.0605
0.0605
0.0605
0.0605
0.0605
0.0605
0.0605
0.0605
0.0605
0.0605
0.0605
0.0605
0.0605
0.0605
0.0605
0.0605
0.0605
0.0605
0.0605
0.0605
0.0605
0.0605
0.0605
0.0605
0.0605
0.0605
0.0605
0.0605
0.0605
0.0605
0.0605
0.0605
0.0605
0.0605
0.0605
0.0605
0.0605
0.0605
0.0605
0.0605
0.0605
0.0605
0.0605
0.0605
0.0605
0.0605
0.0605
0.0605
0.0605
0.0605
0.0605
0.0605
0.0605
0.0605
0.0605
0.0605
0.0605
0.0605
0.0605
0.0605
0.0605
0.0605
0.0605
0.0605
0.0605
0.0605
0.0605
0.0605
0.0605
0.0605
0.0605
0.0605
0.0605
0.0605
0.0605
0.0605
0.0605
0.0605
0.0605
0.0605
0.0605
0.0605
0.0605
0.0605
0.0605
0.0605
0.0605
0.0605
0.0605
0.0605
0.0605
0.0605
0.0605
0.0605
0.0605
0.0605
0.0605
0.0605
0.0605
0.0605
0.0605
0.0605
0.0605
0.0605
0.0605
0.0605
0.0605
0.0605
0.0605
0.0605
0.0605
0.0605
0.0605
0.0605
0.0605
0.0605
0.0605
0.0605
0.0605
0.0605
0.0605
0.0605
0.0605
0.0605
0.0605
0.0605
0.0605
0.0605
0.0605
0.0605
0.0605
0.0605
0.0605
0.0605
0.0605
0.0605
0.0605
0.0605
0.0605
0.0605
0.0605
0.0605
0.0605
0.0605
0.0605
0.0605
0.0605
0.0605
0.0605
0.0605
0.0605
0.0605
0.0605
0.0605
0.0605
0.0605
0.0605
0.0605
0.0605
0.0605
0.0605
0.0605
0.0605
0.0605
0.0605
0.0605
0.0605
0.0605
0.0605
0.0605
0.0605
0.0605
0.0605
0.0605
0.0605
0.0605
0.0605
0.0605
0.0605
0.0605
0.0605
0.0605
0.0605
0.0605
0.0605
0.0605
0.0605
0.0605
0.0605
0.0605
0.0605
0.0605
0.0605
0.0605
0.0605
0.0605
0.0605
0.0605
0.0605
0.0605
0.0605
0.0605
0.0605
0.0605
0.0605
0.0605
0.0605
0.0605
0.0605
0.0605
0.0605
0.0605
0.0605
0.0605
0.0605
0.0605
0.0605
0.0605
0.0605
0.0605
0.0605
0.0605
0.0605
0.0605
0.0605
0.0605
0.0605
0.0605
0.0605
0.0605
0.0605
0.0605
0.0605
0.0605
0.0605
0.0605
0.0605
0.0605
0.0605
0.0605
0.0605
0.0605
0.0605
0.0605
0.0605
0.0605
0.0605
0.0605
0.0605
0.0605
0.0605
0.0605
0.0605
0.0605
0.0605
0.0605
0.0605
0.0605
0.0605
0.0605
0.0605
0.0605
0.0605
0.0605
0.0605
0.0605
0.0605
0.0605
0.0605
0.0605
0.0605
0.0605
0.0605
0.0605
0.0605
0.0605
0.0605
0.3561
0.3948
0.3913
0.3490
0.4053
0.4159
0.0605
0.0605
0.0605
0.0605
0.0605
0.0605
0.0605
0.0605
0.0605
0.0605
0.0605
0.0605
0.0605
0.0605
0.0605
0.0605
0.0605
0.0605
0.0605
0.3455
0.3631
0.3877
0.4018
0.3702
0.0605
0.0605
0.0605
0.0605
0.0605
0.0605
0.0605
0.0605
0.0605
0.0605
0.0605
0.0605
0.0605
0.0605
0.0605
0.0605
0.0605
0.0605
0.0605
0.0605
0.0605
0.0605
0.0605
0.0605
0.0605
0.0605
0.0605
0.0605
0.0605
0.0605
0.0605
0.0605
0.0605
0.0605
0.0605
0.0605
0.0605
0.0605
0.0605
0.0605
0.0605
0.0605
0.0605
0.0605
0.0605
0.0605
0.0605
0.0605
0.0605
0.0605
0.0605
0.0605
0.0605
0.0605
0.0605
0.0605
0.0605
0.0605
0.0605
0.0605
0.0605
0.0605
0.0605
0.0605
0.0605
0.0605
0.0605
0.0605
0.0605
0.0605
0.0605
0.0605
0.0605
0.0605
0.0605
0.0605
0.0605
0.0605
0.0605
0.0605
0.0605
0.0605
0.0605
0.0605
0.0605
0.0605
0.0605
0.0605
0.0605
0.0605
0.0605
0.0605
0.0605
0.0605
0.0605
0.0605
0.0605
0.0605
0.0605
0.0605
0.0605
0.0605
0.0605
0.0605
0.0605
0.0605
0.0605
0.0605
0.0605
0.0605
0.0605
0.0605
0.0605
0.0605
0.0605
0.0605
0.0605
0.0605
0.0605
0.0605
0.0605
0.0605
0.0605
0.0605
0.0605
0.0605
0.0605
0.0605
0.0605
0.0605
0.0605
0.0605
0.0605
0.0605
0.0605
0.0605
0.0605
0.0605
0.0605
0.0605
0.3455
0.3526
0.3455
0.0605
0.0605
0.0605
0.0605
0.0605
0.0605
0.0605
0.0605
0.0605
0.0605
0.0605
0.0605
0.0605
0.0605
0.0605
0.0605
0.0605
0.0605
0.0605
0.0605
0.0605
0.0605
0.0605
0.3490
0.0605
0.0605
0.0605
0.0605
0.0605
0.0605
0.0605
0.0605
0.0605
0.0605
0.0605
0.0605
0.0605
0.0605
0.0605
0.0605
0.0605
0.0605
0.0605
0.0605
0.0605
0.0605
0.0605
0.0605
0.0605
0.0605
0.0605
0.0605
0.0605
0.0605
0.0605
0.0605
0.0605
0.0605
0.0605
0.0605
0.0605
0.0605
0.0605
0.0605
0.0605
0.0605
0.0605
0.0605
0.0605
0.0605
0.0605
0.0605
0.0605
0.0605
0.0605
0.0605
0.0605
0.0605
0.0605
0.0605
0.0605
0.0605
0.0605
0.0605
0.0605
0.0605
0.0605
0.0605
0.0605
0.0605
0.0605
0.0605
0.0605
0.0605
0.0605
0.0605
0.0605
0.0605
0.0605
0.0605
0.0605
0.0605
0.0605
0.0605
0.0605
0.0605
0.0605
0.0605
0.0605
0.0605
0.0605
0.0605
0.0605
0.0605
0.0605
0.0605
0.0605
0.0605
0.0605
0.0605
0.0605
0.0605
0.0605
0.0605
0.0605
0.0605
0.0605
0.0605
0.0605
0.0605
0.0605
0.0605
0.0605
0.0605
0.0605
0.0605
0.0605
0.0605
0.0605
0.0605
0.0605
0.3455
0.3596
0.3455
0.3596
0.0605
0.0605
0.0605
0.0605
0.0605
0.0605
0.0605
0.0605
0.0605
0.0605
0.0605
0.0605
0.0605
0.0605
0.0605
0.0605
0.0605
0.0605
0.0605
0.0605
0.0605
0.0605
0.0605
0.0605
0.0605
0.0605
0.0605
0.0605
0.0605
0.0605
0.0605
0.0605
0.0605
0.0605
0.0605
0.0605
0.0605
0.0605
0.0605
0.0605
0.0605
0.0605
0.0605
0.0605
0.0605
0.0605
0.0605
0.0605
0.0605
0.0605
0.0605
0.0605
0.0605
0.0605
0.0605
0.0605
0.0605
0.0605
0.0605
0.0605
0.0605
0.0605
0.0605
0.0605
0.0605
0.0605
0.0605
0.0605
0.0605
0.0605
0.0605
0.0605
0.0605
0.0605
0.0605
0.0605
0.0605
0.0605
0.0605
0.0605
0.0605
0.0605
0.0605
0.0605
0.0605
0.0605
0.0605
0.0605
0.0605
0.0605
0.0605
0.0605
0.0605
0.0605
0.0605
0.0605
0.0605
0.0605
0.0605
0.0605
0.0605
0.0605
0.0605
0.0605
0.0605
0.0605
0.0605
0.0605
0.0605
0.0605
0.0605
0.0605
0.0605
0.0605
0.0605
0.0605
0.0605
0.0605
0.0605
0.0605
0.0605
0.0605
0.0605
0.0605
0.0605
0.0605
0.0605
0.0605
0.0605
0.0605
0.0605
0.0605
0.0605
0.0605
0.0605
0.0605
0.0605
0.0605
0.0605
0.0605
0.0605
0.0605
0.0605
0.0605
0.0605
0.0605
0.0605
0.0605
0.0605
0.0605
0.0605
0.0605
0.0605
0.0605
0.0605
0.0605
0.0605
0.0605
0.0605
0.0605
0.0605
0.0605
0.0605
0.0605
0.0605
0.0605
0.0605
0.0605
0.0605
0.0605
0.0605
0.0605
0.0605
0.0605
0.0605
0.0605
0.0605
0.0605
0.0605
0.0605
0.0605
0.0605
0.0605
0.0605
0.0605
0.0605
0.0605
0.0605
0.0605
0.0605
0.3490
0.3526
0.0605
0.0605
0.0605
0.0605
0.0605
0.0605
0.0605
0.0605
0.0605
0.0605
0.0605
0.0605
0.0605
0.3526
0.3807
0.3877
0.4194
0.4335
0.4370
0.4616
0.4722
0.4898
0.4933
0.4828
0.3983
0.0605
0.0605
0.0605
0.0605
0.0605
0.0605
0.0605
0.0605
0.0605
0.0605
0.0605
0.0605
0.0605
0.0605
0.0605
0.4018
0.4370
0.4053
0.4124
0.4616
0.4968
0.5109
0.5179
0.4300
0.0605
0.0605
0.0605
0.0605
0.0605
0.0605
0.0605
0.0605
0.0605
0.0605
0.0605
0.0605
0.0605
0.3631
0.0605
0.4018
0.4124
0.3842
0.4124
0.4757
0.4898
0.5039
0.4968
0.4018
0.0605
0.0605
0.0605
0.0605
0.0605
0.0605
0.0605
0.0605
0.0605
0.0605
0.0605
0.0605
0.0605
0.0605
0.0605
0.3596
0.3702
0.3737
0.3983
0.4194
0.4265
0.3948
0.3877
0.0605
0.0605
0.0605
0.0605
0.0605
0.0605
0.0605
0.0605
0.0605
0.0605
0.0605
0.0605
0.0605
0.0605
0.0605
0.0605
0.3561
0.3631
0.3983
0.3948
0.4124
0.4370
0.4405
0.4405
0.3666
0.0605
0.0605
0.0605
0.0605
0.0605
0.0605
0.0605
0.0605
0.0605
0.0605
0.0605
0.0605
0.0605
0.0605
0.0605
0.3490
0.0605
0.0605
0.0605
0.0605
0.0605
0.0605
0.0605
0.0605
0.0605
0.0605
0.0605
0.0605
0.0605
0.0605
0.0605
0.0605
0.0605
0.0605
0.0605
0.3490
0.3561
0.3877
0.4722
0.4898
0.4405
0.4687
0.5074
0.5320
0.5637
0.5813
0.5602
0.4968
0.3666
0.0605
0.0605
0.0605
0.0605
0.0605
0.0605
0.0605
0.0605
0.0605
0.0605
0.0605
0.0605
0.0605
0.0605
0.3596
0.4159
0.4405
0.4546
0.4828
0.4687
0.4616
0.4933
0.4229
0.0605
0.0605
0.0605
0.0605
0.0605
0.0605
0.0605
0.0605
0.0605
0.0605
0.0605
0.0605
0.0605
0.0605
0.0605
0.3807
0.3455
0.3737
0.4124
0.4370
0.4405
0.3913
0.3631
0.0605
0.0605
0.0605
0.0605
0.0605
0.0605
0.0605
0.0605
0.0605
0.0605
0.0605
0.0605
0.0605
0.0605
0.0605
0.0605
0.0605
0.0605
0.3490
0.3702
0.3807
0.4194
0.4405
0.4476
0.3807
0.0605
0.0605
0.0605
0.0605
0.0605
0.0605
0.0605
0.0605
0.0605
0.0605
0.0605
0.0605
0.0605
0.0605
0.0605
0.0605
0.3737
0.3490
0.0605
0.3490
0.3983
0.4265
0.4405
0.3561
0.0605
0.0605
0.0605
0.0605
0.0605
0.0605
0.0605
0.0605
0.0605
0.0605
0.0605
0.0605
0.0605
0.0605
0.0605
0.0605
0.0605
0.3842
0.4300
0.4581
0.4546
0.4828
0.4933
0.4370
0.0605
0.0605
0.0605
0.0605
0.0605
0.0605
0.0605
0.0605
0.0605
0.0605
0.0605
0.0605
0.0605
0.0605
0.0605
0.3737
0.4018
0.3877
0.4265
0.4440
0.4300
0.4722
0.4863
0.4265
0.0605
0.0605
0.0605
0.0605
0.0605
0.0605
0.0605
0.0605
0.0605
0.0605
0.0605
0.0605
0.0605
0.0605
0.0605
0.0605
0.0605
0.3455
0.0605
0.0605
0.0605
0.0605
0.0605
0.0605
0.0605
0.0605
0.0605
0.0605
0.0605
0.0605
0.0605
0.0605
0.0605
0.0605
0.0605
0.0605
0.0605
0.0605
0.0605
0.0605
0.0605
0.0605
0.3772
0.3983
0.4124
0.4300
0.3983
0.3666
0.0605
0.0605
0.0605
0.0605
0.0605
0.0605
0.0605
0.0605
0.0605
0.0605
0.0605
0.0605
0.0605
0.0605
0.0605
0.0605
0.0605
0.0605
0.0605
0.0605
0.0605
0.0605
0.0605
0.0605
0.0605
0.0605
0.0605
0.0605
0.0605
0.0605
0.0605
0.0605
0.0605
0.0605
0.0605
0.0605
0.0605
0.0605
0.0605
0.0605
0.0605
0.0605
0.0605
0.0605
0.0605
0.0605
0.0605
0.0605
0.0605
0.0605
0.0605
0.0605
0.0605
0.0605
0.0605
0.0605
0.0605
0.0605
0.0605
0.0605
0.0605
0.0605
0.0605
0.0605
0.0605
0.0605
0.0605
0.0605
0.0605
0.0605
0.0605
0.0605
0.0605
0.0605
0.0605
0.0605
0.0605
0.0605
0.0605
0.0605
0.0605
0.0605
0.0605
0.0605
0.0605
0.0605
0.0605
0.0605
0.0605
0.0605
0.0605
0.0605
0.0605
0.0605
0.0605
0.0605
0.0605
0.0605
0.0605
0.0605
0.0605
0.0605
0.0605
0.0605
0.0605
0.0605
0.0605
0.0605
0.0605
0.0605
0.0605
0.0605
0.0605
0.0605
0.0605
0.0605
0.0605
0.0605
0.0605
0.0605
0.0605
0.0605
0.0605
0.0605
0.0605
0.0605
0.0605
0.0605
0.0605
0.0605
0.0605
0.0605
0.0605
0.0605
0.0605
0.0605
0.0605
0.3455
0.0605
0.0605
0.0605
0.3526
0.3596
0.0605
0.0605
0.0605
0.0605
0.0605
0.0605
0.0605
0.0605
0.0605
0.0605
0.0605
0.0605
0.0605
0.0605
0.0605
0.0605
0.0605
0.0605
0.0605
0.0605
0.0605
0.0605
0.0605
0.0605
0.0605
0.0605
0.0605
0.0605
0.0605
0.0605
0.0605
0.0605
0.0605
0.0605
0.0605
0.0605
0.0605
0.3490
0.3526
0.3526
0.3561
0.3561
0.3596
0.3631
0.3666
0.3737
0.3772
0.3807
0.3737
0.3561
0.0605
0.0605
0.0605
0.0605
0.0605
0.0605
0.0605
0.0605
0.0605
0.3455
0.3561
0.3702
0.3702
0.3666
0.3702
0.3842
0.3842
0.3807
0.3877
0.3842
0.3913
0.3913
0.3842
0.3561
0.0605
0.0605
0.0605
0.0605
0.0605
0.0605
0.0605
0.0605
0.0605
0.0605
0.3596
0.3666
0.3526
0.0605
0.0605
0.3455
0.3455
0.0605
0.3772
0.4089
0.3983
0.3877
0.3526
0.0605
0.0605
0.0605
0.0605
0.0605
0.0605
0.0605
0.0605
0.0605
0.0605
0.0605
0.0605
0.0605
0.0605
0.0605
0.0605
0.0605
0.0605
0.0605
0.0605
0.0605
0.0605
0.0605
0.0605
0.0605
0.0605
0.0605
0.0605
0.0605
0.0605
0.0605
0.0605
0.0605
0.0605
0.0605
0.0605
0.0605
0.0605
0.0605
0.0605
0.0605
0.0605
0.0605
0.0605
0.0605
0.0605
0.0605
0.0605
0.0605
0.0605
0.0605
0.0605
0.0605
0.0605
0.0605
0.0605
0.0605
0.0605
0.0605
0.0605
0.0605
0.0605
0.0605
0.0605
0.0605
0.0605
0.0605
0.0605
0.0605
0.0605
0.0605
0.0605
0.0605
0.0605
0.0605
0.0605
0.0605
0.0605
0.0605
0.0605
0.0605
0.0605
0.0605
0.0605
0.0605
0.0605
0.0605
0.0605
0.0605
0.0605
0.0605
0.0605
0.0605
0.0605
0.0605
0.0605
0.0605
0.0605
0.0605
0.0605
0.0605
0.0605
0.0605
0.0605
0.0605
0.0605
0.0605
0.0605
0.0605
0.0605
0.3561
0.3631
0.3913
0.4053
0.4265
0.4335
0.4476
0.4757
0.4792
0.4722
0.4124
0.4440
0.4018
0.0605
0.0605
0.0605
0.0605
0.0605
0.0605
0.3842
0.4194
0.4265
0.4300
0.4300
0.4370
0.4511
0.4933
0.5144
0.5355
0.5531
0.5742
0.5813
0.5918
0.5918
0.5672
0.5355
0.4828
0.3561
0.0605
0.0605
0.0605
0.0605
0.3948
0.4581
0.4616
0.4616
0.4581
0.4546
0.4687
0.4722
0.4757
0.4757
0.4722
0.4757
0.4757
0.4722
0.4687
0.4546
0.4300
0.3877
0.3561
0.0605
0.0605
0.0605
0.0605
0.0605
0.3561
0.3913
0.3948
0.4089
0.4159
0.4194
0.4265
0.4370
0.4335
0.4300
0.4300
0.4300
0.4300
0.4370
0.4511
0.4265
0.3631
0.0605
0.0605
0.0605
0.0605
0.0605
0.0605
0.0605
0.0605
0.0605
0.3877
0.3877
0.3983
0.4229
0.4476
0.4405
0.4370
0.4300
0.4335
0.4616
0.5003
0.5426
0.5637
0.5074
0.4265
0.3702
0.0605
0.0605
0.0605
0.0605
0.0605
0.0605
0.0605
0.0605
0.3807
0.4405
0.4652
0.4933
0.4968
0.5179
0.5355
0.5285
0.5179
0.5320
0.5250
0.5250
0.5566
0.5637
0.5074
0.3631
0.0605
0.0605
0.0605
0.0605
0.0605
0.0605
0.0605
0.0605
0.0605
0.0605
0.3666
0.3561
0.3702
0.3702
0.4757
0.5566
0.5848
0.5813
0.6129
0.6200
0.6235
0.6200
0.5426
0.3948
0.0605
0.0605
0.0605
0.0605
0.0605
0.0605
0.0605
0.0605
0.0605
0.3561
0.4265
0.5285
0.5602
0.5391
0.5602
0.6270
0.6517
0.6657
0.6763
0.6904
0.7044
0.6904
0.6446
0.4652
0.0605
0.0605
0.0605
0.0605
0.0605
0.0605
0.0605
0.0605
0.0605
0.3772
0.4300
0.4476
0.4265
0.4652
0.5003
0.5426
0.5566
0.5883
0.5989
0.6200
0.6376
0.6200
0.5531
0.4581
0.0605
0.0605
0.0605
0.0605
0.0605
0.0605
0.0605
0.0605
0.0605
0.0605
0.3631
0.3631
0.3737
0.3983
0.4476
0.4511
0.4405
0.4229
0.4124
0.4089
0.4265
0.4159
0.3737
0.0605
0.0605
0.0605
0.0605
0.0605
0.0605
0.0605
0.0605
0.0605
0.0605
0.0605
0.0605
0.0605
0.0605
0.0605
0.0605
0.0605
0.0605
0.0605
0.3490
0.3666
0.3807
0.3772
0.3490
0.0605
0.0605
0.0605
0.0605
0.0605
0.0605
0.0605
0.0605
0.0605
0.0605
0.0605
0.0605
0.0605
0.0605
0.0605
0.0605
0.0605
0.0605
0.0605
0.0605
0.0605
0.0605
0.0605
0.0605
0.0605
0.0605
0.0605
0.0605
0.0605
0.0605
0.0605
0.0605
0.0605
0.0605
0.0605
0.0605
0.0605
0.0605
0.0605
0.0605
0.0605
0.0605
0.0605
0.0605
0.0605
0.0605
0.0605
0.0605
0.0605
0.0605
0.0605
0.0605
0.0605
0.0605
0.0605
0.0605
0.0605
0.0605
0.0605
0.0605
0.0605
0.0605
0.0605
0.0605
0.0605
0.0605
0.0605
0.0605
0.0605
0.0605
0.0605
0.0605
0.0605
0.0605
0.0605
0.0605
0.0605
0.0605
0.0605
0.0605
0.0605
0.0605
0.0605
0.0605
0.0605
0.0605
0.0605
0.0605
0.0605
0.0605
0.0605
0.0605
0.0605
0.0605
0.3702
0.3490
0.0605
0.0605
0.0605
0.0605
0.0605
0.0605
0.0605
0.0605
0.0605
0.0605
0.0605
0.0605
0.0605
0.0605
0.0605
0.0605
0.0605
0.3666
0.3877
0.4229
0.4581
0.4757
0.4757
0.4370
0.3526
0.0605
0.0605
0.0605
0.0605
0.0605
0.0605
0.0605
0.0605
0.0605
0.0605
0.0605
0.0605
0.0605
0.0605
0.0605
0.0605
0.0605
0.0605
0.0605
0.0605
0.0605
0.0605
0.0605
0.0605
0.0605
0.0605
0.0605
0.0605
0.0605
0.0605
0.0605
0.0605
0.0605
0.0605
0.0605
0.0605
0.0605
0.0605
0.3666
0.3490
0.3772
0.4229
0.4405
0.4194
0.4370
0.4089
0.3631
0.0605
0.0605
0.0605
0.0605
0.0605
0.0605
0.0605
0.0605
0.0605
0.0605
0.0605
0.0605
0.0605
0.0605
0.0605
0.0605
0.0605
0.0605
0.0605
0.0605
0.0605
0.0605
0.0605
0.0605
0.0605
0.0605
0.0605
0.0605
0.0605
0.0605
0.0605
0.0605
0.0605
0.0605
0.0605
0.0605
0.0605
0.0605
0.0605
0.0605
0.0605
0.0605
0.0605
0.0605
0.0605
0.0605
0.0605
0.0605
0.0605
0.0605
0.0605
0.0605
0.0605
0.0605
0.0605
0.0605
0.0605
0.0605
0.0605
0.0605
0.0605
0.0605
0.0605
0.0605
0.0605
0.0605
0.0605
0.0605
0.3490
0.3596
0.3526
0.0605
0.0605
0.0605
0.0605
0.0605
0.0605
0.0605
0.0605
0.0605
0.0605
0.0605
0.0605
0.0605
0.0605
0.0605
0.0605
0.3596
0.3913
0.4370
0.4476
0.4792
0.4863
0.5144
0.5109
0.5003
0.4546
0.0605
0.0605
0.0605
0.0605
0.0605
0.0605
0.0605
0.0605
0.0605
0.3561
0.3526
0.3490
0.0605
0.0605
0.3526
0.3561
0.3666
0.3702
0.3737
0.3842
0.3772
0.3772
0.3631
0.3490
0.3490
0.0605
0.0605
0.0605
0.0605
0.0605
0.0605
0.0605
0.0605
0.0605
0.3561
0.3561
0.3596
0.3561
0.3631
0.3631
0.3596
0.3596
0.3526
0.3526
0.3455
0.0605
0.3455
0.0605
0.0605
0.0605
0.0605
0.0605
0.0605
0.0605
0.0605
0.0605
0.3561
0.3842
0.4229
0.3983
0.3807
0.3842
0.4018
0.4581
0.5003
0.4757
0.5109
0.5144
0.5074
0.5003
0.4722
0.4300
0.4440
0.4370
0.4265
0.4476
0.4440
0.4440
0.4476
0.4476
0.4476
0.4476
0.4440
0.4476
0.4581
0.4687
0.4687
0.4687
0.4652
0.4828
0.5250
0.5355
0.5848
0.5989
0.5954
0.5566
0.4159
0.0605
0.0605
0.0605
0.0605
0.0605
0.0605
0.4124
0.4476
0.4652
0.4722
0.4652
0.4581
0.4581
0.4722
0.5003
0.4968
0.5074
0.4933
0.4757
0.5003
0.5250
0.4828
0.4335
0.0605
0.0605
0.0605
0.0605
0.0605
0.0605
0.0605
0.0605
0.3842
0.4229
0.4194
0.4652
0.5144
0.5602
0.5813
0.5989
0.6094
0.5883
0.6200
0.6270
0.6411
0.6587
0.6270
0.5813
0.4229
0.0605
0.0605
0.0605
0.0605
0.0605
0.0605
0.3596
0.3526
0.3737
0.3842
0.3983
0.3948
0.4089
0.4018
0.4053
0.4124
0.4124
0.4124
0.3983
0.4194
0.4194
0.4053
0.3596
0.0605
0.0605
0.0605
0.0605
0.0605
0.0605
0.0605
0.3561
0.3631
0.3666
0.3737
0.3737
0.3772
0.3807
0.3807
0.3772
0.3772
0.3772
0.3737
0.3666
0.3561
0.3455
0.0605
0.0605
0.0605
0.0605
0.0605
0.0605
0.0605
0.0605
0.0605
0.3526
0.3807
0.3983
0.3983
0.4018
0.4124
0.4476
0.4652
0.4863
0.4898
0.5391
0.5496
0.5672
0.5848
0.6024
0.5426
0.5109
0.4863
0.4581
0.3983
0.4089
0.4018
0.3561
0.4476
0.4546
0.4476
0.4687
0.4687
0.4828
0.4968
0.5179
0.4898
0.4335
0.4089
0.3913
0.3737
0.3737
0.3737
0.3666
0.3702
0.3596
0.0605
0.0605
0.0605
0.0605
0.0605
0.0605
0.0605
0.0605
0.0605
0.3526
0.4863
0.5144
0.4968
0.4300
0.4159
0.4229
0.4265
0.4440
0.5144
0.5355
0.5848
0.6270
0.5566
0.5039
0.4159
0.0605
0.0605
0.0605
0.0605
0.0605
0.3913
0.4828
0.5144
0.4722
0.5461
0.6024
0.6305
0.6024
0.6481
0.6728
0.6798
0.6692
0.6587
0.6376
0.6446
0.6411
0.5707
0.4792
0.4370
0.4229
0.3737
0.3455
0.0605
0.0605
0.3772
0.4335
0.4616
0.4652
0.4757
0.4828
0.4968
0.5215
0.5179
0.5039
0.5320
0.5672
0.5954
0.5989
0.5813
0.5602
0.5215
0.4863
0.4616
0.4335
0.3948
0.4053
0.4300
0.4440
0.4546
0.4616
0.4616
0.4616
0.4652
0.4652
0.4652
0.4652
0.4792
0.4933
0.4933
0.5003
0.5109
0.5003
0.5144
0.5109
0.5003
0.4757
0.4722
0.4757
0.4757
0.4757
0.4581
0.4335
0.4335
0.4405
0.4581
0.4476
0.4476
0.4405
0.4370
0.4722
0.5109
0.5496
0.5637
0.5637
0.5989
0.6376
0.6622
0.6692
0.6657
0.6165
0.5566
0.4722
0.3842
0.0605
0.0605
0.3526
0.4159
0.4405
0.4265
0.4300
0.4440
0.4511
0.4405
0.4652
0.4722
0.4546
0.4722
0.4757
0.4828
0.4828
0.4968
0.5074
0.4792
0.4370
0.4265
0.0605
0.3596
0.0605
0.3666
0.3842
0.4089
0.4229
0.4405
0.4511
0.4722
0.4792
0.4828
0.5144
0.5215
0.5109
0.5109
0.5109
0.5039
0.4898
0.5144
0.5144
0.4968
0.4757
0.4370
0.4194
0.4018
0.4265
0.4440
0.4476
0.4476
0.4440
0.4300
0.4335
0.4229
0.4124
0.3913
0.3842
0.3772
0.3842
0.3772
0.3631
0.3596
0.3561
0.3596
0.3596
0.3561
0.3737
0.3737
0.4089
0.4124
0.4089
0.4053
0.4018
0.4194
0.4229
0.4265
0.4511
0.4722
0.4792
0.5003
0.5074
0.5003
0.5003
0.5003
0.5039
0.5003
0.5179
0.5285
0.5391
0.5179
0.4933
0.4546
0.3737
0.3561
0.3526
0.4018
0.4370
0.4652
0.5039
0.5144
0.5179
0.5250
0.5391
0.5602
0.5707
0.5707
0.5707
0.5742
0.5954
0.5883
0.5883
0.5848
0.5883
0.5954
0.5954
0.5954
0.5813
0.5848
0.5778
0.5742
0.5742
0.5883
0.6024
0.6165
0.6270
0.6341
0.6481
0.6763
0.7572
0.7572
0.7537
0.7537
0.7502
0.7220
0.7220
0.7185
0.6974
0.6868
0.6657
0.6235
0.5742
0.5179
0.5039
0.5179
0.5426
0.5848
0.6059
0.6129
0.6024
0.5989
0.6094
0.6059
0.6165
0.6305
0.6341
0.6235
0.6481
0.6622
0.6657
0.6692
0.6552
0.5954
0.5813
0.5848
0.5707
0.5355
0.5215
0.5074
0.4968
0.5109
0.5179
0.5426
0.5426
0.5602
0.5602
0.5813
0.5848
0.5742
0.5848
0.5954
0.6024
0.6024
0.6094
0.6129
0.6200
0.5954
0.5637
0.5144
0.5074
0.4898
0.4440
0.3913
0.4053
0.5003
0.5637
0.5989
0.6270
0.6411
0.6622
0.6587
0.6833
0.6974
0.7220
0.6833
0.6481
0.6165
0.6129
0.6200
0.6341
0.6270
0.5954
0.5074
0.4616
0.4581
0.4616
0.4828
0.5426
0.5813
0.6305
0.6552
0.6763
0.7150
0.7255
0.7255
0.7220
0.7220
0.7291
0.7361
0.7396
0.7854
0.8205
0.8487
0.8381
0.8100
0.8276
0.7502
0.6446
0.5566
0.5285
0.5355
0.5637
0.6517
0.6939
0.7150
0.7361
0.7255
0.7044
0.7220
0.7396
0.7642
0.7854
0.7924
0.7607
0.7607
0.7537
0.7396
0.7431
0.7396
0.7185
0.6552
0.6059
0.5531
0.5496
0.5742
0.5918
0.6798
0.7502
0.7959
0.8030
0.7994
0.8170
0.8276
0.8346
0.8768
0.9015
0.9156
0.9191
0.9226
0.8663
0.8944
0.9367
0.9367
0.9191
0.7994
0.7044
0.6657
0.6059
0.5989
0.6341
0.6974
0.7431
0.7994
0.8170
0.8276
0.8135
0.8030
0.8381
0.8804
0.8944
0.9050
0.9120
0.9331
0.9296
0.9296
0.9402
0.8980
0.9085
0.8100
0.6904
0.6446
0.5637
0.5531
0.5742
0.6868
0.7431
0.7396
0.7748
0.8065
0.8065
0.8170
0.8065
0.7854
0.7994
0.7924
0.7889
0.7783
0.7854
0.7607
0.7572
0.7537
0.7185
0.6763
0.6305
0.6059
0.6059
0.5778
0.5918
0.6868
0.7783
0.7994
0.7713
0.8030
0.8487
0.8698
0.8628
0.8663
0.8874
0.8768
0.8944
0.9156
0.9156
0.9261
0.9331
0.9261
0.9156
0.8346
0.7009
0.6235
0.5566
0.5602
0.5883
0.6974
0.7607
0.8065
0.8452
0.8839
0.8768
0.8944
0.9156
0.8944
0.8944
0.8839
0.8980
0.9226
0.8980
0.9085
0.9402
0.9331
0.9156
0.8030
0.6728
0.5918
0.5391
0.5179
0.5355
0.7009
0.7783
0.8205
0.8381
0.8417
0.8768
0.8980
0.8733
0.8980
0.9156
0.9226
0.9437
0.9402
0.9331
0.9367
0.9261
0.9402
0.9191
0.8311
0.7115
0.6411
0.5918
0.5672
0.6059
0.7150
0.8065
0.8346
0.8452
0.8628
0.8768
0.8909
0.8980
0.9050
0.9226
0.9296
0.9331
0.9402
0.9437
0.9507
0.9472
0.9472
0.9367
0.8487
0.6833
0.5954
0.5215
0.4828
0.5285
0.6798
0.7678
0.7994
0.8135
0.8381
0.8628
0.8698
0.8839
0.8874
0.8874
0.9015
0.9050
0.9085
0.9120
0.9120
0.9015
0.9085
0.8698
0.7959
0.5848
0.5426
0.4828
0.4229
0.4546
0.6305
0.7220
0.7678
0.7713
0.7959
0.8135
0.8276
0.8452
0.8698
0.8698
0.8698
0.8839
0.8698
0.8909
0.8909
0.8839
0.8487
0.7994
0.7396
0.6235
0.5602
0.5039
0.4898
0.5215
0.6341
0.6517
0.7291
0.7818
0.8030
0.7959
0.8417
0.8663
0.8768
0.8733
0.8733
0.8944
0.9050
0.9261
0.9367
0.9331
0.9226
0.8839
0.8100
0.6094
0.5778
0.5074
0.4757
0.4757
0.6411
0.7150
0.6939
0.7396
0.8065
0.7467
0.8170
0.8593
0.8804
0.8980
0.9191
0.9261
0.9331
0.9331
0.9367
0.9613
0.9472
0.9296
0.8663
0.6446
0.5954
0.5426
0.5215
0.5707
0.7079
0.7854
0.8135
0.8381
0.8557
0.8733
0.8663
0.8628
0.8593
0.8593
0.8593
0.8663
0.8487
0.8487
0.8311
0.8346
0.8276
0.7854
0.7396
0.6798
0.6165
0.5707
0.5426
0.5531
0.6235
0.7009
0.7291
0.7783
0.7994
0.7959
0.8170
0.8346
0.8381
0.8346
0.8311
0.8452
0.8733
0.8768
0.8909
0.8944
0.8874
0.8733
0.8241
0.6341
0.5602
0.4687
0.4405
0.4933
0.6481
0.7220
0.7502
0.7748
0.7959
0.8030
0.8241
0.8346
0.8417
0.8487
0.8663
0.8663
0.8698
0.8839
0.8944
0.9015
0.8944
0.8804
0.8311
0.6728
0.5883
0.5215
0.4757
0.5285
0.6728
0.7361
0.7748
0.7959
0.8100
0.8311
0.8417
0.8522
0.8487
0.8628
0.8839
0.8909
0.9015
0.9015
0.9015
0.9191
0.9191
0.9085
0.8733
0.7396
0.6587
0.5778
0.5602
0.5918
0.7115
0.7713
0.8030
0.8135
0.8276
0.8346
0.8593
0.8628
0.8733
0.8804
0.8980
0.8944
0.9015
0.9050
0.9156
0.9191
0.9085
0.9015
0.8593
0.7115
0.6094
0.5355
0.5003
0.5391
0.7009
0.7678
0.7924
0.8170
0.8276
0.8452
0.8557
0.8698
0.8804
0.8839
0.8909
0.9050
0.9050
0.9120
0.9261
0.9226
0.9120
0.9085
0.8663
0.6974
0.5989
0.5144
0.5285
0.5250
0.6833
0.7607
0.7959
0.8170
0.8135
0.8135
0.8100
0.8205
0.8381
0.8522
0.8733
0.8804
0.8980
0.8980
0.9156
0.9015
0.8909
0.8522
0.7994
0.6657
0.5637
0.5039
0.4757
0.5179
0.6692
0.7150
0.7607
0.8030
0.8241
0.8452
0.8557
0.8768
0.8874
0.8698
0.8909
0.9085
0.9226
0.9261
0.9367
0.9437
0.9367
0.9226
0.8839
0.6904
0.5989
0.5179
0.4898
0.5355
0.6974
0.7642
0.7994
0.8276
0.8346
0.8593
0.8698
0.8804
0.8980
0.9015
0.9156
0.9156
0.9156
0.9226
0.9402
0.9402
0.9331
0.9156
0.8628
0.6833
0.5883
0.5320
0.4933
0.5320
0.7009
0.7678
0.8065
0.8417
0.8593
0.8663
0.9015
0.9156
0.9296
0.9261
0.9437
0.9648
0.9683
0.9648
0.9578
0.9543
0.9331
0.8698
0.7748
0.6868
0.6411
0.5883
0.5426
0.6094
0.7079
0.7642
0.8135
0.8170
0.8065
0.8205
0.8487
0.8768
0.8768
0.9085
0.9191
0.9226
0.9120
0.8909
0.8522
0.8276
0.7889
0.7748
0.7537
0.7326
0.7326
0.7291
0.7220
0.7220
0.7361
0.7396
0.7361
0.7361
0.7361
0.7326
0.7255
0.7185
0.6833
0.6657
0.6657
0.6798
0.6798
0.6868
0.6868
0.6833
0.6798
0.6552
0.6446
0.6200
0.6059
0.6094
0.6200
0.6235
0.6411
0.6517
0.6587
0.6587
0.6552
0.6622
0.6657
0.6552
0.6270
0.6517
0.6657
0.6622
0.6763
0.6868
0.6974
0.6833
0.6622
0.6341
0.6129
0.5848
0.5602
0.5566
0.5637
0.5707
0.5848
0.6059
0.6129
0.6200
0.6165
0.6200
0.6270
0.6200
0.6235
0.6270
0.6270
0.6129
0.6165
0.6129
0.6094
0.6200
0.6200
0.6024
0.5918
0.5742
0.5602
0.5496
0.5461
0.5566
0.5637
0.5672
0.5813
0.5778
0.5848
0.5778
0.5813
0.5848
0.5848
0.5813
0.5742
0.5778
0.5778
0.5778
0.5672
0.6024
0.6270
0.6200
0.5883
0.5461
0.5320
0.5250
0.5250
0.5320
0.5391
0.5637
0.5742
0.5813
0.5742
0.5566
0.5637
0.5672
0.5778
0.5848
0.5848
0.5918
0.5954
0.5918
0.5954
0.5918
0.5813
0.5637
0.5496
0.5355
0.5179
0.5003
0.5109
0.5179
0.5215
0.5215
0.5250
0.5391
0.5461
0.5496
0.5426
0.5461
0.5355
0.5355
0.5391
0.5391
0.5285
0.5426
0.5531
0.5566
0.5531
0.5391
0.5426
0.5426
0.5391
0.5355
0.5285
0.5285
0.5355
0.5355
0.5355
0.5496
0.5707
0.5883
0.5954
0.6094
0.6270
0.6305
0.6341
0.6305
0.6270
0.6305
0.6235
0.6200
0.6235
0.6094
0.6024
0.5989
0.5883
0.5742
0.5461
0.5320
0.5285
0.5355
0.5391
0.5426
0.5355
0.5003
0.4933
0.5003
0.5215
0.5954
0.6305
0.6481
0.6974
0.6939
0.7185
0.6692
0.7044
0.7220
0.7044
0.5461
0.5496
0.4440
0.4229
0.4828
0.5461
0.6024
0.6481
0.6411
0.6763
0.7115
0.7185
0.7467
0.7713
0.7818
0.7889
0.7924
0.8030
0.7994
0.8135
0.8170
0.8065
0.7678
0.7255
0.6692
0.6200
0.6024
0.5954
0.5954
0.6094
0.6270
0.6341
0.6376
0.6411
0.6376
0.6305
0.6200
0.6059
0.6024
0.6059
0.6129
0.6094
0.6165
0.6165
0.6305
0.6305
0.6165
0.5954
0.5813
0.5566
0.5391
0.5215
0.5109
0.5531
0.5918
0.6517
0.6481
0.7044
0.7185
0.6833
0.6341
0.6341
0.6517
0.6833
0.7361
0.7642
0.7959
0.8030
0.8241
0.8135
0.7783
0.7607
0.6692
0.6235
0.5461
0.5320
0.5742
0.6517
0.6728
0.7431
0.7537
0.7924
0.8030
0.8241
0.8487
0.8663
0.8628
0.8733
0.8733
0.8768
0.8593
0.8804
0.8944
0.8487
0.8346
0.7678
0.6692
0.6094
0.5954
0.5672
0.5637
0.7185
0.7431
0.7959
0.8417
0.8381
0.8135
0.8593
0.8839
