79.04
76.89
69
60
48.33
48.4
50
55
47
46.5
46.5
46.5
57.74
45.93
50
60
64.99
74
75.11
83.13
77.97
77.83
73.99
64.99
46.5
35.57
35.29
34.75
34.75
35.32
60
65
71.68
72.29
71.9
68.79
65
63.5
65
68.08
75.11
94.95
94.28
86.27
72.64
68.18
66.52
63.01
60
51.9
36.5
35.95
35.95
47.93
60
68
72.47
72
68.62
65.04
60.01
60.01
64
68
72.85
90.52
90.07
85.45
70
68
67.99
60.07
60
58.89
47.93
45
44.02
49.870344
61
69.297032
71.64
68.75
65
64.05
59
57.97
60
63.01
68.8
83.13
85.45
80
69.54
67.61
65
60
56
36.23
35.6
32.98
32.98
35.6
45
59
62.5
64.94
60.062578
50
42.39
40
39.120446
47.3
60.06
70
75.12
74.64
66.2
62.74
54.73
41.11
53
35.85
33.81
29.82
29.82
30
39.12
70
65
65
63.98
60
52.39
29.31
29.82
53
62.7
74.55
80.02
84.6
75.55
75
83.13
65
62.72
51.9
40.31
39.76
40.31
59
73.63
74.98
72.4
70.08
69.96
67
63.51
64.01
65
66.84
73.6
82
80
73.64
67
65
60.88
54.726544
46.5
39.7
35.6
33.03
33.466188
40
59
68.55
72.4
71.91
68.15
66.04
62.99
63
64.54
66.49
73.61
90.13
88.97
80
68.57
65.11
65
59
57.03
47.88
43.19
40.51
40.98
47.97
65
71.78
78.61
75.47
71.78
68.1
64.8
65
65.24
68.501547
79.08
97.321934
90.55
82.71
75.47
66.68
65
56.488963
55
51
45.34
43.99
43.07
51
59
67.72
79.08
79.08
74.25
73.08
64.8
64.06
65.36
70
76.26
96.62729
88.73
80
73.09
66.95
64
57.5
52
46.14
40.77
39
38.03
46
61
69.55
79
78.25
73.1
68.45
64.31
63.95
64.94
67.74
73.08
90.19
79.742369
72.5
66.95
62.9
58.46
54
54
47.73
43.21
37.84
37.72
38
48
66.29
70
74.91
69.1
62.78
59
57.7
60
65
73.36
80.01
85
79
71.5
65
65
60
58
48.24
38
35.95
35.2
35.2
36.89
44
50.01
58.73
59.71
60.26
57.15
52.35
51.91
52.59
59.96
65
65
65
65
61.9
60
50.05
54.2
49.55
46
39.76
38.43
43.88
62
75
88.21
80.74
77.88
79
72.47
73.48
77.5
79
80
94.45
100
79.12
74.91
68
68.49
64.35
56.69
51.98
48.5
44.47
44
50.91
63
74.91
82.2
82.2
79.201395
79.07
71
70.66
75
76.85
77.96
93.84
85.55
75.79
69.78
65.02
65
62.6
62
58.03
55.34
51.4
51
55.24
62.79
72.2
79.01
81.16
79
76.53
73.31468
71.06
73.37
74.91
75.92
89.3
84.98
76.554421
70.23
65
65
64
62
59
56.3
51.12
51
56.82
65
76.54
94
96
90
85.13
78
76.05
75.94
74.88
79.45
99.45
101.2
89.95
76.96
67.99
68
67
63.74
64
61.99
55
54
58.7
67
84.66
95
96.49
90
83.19
77
74.46
74.46
75
77.88
94.7
104.66
84.2
72
66.5
66.5
64.35
62
60
56.7
49.42
46.1
48.84
57.02
64.3
67.74
69.31
67.28
66
65
62.4
62.04
63.98
66.23
72.45
78.51
74.91
70
64.62
62
59
60.5
53.12
45
38.55
37.6
37.65
38
39.853614
47.81
57.5
63.16
64.41
64.78
57.44
55.3
57.2
60
65.55
70
73
68.19
65
64.05
58.53
51
45
41.19
36
35.22
42
59.92
68.91
75.62
78
73.8
72.15
67.77
67.67
68.99
72.38
74
76.05
77.26
72
68
63.99
63.74
61
60.01
57.6
52.28
46.7
45.79
52
64
72.8
75.62
77.47
74.88
72.3
68.5
68.34
68.99
70.35
70
74.98
80.16
72
68.71
64.09
63.79
60.68
60.51
58.78
55
47.44
46.27
52.12
64.5
72.84
77.25
79
73.8
73.25
68
67.48
70.34
72
74.91
90.05
95.8
79.55
71.9
66.68
66.5
63
58.88
57.39
54.3
47.52
46.66
54.06
65
71.03
81.29
84.71
79
78.23
71.6
69.65
72.79
74
73.88
85.08
99.75
80
71.03
65.88
65.01
63.08
57
55.56
53
46.75
45.64
51.5
63.68
72.84
76.27
78
74.5
73.25
66.98
65.81
66.58
67.17
68.11
76.87928
84.18
73.42
68
63.99
62.91
60
58.55
55.97
51
45.44
42.5
43.13
53.37
63
65.15
66
65
64
60
55
55.96
60
63.5
70
73.01
74.76
69.86
64.49
61.99
59.64
56.8
49.3
38.74
36.35
32.43
31.2
31
39.85
57.93
62.36
59.7
57.1
52.34
50
50.02
60
64.99
72
80.08
76.41
72
70.22
70
60.88
42.36
38.43
34.22
30.6
31.99
38.43
57
68
74.98
75
72
70.13
65
64.96
67.06
68.85
71.19
76
75.1
72
68.03
64.2
62.02
56.73
46
39.1
35
31.69
30.28
41
58.71
66.98
74.91
75
69.74
68
63
61.64
65
68
71.63
84.98
90
80
73.28
65.5
64.1
61
42
36.824184
34.12
33.47
33.83
38
53.53
66.29
73
74.88
68
65
58.651171
56.1
61
65
69.93
82.77
87
76.29
68.71
65.01
60.99
55
43.76
39.63
37.12
37.68
36.71
39.75
59.85
65.01
77
75
65.14
64.36
60
60
63.17
65
69.5
83.86
89
74.85
68
64.851957
60.5
56.97
39.79
36.7
33.68
32
29.5
36.35
56.5
65
73.74
73.38
65.01
62.95
58
56.7
61.09
61.6
64.31
72
74.91
71.98
64.59
61.11
55
50.31
48.9
43.110315
36.93
32.68
31.89
32.83
41
50.07
61.6
64
61.96
60
55.8
50.04
50.03
50
47.15
55.27
63.72
64
60.3
52.431674
50.01
46
27.5
27.42
26.05
26.02
26.01
26.02
26.05
32
43.99
50
50
50
50
41.48
42.64
47.14
50.03
63.7
74.98
75.02
70.07
68
59.99
50.03
38.16
33.04
27.7
26.07
26.92
35.01
56.88
65.98
74.48
74.11
63.76
62.26
58
58
61.67
63
65.6
73.2
77.91
73.06
67.07
62.6
60
52.7
50.8
41.7
37.6
34.43
35.4
39.31
60
70.3
75.21
75
65.34
63.26
58.52
58.86
61.7
62.33
63.98
72
75.64
72
65.24
62.01
59
50
47.17
43.980254
38.17
33.07
34.6
42.09
59
71.71
75
75
64.2
63.249829
58
58.34
61.36
62.1
62.83
72
78.69
73.66
66.54
61.38
58.24
48.51
46
38.35
34.1
31.2
32.38
38.69
58.574298
74.02
78.43
78.43
73
69.49
63.04
63.04
64.83
74.98
75
74.91
90
77
69.4
63.25
62
53.301679
59.7
49.8
41.788533
38.32
38.32
44.22
57.07
71.92
75
75
67.43
65.66
62.82
60.53
63.59
63.57
66.03
73.91
82.3
75.87
69.59
63.25
62.82
59.9
61.56
59
53.8
48.74
46
50
56.83
71.92
70
72.22
65.7
63.78
61.9
58.26
58.28
60.33
63.94
72.36
90
78.4
72.51
69.12
65.5
59.5
56.77
50.1
43.57
39.495628
39.17
39.17
38.79
39.63
52.22
61
60.87
60.99
58.24
54.54
54.79
54.706238
61.75
65.74
77.38
78.4
72.51
70
67.6
58.41
48.3
42.9
38.29
35.1
35
39.17
57.53
67.49
75
77.9
74.98
74.5
64.1
64
66.62
68.74
67.05
72
73
71.5
65.35
63.59
63.25
57.99
57.1
53.93
46
45
45.3
54
61.59
70.3
76
77.9
72.542685
69.15
63
62.57
64.06
65.08
67.59
74.74
84
76.17
67.7
64.18
64
60
61.3
60
58
53.8
52.78
60.11
66
68.75
75.98
76.97
74.91
69.96
63.65
63.61
67
68
67.6
73.84
85
75.03
68.01
64.07
64.09
60.93
54.45
52
48.11
45.11
44.65
49.5
58.45
64.54
70
73.85
67.55
65
60
60
61.76
63.26
64.08
71.38
81
73.62
65.56
62.01
60
53.787965
52.744525
48.2
43.03
40
39.63
46
60.2
66.5
73.49
72.15
70
67
60.37
60.37
62.02
63.26
64.02
70.08
81.01
73.12
65.8
62.41
61.8
55.4
61.05
57.51
50.1
47
45.27
47.69
56.01
60
64.27
64.23
62.29
59.65
56.23
53.35
52.05
55
61.2
70.08
92
95.45
76.592638
64.02
64.12
58
54.14
46.9
42
39.16
37.02
38.72
37.58
39
44.57
50.01
50.03
50
50
43.8
42
44
50.02
64
74.98
76
72
64.19
61
54.86
49.13
44.4
41.97
38.32
36.685227
41.97
62.3
71.72
85
79.99
75
70
62.37
62
64.08
69.85
75
85
88.32
75.3
67.61
64.51
64
60.07
60.8
59.25
55.9
51.25
52
59
64
68.25
75.72
74.88
67.9
64.32
59.9
59.9
61.5
63.03
64.83
72
85
79.555447
69.89
64.77
64
63
61.9
60
55.84
50.1
50
59
62.6
71.21
79.99
80
70.12
66.3
62.36
60.53
62.35
63.53
67
75.12
120
88
70.15
64.25
64
61
58.5
53.93
50.01
48
48
53
61
65.66
75
76.88
68.5
66.17
61
59.9
62
63
64.64
72.45
90
82.81
68
63.61
62
59.07
56.38
52.58
49
46.5
47
50
60
65.27
72.84
75
70
65.91
60.37
60.01
60.05
61.06
63.34
69.26
85
77.26
66
62.62
61.64
58.53
58.53
56
53.01
50.1
48.99
51.4
54.93
59.952643
63.93
64.28
63.05
61.1
60
56.04
53.9
52.13
57.9
61
72
76.05
64.750569
60
59.4
55.1
61.8
60
56.32
51.1
49.3
45.08
45
46
55.32
62.3
63.88
64.25
62.13
56
54.12
52
56.04
63.24
75
85
72.87
70.35
68.1
62
56.65
51.7
49
46
45.27
51.01
61.68
66.49
72.76
73
69.84
68
62.87
62.53
63
62.89
64.98
70.08
95
88.81
71.77
64.51
64.22
61
61.9
61
59.5
53.8
52.99
58.824517
66.9
72.31
80.14
82.28
75.12
71.93
64.95
64.95
66.85
69.79
71.11
74.5
117
111.95
73.6
68
67.36
63.9
59.68
58.4
56.17
53.02
53
56.37
64.31
68.35
75
75.6
73.7
72.05
66.13
65
65.13
66.97
68.05
71.277706
100
95
71
66.49
64.95
62.01
56
55.3
52.07
50.1
50.03
52.53
60.43
64.95
72.21
72.14
67.91
64.71
60.01
59.56
60.01
60.55
63.14
69.26
85.94
86.99
67
62.99
62.29
58.646865
56
55.3
52.07
50.1
50.03
52.53
60.43
64.95
72.21
72.14
67.91
64.71
60.01
59.56
60.01
60.55
63.14
69.26
85.94
86.99
67
62.99
62.29
58.646865
57.01
56
52.5
50.07
50.15
54
60.81
65.99
70.02
71.64
65.85
64
60.03
60.35
61.11
61.33
63.14
67
83.3
85
65.52
63.35
63.24
61.68
61
60.45
58.5
55.66
53.69
54.8
58.536487
59
63.59
65
63.55
62.66
59.9
56
54.42
50.21
55.69
63
75.23
85
67.99
61.35
60.49
58.39
59.24
56.54
51.82
46
44.5
44.09
43.1
40.8
44.6
50.3
47.43
45.22
44.5
39.4
39.68
41.08
50
61.53
79.27
95.02
86.28
68.18
66.08
61
60.94
55.7
49.91
44.5
43.09
49.3
64.95
72.87
75
72.2
67.06
64.95
58.6
59.4
62.51
64.7
65
72.49
95
89.9
72
64
64.9
62.04
59.21
53.88
48.5
43.87
43.21
52
61.9
65.92
70.02
69.754889
65.52
63.94
59.56
59.87
62.53
63.201359
64.8
68.99
85
84.92
66.56
63
62
55.74
59
56
52.69
50.1
48.2
55
67.91
68
76.55
89.85
89.85
75
62.95
62.79
66.07
68
68
67.99
85
85
69
63.82
63.39
58.13
52.3
48.67
45.05
41.58
41.53
48
61.9
65
72
80
71.78
67
62.95
62.9
63.82
64
65.19
69
85
85
67.14
63.5
62.51
56.5
45.98
42.2
36
31.4
31.31
38.98
59.02
63.79
68.89
74.88
68.98
69.58
62.72
63.21
64.09
64.4
64.95
66
82.05
82.45
67.35
63.21
62.25
51.3
46.749717
40.89
37.63
31.3
30.09
32.02
41.89
56.17
61.68
63.992272
59.9
53
51
45
48.05
47.63
54.4
63.38
72
81.95
66.57
62.5
59.19
50.19
36.89
30.09
30.03
30
30
30
30.01
30.03
30.04
30.06
30.04
30.1
35.46
30.02
30
30.02
30.08
43.09
67.35
80
71.82
65
60.7
43.09
40.46
34.3
30.08
30.01
30.02
30.1
55.16
64.01
75
79.04
73
73.8
65.07
65.6
69.99
70.46
73
68
82
87
69.7
64.38
63.98
54.34
52
42.88
40
37.34
34
40.28
61.9
67.35
75
76.02
75
72.4
64.647839
64.46
67.36
70.72
73.88
72
92.579229
96.42
76
66.38
64.45
59.34
60.91
55
50.19
45
43.6
51.3
68.74
75.67
85.3
85
83.73
78.8
72.35
72
75
75
75
85
100.23
123.19
85
72
70.18
65.62
72
70.85
68
63
63
69.95
81.03
80.07
100
100
100
86.6
76.3
76
78
78.65
75
82.88
104.9
130
85
72.12
70
72
65.2
66
63.9
56.1
51.74
58.13
71.45
75.59
90
88
83
75
64.2
64.39
64.95
65.6
65
69.544142
80
92.5
78
66.86
64.48
64.95
60.7
58.5
53.57
46
42
45.15
51.66
60
60
60.46
58.7
52.01
47.9
40.8
39.5
41.63
49
62.72
74.88
91.256182
73.2
64.95
61.67
56.58
59.53
50.51
44
39.1
38.82
38.58
38.58
33.74
32.097552
34.5
36
37.09
40
30.09
30.08
34.71
39.1
56.223908
72
90
79.23
70.04
63.57
54.1
51.3
45
40.84
37.75
36.29
43.21
61.99
70.03
87.45
85.01
83.3
75
65.33
64.22
64.55
64.55
65
68
79.23
86.15
71.3
66.01
64.85
62.94
56.03
52.72
48
42
41
51.04
64.99
70
76
76
71.22
65.76
62.23
63.19
63.52
63.55
65
72
83.72
92.51
72
67.03
67
63.9
55.58
50.1
44.49
39.41
39.6
48
64.31
68.9
74.5
76
71.5
68.11
63.81
63.86
65.78
67
69.95
72.4
83.8
94.32
72
67.6
65.55
62
66
59.8
54.5
48
47.14
55.66
70.57
75.49
78.23
76.61
71.8
69
63.04
63
64.25
64.12
65.75
70.61
84.5
104.3
79
71.08
67.03
66
59.65
54
48.59
44.35
44
51.94
64.71
75
74.1
71.25
65.9
64.17
56
55.66
62.2
63.86
65.9
74.57
89.5
109.95
76.9
75
69.98
71
81.03
78.66
75.75
73
74
75.75
71.7
75.39
89.99
100
79.87
69.98
63.63
62.02
63.55
64.95
70.01
72
100
140.06
130.02
79.87
70.04
69.09167
80.01
64.95
60
54.96
51.99
55.6
51.99
45
58.08
64.6
66
66.5
66
62.52
62.02
63.96
64.62
69.98
85
130.01
129
86.9
72
64.77
70
55.6
50.1
49.98
49.98
62.06
77.75
83.01
92.63
90.01
85.01
82.47
73
72
75
75
75.01
76.62
89.31
115
80
72.46
70
68
65.5
61.3
55.5
50.1
50
55.6
66.01
78
88
87.6
80.01
75.13
65.51
67.1
70.37
70.6
71
73.45
83
111.7
83.61
74
70
68.54
70
66.64
61.49
54.07
53.2
59.6
69.89
82.23
89.34
87.55
81
78.56
68.8
67.1
69.16
69.17
70.38
75.64
85
118.61
87.2
75.14
72
70
67.31
63.8
60.66
57
54.57
59.98
66.65
81
89.1
89.52
85
82.85
74
73.42
76
77.65
78.96
84.93
93.13
120.1
87.5
75.65
70.56
67.65
65
62
56.13
54
51.01
58.5
64.73
77
89
90
85
85
74.25
72.46
74.25
74.8
74.95
77
85.93
105
81.3
72
69
65.05
79.37
75
72.1
72.75
72.1
74.88
69.98
72.75
75
84.34
85
90.03
75
75
77.82
75.9
75.15
72.33
84.9
120.01
104.98
75.06
70
64.64
79.42
70.51
0
64.95
64.95
69.98
64.65
63.79
64.39
65
64.94
66
64.65
54
54
63.41
63.42
63.46
64.95
81
104.98
81
74
58.5
74.61
64.842362
55
55
55
63.451098
63.89
65.03
62.02
62.02
62.02
62.01
62.01
55
54.04
54.01
54.01
62
62.02
81.44
95
84.34
72.25
69.79
74.49
63.04
58.5
57
58.55
70.15
81.08
102
110.1
120.07
120.05
111.8
86.03
80.13
80.2
86
81.63
82
85
89.99
94.53
79
74.1
70.51
62.03
57.73
52.2
49.26
49.51
57.89
71.49
95
110.08
120.05
116.51
105.9
77.25
73.25
75.36
75.26
76
74.1
78.31
87.59
101
81.18
71.09
66
57.85
51.37
45.32
40.63
40
44.42
65.36
79.35
95.34
98.77
87.74
80.16
64.95
63.22
63.22
63.55
65.14
69.35
71.05
79
87
71.25
65.83
63.45
54.89
50
45
39.59
38.04
45
62.52
69
80
83.65
80
78.65
67.46
65.73
66.49
65.73
65
65.72
70.1
74.52
74.86253
65.7
64
61.2
78.14
74.45
69.99
65
65
65
74.45
69.99
74.45
74.33
67.5
64.22
62.93
56.3
56.47
55.230086
56.11
55.7
69.99
90
95
75.15
70
65.72
69.99
59.39
54.02
50
50.51
48.4515
52.46
47.16
51.1
58.5
59.48
60.57
54.9
45.06
37.91
35.9
37.8
42.25
56.2
68.2
81
74.52
66.17
64.17
69.4
59
55.6
50.48
53.15
58
82.05
105.05
113.834128
120.02
115
104.98
77.95
76.48
77.25
77.5
75.15
75.48
77.74
90
100
79.16
71.77
69.99
68.07694
61.55495
53.7
48.14
47.8
56.19
72.45
80
93.7
97.38
90.75
80
69.99
69.05
71.99
72.18
70.1
70.84
72.727326
81.98
87
72.21
65.92
64.62
57.12
51.52
47.24
43.1
42.38
51
66
74.2
82.9
85
77.288255
75.2
66.48
65.36
67.17
65.33
65.87
65.9
70
77.17
80.75
70
67.45
64.25
52.46
44
39.4
35.74
36.1
39.41
57.31
69.99
79.16
81.35
75
71.1
63.2
61.07
62.5
63
63.16
64.35
67.5
72.77
79.95
70.3
63.24
58.7
50.53
40.85
35.1
30.81
30.81
37.13
60.91
71.54
92.55
85.3
76.5
75
64.99
63.5
65.92
66.11
65.98
65.1
66.96
72.93
79.03
72
68.211389
72
81.02
80.44
74.43
69.99
65.708532
74.43
76.47
75
79.16
75
65.84
55
43.24
35.82
34.25
35.53
40
55.7
71.93
104.15
130
104.15
76.48
70
75.936404
65.09
54.02
52.1895
52.2
52.2
46
35
30
27.68
20.5
10.99
10
5.07
2.3
8
9.6
10.05
42
69.98
87
79.45
68.76
66.29
77.95
68.02
52.765246
54.3
56.68
72.67
69.99
77.95
85
76.41
69.9
64.41
54.7
53
58.5
59.46
62.87
64.35
69.5
90
110.02
90.8
71
65.86
55
40
35.2
35.56
33.9
43.2
62.833229
70
84
77.95
70.88
65.25
55.02
50.8
55.02
58.5
62.55
63.03
67.095026
77.95
89.9
77
67.12
63.807873
43
35
30.41
30.2
30.1
35.55
52.1
64.74
72.7
66.5
62.1
56.807174
42
36.1
45.51
43.7
48.1
52.1992
63.79
70
90
70
64.87
50.9
36
30
25
20.53
20.01
30.32
52.912584
64.61
71.69
64.15
57.32
47.99
35.56
34
37.04
45.6
60
59.12
64.738011
85.93
110.01
78.08
64.87
58.21
44.55
35.56
30.32
25.2
29.016242
35.82
61.787776
69.99
90
77.99
68.43
60.02
52.2
50.15
60
56
56.45
56.4
65.48
92
130
87
72
64.76
69.99
61.53
55
45
40
52.2
56.4
64.55
72.7
69.99
65
64.95
59
36.1
35.12
36
44.55
50.131726
63.87
79.36
130.02
87
66.5
58
56.5
30
20
20
20
20.8
16.68
14.92
19.48
20.3
21.52
18.2
13.24
0.02
0.2
4.5
5.2
14.586802
30
64.31
104.98
77
65
56.4
30.03
25
25
27.19
24.1
40
58.84
70
82
73.63
66.5
65.03
59
58.62
64.34
64.62
64.32
60.1
64.75
77.45
103
72
61.41
49.55
33.37
25
20.56
18.63
18.4
30
49.72
64.71
75.94
69.99
65
62.79
51.39
46.05
51.024736
50.21
47.11
46.75
61.77
76.59
122.3
75.94
61.067873
50
43.330492
30.03
23.73
20.25
20.25
30
56.4
64.69
70
65.19
56.64
48.72
38
35.26
37.7
38
40.46
42.02
58
76.77
125.3
85
66.07
63.33
75.01
67.01
60
54
45
42.69
38.01
54.14
48.5
39.31
32
26.29
18.25
11.46
13.97
15.77
23.69
38
64.96
78
131.3
115
70
65
71.91
55.01
54.89
50.09
51.5
59.99
67.94
90
90
90
79
70.25
61.11
59.01
65.5
74.75
73.5
75.01
80
114.82
135.04
130
70.06
66.5
68.444528
59
49.54
45
45
52.40919
55
63.42
63.14
58.774513
56.4
52.2
58.01
48
46
38
35.51
40
56.87
72.36
105
80
64.9
56.4
53.32
37.63
37.62
37.22
36.96
37.22
30.33
30.33
30
24.63
22.88
22.88
20.84
17.57
15.54
20
25
36.96
60.6
74.8
125
95
70
65
63.5
55
38.2
38.2
38.2
55
64.7
90
105
105
95
110
74.92
86.04
86.05
86.05
88
77.79
73.24
100
146.26
100
71.05
64.9
61.25
50.32
39.960175
38.2
39.77
54.12
63.5
77.55
105
110
95
105
63.86
63.5
64.52
66.65
71.81
72
71.16
85
150
87.64
68.13
64.62
74.91
65.41
58.4
55
50
44.600674
34.326392
20
20
15.49
10
5.25
4.25
0.1
4
5.25
10
38
55
64.87
103.17
79.3
64.4
60
60
39.56
36.49
36.49
35.22
37.86
62.05
70.95
92.7
90
88
82.32
64.73
64.74
74.03
74.75
75
70.95
71.52
78
124
85
67.75
64.47
65
55
45
41.02
42.56
56.6
63.5
76
90
81.37
66.82
63.79
58
63.5
67.39
72.36
75.212419
72
74
94
128.96
94.56
70.95
67.01
70
60
60
56.77
55.01
59.23
56.45
64.44
70
71.05
61.7
49.660169
30.28
22
20.1
21.15
30
52.3
65.25
84.2
104.95
85
68.46
64.5
59.23
44.54
33.1
29.68
23.610695
29.68
20
16.3
20
21.225548
21.28
27.22
24.001224
20
19
21.83
25.913073
39.649519
60.6
74.01
87.04
85
67
64.57
50
29.77
26
25
24.51
35
58
74.01
90
90
84
85
63.5
64.69
70.02
70.03
74
63.97
65.76
70
74
73.06
62.23
50
29.54
22.81
20
18.91
19.01
24.52
40
63.5
81.687452
79
66.29
64.66
49
46
58.06809
62.54
64.37
64.32
68.87
76.72
80
74.02
63.5
54.795123
35
24
20
20
20
28.58
45.62
64.25
79.24
79
70.55
64.72
40.01
40
50
59.5
60
62
65.77
67.16
70
70
59.5
60.94
40.56
26.583624
20
20
20
29.68
38.667703
60
74.02
66
55.5
37
17.844011
15.32
20
40.01
55.45
55.5
62.39
63.34
66
66
55.5
56.6
35.404988
29.78
28.244829
25
27.36
32.062453
40
60
79
77.877986
62.476809
61.41
52.5
52.5
61.11
63.48
61.99
61
64.82
67.07
73.35
98.21
67.07
60.98
62
60
60.5
60.5
60
56.888694
55.089061
62
63.93
63.79
40.354374
35.9
27.38
17.02
16.35
19.6
22.35
35.98643
59
64.99
85
84
66.74
62
62.5
43.024098
35.31
35.06
35
35
29.49
20
20
21.09
18.606086
13.46
10.6
6.64
7
9.7
14.17
35
52.02
70
130.4
99.99
70.01
64.32
58.33
50.688212
40
36.24
40
55
63.02
72.94
105
90
63.95
48
41.66
39.27
40.69
50
58.01
56.3
62.15
63
65
64.76
61.5
56.3
35.06
30.003584
25.084296
20.51
24.962561
33.12
43.69
58.58
74
65.83
61.27
50.8
39.43
38.52
47.172444
60
61.5
62.3
65.12
65.19
71.74
73.3
61.5
56.3
47.98
30.03
29.57
25
25
30.03
56.3
62.65
78
74.22
63.94
62.4
45.876838
52.2
60.01
63.43
60.797274
60.52
62.44
64.45
64.79
66.02
49
45.992745
45
30.03
27.08
25
25.71
30
43.66
62.49
95
100
97.56
100
72
70.02
72.94
76.96
76.96
62.55
61.5
65.7
72.86
72.92
62.56
56.3
48.281108
29.38
24.03
20.27
20.6
29.57
43.44
61.5
78.27
85
76.96
80
64.57
63.69
63.92
63.41
61.5
45.5
58
62.79
67.415927
73.87
64.57
62
79.02
72
60.04
54.999283
55.01
54.99
49.644222
46
62
57.61
32.45
25
21.71
17.03
15.49
16.4
20
40
62.5
77.23
89.95
89.391785
70
65.15
77.66
58
50
38
35.62
29.61
15
10
11.89
12.32
11.3
9.4
6
3
1.61
3.25
4.56
8.18
23.96
64.770507
89.95
98.11
68.41
62.6
56.03
33
26.742433
26.781578
29.61
52.2
61.42
67.35
90
78
61.5
25.43
17.73
15.77
20
50
50.98
52.2
50
50
58
51.56
35.61
30
31.22
21.39
20
18.73
19.47
21.69
36.86
52.65
70.75946
64.86
60.959941
51
43.8
44.74
47.08
55
59.92
60.42
62.15
62.81
64
63.52
46.5
40
34.71
29.23
23.86
23.25
24
29.73
50
62.909361
82.25
68
61.5
55
46.28
42.99
50
60
60
59.92
62.09
62
62.96
61.5
45.71
38.61
37.28
29.48
24.44
21.5
23.93
29.4
41.12
58
68
68
62
60
51
48.31
49.85
49.7
50.8
52.8
60
63.82
63.88
63.92
60.03
50.7
42.25
33.6
29.31
25.82
29
32.9
46
63.9
69
68.01
62.25
63.929504
55.73
52.36
52.7
54.3
52.9
56.01
61.72
63.87
64.26
70
64.69
61.87
65.01
50
35.84
34.23
35.4
33.16
35.98
50
60.4
59.08
52
52
48.7
44
38
36
35
37.09
41.7
52.32
65.39
64.56
60.5
58
50
35.34
25.5
20
20
20
17.8
15.7
17.9
17
13.8
14.5
14.56
10.31
8.27
9.5
13.54
22.02
32
61.7
95
99
74.35
61.8
61.67
50
29.61
29.61
35.84
54.462309
63.33
76.5
120.04
90.099943
70
65.11
59.44
56
58.01
60.42
58
60
64.36
66.2
72.35
69
61.81
56.8
45.64
33.07
29.53
29
29.53
32.23
46.482686
60
82.5
80
69
66.54
62.400243
64.25
70.02
70.02
65.33
64.12
64.11
64
63.17
61.92
60.02
53.5
50
34.31
31
29.54
29.62
32.62
46
62.51
84
85.018903
65.46
66.11
62.01
60.29
60.98
60
62.01
60
61.191105
62.51
68.25
70.81
61.85
51.492259
37.8
32.59
30.35
29.62
29.5
31.09
40
60
75
90
74
70
60
60
64.08
70
63.08
58.01
61.74
62.99
84
74.33
61.5
54.8
34
29
24
20.27
21.38
25.05
35.23
52.56
74.32
90
68.825818
65.04
60
58.02
61.5
63.14
58
50
60.12
61.74
68
80.492628
68
62.511765
64.31
60.5
53.1
47
45
34
36.2
50
60.5
60
46
30.42
28.96
22.68
20
20
29
55.01
65.45
95
148
120
91
64.66
67
60.5
55
49.99
49.99
37
20
20
20
11.89
9.32
3.5
1.19
0.46
0.76
2.36
10
28.81
47.79
65.05
101.14
109
94
64.01
61.5
60
51.759539
50
50.99
56.99
61.22
69.38
95
85
62.25
59.81
45.67
43.38
50.99
55.964331
60
60.33
61.27
61.21
61.21
61.5
54
50.57
45.34
33.12
31.38
29.86
29.8
30.9
44.696259
57.74
75.53
73.63
61.53
62.27
54
52.629087
61.5
62.91
64.43
64.02
65
67
68.83
70.78
61.54
61.49
55
39.75
38
31.610178
35.604458
39.443633
46.215133
60
75.55
76.48
64.301902
64.8
60
60
64.11
64.63
64.37
64.4
65
66.68
69
74.74
62.15
61.53
50
37.198815
33
30
31.7
33.755363
45
60.5
72.606322
72.25
61.7
57.19
39.68
38
43.52
58
60.5
63.43
63.89
62.99
64.12
70.25
60.63
60.5
43.417219
35
29.86
29.75
29.78
29.86
42.52
56.23
65.29
63.56
50
42.1
31.5
30.69
33.24
47.328145
50.18
54.522019
61.453037
61.75
56
64.36
63
64.19
77.14
65.47
64.95
62.15
58.5
58.5
54
54.851814
56.595278
46.874657
36.594878
26.025996
17.4
13.3
11.98
14.64
17.75
43
51
58.5
58.5
61.73
61.61
62.15
79.842853
68
60
49.99
49.51
44
33.378642
31.2
31.2
31.2
27.977991
18.52
15
10
6.67
8.83
15.33
45.64
61
67.98
82.55
94.65
76.49
62.73
59.5
43.53
38.840613
35
39.78
54
59.248236
63.53
90.803959
75.86
60.79
59
47.25
46.48
50
51.9
55.14
56.25
58
60.64
61.46
62.15
55.02
45.64
43
28.259071
21.93
21.3
22.13
25.2
37
53.861816
71.88
65
55.61
50
35
35.4
36.33
50
58
57.67
59.92
61
60.53
62.96
57.784765
55.02
29.54
24.14
20
19.1
18.67
20
33.6
45
60.53
57.5
43.4
42
32.1
30.3
31.65
35.2
40.01
40.01
53
60
61
63.77
53.318014
32.91
30.05
23.92
17.70645
17.5
17.716937
19
30.5
41.88996
55.5
53.951422
39.15
37.09
31
29.7
31.65
33.22
40.02
40.03
55.5
61
62.15
63.27
55.5
55.5
41.692964
30
18.94
17.787147
17.780152
20
42.925904
58
63.6
62.15
58
58
43.53
47.101345
57.04
58
60.5
60.5
61.09
59.08
58
62.94
61.42
64.71
77.86
70.4
64
55.85
55.01
52.99
43.53
56.32
61.46
58.62
47.42
33.66
17.061274
12.5
11.89
15
23.29
43.7
58
64.99
64.43
74
62.98
61.62
77.75
63.27
57.4
50
49.99
37
28.65
21.5
15
10.2098
8
4.86
1.98
0
0
1
11
29.51
54
65
100
120
95
75
72.33
63.27
60
56.99
59.08
63.27
63.27
71.9
85
71.9
65
61.594637
44.94
50
56.6
60.97
64.96
68.14
67.1
71.91
96.4
100
69.44
63.37
62.15
53.400445
30.15
28.73
27.68
30
48.271943
59.8
70.35
70
64
63.37
52
51
59.92
63.4
65
68.59
68.32
70
70
71.92
62.15
56.79
69.98
59.96
54
46
46
51.9
58.5
64
95
90.183069
90
90
64
63.46
67.71
75.97
76.49
67.91
78
91
95.61
100
75.97
65.74
68.49
62.5
57.61
54.65
54.65
55.09
61.63
62.93
82
90
80
68.33
63.8
64
71.806159
80
90
90
95
95
95
96.763365
73.92
65
62.14
53.2
44.99
37.711681
37.748245
41
55.5
61.7
73.99
82.653866
68.24
65
59.81
56.2
59.92
63.37
69.99
71.92
70.3
73.99
78.79
85.472162
68.16
64
75.56
71.92
71.92
68.65
68.65
65.97
62.01
62.81
65.33
67.187293
62.87
61.63
45.91
30
30
35
57.68
61.63
65.33
85.01
90.08
100
77.98
64.76
63.5
61
55.88
49.99
47.996106
40.19
27.791236
13.8
9.3
7.64
2.248008
1
0.1
0
0
0.67
3.98
14.117502
45
60.95
75.18
85.01
74
61.71
45
42.98
28.68
28.6
28.6
23.09
32
49.99
60.08
64
60.79
61
59.21
58.58
60.8
62.41
68.5
63.14
60.06
62.3
62.3
66.5
59.88
53.66
40
30
22.65
21.09
25.34
32
51
58.513748
66.8
71.76
62.42
61.24
57
54.905796
59.05
63.092518
68.54
66.28
66.6
68.37
70
72.44
64.94
61
60.01
57
49
44.78
44.78
49
55.99
59.04
68.5
73.66
65.21
62.03
58.89
58.3
62.03
64.2
67.99
67.99
66.14
68.55
69.59
69.46
62.24
58.89
60.07
55.13
50
44.77
44.77
47.894451
51.490247
59.45
69.36
73.72
65
61
57.3
55
59.96
64.51
66.24
67.8
66.7
69.56
68.04
68.55
62.24
59.66
59.57
55.84
48.219764
44
44
45.99
54.69
59.5
72.46
76.76
68.55
62.57
57.8
57.8
60.3
62.332974
62.5
63.376295
62.5
65.88
68
69.46
64.03
61.64
72.99
62.331482
59.58
54.99
54.7
50
49.6
53.9
58.14
59.38
53.44155
37.01
29.5
20.85
18.77
18.77
20.6
30.28
46
59.62
64
65
62.5
59.87
75.94
65.2
56.9
50.690429
50
49
22.09
14.78
15.31
12
8.8
8.38
3
1
2
2.77
8.46
17.428435
50
59.5
69.3
89.01
74
61
82.02
74.98
72.46
71.04
70.14
72.46
64.53
62.81
95
79.25
70.35
68.34
61.65
62.04
65
68.55
78
76.82
74.55
72.46
74.55
74.98
69.09
72.45
69.62
68.64
67
64.53
64.53
67
64.53
63.93
83.88
79.25
67.9
65
58.43
59.81
62.39
65.54
72.45
74.99
72.44
82.01
75.82
85.68
74.98
68.64
60.04
58.16
57.44
56.75
55
58.69
58.51
60.63
72.27
73.304335
68.43
70.92
62.5
62.51
75.668346
74.09
72.72
69.82
64.98
66.98
68.41
69.98
64.37
60.15
59.2
58
55
50.8
47.445015
50
57.44
62.5
80.791542
88
79.157606
80
74.28
72.27
69.95
74.98
73.71
73.87
68.41
69
68.41
69.84
65.76
62.5
60.5
62.12
58.4
53.83
52.2
54.3
59.74
61.8
77.16
84.04
72.27
68.4
60.32
60.56
61.81
66.388089
69
65.94
65.33
67.99
68.48
68.98
64.979455
62.36
71.98
62.03
60.04
60.04
66.7
65
59.89
64.99
68
68
64.99
62.75
49.51
24.198156
24.75
52.99
59.35
63.525561
65.53
68.99
74.98
80
71.75
68.99
72.29
65
62.03
59.25
58.17
49.99
29.9
32.833887
46
30.63
25.34
28.45
34.66
20
20
50
52.99
59.25
60.27
68
68.13
80.8
71.75
67.69
60.04
52.66254
50
44
46.7
50
59.89
61.51
73.4
69.74
63.63
61.897977
59.8
60.11
64.7
69.781975
69.36
69.36
66.81
68.98
69.35
69.941711
64.7
62.04
62.5
62.07
58.4
54.58
55.99
60.04
59.87
64.7
99.95
89
74.98
67.86
60.07
60.49
72.98
76.62
91.13
89
90
99.95
79
75.85
69.75
68
61.362064
63.03
60
58.767383
59.87
60.05
59.87
65
75
72
65
64.5
59.12
59.66
65
69.17
75.7
75
73.85
75
73.85
71.98
67.46
64.9
60.05
57.99
57
51
53.69
57.99
59.12
61.12
74.98
73.7
66
65.53
59.81
60.01
66.52
70
70.4
68
65.701714
65
64.5
62.81
60.68
60.12
58
57.99
53.69
50
50
55.02
58.69
59.96
74
73.7
74
73.263079
63.64
65.53
65.53
65.53
70.4
66.93898
68
69.75
68.64
65.683834
64.5
64.5
77.07
76.11
71.51
67
65.03
65.88
62.05
63.06
65.81
66.057443
64.9
63.51
60
53.69
57.99
58.74
62
64.9
69.52
73.47
72
78
69
65.16
76.38
68.94
67
66.5
66.5
64.6
58.19
59.11
56.81
58.02
50
36.43
26.585367
16.191202
15.27
17.233035
28.05
57.61
64.68
68.4
65
78
69
60.9
64.5
59.64
56
46
50
52
59.08
59.68
67
68
64.5
61.59
54.21
56.01
60.55
64
67
68
65.65
66.75
65.86
65.27
64.5
64.7
63.885755
59
55
52.2
50.83
54.09
58.3
61
71.650171
71.498903
68.56259
66.5
57.65
59.228762
62.16
68.269934
73.47
71.961743
68
74
74.98
74.02
65
61.55
58.99
58
51.947679
50.73
50.494228
52
58.78
62
70.12
70.11
68
64.5
56.02
59.88
64.5
70.08
75.65
74
70.11
74
74
71
66.43
64.5
60.757394
65.32
60.09
60.01
60.01
60.09
60
65.08
70.14
69.610023
66.82
66
57.47
59.12
66.5
69.58
74
75
68.28
74
71
71
68
66.43
66.5
65
59
58.7
58.7
59
59
66.5
73.598413
73.13
69.17
68.5
60
60.672251
66.26
68.5
75
76.72
75.04
80.17
75.63
74.43
66.5
66.5
70.13
62.76
62.07
60
59.75
59.08
59.06
59.97
63.57
63.11
58.83
50.73
42.5
33
32.68
42.09
57.62
63.17
68
74.44
77.75
83.07
70.12
68
71.57
66
62.12
62.35
60.07
60.936089
57.84
55.06
54.473253
42.09
29.9
29.1
26
23.94
22
24.99
45
58.7
66
75.14
78.48
90.62
75.39
72.42
59.55
59.55
50
45.660087
49.049885
55.99
59.44
59.767872
67
66
64.01
63
54.6
52.82238
60.19
63
65.87
66.15
68
68.64
71
74.16
65
64.5
64.78998
62.05
60.01
60.01
59.55
60.01
60.01
62
70.09
68.5
64.94
62.72
57.41
57.32
62.05
66.05
70.92
75
76.07
77.15
76.5
76.23
65.19
64.5
63.51
61.01
61.01
60.51
57.120695
60
60
63.209482
71
72.5
66.1
64.78
62.05
64.99
68.38
71.54
75.99
76.64
76
80.02
77.75
80.01
67.98
65.01
65.15
60.03
59.53
58.04
59.25
59.53
64.5
65.64
76.23
77.29
74.24
72.5
63.73
65
67.65
68.661092
76.13
76.33
76.23
81.53
77.65
84
70.94
70
68.64
64.47
62.01
61.55
61.55
62.01
65
65.74
74.98
74.99
72.5
68
62.05
62
65.79
67.85
74
72.9
74.68
74.98
74.67
76.23
67.96
65.74
68.5
60.72
60.6
61.31
60
62
60
62
63.5
63.82
63.83
60.776542
45.62
38
38
49.749592
60.155929
65
65.52
72.5
68.5
68.5
64.87
64
70
62
60.76
59
59.55
60
40
41.195102
33.83
38.09
33.31
33.31
32.96
28.47
32.73
32.73
43.25
63.18
67
73.23
73.5
80.64
70
66.35
66.5
60.07
59.55
56.06367
55.99
59.65
63.04
64.6
76.48
88.58
90
90
69
69
72.99
77.04
94.64
98.52
80
84.99
84
85
71.28
67.15
60.17
55
50
41
43.25
55
59.78
63.07
69.42
73
67.32
66.15
59.454648
58.7
64.5
66.16
71.870365
73.985826
71.08
73
72.79
75
66.28
64.98
58
55
53.27
50
44.55
41.448396
54.45
59.85
66.88
67.58
64.5
62
44
41.02
55.122355
61.25
66.88
68.07
67.379867
69.53
68.08
71
64.85
63.03
55.02
53.08
49.98
46.443917
40
49.98
54.96
56.01
62.83
64
62
59.89
47.95
45.95
50.15
56.02
62.46
64.83
65.1
68.61
66.88
68.6
62.01
61.2
62.01
62.01
59.86
58.350258
55.02
59.86
55
59.81
66.05
66
61.57
60
51.7
50
55
59.81
63.03
64.5
65
67.55
64.98
65.39
60.21
60
70.03
64.96
60.6
60
60
60.31
59.62
63.5
64.51
64.64
60
58.71
51.49
42
50
56.77
63.69
65.02
74.98
87
95.03
95.01
75
69.52
64.88
64
61.5
60.39
60
59.7
55
56.625213
54.95
50
42
34.1
32.63
30.82
33.86
40
54.95
61.65
66.93
75.09
89
89.99
75.38
67.42
66.63
63
61.5
59.17
59.78
60.64
60
60.13
68
68.34
64.01
63
60
60
61.5
64.65
68.82
72.89
75
79.99
85.9
87
70
67.42
64.07
61.62
59.51
58
57.7
59.51
60
60.53
66.52
67.94
63
61.81
58.72
59
60.53
61.5
66.78
72.74
73.52
79.67
79.99
85
67.66
66
66.93
64.98
62.01
59.85
59.51
62.01
60
60.240384
67.94
68.34
63
62.86
60
60.55
64.63
66.95
71.54
76
78.55
91.7
92.87
92.58
75
66.93
71.76
63.91
63.91
62.03
61.53
63.91
65
62.635958
68.3
69.82
65
64.63
63
63.91
64.5
66.06
72.2
76
77.19
89.480733
91.26
91.12
68.82
65.55
60.5
59.87
56.284122
50.3
47.246893
55
57.7
57.7
65
65.02
60.02
59.9
50
52.429023
59.5
59.28
62.08
64.87
67.34
70.818052
69.84
74.98
66.22
64.98
65.12
61
60
59.78
59.66
60
59.66
60.9
62.72
62.31
59.7
59.3
60.87
59.14
55
55.14
59
63.9
69.39
76
85
82.70643
71
66.4
69.41
61.27
60.6
58.51
58
58
58
57.7
50
34.37
29.01
21.04
17.65
8.72
9.53
17.99
33.77
60.08
66.66
75.06
97.7
107.4
85
74.98
82.02
65
62.04
62.04
62.04
64.5
64.45
60.33
65.02
64.09
59.92
56
48.64
40
55
59.817262
63.19
65.790474
69.77
75
79.99
78.72
69.41
68.4
74.94
64
62.04
61.86
61.04
62.04
64.5
61.04
65.35
64.051836
58.59
58
55
55
57.7
59.61
64.5
66.71
70
78.55
90
86.98
70
65.01
63
60.51
58.51
58.51
58.05
59.01
60.55
58.406232
60.69
60.68
63.64
63.37
61.77
61
61.72
61.76
66
65.25
66.32
73.95
79.61
77.4
64.75
62.64
69.7
61.5
60.73
60.55
59.06
59.06
57.7
56.1
55
42
32.97
31.33
29.01
25.71
24.35
30
31.33
55
62.5
67.606315
75.69
78.2
66.95
63.75
62.42
59.06
57.7
55.32
55
57.7
58.55
58.58
60.33
59.32
59.27
55.43
41.78
38.076512
49.88
59.37
61.57
64.07
75
83.8
120.03
120.02
75
67
72
60.54
58.98
58.55
58.01
58.55
58.55
58.01
57.92
55.11
45.55
35.4
33.77
30.6
33.01
44.98
56.488298
62.09
65.65
79
114
94.64
74.13
66.98
73.32
66
63.88
60.53
60.33
60.34
58.76
58.55
58.55
57.7
47
34.37
30.51
29.01
33.77
49.53328
58.57
62.75
65.65
74.98
94.99
94.99
75.85
74.98
63
59.62
57
55
55
57.7
59.93
58.04
60.43
59.580009
58.06
58.02
55
52.99
58
60.26
66.88
68.75
68.76
73.92
79
80.75
67.99
64.01
59.71
57.7
54
52.01
51.7
55.32
58.04
58.03
63.88
63.88
62.78486
63
60.5
59.99
60.514869
60.5
65.36
65.99
69.4
74.98
79
80.75
65.25
64.98
58.239737
51.7
48.95
42.663366
42.46
48.96
57.48
54.54
59.5
59.5
59.82
59.13
51.7
50
51
55.93
61.63
63.88
66
70.76
75
73.43
63.383175
61.92
58.56
55.27
49.88
43.747698
49.332944
54.01
59.514094
59.2
63
59.32
58.03
57
51.33
49.85
50.638961
55
62
65.731638
69.98
75.98
85
78
65.39
64.21
58.86
58.5
52.99
50.62
51.7
57.7
59.76
58.45
63.68
60.38
58.82
58
54.85
52.4
54
56
61.67408
64
67.86
76
85.033994
73.98
63.51
61.77
66.5
60.09
57.91
57.02
57.02
57.02
59.02
58.61
59.98
59.02
60.26
56
55
56
60.01
60.51
64.68
65
65
72.65
85.49
73.43
64.32
64
64.98
60.18
59.02
57.83
57.02
57.02
55.88722
51.26
53.35
50
53
50
42.7
42.7
46
42.7
49.553128
49
60.2
64.98
76
73.19
63.881595
61.41
58.5
57.258423
53.991388
49.88
54.05
58.56
60.55
59.61
65.25
64.88
65
66.62
64.65
62.97
63.96
64.98
65.38
64.66
66
70
79
72.67
63
61.06
58.56
54.59
50
49.51
49.51
54.19
59.31
60.05
67.51
65.25
64.03
67.01
61.06
60.55
61.06
63.88
67.51
64.65
67.47
69.44
76.51
69.31
61.41
60.9
58.58
54.32
52.125448
50
47.458227
53.03
59.32
61.05
65.48
64.29
63.5
64.68
61.15
61.05
61.05
61.01
61.94
63
67.480738
69.89
79.57
68.96
62.27
61.05
58.06
57.05
53.04
51.775799
51.21
55.022033
60
63
65.48
63.4
62
62.28
59
59.62
59
59.5
64.47
65.02
69.27
72.22
85
68.89
62.5
61.61
61.81
58.5
55
51.961682
50.99
55.04
60
62.5
65.5
64.3
61.91
61
57.6
55.59
56.22
57.159863
60.5
63.01
65.59
68.99
79
68.26
64.24
64.15
75
60.03
59.278935
58.43
58.05
58.37
59.81
59.05
62
59.56
57.89
47.54
40
34.66
34.01
35
50
59.81
66.44
76.3
94.64
74.16
64.9
64.34
63
58.452506
57.91
57.56
57.05
57.56
58.4
57.42
57.05
55.09
35
34.1
28.93
20.59
20
28.93
41.67
58.24
65.13
72
91
74.37
65.15
65
59.99
58.5
56.99
55.42
55.99
58.55
70
65
73.93
71
68.32
69
60.5
59.99
60.72
61.96
66.4294
68.98
69.97
74.84
84
70
62.024867
61
59.02
57.55
55.81
53.47
52.360692
55.788153
59.95
61.06
68.36
68
63.839013
63.99
58.9
57.7
59.91
60.3
65
64.85
67
70.47
78.16
67.703699
60.55
60.02
58.53
56.37
54.98
52.83
52.16
55.22
60.03
63.58
70.74
70.3
63.88
61.11
59
59
59.91
61.25
67
69.3
73.93
81.14
94.399877
69.97
61.73
60.74
63.8
59
58.83
58.55
58.8
59.1
63.8
65.5
73.93
73
65.83
65
59.04
59
61.31
65.41
74.751827
73.93
76
98.59
136.150532
72.78
67.824894
63.8
67.91
60
59.02
58.83
59.02
59.5
68.36
69.95
74.85
70.69
67.5
67.06
60.617526
61.19
67.5
68.88
71.79
70
72.22
100.09
99
70
66.62
64.98
76.270434
67.94
63.9
60.96
62.53
63.9
62.49
63.18
64.98
63.612331
63.02
61.53
60.05
59.3
59.75
60.05
62.24
63.9
67.94
78
94.16
73.65
65.5
64.5
68
61.04
60.4
60
59.91
60.96
61
60.94
63.72
61.35
59.33
51.56
35
34.05
34.48
35.19
59.2
61.9
67.94
76.13
94.16
75
66.65
65.159222
60.74
59.05
58
57.83
58
59.05
63.36
65
73
70.68
66.65
66.93
63.02
62.04
63.02
65.26
70.75
70
70
84
91.35
69.039868
63.9
60.25
57.7
56.81
53.43
51.1
53.43
56.71
61
66.15
76
75.05
73.64
74.05
64.98
65
80
91.52
76
73.25
74.55
84.1
87
67.753027
61.7
59.5
51.04
48.464533
34.66
35.21
39.879404
50
60.55
64.59
76.59
86.25
89
108
68.26
69.471984
85.685508
80
74.85
71.91
70.743007
79.08
82.65
65.55
60.55
58
55
46.5
37.472696
36.81
35.19
48.41
59.91
61.73
68
66.79
64.98
65
60.55
61.04
61.73
63.14
66.45
65.14
67.02
75.52
75
65.14
60.13
57.98
59.55
57.5
50
50
49.9
57.21
60.03
64.48
69.97
69.73
65.1
63.24
59.2
58
60.39
61.45
63.99
64.6
65.9
74.84
74
65.95
62.156599
60
70.05
70.02
69
66
62.73
62.73
69.97
70
70.447658
66.26
60.31
52.3
41.44
37.5
36.181007
40
54.99
63.15
69.25
80
90.05
72.27
67.6
66.33
66
60.53
58.55
58.01
58.01
58.55
60.9
60.24
60.97
60.96
60.57
59.01
59
59.01
59.21
59.21
60.98
59.63
61.74
69.95
77
69.99
67.47
62.88
57.9
57.06
56.94
53.2
50
56.13
62.5
66.15
76.15
70.856911
66.28
64.98
59.9
61.73
62.93
66.27
68.7
69.99
71.25
91.077603
91.03
70.35
63.55
59.9
56.1
57.21
56.1
56.1
56.1
57.88
64.98
76.31
90.746304
72.6
68.68
64.98
59.96
60.56
63.04
64.05
68.68
69.36
70.38
83.120726
80.85
68.68
65
60.56
57.55
55.6
50.191608
50
50.63
56.1
63.05
69.97
77.67
72.63
66.6
65.33
62.13
62.35
62.58
63.05
68.68
69.36
70.38
87.876321
78.82
68.34
63.55
59.94
56.55
52.6
49.9
47.44
47.669675
56.11
63.19
70.03
71.93
69.97
66.28
64.98
60.55
62.03
62.37
62.53
67.18844
68
70.38
95.113568
88.49
69.322842
64.98
61.75
60.54
58.05
57.53
56.55
56.55
58.98
64.98
74.04
90
75
72
68.68
62.02
60.8
61.23
63
68.44
67.83
70.38
101
91
70
65.71
61.93
69.68
62.64
61.5
60.5
61.5
62.27
65.88
69.97
73.8
66.9
62
59.2
51.65
48.4
48.4
51.6
60.29
64.01
70.32
84.99
89.67
71.14
66.94
64.39
60
57.55
56.55
55.55
50
50
61.54
58.01
61.58
57.08
45
39.85
36.25
28.64
27.8
29.19
35.75
58
62.23
74
77.8
68.74
63.47
61.4
56.95
51.78
49.9
49.61
49.61
55.9
63.04
68.09
76
69.04
65.6
64
60.53
59.95
60.69
62.2
67.67
68.68
71.07
85
81.37
69.01
63
60.04
57.06
56.1
51.17
50
50.196684
56.1
63.95
71.166196
83.99
72.51
66.8
64.6
59.66
59.08
60.51
63.01
71.28
71.12
73.67
92.637151
79.79
66.68
62.92
59.38
57.21
52.81
51.27
49.9
49.9
50
62.4
69.3
82
74.85
70.86
66.51
60.3
59.91
61.65
64.5
69.66
69.51
73
95.15
78.12
66.5
61.76
59.4
56
53.471246
47
45
46.73
53.88
61.08
65.47
73
70.64
69.13
67.37
61.86
61.2
61.44
62.01
66.93
68
71.37
100.88
76.96
66.26
62.69
59.99
58.88
57.99
56
52
54.987972
56.1
61.48
67.248465
71.58
68.6
65.24
64.2
60.36
59.99
60.44
60.99
64.98
66.07
69.43
114.81
77.06
66.02
63.95
61.22
69
63.78
61.5
60.53
60.14
61.04
65
70
71.52
67.91
64.67
62.111685
59.55
56.32
59.04
59.32
60.98
65.24
73.38
129.98
93.2
74.03
67.47
65
62.12
59.55
60
58.06
58.06
58.55
62.22
62.16
64.36
62.58
61.27
60.05
60.04
59.372265
59.25
59.53
60.38
63.09
67.83
80
87.21
71.85
65.973773
64.28
56.9
56
50
46.738481
50
57.55
62.35
67.6
80
76
76
74.44
63.5
63.6
74.85
81
72.546959
71.4
71.58
87.99
80
69.95
64.79
60
60.01
55.01
51.6
50
50
55.36
63.45
68.04
76
74.17
70.23
66.42
60.62
58.6
60
63.9
69.26
71.74
74.18
97.45
80
69.25
63
58.2
59.1
57.88
55
55
55
58.23
68.45
73.54
87.25
78
71.42
67.55
58
58.1
61
64.67
70.23
72.49
75.44
140
81.36
70.08
62.03
58.55
54.7
49.99
46.73342
46
46
50.728284
62.22
70.73
90
88.189641
72.5
67.75
60.92
60
61.51
64.6
68
68.54
74
120
77.321506
65.1
61.31
58.9
61.07
58.215374
50.39
50
50.244538
58.58
67.86
70.45
93.71
85.992719
69.98
66.69
58.67
58.01
60.1
63.2
69.39
71.26
79
150
76.44
69.28
63.56
67.703143
70
65.58
63.81
63.51
64.01
64.5
63.966272
68.5
70.95
79.45
69.91
70.5
64.01
61.83
61.51
62.01
64.01
64.78
72.87
128.86
85.15
67.27
63
62.73
63.81
62.45
59.37
53.110489
53.1
55.37
60.46
60.46
62.43
66.5
64.74
64.03
64.51
63
61.22
62.46
60.65
60.86
67.51
86.64
75.440806
69.8
63.54
63
62.22
59.99
51.5
50
50
56.92
63
70.67
78.79
76
72.5
70.1
64.33
64.21
65
67.1
71.27
70.69
71.45
95.5
74.097042
65.96
62.02
61.13
55.35
50.079164
42
41
37.02
50.12
62.3
69.11
77.42
77.88
73.38
75.15
66
64.29
65.96
68.45
72.47
70.69
73.38
110
74.67
67.61
62.55
62.21
61.34
59.99
53.1
50
53.1
60.23
69.94
70.25
76.39
71.72
68
69
64
64.1
69.34
72.45
71.021932
70.91
71.41
110
70.68
67.7
62.81
62.22
55.11
50
42.7
37.01
37.01
49.85
62.28
68
73.94
73
72.6
72.06
65.97
65.58
67.81
69.46
68.99
68.19
70.11
93.002992
70.66
64.93
61.5
59
55
44.13
39.3
37.01
37.318905
50
65.899474
69.93
75.28
76.77
73.65
70.28
63.58
62.83
63.93
65
68
68.09
70.66
97.37
70.11
68
68
66.870897
70.04
68
63.71
62.5
62.108102
63.9
68
70.66
70.67
70.645179
68.5
66.05
63.53
61.82
61.48
61.580731
62.01
65.55
73.304623
98.74
78.85
68.34
64.1
63
70
63.25
61.3
59.4
59.4
61.16
63.52
66.41
63
63.5
60.63
50.32
44.31
37.7
37.07
39.254045
55.87
63.9
70
120.48
78.99
70.99
65.09
63.73
65.5
57.37
53.88
50
51.796186
57.5
70
71.4
78
75
73.58
72
65.5
65.03
68
70.09
68.45
70.39
73
94.87
69.01
65
63.98
61.399817
58.3
48.67
40.6
39.104201
39.132001
50
64.72
69.86
75.92
76.69
71.07
68.55
63.64
63.01
65.05
67.5
68
65.5
68.45
90
66.948299
63.61
61.16
55
50.96
44.64
38.405704
35.46
33.62
44.928753
64.636764
68.32
75.09
75.09
70.23
68.45
62.17
61.47
62.832513
64.21
66.63
64.45
68
86.94
67.71
64.9
61.47
55.17
54.48
43.46
40
36.42
36.42
53.164824
66.6
71.47
82.5
79
70.65
69.86
62.12
62.04
64.5
65.33
69
67.25
71.5
98.28
69.5
67
64.04
60.98
61.3
52.8
51.23
50
51.25
61.13
74.84
75.15
93.5
79
69.29
67.17
57.58
56.3
60.13
64.5
71.09
69.99
82.46
140.03
70.2
69
64.51
63.5
65.5
62.34
59.87
56
55.01
58.18
68.72
68.85
70
70
62.32
55
43.5
39.33
36.89
41.12
60.11
65.55
74.04
101
77
68.34
64.1
65
62.59
55.01
50
44.28
42.7
49.21
59.289595
60.33
60
60.11
46.7
36.89
32.46
24.57
25
32.46
53.45
60.88
70.29
97.320835
76.77
68.14
64.1
61.22
49.368951
37.014083
36.43
34.23
33
39.01
67.8735
71.61
81.24
75.93
71.05
72.22
62.36
62.55
65.5
70.3
80
68.73
75.15
100.5
75
67.2
63.73
61.48
58.727714
52.4
48
44.507045
46
53.88
70.01
75.15
89.471881
82.226553
69.17
67.5
60.9
60.82
63.07
65.88
70.6
68
73.22
101
69.72
65.5
64
61.54
55.47
50
44.10283
40.672493
41.01
49.678112
64.28
71.77
87.68
79.76
67.09
65.77
60.62
60.44
62.03
64.46
68
65.96
71.76
104
68.33
64
62.08
61.14
53.2
49.59
42.210136
36.646315
36.971033
49
62.44
68.45
85
75.184554
65.9
64
61
61
61.38
64
66.14
64.5
70.52
105
67.58
63
62.43
60.25
51.602706
45.703243
35
30
30
45.96451
61.25
63.18
83
70
64.5
63.18
54.51
54.51
60.39
62.98
63.762472
64.46
69.56
100
62.5
61.06
59.2
50
57.3
46
35.416731
32.5
32.5
32.5
48.590526
61.31
63
63
60.73
46
35.58
31.5
30.02
35.369451
50
61
63
67.909857
60
55.06
51.5
54.5
54.3
41.654704
32.42
32.42
30.80061
30.83
30.83
25
25
20
22.06
15
12.81
12
8
10.99
31
50.169335
60.42
68
69.49887
66.17
62.06
57.467039
17
10.2
5
3
3
12
55.83
61.58
73.519223
69.48
63.04
62.68
56.331816
60
62.37239
63.729621
64.46
68
74.532682
86.08
63
61.01
60
50
36
30.83
27.191706
25
25.114421
38.624192
60.79
62.458296
68.01
66.13
63
62.53
56
58
63
70
71.4
68
74.62
85
64.11
61.42
60
55
52.82
40
29.9
26.33
28.33
44.334028
61.12
63
68.37
64.9
62.7
61.81
59.35
61
63
68
77.38
69.368762
82.16
94.77
63.7
61.25
56.9
53.89
54.99
46
34.54
30.43
30.83
45
60.54
62.22
68.26
65.17
63
62.81
55.6
58.38
63
68
75.88
69.1
81.2
86.492438
63.3
62.5
60.97
60.5
70.01
65.01
62.53
61.26
60.87
61.23
61.27
60.5
59
53.76
50
46
46
37.47
53.3
60.5
63.5
73
79.75
80
69.09
68
63.31
60.72
60.5
59.29
52.1
50
52
57.33
60.37
60.5
60.5
60.25
59.77
61.437735
60.5
59.32
60.11
63
68
84.75
86.13
90.05
71.93
67.31
64.12
60.5
54.66
50
35
33.22
30.44
30.62
33.49
33.22
33.84
50
56.55
57
56.55
52
55.01
59.11
57.26
63
68
63
60.87
58
57
47.49043
57
46
34.738529
38.617979
48.97
59.11
63.56
61.1
64.8
61.38
60.45
58.3
55
58.01
61.2
66.87
75
86.61
85.07
73
63.81
60.5
56
49
35
28.93
24.24
21.44
21.9
30
53.228558
60.5
64.75
63
60.93
60.85
58.2
59.75
63
68.87
86
140.02
135.05
91.618599
68
61.14
54.6
50.75
49.8
40
30
29.1
30
45
61.65
61.5
63.33
61
58.5
55.29
50
55.01
58.52
63.89
73.07
111.96
88.56
69
60.29
60
57.7
55
46.665379
43.550408
33.49
30.43
33.22
50.021698
61.53
63
72
65.88
61
61
56.77
57.7
60.37
63
69.87
111.295948
89.75
69.69
60.58
59.75
50
51.645779
50.45
38.866219
30.45
28.93
31
50
62.17
63.85
72.51
68.57
66
65.5
61.5
61.19
62.824304
64.475281
69
136.5
115.13
74.561445
63
61.37
58.01
56
59.68
46.03
36.49
32
29.74
34.16
37.05
50
56
55.01
49.654724
43.65
36.49
32.9
32.43
36
54
63
68
63
59.95
50.45
43.53
36.24
36.05
33.85
37.05
36.31
36.31
44.580916
50
50.47978
49.55
52.248129
52.2
54
54.67
52.6
51
52.4
59.39
65
69.1
70.155456
68
62.49
58
50.2
44.65
29.03
26.892701
26.958985
31.28
55.57
65.39
63
84
74
67
65.51
58.07
59.5
62.41
65.51
70.466693
105
86.314467
72.45
64.556469
61
60.54
55.59
50.41
38.15
30.01
25
26.8
41.39
60.74
61.05
67.24
65.53
62.7
62.5
59.12
59.5
61.73
65.55
72.48
103.88
87.56
72.02
62.89
61.07
60.54
56
57
50.49
39.92
33.76
32.33
46
61.68
65
68.49
65.830697
63.6
63.5
60.5
60.3
62.4
63.639547
68
103.02
106.83
73.44
62.6
60.38
58.25
56.85
56
52.49
41.416738
35
34
47.33766
61.42
63.01
66.73
63.98
63.5
61.92
58
58
61.02
64.05
68
103.02
99.62
66
62.78
60.266894
57.5
54.2
54.71
49.46
36.6
34.838566
35
43.438712
64.25
65.6
74.54
74.54
71.49
68.59
63
63.36
64
64.222025
67
95.51
92.86
64.85
60.9
59.37034
57.1
52.69
55.06
51.28
43.25
38.994566
36.011709
41.767922
62.64
63.05
69.98
66.37
63.214675
63
60.3
54
54.977927
62.19
63
69.98
75
67
62.87
61.69
61.5
59.9909
56.44
50
40.130296
34.77
33
35
42.77
50
55
53.43
53
53.51
54.86
49.5
50
57.778189
62
64.41
72.44
69.2
63.5
61.3
58
54.5
55
52.1
40.01
36
35.35
48.04
57.71
69.7
74.25
75.52
75
75
70.98
67.81
74.34
70.5
69.46
90.4
96.64
72.8
64.4
61.1
63
61.587252
52.2
48.2
41.58
38.250745
38
47.6
60.6
67.8
73.98
73.256525
72.6
74.56
68.62
68
69.6
67.35
69.63
95.19
92.6
68.82
64.38
62.47
58.54
57.69
54
52
46.38
40.5
38.49
50.45
61.04
67.48
72.38
71.44
69.57
71.25
65.53
65.52
67.85
68.14
69.49
94.85
97.39
71.88
63.95
62.988611
62.56
58.64
54.13
49.7
46
40.15
39.29
49.9
61
66.5
71.63
71.51
69
69.27
64.94
65
68
69.19
70.66
98.18
101
73.89
65.71
63.5
64
59.09
55.36
53
49.03
42.31
41.13
51.7
63.03
68.8
72.28
71.2
67.38
67.72
64.5
64.7
66.1
66
68.75
95.02
92.148543
70.01
63.5
61
60
55.16
58
52.88
50.53
43.9
40
44.43
48.69
55
57.59
60.58
61.4
59.66
59.8
57.03
55.74
55.01
61
69.72
73.28
64.5
59.51
55.92
58.44
55.23
50
44
38.05
32.44
29.99
31.45
36.5
38.73
40.72
47.56
48.11
50
54
49.08
50
57
60.9
63.65
63.82
63.65
57
57.5
57.48
52.79
46.29
42.6
37
33.36
34
43
62.95
68
70.17
68.38
66.77
68
64.5
64.5
66.25
66.56
68.36
95.25
94.83
71.18
65
61
59.45
58
58.11
53
48
42.89
42.412258
52.43
64.14
70
72.86
73.97
70.27
70.6
66
65.55
69.78
69.89
74.712465
95.63
97.88
74.37
68.9
65.5
63
60.78
63.48
60.14
55.5
53.6
52.66
59.11
67.7
75.28
76.1
76.7
73.19
72
67.54
67.72
70.06
75.11
76.71
135.65
130.99
85.75
72
69.81
67.5
66.72
64.626126
61.72
59.11
55.11
54.999355
61.19
70
79.28
75.29
74.17
71.19
70
66.5
66.5
70.6
74.629132
77.6
120.38
134.99
89.75
70.68
67.8
68.5
67.47
67.34
64.25
60
54.88
54.54
64.09
67.6
71.92
75.29
73.17
68.66
68
65
64.07
66.99
73
75.28
110
107.35
73
66.78
66.03
65.52
65
70
66.55
62.7
61
55.01
61.69
66.55
67
72.998211
69
69
66.88
65.88
65.29058
65.96
69
74.74
100.580803
101.1
81.642535
74.22
68.02
66
62.5
53.07
49.51
41.4
35.1
34.44
36.31
42.58
48.42
50.02
55.39
54.80516
54
55.79
50.7
50.53
58
66.77
86.26
94
81.26
78
70.89
68.76
60.11
56.51
51.77
46.69
41.66
42.29
50.43
67.89
77.34
84.48
85.72
78.08
76.74
69.02
69.43
76.11
80
109.99
109.99
105.5
82.29
75.87
70.4
69.45
67.4
66
63.36
59.23
56.4
56.66
62.43
71.79
85
88.55
85.76
79.08
77.7
71.18
70.3
76.11
81.09528
105
125
122.42
89
76.68
74.75
71.1
68.6
67
65.83
61
59
59.14
64.81
70.25
90
101.06
92.21
84.92
79.97
71.7
71.9
75.17
78.35
95.19
116.06
116.05
84.97
73.68
70.42
68.13
67.81
64.9
61.03
58.34
54.4
54.98
62.6
70
92.01
105
95.32
88.69
81
68.65
65.77
71.05
76.14
90
113.43671
106
82.95
76.15
71.89
67.63
66.2126
61.1
61.13
60.51
59
58.57
62.74
71
84.41
100
92.58
80.97
76.88
70
69.89
72
76.374855
84
101.92
97.8
80.95
74.5
71.96
70.24
71.37
85.73
82
80.043095
75.44
75.44
78.25
85
109
138
120
85.74
79
71.75
69.5
70.671571
85
80
124.87
130
150.04
100.85
85
73
70.51
70.05
68.92
66.51
66.51
66.02
66.02
66.77
69.46
77.15
74.52
70.38
70.38
67.902764
67.85
67.2
69.76
73.43
100.66
96.26
85.6
79
73.26
70.08
66.36
65.75
65.51
63.19
65
65.61
67.85
85
101.26
109.95
92.31
84
80.5
70.53
70.76
74.6
76.02
82.33
110
115
96.5
78.43
73.47
71.7
69.97
70
66.55
64.25
60.1
60.9
66.01
78
99.12
105
89.455405
81.15
78.42
69.54
70
71.71
77
84
108.29
102.7
81
72.99
70
66.23
68.099529
63.6
62.04
60.17
57.12
57.9
61.01
70
89.12
97.17
86.5
79.05
78.42
69
69.6
72.96
85
87
105.16
97.7
80.52
74.969896
70.34
69
66.36
65.51
62.5
60.8
60.22
60.9
64
70.25
89.12
102.171178
97.05
84.99
80
71
71.71
78.6
92.977895
100
106.75
99.57
89.71
79.86
72.52
68
65.21
61.26
58.96
56.99
54
55.39
59.67
69.35
85.43
93.2
84
78.59
75.6
68.08
68.72
74.08
80
92
102.34
94.999263
83.4
77.86
70.9
67
65
65
61.44
59.22
55.7
52
54.97
65.52
80
88.05
82
75.97
70.19
66.53
64.23
68
70.01
81.91
96.824882
93
84
79
70.02
67
64.38
59.6
54.9
46
40
36.88
38
47.84
62.35
65.61
65.9
62.06
61
59.41242
54
62.35
66.53
74.28
87
89.33
88.2
81.99
74
68.16
61.49
51.9
44.889316
38.486441
35.06
34.634107
42.52
64.33
79.56
85.46
78.06
71.136509
70.11
64.83
65.7
69.67
72.88
76.034218
87.3
84.99
77
74.05
69.111933
65.98
62.8
55.94
49
46.5
43.31
43.25
48.92
65
78
87.38
81.74
75.02
74.07
66.36
65.67
70.99
77.88
82
100
90
79.99
74.72
70.293156
66
60.9
60
55.79
51.18
46
47.106813
59.13
70.78
80.4
88.18
82.96
75
74.07
66.53
66.12
71.6
76.45
83
100.04
90.1
80
77.72
75.44
67
64.93
52.97
50.06
49.48
46
46.68
53.66
65.26
74.7
80.25
77.84
71.745269
70.87
65.77
65.84
70
73.77
80
90
81.99
75.46
74.69
70
65.71
60
52.701784
50.08
50.05
47.3
50
54.637112
67.84
75.44
79.17
78.85
72.89
71.79
66
65.77
68.85
74.69
79.66
86.96
76.66
73.2
71.72157
67.99
65.55
60
60
53.4
48.05
44.46
42.99
46.95
60
67
70
73
67
65
60
55.51
59.5
66.66
70.830873
82
75.3
75.6
74
69.41
67
66.71
71.14
67
63.6
62.34
60.9
62.42
68.24
74.31
70
75
73.89
70.19
67.362251
66.59
70.08
77.02
84.4
94.95
90
100
94.99
85.62
74.9
70
62.23
58.94
52.1
51.9
48.31
60.74
67.5
76.5
83.63
78.75
73.781863
73.5
67.402537
67.5
74.15
78.75
86.0625
94.95
88.48
83.03
78.7
75.06
72.48
69.76
60.9
55.17
44.305234
42.62
40.51
52.98
66.07
75
75.06
74.31
69
69.97
64.45
64
67
73
75
89.78
77.89
77
74.33
69.96
65.06
61
61.940679
55.45
35.78
33.34
30.45
31.03
35
55.45
45
58
62.71
69.95
62.63
35.6
35.6
50
60
70.09
69.95
71.76
68.82
66.868178
62.67
56.455989
49.95
29.57
18.67
12.7
11
14.81
20
28.33
30
50.06
62.58
63.97
63.98
61.91
60
60
60.05
69.95
69.98
71.98
70.17002
67.16
64.05
58.5
54.3
40
29.99
29.99
31.03
40
62.29
67.88
77
75.5
69.71
69.95
64.2
64.19
69.72
71.92
77
96.09
86.5
82
77.52
72.390804
68.62
67
62.26
54.3
42
38.99
36.88
49.85
61.32
68.43
72.735495
73.99
69.38
69.68
64
63.62
66.81
68.43
73.5
87.475253
81.29
79.56
75
69.95
65.08
62
57.24
41
35.93
33.84
30
35
38.302657
55
60
60.04
60.02
58.487151
55
50.01
52.98
60
68.096778
87.197637
77.07
76
74
69.74
67.89
61.57
55.017421
40
35.93
33.84
33.84
40
60
64.702766
68.47
65.03
64.5
65.01
63
63
63.71
66.94
74
87.476395
81.99
77.22
73.19
69.81
65.02
62.46
51.8
43
28.95
24.706845
24.741983
30.140061
53
63.35
65
65.04
63.09
62.96
59.98
58.61
60.02
62.624095
69.9
77.54
75.78
73.99
70.05
65.06
65
63.15
