0.3686
0.3645
0.3645
0.3640
0.3631
0.3636
0.3618
0.3916
0.4539
0.5072
0.5348
0.5076
0.4976
0.4949
0.4930
0.5381
0.5509
0.5530
0.5492
0.4187
0.3496
0.3487
0.3472
0.3473
0.3554
0.3474
0.3477
0.3488
0.3489
0.3501
0.3524
0.3692
0.5722
0.6351
0.6342
0.5957
0.5830
0.6281
0.6354
0.5792
0.5523
0.5379
0.4570
0.3795
0.3672
0.3659
0.3643
0.3080
0.3035
0.2808
0.2660
0.2606
0.2586
0.2582
0.2586
0.3390
0.4199
0.5419
0.5963
0.6174
0.6174
0.6106
0.6080
0.5533
0.5253
0.5166
0.4718
0.4094
0.3590
0.3524
0.3514
0.2951
0.2913
0.2686
0.2538
0.2485
0.2471
0.2476
0.2485
0.3299
0.4109
0.4318
0.4928
0.5984
0.6036
0.5994
0.5964
0.5431
0.5155
0.4999
0.4445
0.4344
0.3891
0.3505
0.3457
0.2899
0.2860
0.2642
0.2484
0.2437
0.2419
0.2428
0.2432
0.3451
0.3679
0.3690
0.3682
0.3673
0.4635
0.4789
0.4791
0.5309
0.5399
0.5418
0.5407
0.5378
0.4284
0.3644
0.3643
0.3417
0.3367
0.3281
0.3284
0.3275
0.3288
0.3279
0.3278
0.3279
0.3274
0.3269
0.3268
0.3278
0.3278
0.3277
0.3282
0.3295
0.3663
0.3737
0.3766
0.3750
0.3748
0.3749
0.3746
0.3729
0.3729
0.3750
0.3756
0.3758
0.3751
0.3748
0.3747
0.4314
0.5389
0.5482
0.5845
0.5355
0.5249
0.5714
0.5770
0.5319
0.4991
0.4854
0.4452
0.3832
0.3362
0.3297
0.3292
0.2730
0.2690
0.2460
0.2307
0.2257
0.2246
0.2244
0.2254
0.3090
0.3882
0.4096
0.4104
0.4775
0.5140
0.5113
0.5100
0.5445
0.5892
0.5961
0.4302
0.3349
0.3265
0.3255
0.3252
0.2686
0.2637
0.2397
0.2249
0.2196
0.2184
0.2184
0.2196
0.3040
0.3826
0.3981
0.4282
0.4448
0.4410
0.4677
0.5220
0.7691
0.6160
0.4259
0.3322
0.3168
0.3177
0.3181
0.3186
0.2615
0.2567
0.2327
0.2162
0.2083
0.2049
0.2037
0.2049
0.2959
0.3839
0.4062
0.4079
0.4797
0.5723
0.5641
0.5580
0.5478
0.5289
0.4407
0.3350
0.3184
0.3167
0.3167
0.3162
0.2586
0.2539
0.2300
0.2138
0.2069
0.2030
0.2008
0.2024
0.2923
0.3794
0.4019
0.4020
0.4314
0.5660
0.5537
0.5505
0.4970
0.4646
0.4512
0.3976
0.3784
0.3443
0.3171
0.3122
0.2544
0.2472
0.2250
0.2066
0.1992
0.1966
0.1939
0.1943
0.3058
0.3317
0.3322
0.3313
0.3310
0.3310
0.3314
0.3311
0.3923
0.4927
0.4840
0.4813
0.4758
0.3891
0.3278
0.3274
0.3051
0.3025
0.2916
0.2916
0.2911
0.2915
0.2916
0.2924
0.2936
0.2930
0.2923
0.2919
0.2918
0.2923
0.2913
0.2917
0.2913
0.2917
0.2917
0.2903
0.2911
0.2903
0.2907
0.2903
0.2907
0.2910
0.2911
0.2899
0.2905
0.2907
0.2910
0.2908
0.3275
0.4922
0.5015
0.5302
0.4849
0.4699
0.5151
0.5231
0.4768
0.4418
0.4366
0.3930
0.3388
0.3057
0.2983
0.2969
0.2384
0.2322
0.2092
0.1917
0.1848
0.1800
0.1779
0.1787
0.2711
0.3578
0.3819
0.3832
0.3827
0.3808
0.3787
0.3746
0.4299
0.5448
0.5508
0.3963
0.3081
0.2968
0.2949
0.2938
0.2369
0.2328
0.2108
0.1921
0.1851
0.1800
0.1795
0.1808
0.2713
0.3580
0.3789
0.3797
0.3796
0.3654
0.4565
0.5187
0.5102
0.4097
0.3570
0.3129
0.2946
0.2934
0.2937
0.2923
0.2325
0.2263
0.2048
0.1852
0.1778
0.1734
0.1707
0.1714
0.2643
0.3495
0.3721
0.3726
0.3738
0.4052
0.5144
0.5047
0.4969
0.4001
0.3481
0.3050
0.2857
0.2846
0.2841
0.2835
0.2236
0.2180
0.1964
0.1767
0.1696
0.1651
0.1634
0.1642
0.2570
0.3431
0.3653
0.3662
0.3670
0.3651
0.4419
0.4942
0.4467
0.4117
0.3995
0.3529
0.3275
0.3044
0.2834
0.2790
0.2196
0.2132
0.1904
0.1713
0.1642
0.1629
0.1629
0.1633
0.2726
0.2991
0.3004
0.2997
0.3004
0.2999
0.3003
0.2998
0.2998
0.2998
0.3004
0.3006
0.3008
0.2998
0.3003
0.2998
0.2740
0.2710
0.2619
0.2619
0.2626
0.2626
0.2625
0.2619
0.2626
0.2631
0.2639
0.2663
0.2771
0.2816
0.2819
0.2803
0.2802
0.2799
0.2796
0.2763
0.2731
0.2730
0.2713
0.2723
0.2731
0.2737
0.2810
0.2907
0.2944
0.3201
0.3136
0.3656
0.3803
0.4441
0.4670
0.5192
0.4750
0.4633
0.5100
0.4332
0.3707
0.3494
0.3441
0.3140
0.2964
0.3000
0.3091
0.3111
0.2536
0.2474
0.2263
0.2084
0.2039
0.2004
0.1983
0.1989
0.2867
0.3588
0.3440
0.3267
0.3271
0.4327
0.4027
0.4011
0.4351
0.4828
0.3935
0.2696
0.2694
0.2880
0.2867
0.2866
0.2268
0.2207
0.1983
0.1783
0.1716
0.1676
0.1654
0.1671
0.2479
0.3441
0.3654
0.3675
0.3505
0.4457
0.3091
0.1179
0.1315
0.1203
0.1023
0.1017
0.0976
0.6887
0.4397
0.2775
0.2781
0.2779
0.2762
0.2777
0.2777
0.2772
0.2767
0.2770
0.2770
0.1898
0.2529
0.2128
0.2917
0.2781
0.2786
0.4711
0.5140
0.4095
0.3447
0.3180
0.2766
0.2770
0.2748
0.2742
0.2125
0.2066
0.1835
0.1643
0.1551
0.1533
0.1532
0.1537
0.1923
0.3408
0.3716
0.3721
0.3669
0.3613
0.3952
0.4893
0.4301
0.3964
0.3824
0.3411
0.3134
0.3050
0.2839
0.2691
0.2049
0.1993
0.1767
0.1648
0.1649
0.1648
0.1648
0.1652
0.2636
0.2872
0.2866
0.2861
0.2856
0.2857
0.2858
0.2857
0.2843
0.2839
0.2834
0.2829
0.2821
0.2815
0.2809
0.2808
0.2586
0.2565
0.2476
0.2470
0.2466
0.2466
0.2457
0.2457
0.2454
0.2458
0.2457
0.2455
0.2461
0.2457
0.2456
0.2451
0.2452
0.2452
0.2451
0.2443
0.2437
0.2437
0.2441
0.2436
0.2436
0.2437
0.2439
0.2437
0.2431
0.2423
0.2427
0.2432
0.2496
0.3369
0.3599
0.3592
0.3548
0.3500
0.3441
0.3383
0.3311
0.3180
0.3086
0.2823
0.2565
0.2556
0.2545
0.2545
0.1908
0.1855
0.1615
0.1510
0.1511
0.1513
0.1514
0.1513
0.1622
0.3133
0.3425
0.4380
0.4667
0.4635
0.4582
0.3685
0.3194
0.3076
0.2988
0.2761
0.2517
0.2511
0.2507
0.2511
0.1874
0.1822
0.1587
0.1504
0.1507
0.1512
0.1511
0.1511
0.1620
0.3132
0.3410
0.3394
0.3349
0.3306
0.3273
0.3221
0.3143
0.3018
0.2989
0.2776
0.2511
0.2502
0.2507
0.2492
0.1875
0.1808
0.1581
0.1508
0.1511
0.1511
0.1515
0.1511
0.1623
0.3108
0.3396
0.3356
0.3315
0.3276
0.3229
0.3190
0.3108
0.2988
0.2964
0.2755
0.2487
0.2484
0.2478
0.2479
0.1852
0.1790
0.1577
0.1511
0.1516
0.1511
0.1519
0.1515
0.1623
0.3109
0.3385
0.4084
0.4515
0.4611
0.4614
0.4530
0.3993
0.3688
0.3597
0.3207
0.2952
0.2975
0.2731
0.2525
0.1846
0.1807
0.1667
0.1638
0.1643
0.1646
0.1657
0.1671
0.2525
0.2811
0.2834
0.2834
0.2889
0.3004
0.2991
0.2944
0.2910
0.2886
0.2880
0.2879
0.2857
0.2694
0.2679
0.2721
0.2592
0.2580
0.2518
0.2518
0.2511
0.2511
0.2495
0.2545
0.2774
0.2754
0.2794
0.2772
0.2766
0.2748
0.2747
0.2741
0.2727
0.2720
0.2706
0.2663
0.2666
0.2659
0.2652
0.2624
0.2610
0.2621
0.2621
0.2619
0.2611
0.2574
0.2585
0.2579
0.2616
0.4069
0.4092
0.4244
0.4185
0.4232
0.4175
0.4148
0.4040
0.3910
0.3862
0.3866
0.3907
0.3909
0.3214
0.2658
0.1891
0.1816
0.1603
0.1511
0.1511
0.1515
0.1515
0.1518
0.1624
0.3083
0.3327
0.3317
0.3340
0.3327
0.3310
0.3262
0.3180
0.3045
0.3006
0.2804
0.2522
0.2530
0.2513
0.2512
0.1882
0.1835
0.1626
0.1517
0.1519
0.1521
0.1517
0.1517
0.1630
0.3122
0.4750
0.3924
0.4109
0.4128
0.4076
0.4054
0.3951
0.3819
0.3783
0.3473
0.2922
0.2601
0.2518
0.2492
0.1864
0.1799
0.1602
0.1507
0.1510
0.1506
0.1514
0.1509
0.1622
0.3037
0.3277
0.3275
0.3285
0.3276
0.3258
0.3206
0.3108
0.2977
0.2947
0.2737
0.2448
0.2435
0.2430
0.2423
0.1791
0.1730
0.1542
0.1494
0.1492
0.1492
0.1496
0.1496
0.1602
0.2915
0.3258
0.3854
0.3830
0.3843
0.3793
0.3760
0.3664
0.3585
0.3562
0.3301
0.3089
0.2764
0.2474
0.2384
0.1742
0.1702
0.1610
0.1608
0.1608
0.1610
0.1607
0.1611
0.2181
0.2395
0.2410
0.2406
0.2419
0.2428
0.2447
0.2453
0.2443
0.2434
0.2438
0.2433
0.2428
0.2424
0.2423
0.2417
0.2275
0.2237
0.2163
0.2149
0.2113
0.2104
0.2104
0.2067
0.1976
0.1936
0.1927
0.1941
0.2037
0.2169
0.2150
0.2238
0.2200
0.2207
0.2204
0.2193
0.2191
0.2193
0.2179
0.2156
0.2146
0.2154
0.2155
0.2152
0.2148
0.2149
0.2153
0.2150
0.2198
0.3073
0.3209
0.3198
0.3199
0.3208
0.3175
0.3489
0.3674
0.3571
0.3519
0.3674
0.3625
0.3623
0.2993
0.2515
0.1743
0.1625
0.1512
0.1490
0.1489
0.1490
0.1493
0.1487
0.1600
0.2842
0.3095
0.3099
0.2958
0.3096
0.3049
0.2751
0.2890
0.2781
0.2792
0.2657
0.2312
0.2297
0.2294
0.2288
0.1683
0.1585
0.1478
0.1474
0.1482
0.1477
0.1481
0.1480
0.1580
0.2690
0.3013
0.2996
0.2997
0.2984
0.2952
0.2906
0.2796
0.2711
0.2683
0.2490
0.2258
0.2258
0.2246
0.2245
0.1619
0.1562
0.1470
0.1470
0.1476
0.1474
0.1475
0.1481
0.1589
0.2567
0.2932
0.2954
0.2958
0.2951
0.2921
0.2862
0.2753
0.2689
0.2689
0.2497
0.2241
0.2233
0.2236
0.2230
0.1614
0.1553
0.1475
0.1470
0.1475
0.1474
0.1478
0.1475
0.1592
0.2699
0.2917
0.2925
0.2922
0.2917
0.2905
0.4561
0.2954
0.2833
0.3140
0.2933
0.2304
0.2238
0.2220
0.2215
0.1605
0.1634
0.1591
0.1595
0.1595
0.1595
0.1599
0.1594
0.2104
0.2238
0.2239
0.2234
0.2238
0.2239
0.2241
0.2244
0.2246
0.2251
0.2246
0.2242
0.2241
0.2240
0.2241
0.2234
0.2139
0.2120
0.2060
0.2060
0.2059
0.2064
0.2059
0.2065
0.2070
0.2065
0.2065
0.2065
0.2060
0.2060
0.2065
0.2065
0.2065
0.2065
0.2065
0.2070
0.2065
0.2057
0.2056
0.2057
0.2060
0.2057
0.2055
0.2041
0.2028
0.2023
0.2032
0.2027
0.2076
0.2894
0.3046
0.3016
0.3016
0.3015
0.3003
0.2986
0.2897
0.2813
0.2698
0.2507
0.2166
0.2157
0.2157
0.2153
0.1586
0.1524
0.1469
0.1463
0.1466
0.1465
0.1465
0.1468
0.1578
0.2574
0.2745
0.2742
0.2737
0.2726
0.2699
0.2628
0.2568
0.2542
0.2525
0.2355
0.2140
0.2122
0.2131
0.2113
0.1569
0.1503
0.1455
0.1451
0.1465
0.1465
0.1464
0.1464
0.1577
0.2522
0.2714
0.2710
0.2703
0.2694
0.2668
0.2612
0.2533
0.2516
0.2481
0.2320
0.2113
0.2105
0.2100
0.2096
0.1578
0.1504
0.1460
0.1464
0.1459
0.1464
0.1468
0.1464
0.1579
0.2504
0.2698
0.2690
0.2686
0.2667
0.2644
0.2592
0.2518
0.2509
0.2504
0.2319
0.2125
0.2114
0.2113
0.2121
0.1577
0.1510
0.1463
0.1460
0.1465
0.1465
0.1464
0.1464
0.1578
0.2487
0.2680
0.2667
0.2669
0.2647
0.2619
0.2554
0.2484
0.2464
0.2445
0.2293
0.2086
0.2073
0.2069
0.2065
0.1576
0.1576
0.1579
0.1581
0.1581
0.1575
0.1577
0.1578
0.1862
0.1947
0.1960
0.1953
0.1966
0.1980
0.1991
0.1995
0.1994
0.1984
0.1981
0.1985
0.1981
0.1981
0.1979
0.1979
0.1951
0.1935
0.1893
0.1898
0.1934
0.1911
0.1906
0.1900
0.1887
0.1888
0.1896
0.1898
0.1917
0.1928
0.1961
0.1935
0.1904
0.1899
0.1889
0.1892
0.1881
0.1871
0.1858
0.1857
0.1861
0.1861
0.1842
0.1838
0.1844
0.1841
0.1846
0.1844
0.1916
0.2741
0.2883
0.2889
0.2907
0.2871
0.2871
0.2837
0.2762
0.2615
0.2541
0.2371
0.2004
0.1996
0.1996
0.1994
0.1549
0.1474
0.1460
0.1459
0.1458
0.1457
0.1459
0.1459
0.1564
0.2303
0.2424
0.2427
0.2428
0.2416
0.2371
0.2319
0.2308
0.2284
0.2270
0.2131
0.1959
0.1958
0.1957
0.1948
0.1542
0.1467
0.1463
0.1463
0.1462
0.1462
0.1467
0.1465
0.1583
0.2274
0.2452
0.2451
0.2411
0.2340
0.2292
0.2244
0.2232
0.2232
0.2219
0.2214
0.1838
0.1934
0.1956
0.1951
0.1551
0.1481
0.1467
0.1467
0.1466
0.1472
0.1470
0.1471
0.1579
0.2202
0.2372
0.2373
0.2363
0.2335
0.2299
0.2248
0.2234
0.2235
0.2223
0.2221
0.1860
0.1952
0.1977
0.1972
0.1558
0.1481
0.1467
0.1467
0.1466
0.1472
0.1470
0.1471
0.1579
0.2202
0.2372
0.2373
0.2363
0.2335
0.2299
0.2248
0.2234
0.2235
0.2223
0.2221
0.1860
0.1952
0.1977
0.1972
0.1558
0.25
0.25
0.25
0.25
0.25
0.25
0.25
0.26
0.37
0.40
0.40
0.40
0.39
0.38
0.38
0.37
0.37
0.37
0.37
0.21
0.37
0.34
0.33
0.26
0.1587
0.1600
0.1604
0.1603
0.1603
0.1603
0.1759
0.1802
0.1883
0.1876
0.1874
0.1869
0.1874
0.1869
0.1874
0.1875
0.1880
0.1882
0.1883
0.1882
0.1880
0.1882
0.1883
0.1882
0.1874
0.1848
0.1842
0.1838
0.1847
0.1846
0.1842
0.1846
0.1842
0.1846
0.1841
0.1841
0.1841
0.1845
0.1845
0.1841
0.1846
0.1848
0.1849
0.1862
0.1860
0.1859
0.1860
0.1860
0.1859
0.1859
0.1858
0.1855
0.1854
0.1841
0.1845
0.1883
0.2720
0.2885
0.2862
0.2862
0.2866
0.2865
0.2843
0.2778
0.2648
0.2543
0.2379
0.2013
0.2000
0.1997
0.2000
0.1569
0.1487
0.1482
0.1483
0.1482
0.1482
0.1486
0.1482
0.1603
0.2308
0.2487
0.2491
0.2483
0.2451
0.2416
0.2355
0.2328
0.2311
0.2307
0.2163
0.1997
0.1996
0.1997
0.1991
0.1556
0.1473
0.1469
0.1464
0.1469
0.1470
0.1470
0.1471
0.1585
0.2338
0.2541
0.2902
0.3298
0.3340
0.3336
0.3319
0.3408
0.3500
0.3554
0.3363
0.2859
0.2467
0.2400
0.2390
0.1770
0.1686
0.1577
0.1568
0.1585
0.1596
0.1606
0.1607
0.1723
0.3113
0.4483
0.4609
0.4630
0.4711
0.4725
0.4760
0.4752
0.4748
0.4853
0.4586
0.3560
0.2817
0.2741
0.2738
0.2179
0.2467
0.3579
0.3417
0.3388
0.3367
0.3363
0.3341
0.4128
0.6234
0.5490
0.5524
0.5632
0.5722
0.5751
0.5734
0.5721
0.5687
0.5727
0.5384
0.5457
0.5656
0.5772
0.5920
0.3620
0.2581
0.2326
0.2252
0.4395
0.4987
0.4896
0.4870
0.5767
0.5984
0.5941
0.6116
0.5850
0.5853
0.6039
0.6077
0.6127
0.6153
0.6259
0.6534
0.6654
0.6682
0.6833
0.6948
0.6652
0.6752
0.6931
0.6975
0.7018
0.7022
0.7004
0.6989
0.6962
0.6944
0.6905
0.6806
0.6772
0.6704
0.6658
0.6625
0.6566
0.6556
0.6514
0.6516
0.6514
0.6476
0.6418
0.6403
0.6354
0.6341
0.6251
0.6211
0.6175
0.6123
0.6076
0.6344
0.6451
0.6971
0.7130
0.7644
0.7421
0.7013
0.7186
0.6929
0.6816
0.6846
0.6734
0.6437
0.6217
0.6103
0.5234
0.4384
0.4161
0.3947
0.3580
0.3482
0.3400
0.3007
0.3014
0.3606
0.5398
0.6618
0.6693
0.6733
0.6469
0.6325
0.6828
0.6455
0.6273
0.6542
0.6379
0.5844
0.5237
0.4515
0.4091
0.4018
0.3174
0.3002
0.2803
0.2993
0.4172
0.4011
0.4022
0.4024
0.4894
0.6680
0.6603
0.5995
0.5754
0.6673
0.6246
0.6167
0.6075
0.5996
0.5847
0.5456
0.5457
0.4702
0.3711
0.3557
0.2960
0.2890
0.2834
0.3085
0.3215
0.3018
0.3096
0.3425
0.4478
0.6259
0.5976
0.5999
0.5939
0.5908
0.5859
0.5804
0.5691
0.5589
0.5482
0.5051
0.4154
0.3491
0.3407
0.3403
0.2787
0.2712
0.2548
0.2403
0.2413
0.3066
0.3156
0.3100
0.4488
0.5233
0.5251
0.5233
0.5337
0.5399
0.5373
0.5351
0.5225
0.5105
0.5043
0.4603
0.4511
0.4491
0.4458
0.4402
0.3117
0.2610
0.2379
0.2201
0.2137
0.2095
0.2081
0.2097
0.3146
0.3346
0.3351
0.3352
0.3358
0.3357
0.3361
0.3356
0.3394
0.3636
0.3705
0.3832
0.3779
0.3664
0.3677
0.3674
0.3408
0.3393
0.3378
0.3334
0.3347
0.3344
0.3338
0.3325
0.3323
0.3314
0.3312
0.3333
0.3349
0.3341
0.3339
0.3337
0.3356
0.3375
0.3433
0.3439
0.3437
0.3437
0.3452
0.3460
0.3437
0.3434
0.3417
0.3414
0.3414
0.3443
0.3451
0.3509
0.4287
0.4613
0.4869
0.5457
0.5516
0.5097
0.5415
0.5258
0.5187
0.5145
0.5232
0.4725
0.4376
0.4245
0.4189
0.4017
0.2949
0.2620
0.2372
0.2180
0.2112
0.2065
0.2057
0.2081
0.2910
0.3682
0.3907
0.3888
0.3905
0.3917
0.4098
0.5074
0.4512
0.4740
0.4862
0.4241
0.3955
0.4016
0.3609
0.3180
0.2558
0.2499
0.2296
0.2104
0.2037
0.2000
0.1994
0.2028
0.2880
0.3654
0.3855
0.3875
0.3888
0.3888
0.3883
0.4356
0.4648
0.4557
0.4567
0.4556
0.3854
0.3219
0.3090
0.3060
0.2510
0.2473
0.2281
0.2092
0.2026
0.1986
0.1990
0.2024
0.2876
0.3646
0.3849
0.3857
0.4699
0.5377
0.5346
0.5323
0.4829
0.4539
0.4509
0.4167
0.3557
0.3144
0.3050
0.3045
0.2489
0.2466
0.2272
0.2088
0.2030
0.1991
0.2003
0.2036
0.2889
0.3660
0.3867
0.3889
0.3892
0.3900
0.3921
0.4733
0.4668
0.4580
0.4605
0.4195
0.4067
0.4070
0.4079
0.4067
0.2930
0.2558
0.2274
0.2094
0.2036
0.1997
0.2013
0.2047
0.3100
0.3309
0.3311
0.3311
0.3314
0.3314
0.3318
0.3329
0.3330
0.3342
0.3338
0.3354
0.3356
0.3351
0.3498
0.3755
0.3408
0.3451
0.3450
0.3424
0.3436
0.3442
0.3448
0.3447
0.3444
0.3449
0.3466
0.3526
0.5189
0.5145
0.5003
0.5076
0.5228
0.5277
0.5365
0.5594
0.4432
0.3777
0.3880
0.4053
0.4188
0.4304
0.4497
0.4863
0.6794
0.6789
0.6967
0.7074
0.7512
0.8293
0.8375
0.8754
0.8740
0.8425
0.8273
0.8423
0.8395
0.8324
0.7614
0.6576
0.5962
0.5959
0.5942
0.5909
0.5413
0.5367
0.5154
0.4904
0.4802
0.4664
0.4569
0.4452
0.5181
0.5987
0.7377
0.7980
0.7789
0.7204
0.7072
0.7436
0.7652
0.7283
0.6948
0.5839
0.4735
0.4834
0.4835
0.4810
0.4221
0.4133
0.3908
0.3724
0.3633
0.3563
0.3520
0.3420
0.4236
0.5117
0.6215
0.7040
0.7040
0.6507
0.6364
0.6706
0.6699
0.6636
0.6019
0.5505
0.4651
0.4076
0.4018
0.4003
0.3409
0.3332
0.3139
0.2968
0.2896
0.2860
0.2806
0.2802
0.3635
0.4619
0.4896
0.6458
0.6765
0.4814
0.4665
0.8065
0.7846
0.6029
0.5815
0.5262
0.4571
0.4059
0.4023
0.4009
0.3423
0.3329
0.3117
0.2904
0.2879
0.2903
0.2841
0.2790
0.3655
0.4814
0.5345
0.6218
0.6093
0.6033
0.5948
0.5870
0.5801
0.5737
0.5785
0.5308
0.5377
0.5447
0.5486
0.5565
0.4495
0.3755
0.3383
0.3230
0.3204
0.3198
0.3188
0.3140
0.4266
0.4544
0.5808
0.6779
0.6374
0.6530
0.6759
0.6470
0.6514
0.7272
0.8682
0.8526
0.8427
0.8735
0.8558
0.8687
0.8894
0.8904
0.8854
0.0000
0.8877
0.8889
0.8748
0.8840
0.8905
0.9163
0.9140
0.9113
0.9273
0.8735
0.8640
0.8729
0.8728
0.8727
0.8738
0.8680
0.8760
0.8662
0.8774
0.8276
0.8589
0.8435
0.8421
0.8400
0.8395
0.8390
0.8378
0.8621
0.8706
0.8677
0.8891
0.9075
0.9054
0.9049
0.9015
0.8989
0.8956
0.8916
0.8241
0.8137
0.8116
0.8085
0.8046
0.8011
0.7317
0.7219
0.7060
0.7040
0.6988
0.6942
0.6943
0.6866
0.7105
0.7947
0.8402
0.8611
0.8602
0.8364
0.8380
0.8604
0.8580
0.8586
0.8557
0.7925
0.7771
0.6264
0.5967
0.5964
0.5909
0.5898
0.5887
0.5867
0.5855
0.5826
0.5801
0.5781
0.4102
0.2411
0.2120
0.1475
0.1514
0.3399
0.8824
0.8229
0.8442
0.8037
0.7607
0.7594
0.7665
0.6276
0.5643
0.5652
0.5670
0.5687
0.5698
0.6854
0.7296
0.7313
0.7310
0.7306
0.7569
0.7589
0.7698
0.8178
0.7594
0.7501
0.8320
0.8383
0.8201
0.8016
0.7705
0.7544
0.6098
0.5466
0.5465
0.5477
0.5507
0.5535
0.6445
0.7201
0.7319
0.7522
0.7650
0.7695
0.7730
0.1949
0.3939
0.7727
0.7342
0.8922
0.8852
0.8368
0.8526
0.8552
0.8632
0.8692
0.8576
0.8528
0.8562
0.8577
0.8044
0.7520
0.7308
0.7258
0.7251
0.7215
0.7184
0.7144
0.8458
0.8941
0.9117
0.9080
0.9089
0.9095
0.8837
0.8832
0.8813
0.8790
0.8782
0.8778
0.8300
0.8307
0.8279
0.8262
0.7908
0.7849
0.7749
0.7745
0.7734
0.7735
0.7720
0.7706
0.7692
0.7673
0.7659
0.7661
0.8155
0.8270
0.8310
0.8292
0.8282
0.8291
0.8295
0.8323
0.8364
0.8363
0.8355
0.8351
0.8356
0.8355
0.8351
0.8352
0.8330
0.8305
0.8297
0.8276
0.8285
0.8732
0.8761
0.9024
0.8989
0.8749
0.8990
0.8962
0.8756
0.9085
0.8869
0.8385
0.8354
0.8200
0.8095
0.8070
0.7213
0.7008
0.6844
0.6774
0.6707
0.6637
0.6584
0.6522
0.6919
0.8307
0.8638
0.8639
0.8868
0.8588
0.8577
0.8797
0.8572
0.8547
0.8276
0.7589
0.6656
0.6582
0.6510
0.6489
0.5981
0.5897
0.5662
0.5495
0.5400
0.5269
0.5167
0.5089
0.5860
0.7624
0.8481
0.8475
0.8452
0.8163
0.8105
0.8048
0.8068
0.7558
0.6539
0.5800
0.5939
0.5971
0.6041
0.6043
0.5664
0.5691
0.5604
0.5478
0.5418
0.5356
0.5297
0.5233
0.5995
0.7825
0.8219
0.8478
0.7974
0.8069
0.8518
0.8456
0.8401
0.8361
0.7525
0.7297
0.6045
0.5226
0.5153
0.5187
0.4769
0.4858
0.6696
0.7017
0.7167
0.7608
0.8215
0.8843
0.8972
0.9589
0.9700
0.9749
0.9784
0.9793
0.9795
0.9833
0.9833
0.9801
0.9786
0.9819
0.9798
0.9774
0.9747
0.9593
0.9120
0.8805
0.8786
0.8755
0.8741
0.8726
0.8716
0.8685
0.9290
0.9459
0.9575
0.9623
0.9752
0.9736
0.9481
0.9495
0.9474
0.9470
0.9455
0.9476
0.9039
0.9012
0.9004
0.8983
0.8793
0.8764
0.8753
0.8733
0.8716
0.8698
0.8674
0.8658
0.8642
0.8726
0.8837
0.8814
0.9051
0.9041
0.9038
0.9052
0.9063
0.9088
0.9167
0.9218
0.9250
0.9248
0.9298
0.9274
0.9061
0.9048
0.9048
0.9052
0.9037
0.9026
0.9011
0.8992
0.9304
0.9403
0.9425
0.9414
0.9396
0.9379
0.9374
0.9388
0.9438
0.9493
0.9528
0.9556
0.9564
0.9140
0.9057
0.8880
0.8869
0.8862
0.8861
0.8846
0.8832
0.8779
0.8769
0.8760
0.8837
0.9471
0.9632
0.9562
0.9711
0.9466
0.9490
0.9689
0.9699
0.9736
0.9562
0.9172
0.9126
0.9118
0.9111
0.9079
0.8873
0.8868
0.8800
0.8790
0.8707
0.8791
0.8682
0.8671
0.9119
0.9455
0.9466
0.9450
0.9445
0.9434
0.9423
0.9429
0.9361
0.9487
0.9577
0.9715
0.9166
0.9026
0.9037
0.8777
0.8866
0.8917
0.8800
0.8842
0.8667
0.8750
0.8741
0.8763
0.9412
0.9706
0.9643
0.9619
0.9604
0.9588
0.9346
0.9366
0.9375
0.9413
0.8995
0.9004
0.9008
0.9011
0.9006
0.8797
0.8782
0.8766
0.8752
0.8729
0.8662
0.8640
0.8641
0.8633
0.8697
0.9330
0.9375
0.9355
0.9341
0.9334
0.9346
0.9350
0.9363
0.9393
0.9413
0.9428
0.9429
0.9467
0.9341
0.9409
0.9057
0.8836
0.8798
0.8784
0.8788
0.8777
0.8757
0.8742
0.9334
0.9541
0.9756
0.9874
0.9892
0.9873
0.9662
0.9678
0.9679
0.9677
0.9679
0.9699
0.9316
0.9277
0.9307
0.9284
0.9113
0.9120
0.9137
0.9138
0.9143
0.9157
0.9155
0.9150
0.8021
0.8656
0.9172
0.9620
0.9745
0.9726
0.9586
0.9487
0.9573
0.9586
0.9641
0.9506
0.9556
0.9539
0.8989
0.9013
0.9080
0.8957
0.8929
0.8877
0.8878
0.8754
0.8739
0.8831
0.9356
0.9690
0.9679
0.9663
0.9642
0.9616
0.9726
0.9540
0.9660
0.9688
0.9745
0.9574
0.9711
0.8975
0.8756
0.8753
0.8846
0.8781
0.8803
0.8790
0.8783
0.8719
0.8705
0.8695
0.8688
0.9216
0.9353
0.9431
0.9637
0.9388
0.9413
0.9601
0.9581
0.9587
0.9528
0.8810
0.8770
0.8841
0.8854
0.8662
0.8615
0.8615
0.8552
0.8539
0.8405
0.8458
0.8323
0.8259
0.8844
0.9164
0.9273
0.9264
0.9244
0.9237
0.9224
0.9213
0.9198
0.9201
0.9421
0.9376
0.8623
0.8531
0.8723
0.8296
0.8078
0.8148
0.7895
0.7951
0.7630
0.7731
0.7751
0.7747
0.8848
0.9150
0.9143
0.9232
0.9309
0.9286
0.9023
0.9012
0.8984
0.8979
0.8511
0.8537
0.8515
0.4984
0.6566
0.8373
0.7864
0.7849
0.7754
0.7715
0.7569
0.7519
0.7494
0.7456
0.7546
0.8587
0.8810
0.8829
0.8801
0.8790
0.8783
0.8783
0.8770
0.8768
0.8765
0.8764
0.8770
0.8771
0.8775
0.8784
0.7913
0.7141
0.6921
0.6893
0.6857
0.6876
0.6870
0.6835
0.8276
0.8861
0.9041
0.8993
0.9175
0.9328
0.9397
0.9553
0.9596
0.9614
0.9643
0.9672
0.9316
0.9340
0.9379
0.9215
0.8943
0.9354
0.9324
0.9344
0.9291
0.9291
0.9200
0.9044
0.7727
0.9501
0.9256
0.9888
1.0000
0.9908
0.9912
0.9889
0.9963
0.9967
0.9957
0.9954
0.9774
0.9760
0.9205
0.9056
0.9075
0.8926
0.8910
0.8854
0.8843
0.8716
0.8714
0.8783
0.9267
0.9569
0.9645
0.9563
0.9713
0.9804
0.9967
0.9866
0.9944
0.9915
0.9936
0.9968
0.9939
0.9321
0.9005
0.9012
0.9088
0.9078
0.9079
0.9071
0.9053
0.8980
0.8979
0.8980
0.8982
0.9646
0.9827
0.9733
0.9871
0.9649
0.9674
0.9838
0.9813
0.9818
0.9747
0.9076
0.8998
0.9109
0.9117
0.9089
0.8876
0.8854
0.8791
0.8786
0.8743
0.8825
0.8696
0.8696
0.9158
0.9280
0.9276
0.9463
0.9485
0.9482
0.9471
0.9455
0.9444
0.9445
0.9644
0.9591
0.8891
0.8730
0.8817
0.8344
0.8671
0.8781
0.8668
0.8731
0.8560
0.8672
0.8652
0.8664
0.9135
0.9277
0.9618
0.9588
0.9365
0.9368
0.9345
0.9331
0.9323
0.9322
0.9318
0.9308
0.8834
0.8818
0.8794
0.8794
0.8436
0.8391
0.8274
0.8256
0.8135
0.8084
0.8081
0.8057
0.8138
0.8939
0.9060
0.9063
0.9033
0.9030
0.9010
0.9071
0.9207
0.9192
0.9181
0.9279
0.9260
0.9195
0.9156
0.9021
0.8356
0.7738
0.7523
0.7465
0.7453
0.7419
0.7387
0.7364
0.8490
0.8966
0.8895
0.9036
0.9074
0.9064
0.9060
0.9036
0.9261
0.9236
0.9233
0.8741
0.8749
0.8723
0.8456
0.6255
0.7014
0.7616
0.7626
0.7477
0.7552
0.7469
0.7476
0.7436
0.7424
0.7403
0.7384
0.8113
0.8506
0.8490
0.8444
0.8451
0.8774
0.8867
0.8619
0.8492
0.7885
0.7381
0.7232
0.7184
0.7263
0.7356
0.7234
0.7176
0.6612
0.6599
0.7100
0.7650
0.8322
0.8570
0.8644
0.8643
0.8642
0.8632
0.8771
0.8570
0.8760
0.8597
0.8859
0.8625
0.8787
0.7983
0.7863
0.7698
0.6924
0.6973
0.6718
0.6688
0.6570
0.6430
0.6368
0.6314
0.6938
0.8330
0.8706
0.8655
0.8848
0.8584
0.8628
0.8861
0.8828
0.8825
0.8745
0.7973
0.7939
0.8015
0.8016
0.8010
0.6920
0.6900
0.6511
0.6419
0.6190
0.6295
0.6043
0.5952
0.7550
0.8473
0.8597
0.8573
0.8542
0.8550
0.8537
0.8549
0.8539
0.8513
0.8365
0.8853
0.7920
0.7753
0.7949
0.6898
0.6482
0.6739
0.6553
0.6365
0.5848
0.6131
0.5974
0.5978
0.7498
0.8339
0.8744
0.8716
0.8507
0.8463
0.8445
0.8441
0.8441
0.8422
0.8411
0.8401
0.7890
0.7753
0.7250
0.6949
0.6457
0.6497
0.6205
0.6144
0.5825
0.5733
0.5675
0.5670
0.6588
0.8162
0.8460
0.8472
0.8442
0.8438
0.8459
0.8461
0.8420
0.8449
0.8455
0.8436
0.8427
0.8487
0.8545
0.8581
0.7504
0.6799
0.6589
0.6594
0.6783
0.6858
0.6742
0.6660
0.8397
0.8949
0.8874
0.8870
0.8858
0.8839
0.8810
0.8787
0.9012
0.8991
0.8986
0.8474
0.8474
0.8444
0.8199
0.8187
0.7641
0.7565
0.7406
0.7369
0.7343
0.7294
0.7282
0.7272
0.7231
0.7238
0.7219
0.7955
0.8321
0.8331
0.8276
0.8246
0.8614
0.8707
0.8354
0.8185
0.7666
0.7110
0.6996
0.6972
0.6945
0.7017
0.6815
0.6742
0.6637
0.6720
0.6771
0.6776
0.7727
0.8329
0.8452
0.8442
0.8427
0.8407
0.8539
0.8418
0.8405
0.8608
0.8584
0.8580
0.7804
0.7196
0.6871
0.6522
0.6213
0.6311
0.6079
0.5956
0.5722
0.5671
0.5491
0.5441
0.6421
0.7931
0.8405
0.8346
0.8540
0.8266
0.8237
0.8502
0.8458
0.8458
0.8190
0.7729
0.7013
0.6887
0.6575
0.6536
0.6072
0.6027
0.5699
0.5587
0.5280
0.5401
0.5103
0.5055
0.6765
0.7955
0.8205
0.8169
0.8138
0.8116
0.8103
0.8084
0.8065
0.8047
0.7929
0.7856
0.6878
0.5899
0.6274
0.6418
0.5572
0.6022
0.5711
0.5625
0.5296
0.5243
0.5255
0.5315
0.7310
0.9069
0.8779
0.8989
0.9032
0.9393
0.9719
0.9786
0.9609
0.9585
0.9847
0.9844
0.9616
0.9398
0.9423
0.9273
0.7759
0.9547
0.9164
0.9183
0.9094
0.9087
0.9060
0.9048
0.9469
0.9598
0.9664
0.9811
0.9934
0.9922
0.9914
0.9887
0.9860
0.9852
0.9883
0.9733
0.9815
0.9784
0.9759
0.9742
0.9379
0.9054
0.9047
0.9020
0.9002
0.8966
0.6819
0.5517
0.8654
0.9692
0.9599
0.9591
0.9566
0.9531
0.9520
0.9524
0.9484
0.9609
0.9444
0.9454
0.9444
0.8993
0.8942
0.8905
0.8916
0.8894
0.7715
0.5485
0.5475
0.5476
0.5470
0.5463
0.5470
0.5494
0.5525
0.5727
0.8582
0.9680
0.9677
0.9669
0.9841
0.9824
0.9603
0.9602
0.9332
0.9101
0.9089
0.8103
0.6621
0.6605
0.6549
0.6533
0.6479
0.6507
0.6563
0.6543
0.8654
0.9160
0.9488
0.9469
0.9458
0.9346
0.9638
0.9552
0.9381
0.9620
0.9593
0.9571
0.8898
0.8632
0.8716
0.8718
0.8837
0.8820
0.5797
0.5445
0.5384
0.5424
0.5377
0.5371
0.5553
0.8608
0.9429
0.9487
0.9687
0.9456
0.9483
0.9672
0.9648
0.9658
0.9430
0.8987
0.8964
0.8941
0.8941
0.8930
0.8941
0.8965
0.6492
0.8783
0.8717
0.8684
0.8452
0.8456
0.9123
0.9323
0.9332
0.9329
0.9317
0.9316
0.9304
0.9291
0.9284
0.9282
0.9487
0.9427
0.8705
0.8579
0.8785
0.8478
0.8511
0.8581
0.8357
0.8409
0.8124
0.8262
0.8242
0.8374
0.9099
0.9297
0.9442
0.9397
0.9257
0.9155
0.9235
0.9244
0.9237
0.9213
0.9200
0.9210
0.8732
0.8741
0.8806
0.8784
0.8599
0.8457
0.8314
0.8272
0.8145
0.8317
0.8390
0.8424
0.8573
0.9278
0.9360
0.9369
0.9344
0.9361
0.9360
0.9357
0.9361
0.9584
0.9217
0.9278
0.9348
0.9345
0.9330
0.9315
0.8881
0.8614
0.8429
0.8429
0.8411
0.8374
0.8351
0.8345
0.9157
0.9377
0.9342
0.9315
0.9314
0.9319
0.9305
0.9471
0.9405
0.9414
0.9286
0.9280
0.9266
0.8791
0.8783
0.8759
0.8600
0.8557
0.8489
0.8454
0.8423
0.8411
0.8380
0.8355
0.8337
0.8309
0.8285
0.8914
0.9189
0.9202
0.9183
0.9169
0.9383
0.9369
0.9137
0.9139
0.8867
0.8174
0.8038
0.7983
0.7975
0.8022
0.7809
0.7783
0.7651
0.7732
0.7794
0.7815
0.8585
0.8992
0.9031
0.9013
0.9000
0.8864
0.9213
0.9071
0.8894
0.9176
0.9135
0.9126
0.8350
0.8180
0.8175
0.8175
0.7191
0.7209
0.6959
0.6882
0.6639
0.6622
0.6507
0.6419
0.7261
0.8636
0.8942
0.8896
0.9077
0.8817
0.8824
0.9038
0.9001
0.9015
0.8760
0.8277
0.8225
0.8020
0.7711
0.7512
0.7035
0.7424
0.7831
0.8036
0.8065
0.8243
0.8228
0.8362
0.9205
0.9533
0.9628
0.9651
0.9652
0.9651
0.9675
0.9738
0.9773
0.9834
0.9973
0.9991
0.9450
0.9180
0.9428
0.9089
0.9316
0.9269
0.9165
0.9216
0.9047
0.9133
0.9110
0.9192
0.9582
0.9801
0.9912
0.9810
0.9770
0.9618
0.9719
0.9695
0.9678
0.9652
0.9641
0.9638
0.9211
0.9158
0.9144
0.9098
0.8986
0.8990
0.8975
0.8957
0.8883
0.8883
0.8889
0.8869
0.8852
0.9439
0.9521
0.9513
0.9498
0.9474
0.9458
0.9439
0.9436
0.9642
0.9276
0.9307
0.9371
0.9381
0.9353
0.9345
0.8880
0.8144
0.8092
0.7981
0.7970
0.7926
0.7894
0.7854
0.8885
0.9221
0.9206
0.9192
0.9179
0.9162
0.9143
0.9312
0.9270
0.9270
0.9112
0.9098
0.9075
0.8591
0.8614
0.8555
0.8104
0.8006
0.7905
0.7877
0.7857
0.7834
0.7807
0.7780
0.7772
0.7754
0.7722
0.8456
0.8777
0.8787
0.8715
0.8695
0.9058
0.9117
0.8760
0.8174
0.7596
0.7513
0.7456
0.7441
0.7426
0.7474
0.7364
0.7345
0.7327
0.7306
0.7306
0.7671
0.8348
0.8723
0.8860
0.8838
0.8831
0.8700
0.8902
0.8782
0.8775
0.8773
0.8757
0.8746
0.7990
0.7593
0.7336
0.7268
0.6864
0.6809
0.6617
0.6462
0.6345
0.6247
0.6149
0.6093
0.7310
0.8560
0.8830
0.8797
0.8979
0.8693
0.8694
0.8679
0.8678
0.8659
0.8639
0.8141
0.7275
0.7042
0.7048
0.7006
0.6626
0.6545
0.6392
0.6182
0.6089
0.5940
0.5872
0.5833
0.7494
0.8404
0.8640
0.8627
0.8613
0.8594
0.8572
0.8548
0.8559
0.8334
0.8007
0.7967
0.7228
0.6802
0.6803
0.6828
0.6299
0.6468
0.6144
0.6097
0.5608
0.5660
0.5654
0.5602
0.7300
0.8577
0.8752
0.8656
0.8578
0.8368
0.8443
0.8577
0.8557
0.3175
0.6863
0.8307
0.8018
0.7974
0.7989
0.7170
0.6245
0.6218
0.5994
0.5844
0.5706
0.5592
0.5509
0.5453
0.6213
0.7909
0.8401
0.8412
0.8351
0.8326
0.8270
0.8395
0.8754
0.8673
0.8347
0.8131
0.8049
0.7285
0.6826
0.6796
0.6320
0.6252
0.6034
0.5923
0.5781
0.5660
0.5545
0.5477
0.6482
0.7619
0.7890
0.7941
0.7862
0.7857
0.7954
0.8218
0.8128
0.8023
0.7963
0.7916
0.7904
0.7183
0.6675
0.6746
0.6517
0.6512
0.6396
0.6380
0.6364
0.6344
0.6329
0.6316
0.6303
0.6689
0.7330
0.7442
0.7471
0.7434
0.7418
0.7402
0.8037
0.8354
0.8253
0.8135
0.7983
0.7905
0.7963
0.8104
0.8265
0.8280
0.8374
0.8362
0.8341
0.8332
0.8307
0.8589
0.9036
0.9103
0.9127
0.9096
0.9083
0.8950
0.9135
0.9005
0.8980
0.8969
0.8925
0.8898
0.8371
0.8348
0.8315
0.8207
0.7058
0.6944
0.6727
0.6537
0.6408
0.6288
0.6210
0.6138
0.7312
0.8552
0.8812
0.8747
0.8937
0.8646
0.8637
0.8602
0.8567
0.8698
0.8725
0.8340
0.7492
0.7139
0.7078
0.7017
0.6562
0.6473
0.6289
0.6096
0.5956
0.5850
0.5744
0.5697
0.7353
0.8295
0.8517
0.8491
0.8462
0.8434
0.8391
0.8358
0.8169
0.8007
0.7730
0.7668
0.6918
0.6468
0.6466
0.6424
0.5927
0.6051
0.5759
0.5575
0.5154
0.5164
0.5156
0.5079
0.6803
0.8288
0.8499
0.8284
0.8204
0.7814
0.7928
0.7807
0.7765
0.7469
0.7144
0.6459
0.6163
0.5749
0.6040
0.5742
0.5583
0.5113
0.5140
0.4805
0.5123
0.4692
0.4935
0.4669
0.5629
0.7250
0.7746
0.7668
0.7532
0.7341
0.7582
0.7240
0.7400
0.7011
0.6786
0.6715
0.6745
0.6020
0.5390
0.5493
0.4975
0.4847
0.4743
0.4581
0.4548
0.4480
0.4382
0.4407
0.5353
0.6587
0.6871
0.6888
0.6813
0.6792
0.6752
0.6733
0.6686
0.6688
0.6639
0.6686
0.6572
0.5814
0.5133
0.5339
0.5084
0.5064
0.4907
0.5102
0.4884
0.5117
0.4867
0.5123
0.4849
0.5417
0.6013
0.6187
0.6182
0.6124
0.6114
0.6092
0.6506
0.6613
0.6233
0.5467
0.4964
0.4678
0.4677
0.4718
0.4701
0.4771
0.4660
0.4644
0.4632
0.4631
0.4619
0.5081
0.5904
0.6646
0.6945
0.6931
0.6887
0.6599
0.6765
0.6624
0.6299
0.6448
0.6042
0.5950
0.5075
0.4512
0.4494
0.4670
0.3928
0.4155
0.3611
0.3778
0.3363
0.3586
0.3194
0.3217
0.4794
0.6512
0.6942
0.6867
0.7218
0.6603
0.6600
0.6445
0.6206
0.6234
0.5945
0.5362
0.5015
0.4849
0.4686
0.4761
0.3908
0.4089
0.3588
0.3675
0.3350
0.3287
0.3109
0.3111
0.5159
0.6338
0.6640
0.6622
0.6561
0.6550
0.6469
0.6336
0.6167
0.6045
0.5956
0.5526
0.4938
0.4194
0.4164
0.4182
0.3599
0.3563
0.3495
0.3243
0.3220
0.2869
0.2867
0.2911
0.4350
0.6743
0.6969
0.6680
0.6604
0.6149
0.6212
0.6155
0.6041
0.5809
0.5778
0.4911
0.4464
0.3974
0.4096
0.3984
0.3521
0.3331
0.3284
0.2949
0.2979
0.2777
0.2743
0.2611
0.3566
0.5464
0.6315
0.6305
0.6206
0.6152
0.6107
0.5971
0.5855
0.5662
0.5649
0.5174
0.5178
0.4533
0.3973
0.3887
0.3404
0.3092
0.2958
0.2701
0.2684
0.2578
0.2628
0.2642
0.3904
0.4625
0.5608
0.5472
0.5400
0.5407
0.5397
0.5383
0.5365
0.5357
0.5354
0.5340
0.5320
0.4720
0.4155
0.4138
0.3739
0.3674
0.3529
0.3526
0.3518
0.3517
0.3628
0.3693
0.3700
0.3696
0.4553
0.4887
0.4875
0.4879
0.4845
0.4849
0.5357
0.5410
0.5032
0.4336
0.3763
0.3634
0.3617
0.3486
0.3445
0.3538
0.3429
0.3425
0.3417
0.3776
0.4060
0.4428
0.5127
0.5857
0.6148
0.6081
0.6048
0.5742
0.6093
0.5828
0.5666
0.5557
0.5418
0.5009
0.4363
0.3790
0.3718
0.3658
0.2971
0.2917
0.2718
0.2633
0.2377
0.2246
0.2238
0.2259
0.3728
0.5593
0.6080
0.6001
0.6374
0.5831
0.5723
0.5627
0.5477
0.5313
0.5230
0.4068
0.3477
0.3528
0.3443
0.3533
0.2855
0.2932
0.2591
0.2593
0.2356
0.2249
0.2191
0.2835
0.4420
0.5400
0.5430
0.5746
0.5616
0.5576
0.5563
0.5417
0.5303
0.5140
0.5056
0.4660
0.3929
0.3498
0.3411
0.3471
0.2829
0.2848
0.2649
0.2636
0.2308
0.2246
0.2194
0.2201
0.3242
0.5387
0.6224
0.5931
0.5778
0.5356
0.5461
0.5416
0.5245
0.5110
0.4528
0.4061
0.4119
0.4217
0.4169
0.4585
0.6339
0.7614
0.7964
0.8615
0.8590
0.8693
0.8176
0.7967
0.8371
0.8815
0.8859
0.8838
0.8760
0.8715
0.8653
0.8603
0.8517
0.8456
0.8410
0.8224
0.7672
0.6867
0.6261
0.6318
0.5719
0.5722
0.5341
0.5217
0.4916
0.4745
0.4560
0.4431
0.5498
0.6529
0.6711
0.6685
0.6576
0.6528
0.6469
0.6419
0.6387
0.6330
0.6264
0.6200
0.6183
0.5362
0.4637
0.4823
0.4278
0.4235
0.4046
0.4019
0.3997
0.3957
0.3956
0.3938
0.4308
0.4396
0.4404
0.6204
0.6643
0.4943
0.5287
0.5265
0.5220
0.5196
0.5137
0.5118
0.4041
0.3649
0.3640
0.3622
0.3619
0.3701
0.3586
0.3570
0.3560
0.4115
0.4266
0.4273
0.5014
0.5736
0.6038
0.6012
0.5975
0.5696
0.5996
0.5750
0.5597
0.5406
0.5336
0.4855
0.4109
0.3492
0.3587
0.3471
0.2991
0.2809
0.2673
0.2448
0.2325
0.2170
0.2142
0.2313
0.3853
0.5652
0.5950
0.5881
0.6282
0.5750
0.5613
0.5475
0.5381
0.5195
0.5170
0.3972
0.3449
0.3370
0.3426
0.3356
0.2834
0.2702
0.2618
0.2333
0.2260
0.2065
0.2051
0.2272
0.4319
0.5286
0.5593
0.5596
0.5566
0.5542
0.5508
0.5369
0.5218
0.5070
0.5039
0.4575
0.4485
0.3823
0.3296
0.3256
0.2739
0.2654
0.2473
0.2202
0.2024
0.1867
0.1868
0.1888
0.2987
0.4101
0.6281
0.5619
0.5569
0.5145
0.5268
0.5184
0.5045
0.4888
0.4836
0.4424
0.3665
0.3177
0.3144
0.3165
0.2585
0.2573
0.2321
0.2094
0.1847
0.1754
0.1747
0.1767
0.2862
0.3624
0.4200
0.4670
0.5357
0.5271
0.5194
0.5090
0.4931
0.4748
0.4702
0.4696
0.3772
0.3102
0.3038
0.3041
0.2477
0.2687
0.3069
0.4169
0.3853
0.3844
0.2979
0.2832
0.4104
0.4329
0.4262
0.4216
0.4328
0.4390
0.8308
0.5614
0.5012
0.5569
0.5593
0.5592
0.4367
0.3795
0.3752
0.3759
0.3446
0.3380
0.3215
0.3201
0.3179
0.3175
0.3183
0.3206
0.3173
0.3185
0.4470
0.4445
0.4601
0.4835
0.4895
0.4390
0.4238
0.4188
0.3478
0.3080
0.3072
0.3062
0.3054
0.3049
0.3040
0.3109
0.3018
0.3018
0.3015
0.3014
0.3010
0.3001
0.3075
0.3980
0.4237
0.5130
0.5192
0.5211
0.5636
0.5619
0.5415
0.4943
0.4691
0.3650
0.3120
0.3106
0.3102
0.3093
0.2527
0.2523
0.2248
0.2044
0.1809
0.1695
0.1693
0.1722
0.2825
0.3840
0.4145
0.4187
0.5878
0.5111
0.5045
0.4962
0.4776
0.5061
0.5143
0.3852
0.3097
0.3010
0.3019
0.2998
0.2457
0.2429
0.2200
0.1923
0.1709
0.1619
0.1619
0.1636
0.2830
0.3908
0.4159
0.4184
0.5217
0.5039
0.4982
0.4865
0.5242
0.5165
0.4205
0.3164
0.3004
0.2977
0.2984
0.2976
0.2452
0.2392
0.2192
0.1875
0.1713
0.1600
0.1595
0.1612
0.2735
0.3751
0.5482
0.5593
0.5080
0.4997
0.4930
0.4776
0.4695
0.4486
0.3923
0.3112
0.2947
0.2917
0.2938
0.2913
0.2369
0.2320
0.2094
0.1832
0.1646
0.1585
0.1888
0.3004
0.2978
0.2974
0.3549
0.3948
0.4958
0.4752
0.4659
0.4546
0.4496
0.4330
0.4303
0.3930
0.3305
0.2881
0.2850
0.2846
0.2288
0.2250
0.1997
0.1776
0.1707
0.1706
0.1712
0.1711
0.2874
0.3126
0.3129
0.3128
0.3127
0.3948
0.3910
0.3928
0.3993
0.4504
0.4572
0.4619
0.3587
0.3004
0.3082
0.3018
0.2860
0.2764
0.2720
0.2697
0.2701
0.2687
0.2687
0.2691
0.2687
0.2691
0.2682
0.3263
0.4244
0.4197
0.4174
0.3103
0.2667
0.2667
0.2665
0.2662
0.2668
0.2667
0.2668
0.2663
0.2665
0.2672
0.2678
0.2673
0.2660
0.2660
0.2666
0.2661
0.2718
0.3558
0.3798
0.3815
0.3811
0.4521
0.5023
0.5132
0.4995
0.4399
0.3657
0.2938
0.2711
0.2742
0.2707
0.2724
0.2133
0.2642
0.2765
0.2795
0.2765
0.2769
0.2761
0.2774
0.2752
0.2744
0.2821
0.2869
0.2837
0.3435
0.4028
0.4252
0.3789
0.3120
0.2738
0.2734
0.2711
0.2712
0.2716
0.2717
0.2081
0.2078
0.1776
0.1586
0.1564
0.1569
0.1565
0.1569
0.1695
0.3334
0.3672
0.3677
0.3771
0.5308
0.4947
0.4942
0.4748
0.3750
0.3086
0.2851
0.2641
0.2673
0.2660
0.2656
0.2024
0.1970
0.1712
0.1565
0.1559
0.1560
0.1560
0.1565
0.1679
0.3268
0.3598
0.3610
0.3663
0.4426
0.4297
0.4302
0.3492
0.3215
0.3146
0.2826
0.2628
0.2641
0.2631
0.2623
0.1991
0.1936
0.1664
0.1567
0.1561
0.1570
0.1564
0.1569
0.1678
0.3221
0.3533
0.3534
0.3593
0.4409
0.4226
0.4097
0.3999
0.3843
0.3402
0.2742
0.2606
0.2594
0.2612
0.2578
0.2464
0.2574
0.2586
0.2570
0.2592
0.2579
0.2570
0.2562
0.2569
0.2567
0.2577
0.2572
0.2574
0.2825
0.4042
0.3943
0.3927
0.3125
0.2538
0.2525
0.2552
0.2525
0.2561
0.2525
0.2548
0.2539
0.2540
0.2531
0.2523
0.2524
0.2506
0.2510
0.2519
0.2515
0.2529
0.2524
0.2524
0.2522
0.2513
0.2497
0.2489
0.2496
0.2500
0.2491
0.2487
0.2483
0.2488
0.2492
0.2489
0.2490
0.2489
0.2498
0.2494
0.2490
0.2478
0.2469
0.2473
0.2473
0.2487
0.3310
0.3352
0.3226
0.3589
0.3795
0.3848
0.3044
0.2497
0.2445
0.2453
0.2450
0.2441
0.2441
0.1815
0.1749
0.1568
0.1551
0.1551
0.1551
0.1551
0.1555
0.1669
0.3010
0.3300
0.3300
0.3272
0.3228
0.3168
0.3058
0.2998
0.2899
0.2838
0.2639
0.2425
0.2421
0.2417
0.2416
0.1777
0.1703
0.1555
0.1551
0.1551
0.1551
0.1556
0.1551
0.1669
0.2963
0.3234
0.3233
0.3229
0.3157
0.3085
0.3000
0.2914
0.2856
0.2780
0.2695
0.2414
0.2437
0.2387
0.2407
0.1740
0.1674
0.1565
0.1565
0.1570
0.1565
0.1570
0.1569
0.1684
0.2960
0.4155
0.4272
0.4475
0.3538
0.3075
0.2972
0.2882
0.2780
0.2739
0.2573
0.2329
0.2365
0.2334
0.2369
0.1708
0.1653
0.1560
0.1566
0.1561
0.1566
0.1571
0.1567
0.1680
0.2864
0.3113
0.3105
0.3074
0.3047
0.2955
0.2871
0.2787
0.2805
0.2909
0.2810
0.2429
0.2501
0.2470
0.2576
0.2467
0.3192
0.2970
0.1920
0.1695
0.1695
0.1694
0.1699
0.2220
0.2395
0.2398
0.2401
0.2395
0.2399
0.2393
0.2383
0.2375
0.2377
0.2375
0.2374
0.2369
0.2374
0.2375
0.2370
0.2234
0.2210
0.2118
0.2114
0.2114
0.2119
0.2123
0.2119
0.2119
0.2120
0.2119
0.2120
0.2538
0.3682
0.3040
0.2345
0.2088
0.2087
0.2082
0.2081
0.2081
0.2082
0.2090
0.2092
0.2086
0.2093
0.2092
0.2099
0.2094
0.2099
0.2099
0.2092
0.2143
0.3050
0.3291
0.4156
0.3953
0.3980
0.3546
0.3207
0.3060
0.2826
0.2877
0.2672
0.2475
0.2462
0.2653
0.2407
0.1795
0.1658
0.1584
0.1556
0.1558
0.1596
0.1593
0.1594
0.1942
0.3486
0.3863
0.3887
0.3782
0.3739
0.3180
0.2849
0.2756
0.2650
0.2706
0.2460
0.2283
0.2225
0.2252
0.2218
0.1673
0.1599
0.1539
0.1538
0.1539
0.1543
0.1544
0.1549
0.1657
0.2698
0.2945
0.2930
0.2894
0.2832
0.2775
0.2690
0.2642
0.2565
0.2557
0.2378
0.2230
0.2191
0.2221
0.2192
0.1652
0.1635
0.1535
0.1540
0.1582
0.1584
0.1585
0.1571
0.1669
0.2725
0.3476
0.4318
0.3363
0.2854
0.2785
0.2697
0.2627
0.2585
0.2628
0.2410
0.2213
0.2224
0.2222
0.2217
0.1646
0.1573
0.1508
0.1509
0.1513
0.1513
0.1514
0.1513
0.1627
0.2689
0.2937
0.2913
0.2882
0.2850
0.2754
0.2666
0.2639
0.2527
0.2563
0.2355
0.2192
0.2177
0.2195
0.2177
0.1642
0.1652
0.1630
0.1630
0.1636
0.1634
0.1635
0.1661
0.2162
0.2339
0.2287
0.2160
0.2151
0.2146
0.2155
0.2142
0.2138
0.2140
0.2137
0.2139
0.2135
0.2153
0.2301
0.2317
0.2223
0.2085
0.1984
0.1980
0.1977
0.1982
0.1981
0.1982
0.1991
0.1987
0.1984
0.1990
0.2028
0.2166
0.2173
0.2111
0.1998
0.1966
0.1959
0.1964
0.1968
0.1973
0.1969
0.1969
0.1970
0.1970
0.1970
0.1971
0.1971
0.2040
0.2154
0.2160
0.2104
0.2960
0.4232
0.4065
0.3836
0.3823
0.3283
0.2963
0.2873
0.2603
0.2727
0.2427
0.2156
0.2086
0.2126
0.2083
0.1612
0.1531
0.1496
0.1497
0.1503
0.1503
0.1507
0.1504
0.1612
0.2510
0.2748
0.2726
0.2671
0.3151
0.2774
0.2518
0.2410
0.2411
0.2395
0.2272
0.2085
0.2073
0.2072
0.2073
0.1590
0.1517
0.1495
0.1500
0.1496
0.1501
0.1501
0.1502
0.1614
0.2478
0.2694
0.2678
0.2620
0.2548
0.2520
0.2476
0.2396
0.2383
0.2369
0.2243
0.2046
0.2060
0.2043
0.2065
0.1590
0.1512
0.1495
0.1497
0.1496
0.1500
0.1501
0.1502
0.1610
0.2443
0.2647
0.2633
0.2850
0.2825
0.2469
0.2448
0.2353
0.2376
0.2349
0.2253
0.2033
0.2101
0.2025
0.2072
0.1585
0.1515
0.1492
0.1496
0.1501
0.1497
0.1501
0.1500
0.1615
0.2410
0.2607
0.2590
0.2512
0.2518
0.2429
0.2408
0.2328
0.2332
0.2301
0.2179
0.1996
0.2014
0.1998
0.2053
0.1629
0.1671
0.1673
0.1653
0.1639
0.1632
0.1630
0.1627
0.1817
0.1925
0.1914
0.1908
0.1911
0.1905
0.1905
0.1897
0.1900
0.1896
0.1895
0.1889
0.1881
0.1877
0.1882
0.1882
0.1865
0.1848
0.1805
0.1791
0.1801
0.1801
0.1805
0.1801
0.1797
0.1801
0.1797
0.1801
0.1803
0.1796
0.1798
0.1796
0.1792
0.1790
0.1786
0.1789
0.1789
0.1789
0.1790
0.1795
0.1791
0.1790
0.1791
0.1791
0.1793
0.1782
0.1784
0.1788
0.1836
0.2773
0.3026
0.3044
0.3053
0.3052
0.3003
0.2914
0.2778
0.2585
0.2492
0.2340
0.1982
0.1930
0.1964
0.1922
0.1592
0.1486
0.1487
0.1488
0.1489
0.1492
0.1489
0.1492
0.1598
0.2247
0.2176
0.2383
0.2576
0.2311
0.2358
0.2242
0.2223
0.2187
0.2214
0.2045
0.1970
0.1899
0.1984
0.1904
0.1565
0.1481
0.1485
0.1486
0.1486
0.1486
0.1490
0.1509
0.1660
0.2438
0.2642
0.2497
0.2503
0.2357
0.2369
0.2273
0.2247
0.2204
0.2234
0.2115
0.1987
0.1938
0.1942
0.1920
0.1557
0.1488
0.1487
0.1487
0.1487
0.1487
0.1490
0.1486
0.1599
0.2218
0.2385
0.2352
0.2340
0.2274
0.2248
0.2211
0.2180
0.2154
0.2155
0.2025
0.1896
0.1886
0.1886
0.1882
0.1545
0.1477
0.1477
0.1481
0.1482
0.1482
0.1482
0.1482
0.1599
0.2162
0.2301
0.2281
0.2258
0.2214
0.2196
0.2169
0.2129
0.2115
0.2104
0.2000
0.1856
0.1866
0.1852
0.1857
0.1534
0.1588
0.1601
0.1601
0.1605
0.1602
0.1605
0.1602
0.1715
0.1724
0.1729
0.1728
0.1729
0.1729
0.1727
0.1723
0.1727
0.1725
0.1724
0.1727
0.1724
0.1727
0.1724
0.1727
0.1620
0.1607
0.1612
0.1620
0.1626
0.1620
0.1622
0.1615
0.1622
0.1621
0.1626
0.1620
0.1626
0.1616
0.1613
0.1610
0.1611
0.1604
0.1610
0.1612
0.1609
0.1609
0.1613
0.1614
0.1610
0.1614
0.1590
0.1576
0.1577
0.1577
0.1582
0.1582
0.1687
0.2636
0.2873
0.2888
0.2897
0.2905
0.2883
0.2790
0.2663
0.2447
0.2317
0.2237
0.1793
0.1845
0.1774
0.1827
0.1538
0.1503
0.1498
0.1496
0.1489
0.1486
0.1484
0.1486
0.1591
0.2061
0.2161
0.2180
0.2108
0.2105
0.2066
0.2018
0.1997
0.2007
0.2002
0.1910
0.1735
0.1761
0.1753
0.1769
0.1523
0.1476
0.1482
0.1482
0.1482
0.1481
0.1483
0.1482
0.1600
0.1940
0.2015
0.2014
0.1984
0.1966
0.1944
0.1929
0.1930
0.1918
0.1918
0.1865
0.1683
0.1727
0.1730
0.1735
0.1517
0.1476
0.1480
0.1476
0.1481
0.1481
0.1482
0.1481
0.1600
0.1913
0.1976
0.1965
0.1950
0.1940
0.1904
0.1898
0.1915
0.1906
0.1901
0.1856
0.1660
0.1709
0.1721
0.1705
0.1517
0.1475
0.1478
0.1475
0.1480
0.1481
0.1480
0.1486
0.1594
0.1886
0.1943
0.1923
0.1916
0.1898
0.1882
0.1869
0.1865
0.1868
0.1865
0.1857
0.1837
0.1905
0.2061
0.1837
0.1587
0.1610
0.1623
0.1616
0.1618
0.1612
0.1615
0.1611
0.1723
0.1735
0.1735
0.1736
0.1735
0.1735
0.1734
0.1734
0.1732
0.1732
0.1731
0.1731
0.1734
0.1729
0.1874
0.2379
0.3669
0.3645
0.3079
0.2264
0.1792
0.1718
0.1689
0.1659
0.1640
0.1638
0.1639
0.1632
0.1636
0.1634
0.1628
0.1633
0.1676
0.1700
0.1727
0.1887
0.1811
0.3036
0.3242
0.2633
0.1751
0.1691
0.1564
0.1558
0.1541
0.1553
0.1545
0.1587
0.1872
0.3448
0.3851
0.3846
0.3876
0.3764
0.3735
0.3651
0.3022
0.2430
0.2419
0.2226
0.1850
0.1846
0.1800
0.1795
0.1545
0.1497
0.1504
0.1511
0.1543
0.1563
0.1559
0.1550
0.1643
0.2176
0.2309
0.2278
0.2255
0.2208
0.2250
0.2683
0.2352
0.2336
0.2262
0.2129
0.2003
0.2001
0.1987
0.1994
0.1612
0.1532
0.1536
0.1535
0.1535
0.1502
0.1494
0.1497
0.1800
0.3147
0.2862
0.2938
0.2873
0.2303
0.2084
0.2033
0.2022
0.2026
0.2016
0.1956
0.1717
0.1751
0.1739
0.1739
0.1538
0.1499
0.1498
0.1497
0.1503
0.1502
0.1503
0.1501
0.1610
0.1903
0.1937
0.1948
0.2045
0.2065
0.2056
0.2196
0.3374
0.2467
0.2581
0.2191
0.1716
0.1733
0.1702
0.1715
0.1524
0.1490
0.1486
0.1479
0.1485
0.1480
0.1484
0.1484
0.1593
0.1868
0.1891
0.1885
0.1874
0.1871
0.1869
0.1867
0.1866
0.1866
0.1865
0.1914
0.2089
0.1579
0.1572
0.1571
0.1576
0.1531
0.1524
0.1526
0.1523
0.1522
0.1522
0.1522
0.1526
0.1526
0.1527
0.1523
0.1527
0.1526
0.1526
0.1518
0.1524
0.1524
0.1524
0.1527
0.1524
0.1524
0.1523
0.1528
0.1523
0.1552
0.1529
0.1524
0.1524
0.1525
0.1524
0.1529
0.1524
0.1526
0.1529
0.1528
0.1531
0.1527
0.1530
0.1527
0.1531
0.1524
0.1530
0.1530
0.1533
0.1529
0.1542
0.1578
0.1575
0.1582
0.1589
0.1581
0.1578
0.1578
0.1578
0.1583
0.1621
0.1711
0.1826
0.1830
0.1819
0.1811
0.1874
0.1943
0.1740
0.1694
0.1632
0.1609
0.1594
0.1591
0.1593
0.1592
0.1589
0.1592
0.1592
0.1592
0.1592
0.1588
0.1591
0.1592
0.1591
0.1587
0.1592
0.1585
0.1591
0.1586
0.1587
0.1592
0.1587
0.1592
0.1589
0.1585
0.1587
0.1588
0.1587
0.1584
0.1587
0.1588
0.1584
0.1588
0.1588
0.1584
0.1588
0.1588
0.1588
0.1588
0.1588
0.1584
0.1588
0.1588
0.1587
0.1586
0.1584
0.1580
0.1583
0.1583
0.1581
0.1578
0.1582
0.1582
0.1583
0.1578
0.1583
0.1583
0.1583
0.1583
0.1583
0.1579
0.1583
0.1584
0.1579
0.1582
0.1583
0.1578
0.1582
0.1580
0.1583
0.1611
0.1631
0.1633
0.1630
0.1629
0.1636
0.1635
0.1631
0.1636
0.1632
0.1637
0.1632
0.1637
0.1633
0.1637
0.1633
0.1637
0.1638
0.1620
0.1559
0.1558
0.1571
0.1566
0.1552
0.1558
0.1556
0.1560
0.1556
0.1556
0.1559
0.1553
0.1557
0.1553
0.1553
0.1543
0.1544
0.1544
0.1544
0.1544
0.1544
0.1543
0.1542
0.1541
0.1536
0.1536
0.1531
0.1529
0.1534
0.1529
0.1533
0.1532
0.1532
0.1526
0.1524
0.1528
0.1524
0.1528
0.1524
0.1524
0.1525
0.1529
0.1524
0.1525
0.1524
0.1526
0.1525
0.1529
0.1528
0.1531
0.1525
0.1529
0.1529
0.1528
0.1529
0.1531
0.1526
0.1531
0.1527
0.1541
0.1539
0.1534
0.1535
0.1531
0.1531
0.1530
0.1605
0.1686
0.1646
0.1612
0.1599
0.1554
0.1538
0.1536
0.1664
0.2160
0.1827
0.1554
0.1531
0.1531
0.1531
0.1529
0.1530
0.1529
0.1529
0.1528
0.1529
0.1528
0.1529
0.1529
0.1528
0.1529
0.1529
0.1529
0.1527
0.1530
0.1541
0.1565
0.1554
0.1553
0.1585
0.1575
0.1565
0.1569
0.1604
0.1896
0.1899
0.1835
0.1893
0.2099
0.2116
0.2045
0.1984
0.1927
0.1821
0.1785
0.1764
0.2227
0.3446
0.2426
0.2648
0.2636
0.2656
0.2590
0.1996
0.1627
0.1616
0.1657
0.1639
0.1630
0.1619
0.1604
0.1594
0.1603
0.1598
0.1602
0.1597
0.1592
0.1596
0.1592
0.1586
0.1584
0.1583
0.1590
0.1587
0.1583
0.1581
0.1586
0.1565
0.1566
0.1563
0.1560
0.1575
0.1717
0.1748
0.1742
0.1740
0.1650
0.1544
0.1549
0.1548
0.1544
0.1547
0.1549
0.1570
0.3890
0.1778
0.2167
0.2268
0.2213
0.2224
0.1818
0.1522
0.1531
0.1534
0.1531
0.1538
0.1525
0.1532
0.1530
0.1532
0.1529
0.1524
0.1533
0.1529
0.1529
0.1529
0.1529
0.1529
0.1529
0.1529
0.1530
0.1528
0.1534
0.1524
0.1529
0.1531
0.1528
0.1527
0.1528
0.1523
0.1523
0.1523
0.1523
0.1517
0.1510
0.1511
0.1515
0.1515
0.1515
0.1511
0.1514
0.1511
0.1516
0.1515
0.1516
0.1516
0.1511
0.1517
0.1515
0.1517
0.1513
0.1520
0.1558
0.1634
0.1682
0.1681
0.1648
0.1631
0.1599
0.1550
0.1551
0.1542
0.1545
0.1540
0.1539
0.1531
0.1530
0.1530
0.1534
0.1531
0.1517
0.1526
0.1519
0.1528
0.1521
0.1524
0.1519
0.1519
0.1517
0.1518
0.1523
0.1518
0.1517
0.1517
0.1517
0.1518
0.1514
0.1515
0.1513
0.1515
0.1509
0.1934
0.2151
0.2121
0.2158
0.1800
0.1502
0.1504
0.1502
0.1503
0.1500
0.1502
0.1497
0.1502
0.1500
0.1502
0.1501
0.1502
0.1496
0.1502
0.1502
0.1503
0.1497
0.1503
0.1502
0.1503
0.1503
0.1503
0.1498
0.1503
0.1497
0.1503
0.1499
0.1499
0.1499
0.1494
0.1498
0.1498
0.1494
0.1497
0.1497
0.1491
0.1496
0.1495
0.1496
0.1492
0.1490
0.1495
0.1495
0.1495
0.1497
0.1508
0.1499
0.1506
0.1509
0.1504
0.1505
0.1502
0.1505
0.1504
0.1497
0.1503
0.1499
0.1500
0.1498
0.1503
0.1498
0.1497
0.1486
0.1490
0.1486
0.1490
0.1487
0.1486
0.1491
0.1487
0.1488
0.1491
0.1487
0.1486
0.1488
0.1490
0.1487
0.1485
0.1487
0.1485
0.1491
0.1486
0.1486
0.1485
0.1487
0.1485
0.1486
0.1485
0.1486
0.1485
0.1485
0.1488
0.1501
0.1497
0.1489
0.1484
0.1478
0.1483
0.1485
0.1484
0.1484
0.1480
0.1484
0.1483
0.1480
0.1484
0.1484
0.1484
0.1480
0.1485
0.1480
0.1484
0.1481
0.1484
0.1480
0.1481
0.1485
0.1481
0.1488
0.1487
0.1484
0.1480
0.1484
0.1479
0.1480
0.1483
0.1478
0.1479
0.1478
0.1479
0.1475
0.1478
0.1479
0.1479
0.1480
0.1479
0.1479
0.1475
0.1480
0.1480
0.1476
0.1480
0.1476
0.1480
0.1476
0.1479
0.1475
0.1479
0.1475
0.1473
0.1470
0.1473
0.1474
0.1474
0.1473
0.1475
0.1474
0.1470
0.1204
0.2168
0.1400
0.1383
0.1371
0.1370
0.1375
0.1370
0.1370
0.1375
0.1370
0.1383
0.1387
0.1382
0.1378
0.1367
0.1369
0.1365
0.1364
0.1369
0.1364
0.1365
0.1369
0.1365
0.1364
0.1370
0.1366
0.1369
0.1355
0.1350
0.1351
0.1337
0.1334
0.1334
0.1333
0.1333
0.1332
0.1332
0.1327
0.1331
0.1332
0.1332
0.1331
0.1332
0.1332
0.1331
0.1332
0.1332
0.1332
0.1332
0.1333
0.1332
0.1333
0.1337
0.1333
0.1335
0.1333
0.1333
0.1331
0.1336
0.1331
0.1331
0.1330
0.1330
0.1330
0.1330
0.1329
0.1331
0.1330
0.1330
0.1330
0.1331
0.1335
0.1331
0.1331
0.1330
0.1331
0.1335
0.1331
0.1332
0.1330
0.1331
0.1330
0.1330
0.1329
0.1325
0.1328
0.1330
0.1328
0.1329
0.1328
0.1329
0.1328
0.1329
0.1329
0.1329
0.1328
0.1330
0.1325
0.1316
0.1317
0.1317
0.1316
0.1312
0.1317
0.1316
0.1310
0.1319
0.1316
0.1315
0.1311
0.1315
0.1315
0.1311
0.1315
0.1310
0.1315
0.1315
0.1310
0.1315
0.1311
0.1310
0.1315
0.1310
0.1317
0.1312
0.1306
0.1304
0.1304
0.1303
0.1317
0.1349
0.1354
0.1337
0.1335
0.1336
0.1342
0.1343
0.1342
0.1329
0.1328
0.1341
0.1348
0.1352
0.1363
0.1367
0.1355
0.1352
0.1348
0.1357
0.1388
0.1424
0.2028
0.2620
0.2270
0.2298
0.2499
0.1702
0.1634
0.1605
0.1584
0.1571
0.1557
0.1545
0.2317
0.2677
0.2214
0.1476
0.1490
0.1484
0.1484
0.1844
0.2579
0.2505
0.2465
0.2399
0.2417
0.2407
0.2386
0.2405
0.2318
0.2302
0.1678
0.1457
0.1448
0.1447
0.1452
0.1451
0.1449
0.1451
0.1451
0.1456
0.1453
0.1450
0.1451
0.1448
0.1451
0.1450
0.1451
0.1436
0.1436
0.1436
0.1439
0.1436
0.1436
0.1434
0.1457
0.1448
0.1452
0.1452
0.1452
0.1447
0.1430
0.1429
0.1423
0.1428
0.1422
0.1426
0.1421
0.1426
0.1422
0.1426
0.1422
0.1422
0.1425
0.1423
0.1423
0.1428
0.1615
0.1323
0.1317
0.1331
0.1426
0.1431
0.1421
0.1430
0.1426
0.1426
0.1425
0.1421
0.1430
0.1425
0.1420
0.1422
0.1407
0.1403
0.1402
0.1407
0.1405
0.1406
0.1401
0.1406
0.1402
0.1401
0.1397
0.1398
0.1397
0.1399
0.1398
0.1399
0.1393
0.1389
0.1384
0.1389
0.1384
0.1387
0.1501
0.1540
0.1530
0.1505
0.1499
0.1497
0.1443
0.1441
0.1439
0.1443
0.1423
0.1415
0.1419
0.1416
0.1415
0.1418
0.1414
0.1414
0.1413
0.1414
0.1408
0.1399
0.1399
0.1400
0.1399
0.1404
0.1399
0.1400
0.1403
0.1400
0.1399
0.1405
0.1400
0.1400
0.1404
0.1402
0.1405
0.1401
0.1406
0.1426
0.1454
0.1430
0.1430
0.1430
0.1423
0.1417
0.1448
0.1463
0.1509
0.1508
0.1510
0.1504
0.1377
0.1375
0.1385
0.1394
0.1394
0.1450
0.1464
0.1462
0.1455
0.1449
0.1446
0.1446
0.1461
0.2907
0.2333
0.1771
0.1410
0.1423
0.1418
0.1423
0.1446
0.1450
0.1801
0.2433
0.2366
0.2360
0.1798
0.1399
0.1407
0.1415
0.1401
0.1400
0.1400
0.1403
0.1390
0.1403
0.1399
0.1398
0.1436
0.1683
0.1718
0.1693
0.1667
0.1649
0.1646
0.1646
0.2195
0.2308
0.2352
0.2381
0.2337
0.2345
0.1893
0.1392
0.1479
0.1472
0.1492
0.1484
0.1490
0.1479
0.1480
0.1487
0.1483
0.1477
0.1482
0.1477
0.1482
0.1480
0.1482
0.1553
0.2703
0.2663
0.2497
0.2391
0.2274
0.3082
0.2195
0.1652
0.1649
0.1650
0.1648
0.1703
0.1780
0.2291
0.6591
0.7584
0.7106
0.6662
0.7391
0.7725
0.7641
0.6639
0.5577
0.5369
0.7196
0.7723
0.8815
0.9145
0.9175
0.9175
0.9606
0.9045
0.9055
0.8982
0.7715
0.7373
0.7073
0.7574
0.7945
0.6888
0.6930
0.6149
0.5972
0.5473
0.5874
0.5721
0.6494
0.7739
0.8405
0.8831
0.8857
0.8864
0.8907
0.8917
0.8902
0.8887
0.8861
0.8824
0.8761
0.8711
0.8649
0.8604
0.8569
0.7806
0.7601
0.7425
0.7096
0.7038
0.6701
0.6681
0.6389
0.6347
0.6106
0.6042
0.5892
0.5790
0.5674
0.5735
0.5477
0.5529
0.5306
0.5429
0.5184
0.5303
0.5083
0.5199
0.4985
0.5177
0.5036
0.4986
0.4866
0.4847
0.4796
0.4785
0.4734
0.4772
0.5507
0.5882
0.7862
0.5887
0.6105
0.6005
0.5799
0.5692
0.5505
0.5523
0.3838
0.3114
0.2908
0.3050
0.2888
0.2439
0.2932
0.3456
0.3071
0.3116
0.2929
0.3027
0.2772
0.4310
0.5269
0.5624
0.5565
0.5532
0.5369
0.5235
0.5127
0.4992
0.4774
0.4999
0.4409
0.4436
0.3429
0.2917
0.2743
0.2288
0.2023
0.1987
0.1591
0.1764
0.1546
0.1753
0.2103
0.3380
0.5435
0.5080
0.5008
0.4977
0.4853
0.5047
0.4723
0.4850
0.4410
0.3757
0.4032
0.4127
0.2751
0.2693
0.2653
0.2052
0.1869
0.1690
0.1606
0.1531
0.1536
0.1535
0.1535
0.1896
0.5010
0.4600
0.4752
0.4739
0.4650
0.4516
0.4444
0.4269
0.4150
0.4071
0.3209
0.2436
0.2518
0.2408
0.2498
0.1776
0.1796
0.1523
0.1522
0.1521
0.1522
0.1526
0.1525
0.1892
0.4444
0.4412
0.4613
0.4506
0.4468
0.4361
0.4395
0.4041
0.3947
0.3726
0.3039
0.2292
0.2417
0.2277
0.2409
0.1659
0.1777
0.1637
0.1641
0.1640
0.1636
0.1645
0.1639
0.2166
0.2358
0.2340
0.4206
0.3130
0.3309
0.3307
0.3257
0.3222
0.3279
0.2666
0.2325
0.2268
0.2307
0.2275
0.2284
0.2172
0.2174
0.2026
0.2069
0.2034
0.2051
0.2034
0.2047
0.2038
0.2033
0.2038
0.2030
0.2152
0.4640
0.2444
0.2016
0.2006
0.1989
0.2027
0.2058
0.2053
0.2347
0.2123
0.2143
0.2123
0.2114
0.2054
0.2076
0.2314
0.2331
0.2346
0.2336
0.3035
0.3816
0.4066
0.3917
0.4050
0.4195
0.3931
0.4011
0.3719
0.3729
0.3567
0.2788
0.2108
0.2116
0.2112
0.2090
0.1629
0.1515
0.1493
0.1497
0.1506
0.1513
0.1510
0.1503
0.1614
0.2505
0.3300
0.3623
0.3600
0.3631
0.3349
0.3377
0.3517
0.2812
0.2501
0.2164
0.2146
0.2014
0.2135
0.1990
0.1654
0.1522
0.1501
0.1499
0.1503
0.1497
0.1506
0.1497
0.1917
0.3303
0.3672
0.3590
0.3528
0.3433
0.3598
0.4355
0.4294
0.4923
0.6522
0.7168
0.8462
0.6827
0.9023
0.8448
0.6517
0.2806
0.1970
0.1609
0.1553
0.1495
0.1741
0.2594
0.4606
0.8168
0.9750
0.9821
0.9911
0.9782
0.9584
0.9338
0.9681
0.9741
0.9681
0.9647
0.9591
0.9203
0.9121
0.9057
0.8932
0.8647
0.8625
0.8611
0.8790
0.8525
0.8757
0.8722
0.8835
0.9613
0.9266
0.9398
0.9204
0.9285
0.9246
0.9260
0.9093
0.9097
0.9077
0.9057
0.9022
0.8296
0.8179
0.7961
0.6683
0.2099
0.6372
0.6791
0.6952
0.6933
0.6933
0.6874
0.6923
0.7949
0.8150
0.8088
0.8004
0.7936
0.7873
0.7824
0.7737
0.7686
0.7589
0.7526
0.7454
0.7386
0.6550
0.6045
0.5833
0.5726
0.5523
0.5841
0.4975
0.5128
0.5076
0.5021
0.4999
0.5723
0.6478
0.6101
0.6062
0.5975
0.5821
0.5829
0.5878
0.6131
0.6158
0.5130
0.4280
0.4410
0.4366
0.4323
0.4273
0.4128
0.3961
0.3917
0.3856
0.3807
0.3760
0.3702
0.3914
0.5341
0.5741
0.5849
0.5845
0.5850
0.6204
0.6182
0.6389
0.6113
0.5873
0.5239
0.5225
0.5164
0.5112
0.4484
0.3095
0.2837
0.2604
0.2593
0.2541
0.2738
0.2930
0.2600
0.3430
0.4506
0.6225
0.6327
0.7317
0.7515
0.7133
0.7835
0.8233
0.8368
0.8433
0.8436
0.8445
0.8778
0.8807
0.8896
0.8712
0.8806
0.8878
0.8918
0.8899
0.8875
0.8875
0.8845
0.8846
0.9233
0.9167
0.9093
0.9048
0.9077
0.9068
0.9045
0.9065
0.9045
0.9000
0.9012
0.8981
0.8963
0.8486
0.8454
0.8241
0.8141
0.8026
0.7980
0.7468
0.7369
0.7277
0.7215
0.8688
0.7450
0.8587
0.8519
0.8491
0.8476
0.8882
0.8979
0.8964
0.8921
0.8912
0.8880
0.8846
0.8128
0.7961
0.7969
0.7116
0.7396
0.7230
0.7174
0.7165
0.7111
0.7087
0.7052
0.7017
0.6973
0.6960
0.7300
0.7646
0.8378
0.7742
0.7816
0.7816
0.7655
0.7740
0.7675
0.7091
0.6662
0.6353
0.6146
0.6052
0.7267
0.5991
0.7045
0.6895
0.6827
0.6775
0.6745
0.7084
0.7165
0.7148
0.7134
0.7389
0.7228
0.8019
0.7561
0.7520
0.7489
0.7516
0.7642
0.7587
0.7209
0.7097
0.6252
0.5915
0.5732
0.5510
0.5394
0.5218
0.5451
0.5564
0.5599
0.5945
0.6551
0.7820
0.7442
0.8082
0.7624
0.7692
0.7705
0.8073
0.7755
0.7670
0.7546
0.6697
0.6405
0.6309
0.6357
0.6453
0.6601
0.6505
0.6359
0.6168
0.6074
0.5895
0.6279
0.7080
0.7947
0.7834
0.7840
0.7831
0.7770
0.7722
0.8027
0.9785
0.9685
0.8811
0.8920
0.8927
0.8872
0.8866
0.7206
0.5730
0.5717
0.5710
0.7986
0.7862
0.7827
0.7712
0.7629
0.8537
0.8591
0.9044
0.8953
0.8935
0.8922
0.8909
0.8885
0.8859
0.9079
0.9036
0.9049
0.8167
0.7988
0.7873
0.7683
0.6830
0.6760
0.6562
0.6337
0.6163
0.6004
0.5874
0.5756
0.6466
0.7927
0.8515
0.8842
0.8520
0.8236
0.8141
0.8003
0.7768
0.6997
0.7740
0.7810
0.6823
0.5876
0.5985
0.5937
0.5447
0.5201
0.5046
0.4867
0.4682
0.4545
0.4469
0.4310
0.5466
0.6361
0.7413
0.7794
0.8058
0.7561
0.7428
0.7298
0.7180
0.7017
0.7235
0.7104
0.6205
0.5066
0.5231
0.5242
0.4691
0.4595
0.4334
0.4114
0.3931
0.3846
0.3805
0.3798
0.4684
0.5728
0.6888
0.7668
0.7705
0.7163
0.7028
0.6912
0.6779
0.6647
0.6873
0.6710
0.5854
0.4793
0.4848
0.4928
0.4349
0.4112
0.3870
0.3894
0.4245
0.4486
0.4371
0.4404
0.5843
0.7104
0.7537
0.8158
0.8702
0.9166
0.9147
0.9297
0.9395
0.9417
0.9430
0.9595
0.9665
0.9543
0.9595
0.9182
0.9317
0.9094
0.9138
0.8829
0.9103
0.9007
0.8966
0.8949
0.9140
0.9367
0.9134
0.9347
0.9321
0.9367
0.9338
0.9314
0.9310
0.9314
0.9199
0.9129
0.9103
0.9118
0.8809
0.8940
0.8890
0.8779
0.8805
0.8766
0.8702
0.8668
0.8607
0.8578
0.8513
0.9188
0.9247
0.9299
0.9214
0.9173
0.9367
0.9371
0.9358
0.9077
0.9049
0.8112
0.2994
0.1657
0.5553
0.5525
0.5998
0.6594
0.6891
0.6834
0.6732
0.6738
0.6716
0.6653
0.6729
0.7387
0.9099
0.8184
0.7901
0.7788
0.7705
0.7644
0.7516
0.7855
0.7792
0.7104
0.6181
0.5453
0.5566
0.5547
0.5055
0.4924
0.4756
0.4499
0.4404
0.4151
0.4051
0.4014
0.4987
0.6546
0.7108
0.7078
0.7065
0.6991
0.6908
0.6793
0.6570
0.6583
0.6394
0.6065
0.6043
0.5301
0.4615
0.5181
0.8406
0.4610
0.3761
0.3687
0.3582
0.3382
0.3325
0.3317
0.5044
0.6684
0.7006
0.6958
0.6895
0.6803
0.6849
0.6658
0.6531
0.6483
0.6751
0.6714
0.5815
0.4833
0.4776
0.4917
0.4149
0.4053
0.3913
0.3739
0.3626
0.3543
0.4314
0.4684
0.5928
0.6867
0.7158
0.7653
0.9508
0.7764
0.8053
0.7840
0.7130
0.6420
0.6300
0.4859
0.5111
0.5146
0.5177
0.5207
0.4776
0.5906
0.6224
0.5721
0.4839
0.4750
0.4586
0.4963
0.7320
0.7618
0.7585
0.7553
0.7507
0.7485
0.7452
0.7418
0.7409
0.6271
0.6211
0.6165
0.6152
0.5286
0.4761
0.4704
0.4223
0.4491
0.4345
0.4334
0.4310
0.4284
0.4249
0.4221
0.3920
0.4201
0.4965
0.4961
0.4970
0.4961
0.4952
0.4933
0.4933
0.5183
0.8217
0.4430
0.3846
0.3946
0.3900
0.3883
0.3866
0.3940
0.3794
0.3787
0.3757
0.4155
0.4373
0.4406
0.5044
0.5793
0.6074
0.6035
0.6017
0.5939
0.5856
0.6150
0.5921
0.5819
0.5444
0.4994
0.4920
0.4290
0.3580
0.3613
0.3086
0.2744
0.2557
0.2426
0.2234
0.2069
0.2034
0.2034
0.3160
0.5482
0.5771
0.5778
0.5878
0.5937
0.5767
0.5675
0.5566
0.5889
0.5865
0.5159
0.4865
0.4802
0.3953
0.3367
0.2753
0.2683
0.2639
0.2518
0.2452
0.2326
0.2308
0.2552
0.4447
0.5850
0.6172
0.6729
0.6276
0.6215
0.6102
0.6028
0.5865
0.5797
0.5647
0.5327
0.5301
0.5268
0.4310
0.3685
0.3110
0.3018
0.2840
0.2635
0.2522
0.2361
0.2430
0.3339
0.4889
0.5865
0.6272
0.6196
0.6191
0.6181
0.6050
0.5934
0.5808
0.5769
0.6011
0.5556
0.5490
0.5547
0.5667
0.4704
0.3685
0.3515
0.3419
0.3092
0.2853
0.2661
0.2644
0.2666
0.4436
0.6117
0.6873
0.6840
0.6374
0.6226
0.6122
0.6009
0.5863
0.5780
0.5584
0.5242
0.5170
0.5183
0.4279
0.3694
0.3062
0.2957
0.2827
0.2622
0.2487
0.2343
0.2313
0.2313
0.4412
0.5379
0.5434
0.5475
0.5553
0.5669
0.5819
0.5869
0.5967
0.6059
0.6176
0.6318
0.6481
0.6638
0.6814
0.5553
0.4717
0.4713
0.4687
0.4674
0.4828
0.6424
0.6368
0.6440
0.6446
0.6910
0.6925
0.6947
0.6912
0.6860
0.6832
0.6797
0.6788
0.6771
0.6740
0.5793
0.5475
0.5429
0.5386
0.5416
0.5366
0.5412
0.5292
0.5264
0.5229
0.5621
0.5767
0.5804
0.6353
0.6978
0.7206
0.7141
0.7063
0.6997
0.6893
0.7163
0.6917
0.6845
0.6276
0.6041
0.5950
0.5926
0.4767
0.4029
0.3423
0.3354
0.3158
0.2953
0.2722
0.2829
0.3792
0.3805
0.4765
0.6196
0.6448
0.6481
0.6429
0.6361
0.6281
0.6172
0.6006
0.6322
0.6209
0.5612
0.5360
0.5277
0.4327
0.3680
0.3040
0.2957
0.2753
0.2600
0.2439
0.2308
0.2265
0.2637
0.4197
0.5688
0.5972
0.6466
0.5995
0.5924
0.5815
0.5717
0.5569
0.5460
0.5323
0.4928
0.4894
0.4850
0.3985
0.3432
0.2792
0.2775
0.2579
0.2391
0.2191
0.2060
0.2021
0.2021
0.3360
0.5429
0.5682
0.5643
0.5549
0.5562
0.5512
0.5357
0.5240
0.5113
0.5351
0.4846
0.4543
0.4495
0.4482
0.3859
0.2657
0.2600
0.2422
0.2213
0.1999
0.1886
0.1847
0.1864
0.2849
0.3872
0.4245
0.5447
0.4519
0.5238
0.6923
0.5209
0.4954
0.4898
0.4726
0.4397
0.4316
0.4349
0.3602
0.3127
0.2531
0.2487
0.2343
0.2099
0.1912
0.1786
0.1755
0.1764
0.3053
0.3306
0.3310
0.3306
0.3293
0.3306
0.3717
0.3911
0.3929
0.3905
0.3894
0.3879
0.3853
0.3846
0.3802
0.3811
0.3515
0.3962
0.3833
0.3767
0.3778
0.3746
0.3763
0.3741
0.3745
0.4152
0.4380
0.4349
0.4415
0.4345
0.4360
0.4348
0.4354
0.4345
0.3574
0.3152
0.3147
0.3152
0.3129
0.3129
0.3172
0.3244
0.3162
0.3153
0.3144
0.3148
0.3224
0.3487
0.4236
0.5318
0.5287
0.5350
0.5275
0.5307
0.5281
0.5596
0.5321
0.5186
0.4925
0.4366
0.4217
0.4281
0.3651
0.3243
0.2671
0.2615
0.2461
0.2172
0.1951
0.1798
0.1780
0.1793
0.2847
0.3892
0.4218
0.4236
0.4227
0.4192
0.4154
0.4945
0.4790
0.5136
0.5244
0.4867
0.3806
0.3174
0.3104
0.3090
0.2602
0.2497
0.2365
0.2075
0.1877
0.1713
0.1694
0.1716
0.2810
0.3832
0.4148
0.4159
0.4161
0.5028
0.4931
0.4859
0.4773
0.4560
0.4738
0.3686
0.3130
0.3090
0.3103
0.3081
0.2532
0.2458
0.2252
0.2039
0.1785
0.1655
0.1647
0.1663
0.2762
0.3780
0.4095
0.4505
0.5032
0.4964
0.4927
0.4782
0.4637
0.4483
0.3969
0.3169
0.3037
0.3050
0.3033
0.3047
0.2449
0.2419
0.2205
0.1974
0.1727
0.1609
0.1591
0.1618
0.2716
0.3739
0.4062
0.4794
0.4912
0.4377
0.3979
0.3869
0.3695
0.3576
0.3497
0.3214
0.2990
0.3016
0.3012
0.3176
0.2657
0.2551
0.2397
0.2106
0.1892
0.1743
0.1719
0.1740
0.3141
0.3407
0.3403
0.3407
0.3398
0.3391
0.3389
0.3556
0.4466
0.3952
0.3999
0.3592
0.3141
0.3176
0.3189
0.3154
0.2913
0.2839
0.2743
0.2725
0.2726
0.2724
0.2721
0.2739
0.2819
0.2888
0.2896
0.2893
0.2883
0.2884
0.2880
0.2880
0.2879
0.2883
0.2882
0.2881
0.2877
0.2858
0.2850
0.2851
0.2854
0.2847
0.2789
0.2659
0.2655
0.2710
0.2806
0.2850
0.3336
0.5005
0.6555
0.6484
0.3311
0.2301
0.1698
0.1125
0.0858
0.1261
0.1053
0.3266
0.4662
0.3653
0.3495
0.3142
0.2337
0.2230
0.2026
0.1790
0.1557
0.1477
0.1476
0.1474
0.2280
0.3528
0.3873
0.3880
0.3878
0.3855
0.3767
0.3631
0.3496
0.3334
0.3297
0.3044
0.2995
0.2799
0.2811
0.2776
0.2220
0.2140
0.1939
0.1669
0.1486
0.1455
0.1454
0.1454
0.2055
0.3660
0.4572
0.5147
0.4586
0.4533
0.4440
0.3863
0.3472
0.3285
0.3258
0.2948
0.2752
0.2747
0.2738
0.2752
0.2129
0.2098
0.1863
0.1627
0.1454
0.1445
0.1448
0.1454
0.1827
0.3396
0.3739
0.3757
0.3757
0.3726
0.3665
0.3556
0.3404
0.3251
0.3184
0.2958
0.2679
0.2732
0.2687
0.2714
0.2088
0.2175
0.2032
0.1746
0.1534
0.1487
0.1458
0.1446
0.2378
0.3876
0.4432
0.4446
0.4452
0.4152
0.4412
0.4297
0.4122
0.3976
0.3505
0.2903
0.2659
0.2667
0.2663
0.2650
0.2062
0.1943
0.1792
0.1564
0.1564
0.1569
0.1564
0.1569
0.2587
0.2841
0.2840
0.2836
0.2840
0.2831
0.2841
0.2835
0.2836
0.2835
0.2822
0.2826
0.2817
0.2821
0.2817
0.2811
0.2585
0.2546
0.2450
0.2444
0.2445
0.2436
0.2431
0.2441
0.2437
0.2431
0.2437
0.2431
0.2431
0.2422
0.2431
0.2427
0.2426
0.2431
0.2430
0.2422
0.2412
0.2412
0.2412
0.2416
0.2407
0.2411
0.2411
0.2411
0.2406
0.2394
0.2398
0.2398
0.2686
0.3971
0.4256
0.4284
0.3798
0.3565
0.3500
0.3391
0.3277
0.3050
0.3062
0.2770
0.2548
0.2517
0.2527
0.2513
0.1877
0.1855
0.1602
0.1432
0.1427
0.1427
0.1433
0.1432
0.1546
0.3095
0.3435
0.3427
0.3427
0.3392
0.3332
0.3210
0.3092
0.2987
0.2999
0.2751
0.2489
0.2498
0.2477
0.2497
0.1844
0.1805
0.1578
0.1439
0.1436
0.1466
0.1471
0.1466
0.1543
0.3532
0.4502
0.4066
0.4087
0.3627
0.3347
0.3256
0.3069
0.3008
0.2972
0.2737
0.2445
0.2479
0.2449
0.2466
0.1834
0.1755
0.1573
0.1424
0.1424
0.1425
0.1429
0.1429
0.1538
0.3032
0.3342
0.3346
0.3328
0.3300
0.3226
0.3130
0.3004
0.2952
0.2919
0.2730
0.2496
0.2497
0.2580
0.2566
0.1995
0.1923
0.1742
0.1507
0.1473
0.1473
0.1495
0.1505
0.1811
0.3899
0.4287
0.4328
0.4120
0.4309
0.4243
0.3664
0.3281
0.3080
0.3052
0.2802
0.2518
0.2511
0.2480
0.2518
0.1847
0.1820
0.1592
0.1560
0.1560
0.1560
0.1564
0.1563
0.2386
0.2612
0.2613
0.2612
0.2611
0.2611
0.2607
0.2607
0.2620
0.2611
0.2615
0.2602
0.2611
0.2494
0.2807
0.4981
0.3422
0.2877
0.2320
0.2319
0.2324
0.2338
0.2347
0.2354
0.2353
0.2348
0.3094
0.4131
0.3989
0.2887
0.2377
0.2382
0.2407
0.2404
0.2395
0.2394
0.2419
0.2503
0.3217
0.3233
0.3167
0.3164
0.3242
0.3229
0.3235
0.3230
0.3206
0.3201
0.3792
0.4647
0.4963
0.4957
0.5446
0.5463
0.5439
0.5302
0.4763
0.4364
0.4297
0.3239
0.2609
0.2601
0.2569
0.2615
0.1979
0.1921
0.1699
0.1472
0.1428
0.1430
0.1436
0.1436
0.1544
0.3178
0.3597
0.5037
0.4538
0.4693
0.4638
0.4561
0.4335
0.4280
0.4261
0.4010
0.3142
0.2676
0.2630
0.2601
0.2047
0.1934
0.1833
0.1610
0.1467
0.1636
0.1849
0.2240
0.3419
0.5545
0.5962
0.6245
0.7179
0.8043
0.8935
0.9170
0.9707
0.9858
0.9347
0.9394
0.9448
0.9476
0.9363
0.8997
0.8486
0.7370
0.7426
0.6984
0.6348
0.4440
0.4371
0.4334
0.4652
0.6308
0.8749
0.9260
0.9516
0.9543
0.9520
0.9400
0.9411
0.9279
0.9088
0.9290
0.9278
0.9306
0.9281
0.8797
0.8974
0.8891
0.8885
0.8867
0.8794
0.8645
0.8524
0.9050
0.9389
0.9307
0.9386
0.9444
0.9621
0.9576
0.9552
0.9724
0.9459
0.9553
0.9636
0.9517
0.9379
0.9491
0.8868
0.8763
0.8535
0.8708
0.8442
0.8414
0.8426
0.8439
0.8408
0.8297
0.8458
0.9078
0.9019
0.9131
0.9168
0.9013
0.9088
0.9076
0.9272
0.9159
0.9343
0.9077
0.9319
0.9117
0.9263
0.9193
0.8340
0.7840
0.8040
0.7483
0.8113
0.8288
0.8497
0.8767
0.8897
0.9417
0.9466
0.9486
0.9484
0.9399
0.9264
0.9261
0.9214
0.9389
0.8873
0.8443
0.8313
0.8135
0.8098
0.7888
0.8535
0.8452
0.8453
0.8448
0.8428
0.8788
0.8882
0.8898
0.9147
0.7028
0.3010
0.5929
0.5894
0.6012
0.6230
0.5894
0.5912
0.5907
0.5874
0.8270
0.8973
0.9044
0.9019
0.8619
0.6867
0.6219
0.6139
0.5999
0.6070
0.6070
0.6082
0.6074
0.6117
0.8815
0.8952
0.8982
0.9002
0.8892
0.8684
0.8750
0.8669
0.8649
0.8574
0.8687
0.8620
0.8623
0.8791
0.7584
0.5813
