0.0000
0.0000
0.0000
0.0000
0.0000
0.0000
0.0000
0.0001
0.0088
0.0316
0.1023
0.1908
0.3306
0.2728
0.1689
0.0597
0.0007
0.0000
0.0033
0.0000
0.0000
0.0000
0.0000
0.0000
0.0000
0.0000
0.0000
0.0000
0.0000
0.0000
0.0000
0.0000
0.0018
0.0178
0.0368
0.0832
0.0998
0.0978
0.0639
0.0286
0.0031
0.0000
0.0000
0.0000
0.0000
0.0000
0.0000
0.0000
0.0000
0.0000
0.0000
0.0000
0.0000
0.0000
0.0000
0.0000
0.0033
0.0452
0.0943
0.2360
0.3932
0.3542
0.1954
0.0730
0.0013
0.0001
0.0000
0.0000
0.0000
0.0000
0.0000
0.0000
0.0000
0.0000
0.0000
0.0000
0.0000
0.0000
0.0000
0.0000
0.0019
0.0091
0.0907
0.2178
0.3751
0.3410
0.1876
0.0539
0.0033
0.0000
0.0000
0.0000
0.0000
0.0000
0.0000
0.0000
0.0000
0.0000
0.0000
0.0000
0.0000
0.0000
0.0000
0.0000
0.0025
0.0086
0.0998
0.2576
0.4120
0.3693
0.2165
0.0842
0.0041
0.0001
0.0000
0.0000
0.0000
0.0000
0.0000
0.0000
0.0000
0.0000
0.0000
0.0000
0.0000
0.0000
0.0000
0.0001
0.0065
0.0466
0.1107
0.2345
0.2502
0.0706
0.0905
0.0189
0.0028
0.0001
0.0000
0.0000
0.0000
0.0000
0.0000
0.0000
0.0000
0.0000
0.0000
0.0000
0.0000
0.0000
0.0000
0.0000
0.0014
0.0076
0.0882
0.2593
0.3969
0.3443
0.1772
0.0482
0.0018
0.0001
0.0000
0.0000
0.0000
0.0000
0.0000
0.0000
0.0000
0.0000
0.0000
0.0000
0.0000
0.0000
0.0000
0.0000
0.0017
0.0328
0.0769
0.0838
0.1323
0.1678
0.1021
0.0802
0.0144
0.0001
0.0000
0.0000
0.0000
0.0000
0.0000
0.0000
0.0000
0.0000
0.0000
0.0000
0.0000
0.0000
0.0000
0.0000
0.0134
0.0694
0.1183
0.2025
0.3207
0.2902
0.1502
0.0591
0.0023
0.0000
0.0000
0.0000
0.0000
0.0000
0.0000
0.0000
0.0000
0.0000
0.0000
0.0000
0.0000
0.0000
0.0000
0.0000
0.0014
0.0159
0.0715
0.2183
0.1563
0.2068
0.1409
0.0662
0.0053
0.0001
0.0000
0.0000
0.0000
0.0000
0.0000
0.0000
0.0000
0.0000
0.0000
0.0000
0.0000
0.0000
0.0000
0.0000
0.0012
0.0056
0.0743
0.2487
0.4210
0.3242
0.2148
0.0798
0.0048
0.0001
0.0000
0.0000
0.0000
0.0000
0.0000
0.0000
0.0000
0.0000
0.0000
0.0000
0.0000
0.0000
0.0000
0.0000
0.0031
0.0294
0.1089
0.2629
0.4564
0.4008
0.2029
0.0734
0.0076
0.0000
0.0000
0.0000
0.0000
0.0000
0.0000
0.0000
0.0000
0.0000
0.0000
0.0000
0.0000
0.0000
0.0000
0.0000
0.0022
0.0156
0.0593
0.1198
0.2166
0.0940
0.0870
0.0701
0.0097
0.0001
0.0000
0.0000
0.0000
0.0000
0.0000
0.0000
0.0000
0.0000
0.0000
0.0000
0.0000
0.0000
0.0000
0.0000
0.0074
0.0523
0.1116
0.1053
0.1222
0.1447
0.1282
0.0441
0.0040
0.0001
0.0000
0.0000
0.0000
0.0000
0.0000
0.0000
0.0000
0.0000
0.0000
0.0000
0.0000
0.0000
0.0000
0.0000
0.0002
0.0024
0.0239
0.0402
0.0625
0.1096
0.0967
0.0412
0.0044
0.0001
0.0000
0.0000
0.0000
0.0000
0.0000
0.0000
0.0000
0.0000
0.0000
0.0000
0.0000
0.0000
0.0000
0.0000
0.0009
0.0200
0.0405
0.0448
0.0999
0.1381
0.0866
0.0230
0.0013
0.0001
0.0000
0.0000
0.0000
0.0000
0.0000
0.0000
0.0000
0.0000
0.0000
0.0000
0.0000
0.0000
0.0000
0.0000
0.0070
0.0574
0.1340
0.1471
0.1647
0.1715
0.2590
0.0778
0.0263
0.0001
0.0000
0.0000
0.0000
0.0000
0.0000
0.0000
0.0000
0.0000
0.0000
0.0000
0.0000
0.0000
0.0000
0.0000
0.0025
0.0138
0.1031
0.2783
0.4364
0.3818
0.2631
0.1134
0.0114
0.0001
0.0000
0.0000
0.0000
0.0000
0.0000
0.0000
0.0000
0.0000
0.0000
0.0000
0.0000
0.0000
0.0000
0.0000
0.0051
0.0260
0.0549
0.0657
0.0889
0.0604
0.0502
0.0274
0.0018
0.0001
0.0000
0.0000
0.0000
0.0000
0.0000
0.0000
0.0000
0.0000
0.0000
0.0000
0.0000
0.0000
0.0000
0.0000
0.0007
0.0003
0.0005
0.0019
0.0083
0.0088
0.0137
0.0073
0.0013
0.0001
0.0000
0.0000
0.0000
0.0000
0.0000
0.0000
0.0000
0.0000
0.0000
0.0000
0.0000
0.0000
0.0000
0.0000
0.0012
0.0306
0.0566
0.0706
0.1004
0.0921
0.0638
0.0651
0.0202
0.0001
0.0000
0.0000
0.0000
0.0000
0.0000
0.0000
0.0000
0.0000
0.0000
0.0000
0.0000
0.0000
0.0000
0.0000
0.0129
0.0668
0.0803
0.1017
0.0974
0.1210
0.1070
0.0837
0.0258
0.0002
0.0000
0.0000
0.0000
0.0000
0.0000
0.0000
0.0000
0.0000
0.0000
0.0000
0.0000
0.0000
0.0000
0.0000
0.0020
0.0105
0.1154
0.2833
0.3046
0.2004
0.1447
0.1264
0.0168
0.0002
0.0000
0.0000
0.0000
0.0000
0.0000
0.0000
0.0000
0.0000
0.0000
0.0000
0.0000
0.0000
0.0000
0.0000
0.0091
0.0521
0.1452
0.2043
0.3077
0.2924
0.1945
0.0823
0.0160
0.0002
0.0000
0.0000
0.0000
0.0000
0.0000
0.0000
0.0000
0.0000
0.0000
0.0000
0.0000
0.0000
0.0000
0.0001
0.0025
0.0120
0.1428
0.3402
0.4844
0.4506
0.3160
0.1425
0.0229
0.0001
0.0000
0.0000
0.0000
0.0000
0.0000
0.0000
0.0000
0.0000
0.0000
0.0000
0.0000
0.0000
0.0000
0.0000
0.0122
0.0317
0.1478
0.3757
0.5175
0.4946
0.3712
0.1692
0.0262
0.0000
0.0000
0.0000
0.0000
0.0000
0.0000
0.0000
0.0000
0.0000
0.0000
0.0000
0.0000
0.0000
0.0000
0.0002
0.0243
0.0804
0.1970
0.3927
0.5427
0.5036
0.3727
0.1584
0.0384
0.0001
0.0000
0.0000
0.0000
0.0000
0.0000
0.0000
0.0000
0.0000
0.0000
0.0000
0.0000
0.0000
0.0000
0.0000
0.0001
0.0011
0.0050
0.0042
0.0029
0.0111
0.0237
0.0184
0.0036
0.0002
0.0000
0.0000
0.0000
0.0000
0.0000
0.0000
0.0000
0.0000
0.0000
0.0000
0.0000
0.0000
0.0000
0.0000
0.0030
0.0081
0.0871
0.2959
0.4631
0.3457
0.2704
0.0920
0.0335
0.0004
0.0000
0.0000
0.0000
0.0000
0.0000
0.0000
0.0000
0.0000
0.0000
0.0000
0.0000
0.0000
0.0000
0.0000
0.0102
0.0582
0.1309
0.1842
0.2910
0.4442
0.3135
0.1693
0.0306
0.0003
0.0000
0.0000
0.0000
0.0000
0.0000
0.0000
0.0000
0.0000
0.0000
0.0000
0.0000
0.0000
0.0000
0.0000
0.0009
0.0150
0.1258
0.3157
0.5062
0.4761
0.3400
0.1688
0.0259
0.0007
0.0000
0.0000
0.0000
0.0000
0.0000
0.0000
0.0000
0.0000
0.0000
0.0000
0.0000
0.0000
0.0000
0.0002
0.0023
0.0194
0.1938
0.3962
0.4855
0.4299
0.3135
0.1260
0.0319
0.0005
0.0000
0.0000
0.0000
0.0000
0.0000
0.0000
0.0000
0.0000
0.0000
0.0000
0.0000
0.0000
0.0000
0.0000
0.0016
0.0055
0.0071
0.0091
0.0303
0.0407
0.0247
0.0160
0.0046
0.0002
0.0000
0.0000
0.0000
0.0000
0.0000
0.0000
0.0000
0.0000
0.0000
0.0000
0.0000
0.0000
0.0000
0.0001
0.0036
0.0393
0.2467
0.5141
0.6209
0.5887
0.4887
0.1011
0.0497
0.0008
0.0000
0.0000
0.0000
0.0000
0.0000
0.0000
0.0000
0.0000
0.0000
0.0000
0.0000
0.0000
0.0000
0.0002
0.0043
0.0344
0.2093
0.4276
0.5459
0.5033
0.3583
0.2002
0.0518
0.0009
0.0000
0.0000
0.0000
0.0000
0.0000
0.0000
0.0000
0.0000
0.0000
0.0000
0.0000
0.0000
0.0000
0.0003
0.0234
0.0503
0.2243
0.3028
0.4008
0.3220
0.3362
0.2039
0.0323
0.0006
0.0000
0.0000
0.0000
0.0000
0.0000
0.0000
0.0000
0.0000
0.0000
0.0000
0.0000
0.0000
0.0000
0.0001
0.0065
0.0435
0.2379
0.4390
0.5782
0.5339
0.3635
0.1458
0.0391
0.0013
0.0000
0.0000
0.0000
0.0000
0.0000
0.0000
0.0000
0.0000
0.0000
0.0000
0.0000
0.0000
0.0000
0.0043
0.0605
0.1443
0.2408
0.4596
0.4163
0.3078
0.1494
0.1645
0.0495
0.0023
0.0000
0.0000
0.0000
0.0000
0.0000
0.0000
0.0000
0.0000
0.0000
0.0000
0.0000
0.0000
0.0000
0.0004
0.0047
0.0512
0.2555
0.4721
0.6129
0.4984
0.1071
0.0919
0.0208
0.0022
0.0000
0.0000
0.0000
0.0000
0.0000
0.0000
0.0000
0.0000
0.0000
0.0000
0.0000
0.0000
0.0000
0.0019
0.0218
0.0700
0.2660
0.5331
0.5050
0.2363
0.0625
0.0568
0.0430
0.0023
0.0000
0.0000
0.0000
0.0000
0.0000
0.0000
0.0000
0.0000
0.0000
0.0000
0.0000
0.0000
0.0000
0.0005
0.0070
0.0708
0.1813
0.4971
0.6798
0.5234
0.4302
0.3049
0.0798
0.0015
0.0000
0.0000
0.0000
0.0000
0.0000
0.0000
0.0000
0.0000
0.0000
0.0000
0.0000
0.0000
0.0000
0.0001
0.0089
0.0222
0.0276
0.0325
0.0172
0.0077
0.0050
0.0021
0.0009
0.0001
0.0000
0.0000
0.0000
0.0000
0.0000
0.0000
0.0000
0.0000
0.0000
0.0000
0.0000
0.0000
0.0000
0.0000
0.0000
0.0000
0.0002
0.0006
0.0009
0.0057
0.0060
0.0156
0.0073
0.0001
0.0000
0.0000
0.0000
0.0000
0.0000
0.0000
0.0000
0.0000
0.0000
0.0000
0.0000
0.0000
0.0000
0.0000
0.0014
0.0105
0.0284
0.0732
0.1646
0.1969
0.1402
0.1168
0.0276
0.0017
0.0000
0.0000
0.0000
0.0000
0.0000
0.0000
0.0000
0.0000
0.0000
0.0000
0.0000
0.0000
0.0000
0.0004
0.0054
0.0367
0.1344
0.2429
0.3437
0.3551
0.2887
0.1834
0.0389
0.0007
0.0000
0.0000
0.0000
0.0000
0.0000
0.0000
0.0000
0.0000
0.0000
0.0000
0.0000
0.0000
0.0000
0.0032
0.0300
0.0750
0.1429
0.2324
0.2296
0.1814
0.1627
0.1616
0.0621
0.0029
0.0000
0.0000
0.0000
0.0000
0.0000
0.0000
0.0000
0.0000
0.0000
0.0000
0.0000
0.0000
0.0000
0.0011
0.0347
0.0760
0.2961
0.5218
0.3529
0.2115
0.2131
0.1199
0.0407
0.0021
0.0000
0.0000
0.0000
0.0000
0.0000
0.0000
0.0000
0.0000
0.0000
0.0000
0.0000
0.0000
0.0000
0.0015
0.0489
0.1579
0.1677
0.1350
0.1453
0.1335
0.2973
0.1722
0.0258
0.0002
0.0000
0.0000
0.0000
0.0000
0.0000
0.0000
0.0000
0.0000
0.0000
0.0000
0.0000
0.0000
0.0000
0.0011
0.0198
0.0937
0.2792
0.3721
0.5109
0.6092
0.4152
0.2535
0.0527
0.0033
0.0000
0.0000
0.0000
0.0000
0.0000
0.0000
0.0000
0.0000
0.0000
0.0000
0.0000
0.0000
0.0000
0.0011
0.0171
0.1036
0.3790
0.4401
0.6379
0.5582
0.4696
0.4277
0.1366
0.0118
0.0000
0.0000
0.0000
0.0000
0.0000
0.0000
0.0000
0.0000
0.0000
0.0000
0.0000
0.0000
0.0000
0.0017
0.0212
0.1085
0.3294
0.4858
0.5697
0.4883
0.3645
0.2017
0.0543
0.0028
0.0000
0.0000
0.0000
0.0000
0.0000
0.0000
0.0000
0.0000
0.0000
0.0000
0.0000
0.0000
0.0000
0.0029
0.0169
0.0563
0.0864
0.1559
0.1285
0.1004
0.0589
0.0464
0.0204
0.0013
0.0000
0.0000
0.0000
0.0000
0.0000
0.0000
0.0000
0.0000
0.0000
0.0000
0.0000
0.0000
0.0000
0.0000
0.0000
0.0004
0.0018
0.0079
0.0126
0.0182
0.0350
0.0603
0.0153
0.0007
0.0000
0.0000
0.0000
0.0000
0.0000
0.0000
0.0000
0.0000
0.0000
0.0000
0.0000
0.0000
0.0000
0.0024
0.0097
0.0238
0.0564
0.1051
0.1174
0.0980
0.0707
0.0419
0.0154
0.0014
0.0000
0.0000
0.0000
0.0000
0.0000
0.0000
0.0000
0.0000
0.0000
0.0000
0.0000
0.0000
0.0000
0.0002
0.0091
0.0113
0.0269
0.0737
0.1168
0.3773
0.2188
0.0587
0.0161
0.0059
0.0000
0.0000
0.0000
0.0000
0.0000
0.0000
0.0000
0.0000
0.0000
0.0000
0.0000
0.0000
0.0000
0.0009
0.0141
0.0700
0.1616
0.1544
0.2315
0.2308
0.2048
0.1083
0.0352
0.0122
0.0000
0.0000
0.0000
0.0000
0.0000
0.0000
0.0000
0.0000
0.0000
0.0000
0.0000
0.0000
0.0000
0.0020
0.0241
0.1568
0.4188
0.5983
0.6822
0.6563
0.5204
0.3705
0.1874
0.0203
0.0000
0.0000
0.0000
0.0000
0.0000
0.0000
0.0000
0.0000
0.0000
0.0000
0.0000
0.0000
0.0000
0.0009
0.0129
0.0497
0.1141
0.1050
0.4092
0.2893
0.1035
0.1180
0.0723
0.0050
0.0000
0.0000
0.0000
0.0000
0.0000
0.0000
0.0000
0.0000
0.0000
0.0000
0.0000
0.0000
0.0000
0.0021
0.0296
0.1456
0.1409
0.1440
0.2423
0.2601
0.2449
0.3354
0.0743
0.0146
0.0000
0.0000
0.0000
0.0000
0.0000
0.0000
0.0000
0.0000
0.0000
0.0000
0.0000
0.0000
0.0000
0.0021
0.0296
0.1456
0.1409
0.1440
0.2423
0.2601
0.2449
0.3354
0.0743
0.0146
0.0000
0.0000
0.0000
0.0000
0.0000
0.0000
0.0000
0.0000
0.0000
0.0000
0.0000
0.0000
0.0000
0.0028
0.0263
0.1476
0.3636
0.4982
0.5551
0.5136
0.4165
0.2139
0.0873
0.0110
0.0000
0.0000
0.0000
0.0000
0.0000
0.0006
0.0000
0.0000
0.0000
0.0000
0.0000
0.0000
0.0000
0.0034
0.0333
0.2145
0.4886
0.6548
0.7138
0.6908
0.6035
0.4106
0.1510
0.0210
0.0000
0.0000
0.0000
0.0000
0.0000
0.0000
0.0000
0.0000
0.0000
0.0000
0.0000
0.0000
0.0005
0.0773
0.1460
0.2549
0.5195
0.6700
0.6799
0.6606
0.5785
0.4224
0.2366
0.0476
0.0000
0.0000
0.0000
0.0000
0.0000
0.0000
0.0000
0.0000
0.0000
0.0000
0.0000
0.0000
0.0000
0.0044
0.0392
0.2031
0.4735
0.6247
0.6990
0.6807
0.5779
0.4073
0.1900
0.0151
0.0003
0.0000
0.0000
0.0000
0.0000
0.0000
0.0000
0.0000
0.0000
0.0000
0.0000
0.0000
0.0000
0.0108
0.0706
0.2140
0.3788
0.4527
0.3107
0.3250
0.1780
0.1183
0.0550
0.0100
0.0000
0.0000
0.0000
0.0000
0.0000
0.0000
0.0000
0.0000
0.0000
0.0000
0.0000
0.0000
0.0001
0.0037
0.0289
0.0476
0.0651
0.0734
0.0817
0.0579
0.0425
0.0175
0.0061
0.0008
0.0000
0.0000
0.0000
0.0000
0.0000
0.0000
0.0000
0.0000
0.0000
0.0000
0.0000
0.0000
0.0000
0.0038
0.0928
0.1710
0.1687
0.1868
0.2221
0.1467
0.1753
0.0852
0.0267
0.0029
0.0000
0.0000
0.0000
0.0000
0.0000
0.0000
0.0000
0.0000
0.0000
0.0000
0.0000
0.0000
0.0000
0.0079
0.0547
0.1139
0.1196
0.1420
0.1382
0.1895
0.1590
0.1107
0.0494
0.0172
0.0000
0.0000
0.0000
0.0000
0.0000
0.0000
0.0000
0.0000
0.0000
0.0000
0.0000
0.0000
0.0003
0.0330
0.1387
0.3169
0.5196
0.3354
0.1371
0.1138
0.1979
0.0875
0.0436
0.0077
0.0000
0.0000
0.0000
0.0000
0.0000
0.0000
0.0000
0.0000
0.0000
0.0000
0.0000
0.0000
0.0001
0.0238
0.0962
0.2716
0.3487
0.6021
0.7885
0.6188
0.6410
0.4205
0.0648
0.0033
0.0000
0.0000
0.0000
0.0000
0.0000
0.0000
0.0000
0.0000
0.0000
0.0000
0.0000
0.0000
0.0005
0.0212
0.0923
0.2291
0.3483
0.4796
0.3598
0.4880
0.4215
0.2400
0.0753
0.0250
0.0001
0.0000
0.0000
0.0000
0.0000
0.0000
0.0000
0.0000
0.0000
0.0000
0.0000
0.0000
0.0001
0.0479
0.0963
0.1399
0.2399
0.3487
0.4729
0.4082
0.1199
0.1611
0.0938
0.0315
0.0001
0.0000
0.0000
0.0000
0.0000
0.0000
0.0000
0.0000
0.0000
0.0000
0.0000
0.0000
0.0000
0.0052
0.0496
0.2229
0.3244
0.1499
0.1494
0.1286
0.0599
0.0435
0.0486
0.0136
0.0000
0.0000
0.0000
0.0000
0.0000
0.0000
0.0000
0.0000
0.0000
0.0000
0.0000
0.0000
0.0001
0.0145
0.0701
0.2125
0.3067
0.5916
0.7531
0.6731
0.3190
0.1150
0.0351
0.0155
0.0001
0.0000
0.0000
0.0000
0.0000
0.0000
0.0000
0.0000
0.0000
0.0000
0.0000
0.0000
0.0002
0.0110
0.0977
0.3551
0.6129
0.7470
0.8103
0.7652
0.6241
0.2977
0.2292
0.0596
0.0007
0.0000
0.0000
0.0000
0.0000
0.0000
0.0000
0.0000
0.0000
0.0000
0.0000
0.0000
0.0004
0.0160
0.1230
0.4163
0.6650
0.8199
0.9028
0.8663
0.7406
0.4747
0.2887
0.0438
0.0004
0.0000
0.0000
0.0000
0.0000
0.0000
0.0000
0.0000
0.0000
0.0000
0.0000
0.0000
0.0015
0.0229
0.0645
0.0620
0.1349
0.1755
0.1553
0.1677
0.1613
0.0374
0.0118
0.0067
0.0048
0.0000
0.0000
0.0000
0.0000
0.0000
0.0000
0.0000
0.0000
0.0000
0.0000
0.0000
0.0000
0.0001
0.0047
0.0085
0.0081
0.0213
0.0180
0.0276
0.0715
0.0462
0.0094
0.0016
0.0001
0.0000
0.0000
0.0000
0.0000
0.0000
0.0000
0.0000
0.0000
0.0000
0.0000
0.0000
0.0004
0.0126
0.1284
0.3912
0.6202
0.7321
0.7965
0.7655
0.6506
0.4910
0.2787
0.0454
0.0004
0.0000
0.0000
0.0000
0.0000
0.0000
0.0000
0.0000
0.0000
0.0000
0.0000
0.0000
0.0031
0.0352
0.1418
0.2847
0.3200
0.3023
0.2849
0.2280
0.1888
0.1514
0.0627
0.0071
0.0001
0.0000
0.0000
0.0000
0.0000
0.0000
0.0000
0.0000
0.0000
0.0000
0.0000
0.0000
0.0008
0.0151
0.1541
0.4257
0.6354
0.7279
0.8041
0.7786
0.6639
0.5008
0.2858
0.0665
0.0009
0.0000
0.0000
0.0000
0.0000
0.0000
0.0000
0.0000
0.0000
0.0000
0.0000
0.0000
0.0009
0.0172
0.1709
0.4482
0.6674
0.7566
0.8284
0.7926
0.6527
0.5074
0.2691
0.0422
0.0008
0.0000
0.0000
0.0000
0.0000
0.0000
0.0000
0.0000
0.0000
0.0000
0.0000
0.0000
0.0024
0.0647
0.1991
0.3965
0.6371
0.7183
0.7265
0.5600
0.3593
0.1989
0.0918
0.0078
0.0000
0.0000
0.0000
0.0000
0.0000
0.0000
0.0000
0.0000
0.0000
0.0000
0.0000
0.0000
0.0000
0.0173
0.0468
0.0729
0.1126
0.1240
0.1008
0.0964
0.0400
0.0176
0.0115
0.0008
0.0000
0.0000
0.0000
0.0000
0.0000
0.0000
0.0000
0.0000
0.0000
0.0000
0.0000
0.0000
0.0006
0.0176
0.0744
0.0837
0.1285
0.1610
0.1479
0.1008
0.0631
0.0574
0.0181
0.0051
0.0002
0.0000
0.0000
0.0000
0.0000
0.0000
0.0000
0.0000
0.0000
0.0000
0.0000
0.0000
0.0004
0.0073
0.0523
0.0953
0.0809
0.0749
0.0678
0.1017
0.0981
0.0645
0.0708
0.0501
0.0019
0.0000
0.0000
0.0000
0.0000
0.0000
0.0000
0.0000
0.0000
0.0000
0.0000
0.0000
0.0004
0.0164
0.0834
0.1948
0.3412
0.2523
0.3205
0.2041
0.1225
0.0828
0.0655
0.0088
0.0000
0.0000
0.0000
0.0000
0.0000
0.0000
0.0000
0.0000
0.0000
0.0000
0.0000
0.0000
0.0107
0.0620
0.1425
0.1944
0.1988
0.1177
0.0891
0.0951
0.0873
0.0374
0.0145
0.0020
0.0000
0.0000
0.0000
0.0000
0.0000
0.0000
0.0000
0.0000
0.0000
0.0000
0.0000
0.0000
0.0019
0.0389
0.1019
0.2035
0.3699
0.4684
0.2851
0.3005
0.2919
0.0985
0.0738
0.0121
0.0004
0.0000
0.0000
0.0000
0.0000
0.0000
0.0000
0.0000
0.0000
0.0000
0.0000
0.0000
0.0064
0.0254
0.1211
0.1226
0.1152
0.1276
0.0755
0.0412
0.0203
0.0138
0.0059
0.0011
0.0000
0.0000
0.0000
0.0000
0.0000
0.0000
0.0000
0.0000
0.0000
0.0000
0.0000
0.0000
0.0000
0.0102
0.0690
0.2688
0.6230
0.7268
0.7981
0.4340
0.0168
0.0081
0.0050
0.0412
0.0852
0.0056
0.0000
0.0000
0.0000
0.0000
0.0000
0.0000
0.0000
0.0000
0.0000
0.0000
0.0000
0.0016
0.0743
0.1451
0.0916
0.3002
0.4978
0.3839
0.2634
0.2843
0.1679
0.0570
0.0157
0.0035
0.0000
0.0000
0.0000
0.0000
0.0000
0.0000
0.0000
0.0000
0.0000
0.0000
0.0000
0.0077
0.0781
0.1712
0.4530
0.5337
0.3954
0.2644
0.3314
0.5180
0.3395
0.2218
0.0848
0.0063
0.0000
0.0000
0.0000
0.0000
0.0000
0.0000
0.0000
0.0000
0.0000
0.0000
0.0000
0.0027
0.0339
0.1253
0.2644
0.6481
0.8350
0.8272
0.5852
0.3521
0.3072
0.1664
0.0755
0.0060
0.0000
0.0000
0.0000
0.0000
0.0000
0.0000
0.0000
0.0000
0.0000
0.0000
0.0000
0.0106
0.0652
0.2083
0.3668
0.3968
0.4340
0.3422
0.2777
0.1984
0.1203
0.0594
0.0140
0.0003
0.0000
0.0000
0.0000
0.0000
0.0000
0.0000
0.0000
0.0000
0.0000
0.0000
0.0000
0.0005
0.0125
0.0757
0.1175
0.1927
0.2320
0.2380
0.2214
0.1364
0.1057
0.0686
0.0262
0.0016
0.0000
0.0000
0.0000
0.0000
0.0000
0.0000
0.0000
0.0000
0.0000
0.0000
0.0000
0.0013
0.0374
0.1035
0.1594
0.5490
0.6864
0.7124
0.6994
0.5961
0.3649
0.1340
0.0443
0.0030
0.0000
0.0000
0.0000
0.0000
0.0000
0.0000
0.0000
0.0000
0.0000
0.0000
0.0000
0.0003
0.0135
0.0387
0.0805
0.0508
0.1121
0.2094
0.2784
0.3693
0.3573
0.1253
0.0276
0.0049
0.0000
0.0000
0.0000
0.0000
0.0000
0.0000
0.0000
0.0000
0.0000
0.0000
0.0000
0.0065
0.0316
0.0800
0.1541
0.0583
0.1599
0.1085
0.0657
0.0460
0.0489
0.0551
0.0450
0.0024
0.0000
0.0000
0.0000
0.0000
0.0000
0.0000
0.0000
0.0000
0.0000
0.0000
0.0000
0.0081
0.0519
0.2036
0.4473
0.5059
0.7093
0.5955
0.5618
0.2694
0.1094
0.0329
0.0082
0.0013
0.0000
0.0000
0.0000
0.0000
0.0000
0.0000
0.0000
0.0000
0.0000
0.0000
0.0001
0.0082
0.1052
0.3135
0.5898
0.7389
0.8530
0.8736
0.8360
0.7062
0.5296
0.2331
0.0822
0.0167
0.0000
0.0000
0.0000
0.0000
0.0000
0.0000
0.0000
0.0000
0.0000
0.0000
0.0000
0.0120
0.0517
0.0774
0.2965
0.5952
0.3491
0.2747
0.1749
0.1025
0.0520
0.0074
0.0022
0.0004
0.0000
0.0000
0.0000
0.0000
0.0000
0.0000
0.0000
0.0000
0.0000
0.0000
0.0000
0.0000
0.0087
0.0259
0.0840
0.1153
0.5200
0.8029
0.7448
0.6316
0.2413
0.1284
0.0646
0.0043
0.0000
0.0000
0.0000
0.0000
0.0000
0.0000
0.0000
0.0000
0.0000
0.0000
0.0002
0.0088
0.1389
0.3778
0.6035
0.7781
0.8570
0.6819
0.6734
0.3264
0.2254
0.2349
0.0911
0.0050
0.0000
0.0000
0.0000
0.0000
0.0000
0.0000
0.0000
0.0000
0.0000
0.0000
0.0003
0.0130
0.1505
0.3684
0.6607
0.8082
0.8796
0.9248
0.7783
0.7370
0.6170
0.3960
0.1179
0.0056
0.0000
0.0000
0.0000
0.0000
0.0000
0.0000
0.0000
0.0000
0.0000
0.0000
0.0004
0.0174
0.1153
0.3129
0.5485
0.6826
0.8010
0.8277
0.7549
0.6581
0.4803
0.2816
0.1178
0.0114
0.0000
0.0000
0.0000
0.0000
0.0000
0.0000
0.0000
0.0000
0.0000
0.0000
0.0002
0.0272
0.1249
0.2307
0.4019
0.6335
0.7666
0.8105
0.7387
0.6215
0.4438
0.2426
0.0826
0.0238
0.0000
0.0000
0.0000
0.0000
0.0000
0.0000
0.0000
0.0000
0.0000
0.0000
0.0006
0.0241
0.1220
0.2792
0.5022
0.6480
0.7502
0.7516
0.7146
0.3168
0.4637
0.2452
0.0615
0.0145
0.0000
0.0000
0.0000
0.0000
0.0000
0.0000
0.0000
0.0000
0.0000
0.0000
0.0004
0.0231
0.1166
0.2867
0.4998
0.6379
0.7620
0.7658
0.7072
0.6298
0.4435
0.1968
0.0880
0.0134
0.0000
0.0000
0.0000
0.0000
0.0000
0.0000
0.0000
0.0000
0.0000
0.0000
0.0006
0.0317
0.1267
0.2512
0.3574
0.5113
0.6446
0.6172
0.4777
0.4739
0.1721
0.0811
0.0413
0.0031
0.0000
0.0000
0.0000
0.0000
0.0000
0.0000
0.0000
0.0000
0.0000
0.0000
0.0000
0.0002
0.0101
0.0501
0.0404
0.0301
0.0247
0.0354
0.0496
0.0407
0.0539
0.0233
0.0008
0.0000
0.0000
0.0000
0.0000
0.0000
0.0000
0.0000
0.0000
0.0000
0.0000
0.0000
0.0000
0.0004
0.0077
0.0272
0.0219
0.0612
0.0537
0.0268
0.0485
0.1447
0.2129
0.0974
0.0641
0.0186
0.0001
0.0000
0.0000
0.0000
0.0000
0.0000
0.0000
0.0000
0.0000
0.0000
0.0009
0.0565
0.0453
0.0586
0.1287
0.3643
0.1611
0.2363
0.0950
0.1268
0.1334
0.1378
0.0974
0.0153
0.0000
0.0000
0.0000
0.0000
0.0000
0.0000
0.0000
0.0000
0.0000
0.0000
0.0016
0.0299
0.0665
0.1704
0.3135
0.5833
0.5211
0.3411
0.5302
0.1397
0.3870
0.1428
0.0475
0.0064
0.0000
0.0000
0.0000
0.0000
0.0000
0.0000
0.0000
0.0000
0.0000
0.0000
0.0026
0.0237
0.1674
0.3885
0.5738
0.7088
0.8648
0.8928
0.8274
0.7547
0.5890
0.3801
0.1307
0.0116
0.0001
0.0000
0.0000
0.0000
0.0000
0.0000
0.0000
0.0000
0.0000
0.0000
0.0010
0.0279
0.1962
0.4451
0.6767
0.7877
0.8532
0.8854
0.8639
0.7699
0.6090
0.3931
0.1197
0.0196
0.0001
0.0000
0.0000
0.0000
0.0000
0.0000
0.0000
0.0000
0.0000
0.0000
0.0008
0.0152
0.0761
0.1567
0.1925
0.1771
0.1745
0.3112
0.2466
0.2477
0.3156
0.1995
0.0595
0.0014
0.0000
0.0000
0.0000
0.0000
0.0000
0.0000
0.0000
0.0000
0.0000
0.0000
0.0003
0.0049
0.0174
0.0211
0.0317
0.0273
0.0697
0.1186
0.1276
0.1072
0.0805
0.0222
0.0035
0.0002
0.0000
0.0000
0.0000
0.0000
0.0000
0.0000
0.0000
0.0000
0.0000
0.0000
0.0050
0.0258
0.0909
0.1053
0.2357
0.5588
0.4157
0.2223
0.5867
0.2520
0.2510
0.1481
0.0313
0.0009
0.0000
0.0000
0.0000
0.0000
0.0000
0.0000
0.0000
0.0000
0.0000
0.0000
0.0002
0.0017
0.0014
0.0110
0.0089
0.0169
0.0490
0.1387
0.3956
0.4865
0.2672
0.1110
0.0794
0.0275
0.0001
0.0000
0.0000
0.0000
0.0000
0.0000
0.0000
0.0000
0.0000
0.0000
0.0003
0.0049
0.0342
0.0676
0.0867
0.0832
0.0919
0.1340
0.2793
0.2111
0.0774
0.0411
0.0146
0.0026
0.0000
0.0000
0.0000
0.0000
0.0000
0.0000
0.0000
0.0000
0.0000
0.0000
0.0009
0.0363
0.1674
0.2369
0.4010
0.4926
0.4655
0.4326
0.3505
0.1887
0.3124
0.1957
0.0796
0.0174
0.0002
0.0000
0.0000
0.0000
0.0000
0.0000
0.0000
0.0000
0.0000
0.0000
0.0021
0.0215
0.1184
0.3238
0.4076
0.3622
0.4798
0.5823
0.5914
0.5096
0.3581
0.2379
0.0830
0.0469
0.0006
0.0000
0.0000
0.0000
0.0000
0.0000
0.0000
0.0000
0.0000
0.0000
0.0051
0.0491
0.1874
0.3777
0.5602
0.6612
0.7649
0.7549
0.7185
0.5116
0.3408
0.0270
0.0119
0.0009
0.0000
0.0000
0.0000
0.0000
0.0000
0.0000
0.0000
0.0000
0.0000
0.0000
0.0034
0.0539
0.2306
0.4558
0.6884
0.7478
0.8580
0.9420
0.9243
0.8507
0.7089
0.4924
0.1847
0.0320
0.0008
0.0000
0.0000
0.0000
0.0000
0.0000
0.0000
0.0000
0.0000
0.0000
0.0062
0.0751
0.2193
0.3801
0.5939
0.7169
0.4178
0.2112
0.2184
0.2322
0.0587
0.0035
0.0192
0.0019
0.0000
0.0000
0.0000
0.0000
0.0000
0.0000
0.0000
0.0000
0.0000
0.0000
0.0050
0.0315
0.0449
0.0781
0.1860
0.1648
0.2141
0.4010
0.4582
0.2300
0.1829
0.3783
0.1471
0.1323
0.0197
0.0000
0.0000
0.0000
0.0000
0.0000
0.0000
0.0000
0.0000
0.0000
0.0071
0.0488
0.0630
0.3215
0.3156
0.2700
0.4790
0.2759
0.0430
0.0886
0.1821
0.1054
0.0735
0.0097
0.0002
0.0000
0.0000
0.0000
0.0000
0.0000
0.0000
0.0000
0.0000
0.0000
0.0069
0.0576
0.2232
0.4125
0.3437
0.6403
0.8715
0.5382
0.1943
0.6483
0.3483
0.0535
0.1296
0.0330
0.0003
0.0000
0.0000
0.0000
0.0000
0.0000
0.0000
0.0000
0.0000
0.0000
0.0059
0.0630
0.2152
0.4205
0.5528
0.5496
0.8287
0.8838
0.4805
0.2741
0.3625
0.1368
0.1298
0.0325
0.0006
0.0000
0.0000
0.0000
0.0000
0.0000
0.0000
0.0000
0.0000
0.0000
0.0006
0.0019
0.0473
0.0772
0.0858
0.0677
0.0585
0.0721
0.0681
0.1160
0.1615
0.0805
0.0200
0.0039
0.0000
0.0000
0.0000
0.0000
0.0000
0.0000
0.0000
0.0000
0.0000
0.0000
0.0045
0.0456
0.2105
0.6206
0.3698
0.5272
0.5468
0.5432
0.5341
0.5122
0.3310
0.2230
0.0407
0.0063
0.0021
0.0000
0.0000
0.0000
0.0000
0.0000
0.0000
0.0000
0.0000
0.0000
0.0046
0.0787
0.2789
0.5047
0.6112
0.7746
0.5862
0.5054
0.2774
0.0672
0.3834
0.4356
0.1183
0.0344
0.0061
0.0000
0.0000
0.0000
0.0000
0.0000
0.0000
0.0000
0.0000
0.0000
0.0047
0.0725
0.2453
0.4841
0.6685
0.7811
0.8935
0.9185
0.8467
0.7545
0.6283
0.4580
0.1849
0.0200
0.0005
0.0000
0.0000
0.0000
0.0000
0.0000
0.0000
0.0000
0.0000
0.0000
0.0075
0.0694
0.2228
0.4382
0.6164
0.7414
0.8964
0.9232
0.8388
0.7070
0.3878
0.2352
0.1358
0.0286
0.0009
0.0000
0.0000
0.0000
0.0000
0.0000
0.0000
0.0000
0.0000
0.0001
0.0205
0.0971
0.1956
0.2473
0.3941
0.3566
0.4766
0.5392
0.4176
0.1694
0.1696
0.1278
0.0613
0.0065
0.0000
0.0000
0.0000
0.0000
0.0000
0.0000
0.0000
0.0000
0.0000
0.0000
0.0000
0.0004
0.0023
0.0170
0.0339
0.0321
0.0289
0.0181
0.0206
0.0328
0.0406
0.0682
0.0283
0.0033
0.0000
0.0000
0.0000
0.0000
0.0000
0.0000
0.0000
0.0000
0.0000
0.0000
0.0020
0.0037
0.0126
0.0266
0.0554
0.1034
0.1479
0.1566
0.3902
0.3955
0.3293
0.1198
0.0631
0.0080
0.0004
0.0000
0.0000
0.0000
0.0000
0.0000
0.0000
0.0000
0.0000
0.0000
0.0065
0.0889
0.3050
0.5674
0.7112
0.4602
0.4230
0.4659
0.6638
0.3340
0.1290
0.0405
0.0279
0.0086
0.0005
0.0000
0.0000
0.0000
0.0000
0.0000
0.0000
0.0000
0.0000
0.0000
0.0001
0.0015
0.0026
0.0062
0.0416
0.5176
1.0000
0.9173
0.4347
0.2944
0.3228
0.5075
0.1803
0.0392
0.0001
0.0000
0.0000
0.0000
0.0000
0.0000
0.0000
0.0000
0.0000
0.0006
0.0150
0.1068
0.2294
0.2444
0.3562
0.4908
0.4019
0.5720
0.7067
0.4959
0.0877
0.2417
0.0462
0.0114
0.0006
0.0000
0.0000
0.0000
0.0000
0.0000
0.0000
0.0000
0.0000
0.0001
0.0127
0.1130
0.2174
0.3936
0.6626
0.7718
0.7389
0.6343
0.5945
0.3720
0.1590
0.0691
0.0426
0.0010
0.0001
0.0000
0.0000
0.0000
0.0000
0.0000
0.0000
0.0000
0.0000
0.0001
0.0062
0.0874
0.2573
0.4600
0.5622
0.4841
0.4078
0.6080
0.4971
0.2825
0.3035
0.2213
0.1118
0.0402
0.0016
0.0000
0.0000
0.0000
0.0000
0.0000
0.0000
0.0000
0.0000
0.0000
0.0310
0.1016
0.2353
0.5039
0.6783
0.6242
0.8367
0.4486
0.1635
0.2673
0.1244
0.0212
0.0008
0.0026
0.0000
0.0000
0.0000
0.0000
0.0000
0.0000
0.0000
0.0000
0.0000
0.0000
0.0000
0.0013
0.0192
0.0451
0.0965
0.1409
0.1364
0.1495
0.1020
0.1051
0.0924
0.2042
0.1805
0.0511
0.0022
0.0000
0.0000
0.0000
0.0000
0.0000
0.0000
0.0000
0.0000
0.0000
0.0050
0.0377
0.1338
0.2335
0.4895
0.3481
0.6309
0.5617
0.5810
0.2405
0.0779
0.1678
0.1308
0.0527
0.0105
0.0000
0.0000
0.0000
0.0000
0.0000
0.0000
0.0000
0.0000
0.0001
0.0085
0.1029
0.3654
0.6294
0.8052
0.9265
0.7036
0.4820
0.6874
0.3740
0.3556
0.1755
0.1470
0.0757
0.0090
0.0000
0.0000
0.0000
0.0000
0.0000
0.0000
0.0000
0.0000
0.0000
0.0055
0.0889
0.2945
0.5126
0.6706
0.7783
0.9323
0.7295
0.6459
0.3436
0.3006
0.3146
0.1825
0.0352
0.0033
0.0000
0.0000
0.0000
0.0000
0.0000
0.0000
0.0000
0.0000
0.0002
0.0134
0.0708
0.1454
0.2379
0.4648
0.5008
0.5407
0.5642
0.3785
0.2311
0.1777
0.0795
0.0336
0.0179
0.0039
0.0000
0.0000
0.0000
0.0000
0.0000
0.0000
0.0000
0.0000
0.0000
0.0018
0.0132
0.0875
0.1752
0.2700
0.2189
0.1889
0.0618
0.1907
0.4394
0.0172
0.1785
0.2186
0.0274
0.0016
0.0000
0.0000
0.0000
0.0000
0.0000
0.0000
0.0000
0.0000
0.0002
0.0204
0.0921
0.1905
0.3190
0.3365
0.3911
0.4417
0.4933
0.1729
0.1378
0.2082
0.2480
0.1116
0.0527
0.0068
0.0000
0.0000
0.0000
0.0000
0.0000
0.0000
0.0000
0.0000
0.0000
0.0130
0.0935
0.2287
0.3820
0.4110
0.3132
0.2543
0.2631
0.3025
0.2603
0.1958
0.1399
0.1685
0.0725
0.0126
0.0000
0.0000
0.0000
0.0000
0.0000
0.0000
0.0000
0.0000
0.0001
0.0131
0.0817
0.2552
0.4002
0.6574
0.7616
0.7218
0.8237
0.7553
0.2693
0.3421
0.1473
0.0410
0.0182
0.0006
0.0000
0.0000
0.0000
0.0000
0.0000
0.0000
0.0000
0.0000
0.0003
0.0237
0.0912
0.1822
0.2564
0.2771
0.3232
0.3655
0.5837
0.6194
0.7170
0.5302
0.3912
0.2504
0.0514
0.0056
0.0000
0.0000
0.0000
0.0000
0.0000
0.0000
0.0000
0.0000
0.0001
0.0128
0.0629
0.1467
0.2455
0.5205
0.6580
0.7241
0.8176
0.8147
0.7454
0.5909
0.2522
0.1506
0.0457
0.0065
0.0000
0.0000
0.0000
0.0000
0.0000
0.0000
0.0000
0.0000
0.0001
0.0175
0.0728
0.1666
0.3556
0.6028
0.7144
0.8456
0.8680
0.7171
0.8031
0.5862
0.1866
0.0780
0.0753
0.0053
0.0000
0.0000
0.0000
0.0000
0.0000
0.0000
0.0000
0.0000
0.0002
0.0144
0.0863
0.1438
0.2795
0.3124
0.5101
0.6446
0.5215
0.6143
0.2025
0.2874
0.3495
0.1844
0.0119
0.0003
0.0000
0.0000
0.0000
0.0000
0.0000
0.0000
0.0000
0.0000
0.0009
0.0524
0.1288
0.2667
0.4238
0.5746
0.7274
0.8832
0.6680
0.0489
0.0672
0.3000
0.4335
0.2090
0.0354
0.0040
0.0000
0.0000
0.0000
0.0000
0.0000
0.0000
0.0000
0.0000
0.0007
0.0210
0.1150
0.2760
0.4476
0.4944
0.5156
0.4449
0.2623
0.1645
0.2945
0.4844
0.3129
0.2567
0.0551
0.0026
0.0000
0.0000
0.0000
0.0000
0.0000
0.0000
0.0000
0.0000
0.0003
0.0180
0.1095
0.3000
0.4553
0.4004
0.5979
0.8837
0.3081
0.3438
0.5724
0.4276
0.3646
0.2027
0.0658
0.0087
0.0000
0.0000
0.0000
0.0000
0.0000
0.0000
0.0000
0.0000
0.0007
0.0204
0.0865
0.1759
0.4013
0.4269
0.1857
0.2773
0.3116
0.4653
0.1217
0.0040
0.0126
0.0018
0.0004
0.0001
0.0000
0.0000
0.0000
0.0000
0.0000
0.0000
0.0000
0.0000
0.0007
0.0656
0.1064
0.2699
0.3779
0.2585
0.3452
0.4613
0.4691
0.4933
0.2707
0.4453
0.2166
0.1512
0.0927
0.0161
0.0000
0.0000
0.0000
0.0000
0.0000
0.0000
0.0000
0.0000
0.0004
0.0261
0.1175
0.2882
0.5071
0.6769
0.6903
0.4959
0.5380
0.4674
0.4336
0.0312
0.0331
0.0246
0.0192
0.0084
0.0000
0.0000
0.0000
0.0000
0.0000
0.0000
0.0000
0.0000
0.0003
0.0162
0.1074
0.2666
0.4891
0.6621
0.7572
0.8724
0.8291
0.6288
0.5556
0.5454
0.2910
0.1094
0.0389
0.0047
0.0000
0.0000
0.0000
0.0000
0.0000
0.0000
0.0000
0.0000
0.0009
0.0298
0.1148
0.2816
0.4647
0.6141
0.7182
0.8333
0.8628
0.8162
0.7568
0.6160
0.4537
0.2338
0.0540
0.0058
0.0000
0.0000
0.0000
0.0000
0.0000
0.0000
0.0000
0.0000
0.0001
0.0240
0.1024
0.2262
0.3559
0.5305
0.6893
0.7350
0.7925
0.6933
0.6701
0.4352
0.2560
0.1004
0.0321
0.0023
0.0000
0.0000
0.0000
0.0000
0.0000
0.0000
0.0000
0.0000
0.0004
0.0276
0.1189
0.2903
0.4779
0.6411
0.7668
0.8375
0.9412
0.6837
0.6326
0.5012
0.3832
0.1899
0.0506
0.0042
0.0000
0.0000
0.0000
0.0000
0.0000
0.0000
0.0000
0.0000
0.0005
0.0291
0.1237
0.2690
0.5174
0.6920
0.8148
0.9036
0.9492
0.8966
0.8052
0.5519
0.3911
0.1778
0.0511
0.0071
0.0000
0.0000
0.0000
0.0000
0.0000
0.0000
0.0000
0.0000
0.0004
0.0251
0.1020
0.2313
0.4155
0.5791
0.6796
0.8147
0.8471
0.7763
0.7149
0.5947
0.3974
0.1765
0.0546
0.0067
0.0000
0.0000
0.0000
0.0000
0.0000
0.0000
0.0000
0.0000
0.0004
0.0206
0.0925
0.2442
0.4106
0.5497
0.6507
0.6168
0.6214
0.6435
0.5491
0.4109
0.0152
0.1222
0.0543
0.0057
0.0000
0.0000
0.0000
0.0000
0.0000
0.0000
0.0000
0.0000
0.0003
0.0187
0.0745
0.1652
0.3938
0.5566
0.6720
0.7897
0.8391
0.7890
0.7006
0.5590
0.2230
0.0335
0.0650
0.0051
0.0000
0.0000
0.0000
0.0000
0.0000
0.0000
0.0000
0.0000
0.0006
0.0326
0.0961
0.1742
0.3314
0.5389
0.6401
0.8038
0.8431
0.7252
0.3874
0.5194
0.4043
0.1159
0.0475
0.0029
0.0000
0.0000
0.0000
0.0000
0.0000
0.0000
0.0000
0.0000
0.0003
0.0174
0.0992
0.2582
0.4209
0.5115
0.6807
0.7033
0.8664
0.8235
0.7637
0.6366
0.4825
0.2378
0.0459
0.0035
0.0000
0.0000
0.0000
0.0000
0.0000
0.0000
0.0000
0.0000
0.0016
0.0310
0.0698
0.2087
0.2841
0.5888
0.6963
0.8776
0.8506
0.9408
0.8298
0.3036
0.2091
0.1610
0.0568
0.0063
0.0000
0.0000
0.0000
0.0000
0.0000
0.0000
0.0000
0.0000
0.0003
0.0171
0.1075
0.3116
0.4668
0.4988
0.6117
0.9398
0.9735
0.9042
0.4969
0.4045
0.5079
0.1638
0.0515
0.0000
0.0000
0.0000
0.0000
0.0000
0.0000
0.0000
0.0000
0.0000
0.0000
0.0039
0.0387
0.0614
0.0987
0.2052
0.1968
0.1861
0.1535
0.1271
0.1533
0.1255
0.1619
0.2019
0.0881
0.0076
0.0000
0.0000
0.0000
0.0000
0.0000
0.0000
0.0000
0.0000
0.0003
0.0152
0.1101
0.2835
0.4755
0.6391
0.5649
0.6214
0.4140
0.3124
0.2181
0.1293
0.1070
0.0955
0.0087
0.0003
0.0000
0.0000
0.0000
0.0000
0.0000
0.0000
0.0000
0.0000
0.0002
0.0157
0.1532
0.2311
0.5646
0.6536
0.5597
0.7615
0.5420
0.4735
0.5522
0.1896
0.1292
0.1633
0.0905
0.0044
0.0014
0.0007
0.0039
0.0071
0.0088
0.0161
0.0213
0.0171
0.0173
0.0428
0.0798
0.1214
0.1695
0.3215
0.4398
0.4025
0.4073
0.4096
0.2876
0.0836
0.0051
0.0048
0.0009
0.0000
0.0000
0.0000
0.0000
0.0000
0.0000
0.0000
0.0000
0.0000
0.0001
0.0074
0.0484
0.1372
0.0854
0.0692
0.1114
0.3715
0.5238
0.7731
0.7653
0.3431
0.3329
0.2152
0.0473
0.0061
0.0000
0.0000
0.0000
0.0000
0.0000
0.0000
0.0000
0.0000
0.0007
0.0265
0.1625
0.2342
0.4124
0.3214
0.4062
0.8553
0.5668
0.3484
0.3272
0.3068
0.3112
0.2702
0.1156
0.0105
0.0000
0.0000
0.0000
0.0000
0.0000
0.0000
0.0000
0.0000
0.0004
0.0153
0.1112
0.3297
0.5787
0.7582
0.8821
0.8928
0.6539
0.4581
0.6097
0.5321
0.1965
0.1727
0.1113
0.0100
0.0000
0.0000
0.0000
0.0000
0.0000
0.0000
0.0000
0.0000
0.0004
0.0205
0.1094
0.2332
0.2308
0.4163
0.5423
0.8884
0.7695
0.6627
0.3895
0.2925
0.1699
0.1485
0.0623
0.0062
0.0000
0.0000
0.0000
0.0000
0.0000
0.0000
0.0000
0.0000
0.0003
0.0204
0.1002
0.2170
0.4289
0.6086
0.7223
0.8464
0.8967
0.8140
0.4179
0.3807
0.4198
0.2095
0.0573
0.0083
0.0000
0.0000
0.0000
0.0000
0.0000
0.0000
0.0000
0.0000
0.0001
0.0225
0.1311
0.1839
0.2468
0.6092
0.6767
0.7149
0.2755
0.1961
0.4463
0.4127
0.2907
0.1167
0.0465
0.0064
0.0000
0.0000
0.0000
0.0000
0.0000
0.0000
0.0000
0.0000
0.0000
0.0232
0.0659
0.2696
0.4406
0.5781
0.7287
0.8064
0.7792
0.7189
0.6832
0.4209
0.2108
0.2755
0.0449
0.0055
0.0000
0.0000
0.0000
0.0000
0.0000
0.0000
0.0000
0.0000
0.0001
0.0105
0.0976
0.2591
0.4496
0.6051
0.6573
0.6660
0.6529
0.3015
0.5796
0.4534
0.2553
0.2108
0.0519
0.0114
0.0000
0.0000
0.0000
0.0000
0.0000
0.0000
0.0000
0.0000
0.0002
0.0095
0.1124
0.2638
0.4953
0.5502
0.7849
0.8317
0.7610
0.7785
0.3824
0.3728
0.1683
0.0906
0.0101
0.0016
0.0000
0.0000
0.0000
0.0000
0.0000
0.0000
0.0000
0.0000
0.0001
0.0054
0.0610
0.3046
0.5383
0.6860
0.7516
0.4264
0.6193
0.2288
0.7173
0.2557
0.1015
0.1069
0.0469
0.0012
0.0000
0.0000
0.0000
0.0000
0.0000
0.0000
0.0000
0.0000
0.0001
0.0263
0.1013
0.2048
0.4177
0.5270
0.5128
0.7134
0.3179
0.5462
0.6585
0.5013
0.4385
0.1853
0.0380
0.0020
0.0000
0.0000
0.0000
0.0000
0.0000
0.0000
0.0000
0.0000
0.0000
0.0069
0.0684
0.1861
0.2942
0.4788
0.6254
0.6999
0.3532
0.6686
0.7579
0.6571
0.4356
0.1358
0.0160
0.0013
0.0000
0.0000
0.0000
0.0000
0.0000
0.0000
0.0000
0.0000
0.0000
0.0003
0.0011
0.0252
0.0671
0.1321
0.2373
0.3631
0.6161
0.5213
0.6347
0.2021
0.0156
0.0112
0.0077
0.0017
0.0000
0.0000
0.0000
0.0000
0.0000
0.0000
0.0000
0.0000
0.0002
0.0193
0.0759
0.2310
0.4274
0.5985
0.7174
0.8221
0.8494
0.7732
0.5645
0.2301
0.2416
0.1227
0.0698
0.0184
0.0002
0.0000
0.0000
0.0000
0.0000
0.0000
0.0000
0.0000
0.0002
0.0244
0.0916
0.2357
0.4338
0.5980
0.7332
0.8853
0.8467
0.7124
0.6505
0.5728
0.2796
0.1332
0.0401
0.0066
0.0000
0.0000
0.0000
0.0000
0.0000
0.0000
0.0000
0.0000
0.0000
0.0035
0.0819
0.2453
0.4308
0.6009
0.7691
0.8785
0.6885
0.5025
0.5240
0.5651
0.0883
0.1002
0.0563
0.0023
0.0000
0.0000
0.0000
0.0000
0.0000
0.0000
0.0000
0.0000
0.0001
0.0134
0.0926
0.2806
0.4925
0.6793
0.7789
0.8665
0.8128
0.7434
0.6644
0.3841
0.4409
0.2541
0.0712
0.0087
0.0000
0.0000
0.0000
0.0000
0.0000
0.0000
0.0000
0.0000
0.0001
0.0171
0.0777
0.2127
0.4074
0.5585
0.6956
0.8025
0.8035
0.6628
0.5941
0.3351
0.2903
0.1594
0.0884
0.0223
0.0000
0.0000
0.0000
0.0000
0.0000
0.0000
0.0000
0.0000
0.0001
0.0202
0.0994
0.2157
0.3951
0.5821
0.7027
0.7528
0.7901
0.7348
0.6868
0.5669
0.3343
0.1443
0.0332
0.0027
0.0000
0.0000
0.0000
0.0000
0.0000
0.0000
0.0000
0.0000
0.0000
0.0070
0.0380
0.1141
0.2425
0.4965
0.6742
0.6518
0.7853
0.8133
0.7287
0.5725
0.3423
0.1648
0.0579
0.0050
0.0000
0.0000
0.0000
0.0000
0.0000
0.0000
0.0000
0.0000
0.0000
0.0079
0.0627
0.2096
0.3818
0.5146
0.5155
0.3761
0.2259
0.2825
0.3634
0.4069
0.1567
0.1113
0.0380
0.0062
0.0000
0.0000
0.0000
0.0000
0.0000
0.0000
0.0000
0.0000
0.0000
0.0083
0.0684
0.2197
0.4275
0.5445
0.4552
0.6361
0.7975
0.8086
0.7513
0.6467
0.4589
0.2161
0.0306
0.0014
0.0000
0.0000
0.0000
0.0000
0.0000
0.0000
0.0000
0.0000
0.0000
0.0057
0.0874
0.2584
0.4787
0.6408
0.7627
0.8239
0.7649
0.8141
0.7787
0.7032
0.4964
0.1702
0.0528
0.0076
0.0000
0.0000
0.0000
0.0000
0.0000
0.0000
0.0000
0.0000
0.0000
0.0095
0.0619
0.1983
0.3127
0.3638
0.8166
0.8564
0.8968
0.8840
0.7320
0.3919
0.0829
0.0776
0.0121
0.0020
0.0000
0.0000
0.0000
0.0000
0.0000
0.0000
0.0000
0.0000
0.0001
0.0073
0.0618
0.2023
0.3914
0.5650
0.6780
0.7794
0.8282
0.7988
0.7262
0.5303
0.2962
0.0512
0.0059
0.0005
0.0000
0.0000
0.0000
0.0000
0.0000
0.0000
0.0000
0.0000
0.0001
0.0071
0.0524
0.2016
0.3938
0.5833
0.6487
0.7698
0.8416
0.5901
0.2263
0.2648
0.4100
0.2351
0.0355
0.0003
0.0000
0.0000
0.0000
0.0000
0.0000
0.0000
0.0000
0.0000
0.0000
0.0122
0.0584
0.2025
0.4036
0.5739
0.6978
0.4961
0.4713
0.1375
0.2386
0.1953
0.0404
0.1148
0.0310
0.0135
0.0000
0.0000
0.0000
0.0000
0.0000
0.0000
0.0000
0.0000
0.0000
0.0033
0.0481
0.2003
0.4082
0.5933
0.6987
0.8068
0.8160
0.5429
0.3085
0.1293
0.1393
0.0911
0.0363
0.0035
0.0000
0.0000
0.0000
0.0000
0.0000
0.0000
0.0000
0.0000
0.0000
0.0066
0.0595
0.1803
0.3750
0.5465
0.6730
0.7826
0.7699
0.7836
0.5936
0.1429
0.1392
0.1203
0.0508
0.0042
0.0000
0.0000
0.0000
0.0000
0.0000
0.0000
0.0000
0.0000
0.0000
0.0055
0.0747
0.2108
0.4158
0.6000
0.7190
0.8230
0.8810
0.8766
0.7851
0.6031
0.3957
0.1922
0.0443
0.0028
0.0000
0.0000
0.0000
0.0000
0.0000
0.0000
0.0000
0.0000
0.0000
0.0081
0.0772
0.1541
0.4642
0.6546
0.7828
0.8401
0.8678
0.8661
0.8049
0.6735
0.4549
0.2518
0.0378
0.0013
0.0000
0.0000
0.0000
0.0000
0.0000
0.0000
0.0000
0.0000
0.0000
0.0130
0.0472
0.1924
0.1410
0.0842
0.0864
0.0424
0.1817
0.0874
0.2577
0.4513
0.0779
0.0000
0.0027
0.0027
0.0000
0.0000
0.0000
0.0000
0.0000
0.0000
0.0000
0.0000
0.0000
0.0017
0.0410
0.2055
0.4332
0.6297
0.7258
0.8391
0.8367
0.7867
0.7622
0.5240
0.3484
0.1836
0.0435
0.0017
0.0000
0.0000
0.0000
0.0000
0.0000
0.0000
0.0000
0.0000
0.0000
0.0014
0.0386
0.1968
0.4154
0.6078
0.7240
0.8281
0.8890
0.8375
0.7493
0.6050
0.4396
0.2018
0.0267
0.0009
0.0000
0.0000
0.0000
0.0000
0.0000
0.0000
0.0000
0.0000
0.0000
0.0023
0.0436
0.1884
0.4010
0.5799
0.6987
0.8107
0.8406
0.7974
0.7233
0.5992
0.4223
0.2035
0.0288
0.0011
0.0000
0.0000
0.0000
0.0000
0.0000
0.0000
0.0000
0.0000
0.0000
0.0013
0.0391
0.1905
0.4086
0.6057
0.7233
0.8125
0.8401
0.8114
0.7300
0.6057
0.4398
0.2120
0.0251
0.0006
0.0000
0.0000
0.0000
0.0000
0.0000
0.0000
0.0000
0.0000
0.0000
0.0055
0.0616
0.2071
0.4177
0.6277
0.7497
0.8252
0.8368
0.7204
0.6000
0.6437
0.4530
0.2147
0.0361
0.0009
0.0000
0.0000
0.0000
0.0000
0.0000
0.0000
0.0000
0.0000
0.0000
0.0045
0.0534
0.1658
0.2783
0.5320
0.7426
0.8078
0.8264
0.8259
0.7613
0.6344
0.4504
0.2029
0.0314
0.0013
0.0000
0.0000
0.0000
0.0000
0.0000
0.0000
0.0000
0.0000
0.0000
0.0028
0.0417
0.1686
0.3542
0.5413
0.6648
0.7592
0.7947
0.7586
0.6830
0.5621
0.3964
0.1840
0.0277
0.0009
0.0000
0.0000
0.0000
0.0000
0.0000
0.0000
0.0000
0.0000
0.0000
0.0026
0.0397
0.1704
0.3599
0.5472
0.6765
0.7527
0.7829
0.7430
0.4862
0.4763
0.3239
0.2036
0.0282
0.0006
0.0000
0.0000
0.0000
0.0000
0.0000
0.0000
0.0000
0.0000
0.0000
0.0020
0.0400
0.1854
0.2586
0.4611
0.5879
0.4257
0.2981
0.2058
0.2025
0.1889
0.1374
0.0978
0.0281
0.0031
0.0000
0.0000
0.0000
0.0000
0.0000
0.0000
0.0000
0.0000
0.0000
0.0003
0.0131
0.0557
0.1514
0.2948
0.2051
0.1069
0.2101
0.1179
0.0556
0.0193
0.0225
0.0242
0.0107
0.0003
0.0000
0.0000
0.0000
0.0000
0.0000
0.0000
0.0000
0.0000
0.0000
0.0006
0.0174
0.0503
0.1782
0.4182
0.6095
0.5941
0.5206
0.3978
0.3943
0.3122
0.0827
0.1143
0.0098
0.0000
0.0000
0.0000
0.0000
0.0000
0.0000
0.0000
0.0000
0.0000
0.0000
0.0005
0.0266
0.1768
0.4093
0.6356
0.7488
0.8141
0.8277
0.8056
0.7579
0.6317
0.2134
0.0620
0.0195
0.0005
0.0000
0.0000
0.0000
0.0000
0.0000
0.0000
0.0000
0.0000
0.0000
0.0027
0.0574
0.1372
0.2557
0.1070
0.5333
0.5063
0.3725
0.6814
0.7442
0.6352
0.4390
0.1416
0.0197
0.0005
0.0000
0.0000
0.0000
0.0000
0.0000
0.0000
0.0000
0.0000
0.0000
0.0017
0.0385
0.1553
0.3173
0.6246
0.5462
0.6887
0.8338
0.7470
0.5553
0.3822
0.2367
0.0947
0.0152
0.0002
0.0000
0.0000
0.0000
0.0000
0.0000
0.0000
0.0000
0.0000
0.0000
0.0008
0.0259
0.1670
0.3798
0.6016
0.7199
0.8015
0.5130
0.8332
0.5545
0.2807
0.2451
0.1227
0.0126
0.0002
0.0000
0.0000
0.0000
0.0000
0.0000
0.0000
0.0000
0.0000
0.0000
0.0000
0.0051
0.0442
0.0815
0.1249
0.1951
0.5285
0.8965
0.6347
0.1971
0.2096
0.2024
0.1620
0.0409
0.0006
0.0000
0.0000
0.0000
0.0000
0.0000
0.0000
0.0000
0.0000
0.0000
0.0006
0.0331
0.2126
0.4085
0.5962
0.6451
0.7647
0.7119
0.4234
0.3244
0.2398
0.1880
0.0892
0.0219
0.0007
0.0000
0.0000
0.0000
0.0000
0.0000
0.0000
0.0000
0.0000
0.0000
0.0002
0.0129
0.1095
0.2769
0.6089
0.5447
0.8361
0.8825
0.8675
0.7888
0.6461
0.4221
0.1379
0.0130
0.0000
0.0000
0.0000
0.0000
0.0000
0.0000
0.0000
0.0000
0.0000
0.0000
0.0007
0.0212
0.1469
0.3907
0.6302
0.7529
0.8220
0.8479
0.8408
0.7685
0.6366
0.3949
0.1450
0.0148
0.0001
0.0000
0.0000
0.0000
0.0000
0.0000
0.0000
0.0000
0.0000
0.0000
0.0006
0.0203
0.1613
0.3840
0.6284
0.7328
0.8079
0.8580
0.8490
0.7689
0.5849
0.2913
0.0775
0.0184
0.0002
0.0000
0.0000
0.0000
0.0000
0.0000
0.0000
0.0000
0.0000
0.0000
0.0007
0.0233
0.1517
0.3573
0.5774
0.7022
0.8326
0.8828
0.7353
0.3953
0.2406
0.1321
0.0075
0.0000
0.0000
0.0000
0.0000
0.0000
0.0000
0.0000
0.0000
0.0000
0.0000
0.0000
0.0001
0.0049
0.1594
0.3980
0.6613
0.7883
0.8773
0.7905
0.8397
0.5994
0.6091
0.2634
0.1148
0.0094
0.0001
0.0000
0.0000
0.0000
0.0000
0.0000
0.0000
0.0000
0.0000
0.0000
0.0004
0.0130
0.1615
0.3902
0.6512
0.7808
0.8599
0.8931
0.8702
0.7913
0.6462
0.4315
0.1574
0.0097
0.0000
0.0000
0.0000
0.0000
0.0000
0.0000
0.0000
0.0000
0.0000
0.0000
0.0007
0.0206
0.1501
0.3629
0.6191
0.7519
0.8324
0.8800
0.8572
0.7704
0.5981
0.3467
0.0861
0.0152
0.0000
0.0000
0.0000
0.0000
0.0000
0.0000
0.0000
0.0000
0.0000
0.0000
0.0010
0.0437
0.1321
0.2946
0.4287
0.5177
0.7889
0.8595
0.7523
0.4074
0.2569
0.1841
0.0013
0.0000
0.0000
0.0000
0.0000
0.0000
0.0000
0.0000
0.0000
0.0000
0.0000
0.0000
0.0004
0.0153
0.1431
0.3437
0.5872
0.7148
0.7558
0.6276
0.7879
0.5991
0.3743
0.2603
0.0459
0.0016
0.0000
0.0000
0.0000
0.0000
0.0000
0.0000
0.0000
0.0000
0.0000
0.0000
0.0001
0.0100
0.1385
0.3345
0.5661
0.6335
0.6729
0.2476
0.0328
0.0882
0.0408
0.0404
0.0350
0.0009
0.0000
0.0000
0.0000
0.0000
0.0000
0.0000
0.0000
0.0000
0.0000
0.0000
0.0000
0.0204
0.1406
0.2284
0.3267
0.3401
0.3074
0.4077
0.3507
0.2848
0.6129
0.3965
0.1395
0.0171
0.0000
0.0000
0.0000
0.0000
0.0000
0.0000
0.0000
0.0000
0.0000
0.0000
0.0004
0.0196
0.0575
0.2193
0.2444
0.3026
0.3920
0.4405
0.6094
0.2683
0.4557
0.0846
0.1099
0.0113
0.0000
0.0000
0.0000
0.0000
0.0000
0.0000
0.0000
0.0000
0.0000
0.0000
0.0002
0.0241
0.0973
0.2669
0.5654
0.6521
0.8065
0.5306
0.6609
0.1967
0.0764
0.0639
0.0285
0.0005
0.0000
0.0000
0.0000
0.0000
0.0000
0.0000
0.0000
0.0000
0.0000
0.0000
0.0008
0.0221
0.0733
0.0981
0.2999
0.4967
0.4634
0.4816
0.4989
0.4785
0.4251
0.2828
0.1045
0.0136
0.0000
0.0000
0.0000
0.0000
0.0000
0.0000
0.0000
0.0000
0.0000
0.0000
0.0001
0.0120
0.0929
0.2200
0.4778
0.6110
0.5643
0.4749
0.3572
0.2668
0.2726
0.1509
0.0555
0.0028
0.0000
0.0000
0.0000
0.0000
0.0000
0.0000
0.0000
0.0000
0.0000
0.0000
0.0001
0.0101
0.0585
0.1694
0.3528
0.6050
0.7320
0.8058
0.8018
0.5230
0.3316
0.1065
0.0729
0.0056
0.0000
0.0000
0.0000
0.0000
0.0001
0.0000
0.0000
0.0000
0.0000
0.0000
0.0001
0.0123
0.0837
0.2645
0.4934
0.6136
0.7481
0.7189
0.3989
0.2021
0.0887
0.1061
0.0925
0.0121
0.0000
0.0000
0.0000
0.0000
0.0000
0.0000
0.0000
0.0000
0.0000
0.0000
0.0002
0.0062
0.0822
0.2838
0.5219
0.6586
0.6972
0.8005
0.7010
0.4517
0.2359
0.2519
0.0757
0.0063
0.0000
0.0000
0.0000
0.0000
0.0000
0.0000
0.0000
0.0000
0.0000
0.0000
0.0000
0.0042
0.0884
0.2898
0.5363
0.6646
0.7563
0.7618
0.7032
0.6240
0.4902
0.3094
0.0725
0.0018
0.0000
0.0000
0.0000
0.0000
0.0000
0.0000
0.0000
0.0000
0.0000
0.0000
0.0001
0.0067
0.0826
0.2566
0.4785
0.6220
0.7270
0.7394
0.6857
0.5621
0.2886
0.1309
0.0556
0.0019
0.0000
0.0000
0.0000
0.0000
0.0000
0.0000
0.0000
0.0000
0.0000
0.0000
0.0001
0.0252
0.0978
0.2137
0.4058
0.4961
0.3738
0.5845
0.6419
0.5728
0.3795
0.1525
0.0576
0.0028
0.0000
0.0000
0.0000
0.0000
0.0000
0.0000
0.0000
0.0000
0.0000
0.0000
0.0000
0.0044
0.0563
0.1635
0.3810
0.5210
0.6980
0.7312
0.6830
0.5527
0.3582
0.1851
0.0430
0.0033
0.0000
0.0000
0.0000
0.0000
0.0000
0.0000
0.0000
0.0000
0.0000
0.0000
0.0000
0.0094
0.0872
0.2676
0.5051
0.6585
0.7580
0.7936
0.7929
0.6691
0.4841
0.2770
0.0610
0.0020
0.0000
0.0000
0.0000
0.0000
0.0000
0.0000
0.0000
0.0000
0.0000
0.0000
0.0000
0.0152
0.1496
0.0649
0.1476
0.3846
0.2244
0.0930
0.1048
0.0928
0.1166
0.0797
0.0046
0.0001
0.0000
0.0000
0.0000
0.0000
0.0000
0.0000
0.0000
0.0000
0.0000
0.0000
0.0000
0.0093
0.0705
0.2426
0.4173
0.6474
0.7526
0.7718
0.6386
0.4422
0.4246
0.0902
0.0149
0.0004
0.0000
0.0000
0.0000
0.0000
0.0000
0.0000
0.0000
0.0000
0.0000
0.0000
0.0000
0.0178
0.0921
0.1221
0.0509
0.2236
0.4386
0.6426
0.2557
0.2464
0.1941
0.0685
0.0086
0.0000
0.0000
0.0000
0.0000
0.0000
0.0000
0.0000
0.0000
0.0000
0.0000
0.0000
0.0000
0.0056
0.0733
0.2645
0.4943
0.5568
0.7618
0.3108
0.3723
0.5544
0.1989
0.0264
0.0278
0.0000
0.0000
0.0000
0.0000
0.0000
0.0000
0.0000
0.0000
0.0000
0.0000
0.0000
0.0000
0.0080
0.0987
0.2016
0.4908
0.6889
0.7122
0.8095
0.7170
0.5455
0.1618
0.0641
0.0127
0.0043
0.0000
0.0000
0.0000
0.0000
0.0000
0.0000
0.0000
0.0000
0.0000
0.0000
0.0000
0.0023
0.0505
0.1976
0.4940
0.5619
0.7427
0.5982
0.4434
0.3289
0.2449
0.1538
0.0594
0.0010
0.0000
0.0000
0.0000
0.0000
0.0000
0.0000
0.0000
0.0000
0.0000
0.0000
0.0000
0.0115
0.0650
0.2606
0.5173
0.6790
0.7664
0.7730
0.6442
0.2749
0.2055
0.1486
0.0857
0.0020
0.0000
0.0000
0.0000
0.0000
0.0000
0.0000
0.0000
0.0000
0.0000
0.0000
0.0000
0.0139
0.0572
0.0823
0.1299
0.0836
0.1209
0.0880
0.0171
0.0245
0.0288
0.0117
0.0007
0.0000
0.0000
0.0000
0.0000
0.0000
0.0000
0.0000
0.0000
0.0000
0.0000
0.0000
0.0000
0.0046
0.0546
0.2143
0.4658
0.6115
0.6081
0.3474
0.5495
0.2604
0.1374
0.0614
0.0146
0.0002
0.0000
0.0000
0.0000
0.0000
0.0000
0.0000
0.0000
0.0000
0.0000
0.0000
0.0000
0.0015
0.0385
0.2335
0.4919
0.6378
0.7932
0.7290
0.3345
0.1231
0.2017
0.1790
0.0252
0.0011
0.0000
0.0000
0.0000
0.0000
0.0000
0.0000
0.0000
0.0000
0.0000
0.0000
0.0000
0.0041
0.0360
0.1817
0.3760
0.4784
0.5119
0.5007
0.3210
0.2568
0.4182
0.2062
0.0293
0.0001
0.0000
0.0000
0.0000
0.0000
0.0000
0.0000
0.0000
0.0000
0.0000
0.0000
0.0000
0.0017
0.0320
0.2116
0.4452
0.6102
0.7239
0.7267
0.6436
0.5650
0.3836
0.1738
0.0307
0.0004
0.0000
0.0000
0.0000
0.0000
0.0000
0.0000
0.0000
0.0000
0.0000
0.0000
0.0000
0.0023
0.0402
0.1783
0.3111
0.4562
0.4626
0.4908
0.3056
0.4311
0.3100
0.1808
0.0345
0.0000
0.0000
0.0000
0.0000
0.0000
0.0000
0.0000
0.0000
0.0000
0.0000
0.0000
0.0000
0.0021
0.0271
0.2250
0.4544
0.6121
0.6833
0.7329
0.6902
0.5658
0.3618
0.1116
0.0240
0.0001
0.0000
0.0000
0.0000
0.0000
0.0000
0.0000
0.0000
0.0000
0.0000
0.0000
0.0000
0.0117
0.0799
0.2000
0.3569
0.5239
0.5722
0.7149
0.7024
0.5885
0.3518
0.1242
0.0132
0.0000
0.0000
0.0000
0.0000
0.0000
0.0000
0.0000
0.0000
0.0000
0.0000
0.0000
0.0000
0.0013
0.0216
0.1877
0.4266
0.6105
0.7131
0.7105
0.6251
0.5333
0.3666
0.1642
0.0159
0.0000
0.0000
0.0000
0.0000
0.0000
0.0000
0.0000
0.0000
0.0000
0.0000
0.0000
0.0000
0.0012
0.0199
0.1730
0.4029
0.5925
0.6910
0.6802
0.6342
0.5138
0.3418
0.1425
0.0188
0.0000
0.0000
0.0000
0.0000
0.0000
0.0000
0.0000
0.0000
0.0000
0.0000
0.0000
0.0000
0.0035
0.0386
0.1403
0.3123
0.4140
0.5814
0.5530
0.3354
0.2462
0.1520
0.0903
0.0163
0.0000
0.0000
0.0000
0.0000
0.0000
0.0000
0.0000
0.0000
0.0000
0.0000
0.0000
0.0000
0.0058
0.0390
0.1389
0.3484
0.5359
0.6484
0.6590
0.5833
0.4629
0.2998
0.0922
0.0136
0.0000
0.0000
0.0000
0.0000
0.0000
0.0000
0.0000
0.0000
0.0000
0.0000
0.0000
0.0000
0.0013
0.0410
0.1156
0.2595
0.4448
0.5768
0.5529
0.5993
0.4398
0.2476
0.0904
0.0085
0.0000
0.0000
0.0000
0.0000
0.0000
0.0000
0.0000
0.0000
0.0000
0.0000
0.0000
0.0000
0.0018
0.0317
0.0898
0.1975
0.2955
0.3518
0.2066
0.4027
0.2619
0.2757
0.0427
0.0049
0.0000
0.0000
0.0000
0.0000
0.0000
0.0000
0.0000
0.0000
0.0000
0.0000
0.0000
0.0000
0.0003
0.0057
0.0458
0.1226
0.1691
0.1203
0.1001
0.1083
0.1388
0.0864
0.0057
0.0021
0.0000
0.0000
0.0000
0.0000
0.0000
0.0000
0.0000
0.0000
0.0000
0.0000
0.0000
0.0000
0.0001
0.0080
0.0348
0.0794
0.0973
0.1923
0.2320
0.5231
0.2942
0.1587
0.0684
0.0025
0.0000
0.0000
0.0000
0.0000
0.0000
0.0000
0.0000
0.0000
0.0000
0.0000
0.0000
0.0000
0.0004
0.0163
0.0912
0.1498
0.2499
0.2676
0.2711
0.1879
0.0941
0.0625
0.0234
0.0006
0.0000
0.0000
0.0000
0.0000
0.0000
0.0000
0.0000
0.0000
0.0000
0.0000
0.0000
0.0000
0.0009
0.0401
0.1446
0.2166
0.3184
0.3130
0.2930
0.2164
0.1511
0.1015
0.0233
0.0003
0.0000
0.0000
0.0000
0.0000
0.0000
0.0000
0.0000
0.0000
0.0000
0.0000
0.0000
0.0000
0.0000
0.0023
0.0130
0.0568
0.0796
0.1049
0.0487
0.0357
0.0236
0.0248
0.0062
0.0001
0.0000
0.0000
0.0000
0.0000
0.0000
0.0000
0.0000
0.0000
0.0000
0.0000
0.0000
0.0000
0.0000
0.0076
0.0327
0.0538
0.1054
0.0983
0.1042
0.1127
0.1007
0.0565
0.0196
0.0053
0.0000
0.0000
0.0000
0.0000
0.0000
0.0000
0.0000
0.0000
0.0000
0.0000
0.0000
0.0000
0.0000
0.0049
0.0671
0.1502
0.1715
0.0883
0.1010
0.1338
0.1664
0.0705
0.0310
0.0020
0.0000
0.0000
0.0000
0.0000
0.0000
0.0000
0.0000
0.0000
0.0000
0.0000
0.0000
0.0000
0.0006
0.0568
0.1380
0.1834
0.0854
0.2449
0.2136
0.2108
0.0879
0.0403
0.0184
0.0011
0.0000
0.0000
0.0000
0.0000
0.0000
0.0000
0.0000
0.0000
0.0000
0.0000
0.0000
0.0000
0.0001
0.0115
0.0628
0.0675
0.0776
0.0918
0.0913
0.0613
0.0443
0.0425
0.0218
0.0085
0.0000
0.0000
0.0000
0.0000
0.0000
0.0000
0.0000
0.0000
0.0000
0.0000
0.0000
0.0000
0.0003
0.0347
0.0877
0.1008
0.1095
0.0968
0.1236
0.0949
0.1284
0.1231
0.0651
0.0057
0.0000
0.0000
0.0000
0.0000
0.0000
0.0000
0.0000
0.0000
0.0000
0.0000
0.0000
0.0000
0.0000
0.0164
0.1085
0.1578
0.2064
0.3075
0.3751
0.1781
0.1320
0.0664
0.0120
0.0003
0.0000
0.0000
0.0000
0.0000
0.0000
0.0000
0.0000
0.0000
0.0000
0.0000
0.0000
0.0000
0.0000
0.0017
0.0240
0.0602
0.0441
0.0370
0.0227
0.0522
0.0417
0.0486
0.0191
0.0037
0.0000
0.0000
0.0000
0.0000
0.0000
0.0000
0.0000
0.0000
0.0000
0.0000
0.0000
0.0000
0.0002
0.0349
0.1013
0.1381
0.3350
0.7221
0.7298
0.6135
0.4933
0.3091
0.0921
0.0028
0.0000
0.0000
0.0000
0.0000
0.0000
0.0000
0.0000
0.0000
0.0000
0.0000
0.0000
0.0000
0.0000
0.0087
0.0485
0.0818
0.3441
0.7363
0.7043
0.6386
0.4974
0.2558
0.0375
0.0010
0.0000
0.0000
0.0000
0.0000
0.0000
0.0000
0.0000
0.0000
0.0000
0.0000
0.0000
0.0000
0.0003
0.0046
0.0296
0.0971
0.1545
0.1221
0.1237
0.1042
0.0653
0.0375
0.0194
0.0000
0.0000
0.0000
0.0000
0.0000
0.0000
0.0000
0.0000
0.0000
0.0000
0.0000
0.0000
0.0000
0.0002
0.0214
0.0903
0.1743
0.1884
0.2002
0.4119
0.1864
0.0764
0.0612
0.0409
0.0045
0.0000
0.0000
0.0000
0.0000
0.0000
0.0000
0.0000
0.0000
0.0000
0.0000
0.0000
0.0000
0.0003
0.0240
0.0663
0.1403
0.3513
0.4126
0.5346
0.4603
0.3549
0.1889
0.0480
0.0009
0.0000
0.0000
0.0000
0.0000
0.0000
0.0000
0.0000
0.0000
0.0000
0.0000
0.0000
0.0000
0.0001
0.0115
0.0644
0.2580
0.4997
0.6334
0.6282
0.5561
0.4298
0.2652
0.0575
0.0002
0.0000
0.0000
0.0000
0.0000
0.0000
0.0000
0.0000
0.0000
0.0000
0.0000
0.0000
0.0000
0.0001
0.0112
0.0517
0.2440
0.4763
0.6267
0.6191
0.5371
0.4036
0.2307
0.0432
0.0002
0.0000
0.0000
0.0000
0.0000
0.0000
0.0000
0.0000
0.0000
0.0000
0.0000
0.0000
0.0000
0.0001
0.0063
0.0485
0.2363
0.4729
0.6271
0.6092
0.4851
0.4151
0.2037
0.0498
0.0007
0.0000
0.0000
0.0000
0.0000
0.0000
0.0000
0.0000
0.0000
0.0000
0.0000
0.0000
0.0002
0.0004
0.0102
0.0717
0.2276
0.3216
0.4878
0.4519
0.3622
0.2823
0.2011
0.0414
0.0001
0.0000
0.0000
0.0000
0.0000
0.0000
0.0000
0.0000
0.0000
0.0000
0.0000
0.0000
0.0000
0.0000
0.0048
0.0429
0.1075
0.1069
0.1056
0.0418
0.0491
0.0465
0.0129
0.0007
0.0000
0.0000
0.0000
0.0000
0.0000
0.0000
0.0000
0.0000
0.0000
0.0000
0.0000
0.0000
0.0000
0.0000
0.0117
0.0658
0.1192
0.2693
0.3576
0.1837
0.1757
0.1987
0.1302
0.0097
0.0001
0.0000
0.0000
0.0000
0.0000
0.0000
0.0000
0.0000
0.0000
0.0000
0.0000
0.0000
0.0000
0.0000
0.0020
0.0336
0.0406
0.0797
0.0807
0.0977
0.1586
0.1372
0.0199
0.0157
0.0000
0.0000
0.0000
0.0000
0.0000
0.0000
0.0000
0.0000
0.0000
0.0000
0.0000
0.0000
0.0000
0.0000
0.0003
0.0041
0.0069
0.0117
0.0029
0.0012
0.0000
0.0001
0.0000
0.0000
0.0000
0.0000
0.0000
0.0000
0.0000
0.0000
0.0000
0.0000
0.0000
0.0000
0.0000
0.0000
0.0000
0.0000
0.0010
0.0420
0.0338
0.1852
0.3929
0.4382
0.3986
0.3708
0.1623
0.0064
0.0000
0.0000
0.0000
0.0000
0.0000
0.0000
0.0000
0.0000
0.0000
0.0000
0.0000
0.0000
0.0000
0.0001
0.0076
0.0633
0.1618
0.2473
0.2623
0.3006
0.2438
0.0954
0.0442
0.0111
0.0000
0.0000
0.0000
0.0000
0.0000
0.0000
0.0000
0.0000
0.0000
0.0000
0.0000
0.0000
0.0000
0.0000
0.0027
0.0257
0.1822
0.4265
0.6021
0.6210
0.4760
0.3845
0.2026
0.0374
0.0000
0.0000
0.0000
0.0000
0.0000
0.0000
0.0000
0.0000
0.0000
0.0000
0.0000
0.0000
0.0000
0.0000
0.0029
0.0233
0.0798
0.1662
0.1445
0.1195
0.0604
0.0636
0.0420
0.0012
0.0000
0.0000
0.0000
0.0000
0.0000
0.0000
0.0000
0.0000
0.0000
0.0000
0.0000
0.0000
0.0000
0.0000
0.0073
0.0445
0.1213
0.2450
0.1905
0.2616
0.3760
0.1405
0.1093
0.0101
0.0007
0.0000
0.0000
0.0000
0.0000
0.0000
0.0000
0.0000
0.0000
0.0000
0.0000
0.0000
0.0000
0.0000
0.0100
0.0305
0.0237
0.0060
0.0017
0.0382
0.2301
0.1260
0.0279
0.0022
0.0007
0.0000
0.0000
0.0000
0.0000
0.0000
0.0000
0.0000
0.0000
0.0000
0.0000
0.0000
0.0000
0.0000
0.0001
0.0041
0.0203
0.0451
0.3108
0.4227
0.3435
0.0917
0.0329
0.0035
0.0000
0.0000
0.0000
0.0000
0.0000
0.0000
0.0000
0.0000
0.0000
0.0000
0.0000
0.0000
0.0000
0.0000
0.0081
0.0450
0.0833
0.1007
0.1602
0.2450
0.1413
0.0388
0.0094
0.0002
0.0000
0.0000
0.0000
0.0000
0.0000
0.0000
0.0000
0.0000
0.0000
0.0000
0.0000
0.0000
0.0000
0.0022
0.0303
0.1397
0.3801
0.5646
0.4080
0.3175
0.2185
0.0223
0.0012
0.0000
0.0000
0.0000
0.0000
0.0000
0.0000
0.0000
0.0000
0.0000
0.0000
0.0000
0.0000
0.0000
0.0000
0.0045
0.0252
0.0396
0.0676
0.1170
0.0961
0.1141
0.1423
0.0561
0.0017
0.0000
0.0000
0.0118
0.0000
0.0000
0.0000
0.0000
0.0000
0.0000
0.0000
0.0000
0.0000
0.0000
0.0000
0.0003
0.0024
0.0314
0.0416
0.0980
0.2593
0.5304
0.4057
0.1494
0.0110
0.0000
0.0000
0.0000
0.0000
0.0000
0.0000
0.0000
0.0000
0.0000
0.0000
0.0000
0.0000
0.0000
0.0000
0.0006
0.0288
0.0592
0.0288
0.0854
0.0471
0.0268
0.0277
0.0070
0.0007
0.0000
0.0000
0.0000
0.0000
0.0000
0.0000
0.0000
0.0000
0.0000
0.0000
0.0000
0.0000
0.0000
0.0000
0.0009
0.0082
0.1098
0.3096
0.4682
0.5141
0.4487
0.2672
0.0866
0.0097
0.0000
0.0000
0.0000
0.0000
0.0000
0.0000
0.0000
0.0000
0.0000
0.0000
0.0000
0.0000
0.0000
0.0000
0.0104
0.0456
0.1333
0.3436
0.4741
0.5031
0.4119
0.2671
0.0921
0.0054
0.0000
0.0000
0.0000
0.0000
0.0000
0.0000
0.0000
0.0000
0.0000
0.0000
0.0000
0.0000
0.0000
0.0000
0.0009
0.0066
0.1012
0.2872
0.4425
0.4825
0.4145
0.2532
0.0856
0.0054
0.0000
0.0000
0.0000
0.0000
0.0000
0.0000
0.0000
0.0000
0.0000
0.0000
0.0000
0.0000
0.0000
0.0000
0.0002
0.0067
0.0703
0.0876
0.0853
0.0889
0.0761
0.0428
0.0048
0.0001
0.0000
0.0000
0.0000
0.0000
0.0000
0.0000
0.0000
0.0000
0.0000
0.0000
0.0000
0.0000
0.0000
0.0000
0.0018
0.0065
0.0034
0.0129
0.0636
0.1481
0.0456
0.0721
0.0060
0.0001
0.0000
0.0000
0.0000
0.0000
0.0000
0.0000
0.0000
0.0000
0.0000
0.0000
0.0000
0.0000
0.0000
0.0000
0.0062
0.0149
0.0430
0.0752
0.1844
0.3131
0.1220
0.1437
0.1126
0.0085
0.0000
0.0000
0.0000
0.0000
0.0000
0.0000
0.0000
0.0000
0.0000
0.0000
0.0000
0.0000
0.0000
0.0000
0.0004
0.0037
0.0694
0.1683
0.1515
0.1035
0.1477
0.1495
0.0329
0.0044
0.0023
0.0000
0.0000
0.0000
0.0000
0.0000
0.0000
0.0000
0.0000
0.0000
0.0000
0.0000
0.0000
0.0000
0.0016
0.0353
0.0584
0.1752
0.3813
0.4532
0.3834
0.2361
0.0783
0.0015
0.0000
0.0000
0.0000
0.0000
0.0000
0.0000
0.0000
0.0000
0.0000
0.0000
0.0000
0.0000
0.0000
0.0000
0.0019
0.0154
0.0782
0.0931
0.1301
0.1720
0.1324
0.0885
0.0410
0.0043
0.0000
0.0000
0.0000
0.0000
0.0000
0.0000
0.0000
0.0000
0.0000
0.0000
0.0000
0.0000
0.0000
0.0000
0.0003
0.0082
0.0341
0.0436
0.0904
0.1288
0.0658
0.0173
0.0042
0.0007
0.0007
0.0000
0.0000
0.0000
0.0000
0.0000
0.0000
0.0000
0.0000
0.0000
0.0000
0.0000
0.0000
0.0000
0.0000
0.0030
0.0062
0.0179
0.0321
0.0344
0.0176
0.0158
0.0032
0.0000
0.0000
0.0000
0.0000
0.0000
0.0000
0.0000
0.0000
0.0000
0.0000
0.0000
0.0000
0.0000
0.0000
0.0000
0.0005
0.0035
0.0422
0.1651
0.4145
0.4977
0.4452
0.2817
0.0867
0.0037
0.0000
0.0000
0.0000
0.0000
0.0000
0.0000
0.0000
0.0000
0.0000
0.0000
0.0000
0.0000
0.0000
0.0000
0.0007
0.0263
0.0920
0.1218
0.3575
0.1998
0.2125
0.1273
0.0604
0.0003
0.0000
0.0000
0.0000
0.0000
0.0000
0.0000
0.0000
0.0000
0.0000
0.0000
0.0000
0.0000
0.0000
0.0000
0.0003
0.0041
0.0456
0.0812
0.0843
0.0681
0.0213
0.0064
0.0011
0.0000
0.0000
0.0000
0.0000
0.0000
0.0000
0.0000
0.0000
0.0000
0.0000
0.0000
0.0000
0.0000
0.0000
0.0000
0.0000
0.0023
0.0177
0.0082
0.0127
0.0233
0.0140
0.0129
0.0313
0.0013
0.0000
0.0000
0.0000
0.0000
0.0000
0.0000
0.0000
0.0000
0.0000
0.0000
0.0000
0.0000
0.0000
0.0000
0.0008
0.0316
0.0506
0.1409
0.3326
0.2094
0.2128
0.0176
0.0061
0.0000
0.0000
0.0000
0.0000
0.0000
0.0000
0.0000
0.0000
0.0000
0.0000
0.0000
0.0000
0.0000
0.0000
0.0000
0.0000
0.0042
0.0272
0.0195
0.0553
0.0784
0.0852
0.0156
0.0094
0.0000
0.0000
0.0000
0.0000
0.0000
0.0000
0.0000
0.0000
0.0000
0.0000
0.0000
0.0000
0.0000
0.0000
0.0000
0.0004
0.0146
0.0433
0.1806
0.2994
0.3942
0.2845
0.1097
0.0281
0.0029
0.0000
0.0000
0.0000
0.0000
0.0000
0.0000
0.0000
0.0000
0.0000
0.0000
0.0000
0.0000
0.0000
0.0000
0.0000
0.0011
0.0087
0.0330
0.0442
0.0345
0.0669
0.0374
0.0149
0.0001
0.0000
0.0000
0.0000
0.0000
0.0000
0.0000
0.0000
0.0000
0.0000
0.0000
0.0000
0.0000
0.0000
0.0000
0.0000
0.0130
0.0633
0.1270
0.1122
0.1607
0.2070
0.1893
0.0828
0.0042
0.0000
0.0000
0.0000
0.0000
0.0000
0.0000
0.0000
0.0000
0.0000
0.0000
0.0000
0.0000
0.0000
0.0000
0.0002
0.0034
0.0333
0.1735
0.3608
0.4332
0.3835
0.2081
0.0650
0.0006
0.0000
0.0000
0.0000
0.0000
0.0000
0.0000
0.0000
0.0000
0.0000
0.0000
0.0000
0.0000
0.0000
0.0000
0.0002
0.0031
0.0268
0.1567
0.3534
0.4402
0.3786
0.1962
0.0619
0.0006
0.0000
0.0000
0.0000
0.0000
0.0000
0.0000
0.0000
0.0000
0.0000
0.0000
0.0000
0.0000
0.0000
0.0000
0.0022
0.0280
0.0583
0.1543
0.3187
0.3251
0.2255
0.1156
0.0673
0.0018
0.0003
0.0000
0.0000
0.0000
0.0000
0.0000
0.0000
0.0000
0.0000
0.0000
0.0000
0.0000
0.0000
0.0000
0.0001
0.0030
0.0261
0.1461
0.3335
0.4196
0.3500
0.1720
0.0537
0.0006
0.0000
0.0000
0.0000
0.0000
0.0000
0.0000
0.0000
0.0000
0.0000
0.0000
0.0000
0.0000
0.0000
0.0000
0.0001
0.0025
0.0222
0.1385
0.3270
0.4173
0.3413
0.1705
0.0587
0.0024
0.0000
0.0000
0.0004
0.0000
0.0000
0.0000
0.0000
0.0000
0.0000
0.0000
0.0000
0.0000
0.0000
0.0000
0.0000
0.0081
0.0396
0.0865
0.1412
0.1543
0.0847
0.1306
0.0590
0.0006
0.0002
0.0000
0.0000
0.0000
0.0000
0.0000
0.0000
0.0001
0.0000
0.0000
0.0000
0.0000
0.0000
0.0000
0.0000
0.0019
0.0213
0.1437
0.3439
0.4358
0.3684
0.1936
0.0568
0.0004
0.0000
0.0000
0.0000
0.0000
0.0000
0.0000
0.0000
0.0000
0.0000
0.0000
0.0000
0.0000
0.0000
0.0000
0.0000
0.0027
0.0177
0.1277
0.2886
0.3788
0.3257
0.1672
0.0515
0.0004
0.0000
0.0000
0.0000
0.0000
0.0000
0.0000
0.0000
0.0000
0.0000
0.0000
0.0000
0.0000
0.0000
0.0000
0.0000
0.0021
0.0173
0.1267
0.2796
0.3675
0.2848
0.1568
0.0467
0.0005
0.0000
0.0000
0.0000
0.0000
0.0000
0.0000
0.0000
0.0000
0.0000
0.0000
0.0000
0.0000
0.0000
0.0000
0.0001
0.0021
0.0169
0.1200
0.3073
0.4058
0.3270
0.1666
0.0517
0.0004
0.0000
0.0000
0.0000
0.0000
0.0000
0.0000
0.0000
0.0000
0.0000
0.0000
0.0000
0.0000
0.0000
0.0000
0.0000
0.0018
0.0166
0.1133
0.3301
0.2166
0.1979
0.1570
0.0473
0.0004
0.0000
0.0000
0.0000
0.0000
0.0000
0.0000
0.0000
0.0000
0.0000
0.0000
0.0000
0.0000
0.0000
0.0000
0.0001
0.0110
0.0538
0.1271
0.2858
0.3895
0.3222
0.1547
0.0430
0.0003
0.0000
0.0000
0.0000
0.0000
0.0000
0.0000
0.0000
0.0000
0.0000
0.0000
0.0000
0.0000
0.0000
0.0000
0.0000
0.0029
0.0132
0.1193
0.3083
0.4002
0.3238
0.2067
0.0982
0.0052
0.0000
0.0000
0.0000
0.0000
0.0000
0.0000
0.0000
0.0000
0.0000
0.0000
0.0000
0.0000
0.0000
0.0000
0.0000
0.0018
0.0141
0.1446
0.4122
0.4246
0.3570
0.1857
0.0556
0.0004
0.0000
0.0000
0.0000
0.0000
0.0000
0.0000
0.0000
0.0000
0.0000
0.0000
0.0000
0.0000
0.0000
0.0000
0.0000
0.0045
0.0326
0.0716
0.1398
0.2114
0.2207
0.1249
0.0597
0.0040
0.0000
0.0000
0.0000
0.0000
0.0000
0.0000
0.0000
0.0000
0.0000
0.0000
0.0000
0.0000
0.0000
0.0000
0.0000
0.0014
0.0088
0.1079
0.2671
0.3732
0.3098
0.1531
0.0460
0.0003
0.0000
0.0000
0.0000
0.0000
0.0000
0.0000
0.0000
0.0000
0.0000
0.0000
0.0000
0.0000
0.0000
0.0000
0.0000
0.0016
0.0089
0.1030
0.2579
0.3732
0.3063
0.1497
0.0456
0.0004
0.0000
0.0000
0.0000
0.0000
0.0000
0.0000
0.0000
0.0000
0.0000
0.0000
0.0000
0.0000
0.0000
0.0000
0.0000
0.0013
0.0074
0.0986
0.2453
0.3774
0.3040
0.1491
0.0454
0.0004
0.0000
0.0000
0.0000
0.0000
0.0000
0.0000
0.0000
0.0000
0.0000
0.0000
0.0000
0.0000
0.0000
0.0000
0.0000
0.0014
0.0073
0.0941
0.2405
0.3707
0.3046
0.1492
0.0465
0.0003
0.0000
0.0000
0.0000
0.0000
0.0000
0.0000
0.0000
0.0000
0.0000
0.0000
0.0000
0.0000
0.0000
0.0000
0.0000
0.0013
0.0077
0.1050
0.2707
0.4118
0.3398
0.1398
0.0631
0.0005
0.0000
0.0000
0.0000
0.0000
0.0000
0.0000
0.0000
0.0000
0.0000
0.0000
0.0000
0.0000
0.0000
0.0000
0.0000
0.0016
0.0319
0.1104
0.2777
0.4215
0.3113
0.1845
0.0559
0.0004
0.0000
0.0000
0.0000
0.0000
0.0000
0.0000
0.0000
0.0000
0.0000
0.0000
0.0000
0.0000
0.0000
0.0000
0.0000
0.0013
0.0066
0.0896
0.2414
0.3812
0.3087
0.1547
0.0483
0.0003
0.0000
0.0000
0.0000
0.0000
0.0000
0.0000
0.0000
0.0000
0.0000
0.0000
0.0000
0.0000
0.0000
0.0000
0.0000
0.0016
0.0123
0.1204
0.2677
0.3688
0.3088
0.1537
0.0516
0.0003
0.0000
0.0000
0.0000
0.0000
0.0000
0.0000
0.0000
0.0000
0.0000
0.0000
0.0000
0.0000
0.0000
0.0000
0.0000
0.0095
0.0548
0.1069
0.1942
0.2400
0.1926
0.1452
0.0348
0.0028
0.0000
0.0000
0.0000
0.0000
0.0000
0.0000
0.0000
0.0000
0.0000
0.0000
0.0000
0.0000
0.0000
0.0000
0.0000
0.0008
0.0034
0.0155
0.0146
0.0117
0.0048
0.0119
0.0012
0.0001
0.0000
0.0000
0.0000
0.0000
0.0000
0.0000
0.0000
0.0000
0.0000
0.0000
0.0000
0.0000
0.0000
0.0000
0.0000
0.0004
0.0065
0.0067
0.0130
0.0278
0.0192
0.0075
0.0009
0.0000
0.0000
0.0000
0.0000
0.0000
0.0000
0.0000
0.0000
0.0000
0.0000
0.0000
0.0000
0.0000
0.0000
0.0000
0.0000
0.0013
0.0143
0.0458
0.0898
0.0967
0.0380
0.0123
0.0076
0.0005
0.0000
0.0000
0.0000
0.0000
0.0000
0.0000
0.0000
0.0000
0.0000
0.0000
0.0000
0.0000
0.0000
0.0000
0.0000
0.0001
0.0015
0.0135
0.0183
0.0379
0.0347
0.0141
0.0030
0.0000
0.0000
0.0000
0.0000
0.0000
0.0000
0.0000
0.0000
0.0000
0.0000
0.0000
0.0000
0.0000
0.0000
0.0000
0.0000
0.0058
0.0421
0.0860
0.1054
0.0951
0.0798
0.0587
0.0181
0.0003
0.0000
0.0000
0.0000
0.0000
0.0000
0.0000
0.0000
0.0000
0.0000
0.0000
0.0000
0.0000
0.0000
0.0000
0.0000
0.0013
0.0171
0.0383
0.0440
0.0784
0.0492
0.0104
0.0012
0.0000
0.0000
0.0000
0.0000
0.0000
0.0000
0.0000
0.0000
0.0000
0.0000
0.0000
0.0000
0.0000
0.0000
0.0000
0.0000
0.0003
0.0027
0.0010
0.0010
0.0004
0.0003
0.0001
0.0000
0.0000
0.0000
0.0000
0.0000
0.0000
0.0000
0.0000
0.0000
0.0000
0.0000
0.0000
0.0000
0.0000
0.0000
0.0000
0.0000
0.0000
0.0004
0.0005
0.0020
0.0131
0.0848
0.0670
0.0107
0.0002
0.0000
0.0000
0.0000
0.0000
0.0000
0.0000
0.0000
0.0000
0.0000
0.0000
0.0000
0.0000
0.0000
0.0000
0.0000
0.0033
0.0064
0.0989
0.2492
0.1844
0.3628
0.1950
0.0373
0.0004
0.0000
0.0000
0.0000
0.0000
0.0000
0.0000
0.0000
0.0000
0.0000
0.0000
0.0000
0.0000
0.0000
0.0000
0.0000
0.0013
0.0218
0.0735
0.1484
0.1113
0.0769
0.0356
0.0126
0.0008
0.0000
0.0000
0.0000
0.0000
0.0000
0.0000
0.0000
0.0000
0.0000
0.0000
0.0000
0.0000
0.0000
0.0000
0.0000
0.0003
0.0053
0.0433
0.0352
0.1040
0.1534
0.1278
0.0630
0.0033
0.0000
0.0000
0.0000
0.0000
0.0000
0.0000
0.0000
0.0000
0.0000
0.0000
0.0000
0.0000
0.0000
0.0000
0.0000
0.0040
0.0226
0.0743
0.1889
0.2324
0.3453
0.2108
0.0755
0.0007
0.0000
0.0000
0.0000
0.0000
0.0000
0.0000
0.0000
0.0000
0.0000
0.0000
0.0000
0.0000
0.0000
0.0000
0.0000
0.0039
0.0188
0.0731
0.2509
0.3956
0.3918
0.2197
0.0852
0.0011
0.0000
0.0000
0.0000
0.0000
0.0000
0.0000
0.0000
