0,0158339
0,008392124
0,004096525
0,008392124
0,0073224
0,011040738
0,005182952
0,045260701
0,010741694
0,400250144
0,16806679
0,12498027
0,209842314
0,338159411
0,146375931
0,536821901
0,159655297
0,264229205
0,098323791
0,103639327
0,116969186
0,012638458
0,0073224
0,004096525
0,005182952
0,134207121
0,486620147
0,320643736
0,564869707
0,240254989
0,404261318
0,028472054
0,072003291
0,041248642
0,080264095
0,012638458
0,133729646
0,209631615
0,041248642
0,154998893
0,048078356
0,097241574
0,009461848
0,002441387
0
0
0
0
0
0
0
0
0
0
0
0
0
0
0,056124407
0,045275559
0,13941396
0,029385084
0
0,008321961
0,276921608
0,483341761
0,542753157
0,208364335
0,195079866
0,343224925
0,220228841
0,235279378
0,169800157
0,15790554
0,344334764
0,52745275
0,823858142
0,311207913
0,051370589
0,01757241
0,019210568
0,005182952
0,008392124
0,004096525
0,07950848
0,004096525
0
0
0,000786248
0,007796986
0,012689715
0,060270667
0,002441387
0,027354811
0,016652501
0,012689715
0,342663358
0,528677098
0,287782114
0,080264176
0,524434959
0,268100912
0,517658296
0,121516298
0,069714217
0,020449977
0,0073224
0,005182952
0,004096525
0,042497791
0,019405869
0,022939725
0,181492526
0,449732144
0,428840367
0,033923648
0,295685734
0,315543136
0,162232196
0,267174012
0,752766927
0,802968251
0,774484671
0,67626018
0,580641936
0,457577835
0,543512678
0,49475356
0,344488257
0,089149496
0,141071143
0,295542143
0,705841765
0,84827633
0,900662918
0,701551183
0,164417557
0,0158339
0,0158339
0,005182952
0,008392124
0,000786248
0
0
0
0
0
0
0
0
0
0
0
0
0
0
0
0,001334187
0,005568679
0
0
0,001334187
0,016354777
0,063094081
0,020699942
0,048233297
0,028905669
0,025976878
0,001279846
0,006153563
0,021070824
0
0
0
0
0
0
0
0,050591095
0,153901341
0,354234546
0,46580905
0,35727999
0,004819375
0,232987862
0,29942604
0,159307372
0,065506811
0,104496107
0,548220983
0,620038032
0,827221047
0,434421188
0,7062441
0,704633415
0,572990403
0,35990948
0,164123732
0,453355614
0,418492505
0,09979334
0,288931173
0,349887052
0,467930999
0,149615355
0,062297882
0,089945138
0,049727041
0,051835758
0,452229476
0,639338485
0,470501925
0,387034293
0,290197092
0,125630124
0,165269266
0,126975059
0,540928299
0,15633448
0,057979769
0,117585716
0,229503055
0,122250745
0,059798354
0,103677205
0,578885218
0,905681681
0,719134305
0,909517987
0,863822597
0,749516093
0,749516093
0,97910848
0,5
0,75
0,99979908
0,821794311
0,277651859
0,277651859
0,449731074
0,317755158
0,303166404
0,464529601
0,275284605
0,379728878
0,72483131
0,634890681
0,397160374
0,943569521
0,920429154
0,759241426
0,361225009
0,464529601
0,100336145
0,854666416
0,943569521
0,948635182
0,749516093
0,984270273
0,897127075
0,748196777
0,780075078
0,712221092
0,902986073
0,999151772
0,986082155
0,628484552
0,319961411
0,282595648
0,2594368
0,478588944
0,132214261
0,086901123
0,090434979
0,053792346
0,017431621
0,054800486
0,079340679
0,047649919
0,02182414
0,059421692
0,216117274
0,471066749
0,030176949
0,045312166
0,0158339
0,0073224
0
0
0,002441387
0,013654771
0,282628159
0,109738116
0,345912629
0,533937724
0,34970283
0,192301098
0,266957147
0,330076863
0,088954246
0,063812073
0,059393377
0,0158339
0,011040738
0,011040738
0,067393542
0,612237104
0,318013767
0,098805366
0,069033567
0,506623522
0,091374942
0,073728605
0,041248642
0,002441387
0
0
0
0
0
0
0
0
0
0
0
0
0
0
0
0
0,029385084
0,188584173
0,06474922
0,076506911
0,04812814
0,063604866
0,147634594
0,217144134
0,489961081
0,617486637
0,695983897
0,730694707
0,848179055
0,474474676
0,199082877
0,020808289
0,005182952
0,004096525
0,008392124
0,170643678
0,706445156
0,640212275
0,807948557
0,730536559
0,741148912
0,864802184
0,870727421
0,99026036
0,76226924
0,494875104
0,620136631
0,34811865
0,056086906
0,02872437
0,059408026
0,163566841
0,12202748
0,063916638
0,333883264
0,181122575
0,17066391
0,217429216
0,0158339
0,035128828
0,226628024
0,049704569
0,012638458
0,09366734
0,117265188
0,016192212
0,008392124
0,018480198
0,041777917
0,115403114
0,134157968
0,261048064
0,149403425
0,035617855
0,011040738
0,0073224
0,053018225
0,222482011
0,452446882
0,031277979
0,197994753
0,123565402
0,324803918
0,7908444
0,769343415
0,653413819
0,184351312
0,137077183
0,031584728
0,059798354
0,337072706
0,61577829
0,476040497
0,318795525
0,094187069
0,113663883
0,005182952
0,005182952
0,025601451
0,005182952
0,018480198
0,019814386
0,0073224
0,162635353
0,638603748
0,658879913
0,339149651
0,580491248
0,916021069
0,687248796
0,758446615
0,64374741
0,885789974
0,900662918
0,951840611
0,988852405
0,978665654
0,749516093
0,819190747
0,41460886
0,359439215
0,682920883
0,542453432
0,807713308
0,693765986
0,796759372
0,895959102
0,893796799
0,996827073
0,996827073
0,906447167
0,855737553
0,708109174
0,569414637
0,862302469
0,800090509
0,970195079
0,917901403
0,812809777
0,975412636
0,922967065
0,72681862
0,678714831
0,412836064
0,254613454
0,179175822
0,211604099
0,135183985
0,233051053
0,555909875
0,253810745
0,271725979
0,201583733
0,285179102
0,712691022
0,761125879
0,872474826
0,969786027
0,920430668
0,431694211
0,194770781
0,247596514
0,183051747
0,074581669
0,028452185
0,044389463
0,156253572
0,258029072
0,563697085
0,704562598
0,656279569
0,653332246
0,73924865
0,965130597
0,99018267
0,949694285
0,749791186
0,25
0,5
0,875
0,862938595
0,869736209
0,926543256
0,865123135
0,90078941
0,984786836
0,900202035
0,991494142
0,968796011
0,871727856
0,826908938
0,870159132
0,74969818
0,723567084
0,643467921
0,150340892
0,137921483
0,077105841
0,08302238
0,06726302
0,024033488
0,022182452
0,017789932
0,017789932
0,106719658
0,141466326
0,527260426
0,834938826
0,474121442
0,576656865
0,212949572
0,252554703
0,207991266
0,33045271
0,08275676
0,009461848
0,02182414
0,0158339
0,02182414
0,011040738
0,005182952
0,011040738
0,011040738
0,048635551
0,005182952
0,010381801
0,014322127
0,013252403
0,000786248
0,000786248
0
0
0
0
0
0
0
0
0
0
0
0
0
0
0,008210666
0,004288833
0
0
0
0
0
0
0,009490512
0,0112549
0
0
0,001334187
0,016354777
0,022842485
0,140693195
0,019913695
0,093032847
0
0
0
0
0
0,038322417
0,022527351
0
0,010140546
0
0
0
0
0
0
0,012374002
0
0,016185078
0
0
0
0
0
0
0
0,033793129
0,077375086
0
0
0
0
0
0,014062379
0,085826985
0,075167474
0,552535614
0,252598692
0,556040543
0,39402141
0,290788503
0,668951465
0,798075909
0,574140717
0,463341898
0,208820589
0,048708046
0,140999393
0,161894501
0,405515115
0,401753816
0,837277681
0,897320078
0,957718856
0,861326586
0,868249539
0,985536634
0,748761142
0,872471805
0,98561695
0,874516093
0,624994431
0,749994431
0,873366464
0,974129338
0,5
0,25
0,998912326
0,994804072
0,92083374
0,874704052
0,971824206
0,997804959
0,811397245
0,966484896
0,946423091
0,99090363
0,625
0,99876402
0,99090363
0,873534815
0,847298896
0,551265657
0,329901656
0,478060781
0,271411212
0,536411803
0,450132925
0,248304059
0,166251866
0,216712475
0,665561754
0,397607632
0,130221639
0,192312194
0,110662413
0,163713643
0,345600774
0,30050729
0,640008369
0,32940968
0,197548515
0,157213338
0,320605106
0,405008958
0,315548896
0,260979835
0,193804275
0,050460398
0,126781128
0,150211892
0,087734971
0,071163037
0,318664033
0,207578534
0,135375043
0,068576597
0,106099198
0,407135061
0,744630623
0,813591866
0,903664849
0,72595267
0,808727423
0,35095988
0,096212818
0,139002358
0,073837141
0,14327304
0,091797372
0,043419151
0,009461848
0,004096525
0,036700472
0,0293152
0,013362156
0,018471328
0,0293152
0,048529053
0,460984883
0,054829961
0,275259581
0,44315462
0,168960663
0,541376907
0,450951734
0,655672528
0,161259545
0,155886565
0,059542313
0,022890914
0,043586357
0,161793247
0,171889327
0,166649579
0,121576324
0,028790942
0,004096525
0,014003844
0,008330541
0,034645364
0,129527573
0,168838578
0,390938213
0,2413557
0,0073224
0,008750436
0,002441387
0,037304083
0
0,094628485
0,028011033
0
0,2477462
0,141066709
0,061477711
0,201069608
0,0073224
0,009461848
0,039383632
0,034098162
0,037149421
0,491774355
0,373646171
0,397052573
0,698344492
0,863877336
0,566976265
0,428277428
0,653324398
0,341576902
0,232542099
0,039122352
0,009461848
0
0,091443353
0,067273831
0,111151652
0,114561223
0,537262099
0,798966115
0,743575673
0,867424776
0,814189287
0,927017788
0,880408288
0,524132739
0,99263352
0,625010228
0,193074185
0,29183875
0,414420931
0,110830668
0,051117745
0,037142335
0
0,0073224
0
0
0
0
0
0
0
0
0,010652053
0
0
0
0,001008141
0,00288404
0,017915584
0,086637361
0,009391606
0,006966801
0
0
0
0
0,001334187
0,008210666
0,04028206
0,029033578
0,031017028
0,236471701
0,035683574
0,028752906
0,133181757
0,099832691
0,008330541
0,009574392
0,681647317
0,362892306
0,43278876
0,298602449
0,087277211
0,198930311
0,243267389
0,00982016
0
0
0,015522499
0,009461848
0
0
0
0,294958255
0,571314577
0,365708782
0,386620591
0,553314977
0,259313974
0,057993102
0,049039284
0,071990822
0,148106437
0,267462442
0,542051835
0,861414865
0,539392792
0,227845167
0,272857203
0,291384401
0,284559234
0,228269036
0,178438205
0,22201818
0,062163902
0,117800929
0,201883608
0,526722342
0,43630684
0,113336616
0,021657112
0,009461848
0,012638458
0,002441387
0,002441387
0,0073224
0,022498832
0,063797891
0,041384679
0,331697432
0,572179755
0,557757716
0,387811142
0,037351551
0,356975884
0,152309494
0,01947394
0
0,009461848
0,005182952
0
0,014236179
0,012638458
0
0,00936472
0,005182952
0,074559758
0,194735267
0,289350063
0,020622933
0,035033417
0,037458222
0,348389126
0,182461973
0,290876719
0,036196189
0,075192789
0,018392857
0
0
0
0
0
0
0
0,028267553
0,051086985
0,114958793
0,400414542
0,02993984
0,132016681
0,035570688
0
0
0
0
0
0
0
0,040200624
0,00941063
0,328699597
0,147949177
0,089729242
0,283775364
0,355592638
0,217016753
0,059264551
0,014487166
0,145563499
0,112185376
0,036513518
0,017357768
0,022704896
0,06330735
0,658184665
0,838343567
0,879196154
0,964881714
0,985776575
0,568817829
0,485032023
0,499849737
0,597179574
0,144715157
0,0879505
0,025369191
0
0
0
0
0
0
0
0
0,01468518
0,008321961
0,016503766
0,021384779
0,005182952
0,042729644
0,081540505
0,045389295
0,012345888
0,008066993
0,032807253
0,231878375
0,02559821
0,046987153
0,069930432
0,01020644
0,003449527
0,048407906
0,513112856
0,465726495
0,043647589
0,12478503
0
0,017172862
0,016225856
0,074005497
0,10437582
0,062241709
0,207994269
0,261255833
0,674073993
0,778996694
0,911719256
0,81698423
0,913128949
0,922916914
0,531346851
0,906950884
0,966009329
0,928852554
0,862614854
0,958922391
0,87488659
0,926163722
0,855947974
0,451220212
0,197277269
0,087730687
0,114542732
0,100063334
0,150884721
0,203346085
0,53969777
0,783850069
0,750861415
0,643410389
0,531918899
0,764073147
0,847473666
0,818578108
0,897319613
0,581263964
0,412321677
0,156438636
0,065847658
0,467077183
0,195011586
0,191443441
0,142103202
0,186127061
0,199260788
0,277881519
0,276765269
0,476108289
0,634131096
0,842100659
0,955190031
0,792563319
0,817283784
0,670888565
0,968702046
0,969325723
0,813987104
0,773492301
0,947857482
0,703222371
0,428076801
0,306363242
0,144927481
0,092039979
0,042959037
0,064839517
0,019614792
0,014236179
0,017431621
0,050109605
0,042959037
0,10644845
0,139539311
0,175666801
0,196235714
0,260847217
0,116660519
0,125332853
0,155679702
0,098084121
0,219553034
0,550721007
0,707199644
0,820537621
0,586641952
0,86059361
0,844899562
0,738333165
0,74589319
0,988577277
0,624974299
0,625
0,749843112
0,749843112
0,926785643
0,831017384
0,944128516
0,997133477
0,625
0,625
0,125
0,5
0,875
0,86599487
0,75
0,125
0,5
0,873364212
0,873209508
0,75
0,874994644
0,770985984
0,604442221
0,64434918
0,623461325
0,610287981
0,690769484
0,473243986
0,23163927
0,17722197
0,213514798
0,258148993
0,24605993
0,201709498
0,182649007
0,162093988
0,105289656
0,259538103
0,284013478
0,431916688
0,666980624
0,880808474
0,859401749
0,680701633
0,538334162
0,601651113
0,914579222
0,819125335
0,753017131
0,710420432
0,829027601
0,997870917
0,517224467
0,477832125
0,408970255
0,327901065
0,380770467
0,204195215
0,46236594
0,927453163
0,974687209
0,737448726
0,888468999
0,913437785
0,857907185
0,656814801
0,872401955
0,873776842
0,624843112
0,749319933
0,749706855
0,955642057
0,862389072
0,418351379
0,323371097
0,342014117
0,278879171
0,632117231
0,714400066
0,500085836
0,343242011
0,332844696
0,793267543
0,441346189
0,392522483
0,531022378
0,429419224
0,41480662
0,426866985
0,323289656
0,325719604
0,230214183
0,192105464
0,092039979
0,072778192
0,072778192
0,102405616
0,084500734
0,064839517
0,17245565
0,131874072
0,488587221
0,439760057
0,650212595
0,208961507
0,183143299
0,453065568
0,327438226
0,175457715
0,20755057
0,082365952
0,033425095
0,037351551
0,0073224
0,012638458
0,034209674
0,14596866
0,017431621
0,024033488
0,005182952
0
0
0,0073224
0,005182952
0
0
0,038846932
0
0
0,002441387
0,038605795
0,212595116
0,203494889
0,396803279
0,315808707
0,42751284
0,219407192
0,506621796
0,718274048
0,810239511
0,572520719
0,110646879
0,03798973
0,053193021
0,074607618
0,159845105
0,271457094
0,282299825
0,559697409
0,54097799
0,329796209
0,343610632
0,191710729
0,209588102
0,851182968
0,504796321
0,929760051
0,852345783
0,650236849
0,531665242
0,286191594
0,234842787
0,112576247
0,205731892
0,104198908
0,06464299
0,041772083
0,044642442
0,057989651
0,037142335
0,005182952
0,0073224
0
0
0
0
0
0,002441387
0,314274137
0,292063867
0,03353517
0,015866121
0,009391606
0,037873704
0,383718146
0,654064045
0,825448451
0,868667181
0,170182927
0,163544854
0,134853338
0,062269128
0,15348639
0,009461848
0,193857315
0,700447544
0,698199919
0,625606056
0,469688476
0,561945984
0,746860861
0,894297788
0,56485643
0,695822338
0,31540124
0,382622728
0,609109988
0,44707272
0,501843586
0,474423699
0,086333837
0,048713436
0,10022759
0,024033488
0,005182952
0,014236179
0,005182952
0
0,002441387
0
0
0
0,036561441
0,485061351
0,169247357
0,21966553
0,472324126
0,395785213
0,583381978
0,625554006
0,785851807
0,792326545
0,663828047
0,361029615
0,206139152
0,611016438
0,356086839
0,338777671
0,043056973
0,037240271
0,022551475
0,076772108
0,232708222
0,744850671
0,71459747
0,413530925
0,083985404
0,106128946
0,125297852
0,159220401
0,250756094
0,27639568
0,268384725
0,293766431
0,209181481
0,110799503
0,130398399
0,159338387
0,037142335
0,031325634
0,097212567
0,020622933
0,005182952
0,005182952
0
0
0,0073224
0,013972646
0
0
0
0
0
0
0
0
0
0,019974453
0,058067206
0,201670467
0,14365407
0,167557434
0,467152138
0,312251093
0,012042806
0,109085401
0
0
0
0
0,032009504
0
0,115979044
0,005367315
0,041738438
0
0
0
0,0073224
0,043528979
0,051035555
0,140987379
0,14968136
0,086588016
0,462789016
0,521385973
0,24612364
0,460743598
0,244405529
0,463533268
0,679690715
0,347135178
0,447104952
0,678103972
0,928350987
0,940175537
0,528774084
0,238408055
0,627659936
0,708783309
0,610018981
0,36796524
0,143868791
0,057906323
0,025041629
0,038292435
0,025369191
0,009461848
0,03699324
0,013646599
0,009461848
0,013646599
0,029364013
0,008656587
0,147583827
0,087203886
0,108961326
0,017431621
0,009461848
0,009461848
0,004096525
0,004096525
0,000786248
0,005182952
0,071660232
0,012638458
0,227899118
0,284640284
0,725396481
0,89709085
0,878749589
0,147461766
0,04254759
0,028793651
0,013219478
0
0
0
0
0
0
0,00624975
0,002441387
0,030708367
0,278137245
0,286534412
0,160414064
0,653831913
0,675127838
0,224290494
0,155986045
0,212514926
0,485135227
0,345539282
0,376525443
0,955345845
0,624981752
0,99343733
0,614717523
0,247417962
0,539819114
0,183493706
0,075825474
0,270250326
0,147217479
0,31865971
0,572134023
0,282591798
0,075168378
0,18686973
0,279278875
0,592853314
0,668383052
0,395723165
0,16368851
0,108724944
0,355018204
0,255332691
0,337516759
0,579096245
0,493287802
0,338070977
0,266991428
0,454678881
0,446259913
0,4192445
0,544764275
0,287401357
0,773346382
0,444848276
0,223523747
0,279977885
0,415168941
0,275018929
0,433632521
0,593339621
0,929606579
0,894130382
0,937675709
0,436050322
0,218980697
0,26046306
0,258238933
0,230786526
0,134217074
0,040873994
0,019541052
0
0,005182952
0,015522499
0,050913984
0,021649848
0,005182952
0,005182952
0,006191093
0,031100539
0,004096525
0
0,021705642
0,004096525
0,002441387
0
0
0
0
0
0,00288404
0,006966801
0,009391606
0,005754399
0,001008141
0,01878444
0,137498563
0,097896721
0,336509407
0,582950423
0,368822548
0,15546086
0,078249363
0,030717374
0,069327288
0,030259755
0,247327812
0,195581034
0,094174628
0,014504835
0,264868521
0,716213018
0,979921869
0,998690775
0,75
0,875
0,951899703
0,695987107
0,467713355
0,13996421
0,379067785
0,202793035
0,542290422
0,251115243
0,20040325
0,247007896
0,858464565
0,10829855
0,350225723
0,295213083
0,012638458
0,004096525
0,002441387
0,014003844
0,311070512
0,705757722
0,535446155
0,498066053
0,480197323
0,252131138
0,765828475
0,873260662
0,625
0,749883826
0,749883826
0,861565916
0,82085657
0,720543582
0,95962949
0,839096155
0,648957953
0,417337118
0,141012785
0,02182414
0,02182414
0,012638458
0,02470818
0,008392124
0,010794673
0,017783731
0,271227391
0,078321483
0,143454317
0,164110487
0,141244968
0,867180162
0,584417349
0,624553496
0,976995609
0,7608692
0,865519285
0,749061651
0,937007451
0,909833812
0,984744398
0,699350515
0,637161045
0,141078285
0,04244289
0,04244289
0,076821429
0,021973617
0,012345888
0,169390042
0,316833523
0,255962979
0,306032595
0,323888547
0,499817026
0,857732612
0,316524189
0,186730989
0,639641947
0,827997114
0,397211025
0,559667585
0,313932726
0,186907855
0,371529967
0,070093538
0,034547535
0,10184327
0,365818939
0,023936702
0,008392124
0,013646599
0,035182417
0,066344973
0,11307177
0,553151326
0,81765484
0,874389402
0,969133743
0,923095851
0,662015754
0,644730628
0,146291369
0,040042696
0,02194661
0,005182952
0,000786248
0,005182952
0,005182952
0,000786248
0
0
0
0,000786248
0
0
0
0
0
0
0
0
0
0
0
0
0
0
0
0
0
0
0
0
0
0
0
0
0
0
0
0
0
0,01678579
0,098726548
0,008300988
0,10294643
0,109516982
0,052553903
0
0,010282877
0,010282877
0,152633065
0,057880166
0
0
0,010282877
0
0
0
0
0,001334187
0,041419151
0,020921835
0,001008141
0,00288404
0,057835024
0,068588109
0,206062216
0,198716325
0,262367203
0,216782559
0,502771464
0,888924025
0,746080419
0,726822907
0,752882738
0,917668341
0,598672337
0,922736289
0,987057794
0,507562975
0,08784378
0,027326137
0,014051903
0,018919031
0,634724308
0,56086566
0,79170986
0,682213429
0,31150436
0,326541133
0,080264333
0,074120323
0,153016251
0,256160503
0,109078132
0,371301085
0,515966211
0,898333858
0,61012356
0,876029413
0,338604682
0,523503852
0,961872804
0,993684086
0,785690362
0,625945267
0,152471407
0,087033605
0,085009567
0,42574875
0,494783351
0,283849484
0,147208223
0,879092858
0,731573314
0,750959811
0,854932047
0,80720341
0,884017097
0,570734809
0,925992951
0,829907628
0,375892207
0,169321312
0,680082348
0,562073626
0,978517232
0,786758117
0,286840635
0,294691285
0,086040451
0,253115333
0,827072581
0,847990073
0,624960186
0,99807146
0,873984573
0,872288463
0,88669408
0,812450166
0,681527788
0,484703146
0,553407769
0,832464446
0,290214983
0,104778968
0,225714598
0,340845954
0,144630703
0,064223484
0,096579599
0,039601113
0,006252676
0
0
0,000786248
0,006252676
0,020375896
0,293251532
0,059095356
0,192706772
0,519011319
0,213099553
0,255617166
0,143687165
0,311519817
0,07557847
0,022030065
0,013219478
0,015216247
0,006252676
0,022547769
0,115690922
0,542224504
0,705321191
0,905776774
0,76290866
0,691835299
0,488190774
0,186967866
0,122952448
0,270368743
0,020375896
0,013646599
0,020673972
0
0
0
0
0
0
0
0
0,001334187
0
0
0
0,016360645
0
0,02689426
0
0
0
0
0,045103289
0,001334187
0
0
0,012392359
0,020031221
0,146868879
0,069760042
0,155905068
0,296268785
0,774850601
0,553807235
0,195149629
0,564149477
0,38118517
0,051786384
0,075431251
0,407854603
0,612414293
0,734769141
0,696163273
0,298455148
0,039713171
0,507327624
0,883370575
0,312690078
0,473300584
0,391126197
0,063151034
0,039379731
0
0,000786248
0
0
0,020369061
0,017051424
0,006980565
0,026854205
0,137453488
0,165665208
0,049037742
0,023244894
0,238214403
0,116377138
0,028052869
0,083183555
0,04385066
0,028052869
0,041706998
0,03989435
0,012007075
0,000786248
0,006438853
0,077682022
0,432912511
0,343244925
0,461232135
0,789823564
0,749023308
0,749667083
0,125
0,125
0,375
0,375
0,999652422
0,985568299
0,997884449
0,941516565
0,456117507
0,277205648
0,186672445
0,472891882
0,40823228
0,577736213
0,765944311
0,781842178
0,312878257
0,224035484
0,238950569
0,144887279
0,557273182
0,445346123
0,526014339
0,396013358
0,107015464
0,053739302
0,032381048
0,022030065
0,008392124
0,049182969
0,129030498
0,337688612
0,173149387
0,090213045
0,197983265
0,065716933
0,203274735
0,155261256
0,322718492
0,86493463
0,938517244
0,869208542
0,945795549
0,969014879
0,499036033
0,907728611
0,898955954
0,435376774
0,339269496
0,078562324
0,046625017
0,013646599
0,000786248
0
0,005182952
0
0
0
0
0,004096525
0,020493587
0,143752531
0,603873683
0,464162374
0,540332555
0,633043476
0,926192268
0,85034174
0,5
0,872871664
0,565095168
0,250138948
0,044811845
0,01960526
0,011276164
0,005182952
0,022425985
0,228211758
0,835437796
0,737639879
0,157342533
0,048216332
0,060457112
0,120863904
0,198316404
0,21935639
0,611749572
0,26816898
0,480201657
0,535576068
0,297936212
0,775585838
0,89230003
0,672247456
0,147693284
0,034371329
0,013219478
0,024013104
0,018392857
0,004096525
0,046561072
0,048286386
0,077040751
0,133311005
0,303544043
0,518213499
0,531951806
0,631264749
0,818941285
0,997471185
0,978779199
0,99589905
0,624063122
0,747877485
0,499667083
0,982885784
0,746025789
0,87089905
0,594436432
0,72565393
0,80130472
0,969066401
0,469295319
0,4276372
0,19889878
0,105577682
0,222307972
0,250966579
0,277354774
0,310352769
0,352304823
0,154730789
0,113036735
0,050697018
0,175185096
0,115504864
0,157872262
0,154536785
0,286734128
0,108358268
0,07331597
0,114147157
0,241461622
0,623007925
0,201786216
0,600066438
0,548397405
0,852135695
0,936962377
0,867028155
0,625
0,978006294
0,743915697
0,749757086
0,897589804
0,930423539
0,623702776
0,91384978
0,620471213
0,911348395
0,624908238
0,979998835
0,956743885
0,921711574
0,919019877
0,953724841
0,74958698
0,5
0,831168891
0,881739963
0,814105759
0,69200429
0,891859817
0,718087567
0,670157023
0,916241697
0,789815017
0,299239975
0,128651892
0,127037509
0,292676063
0,21341965
0,726271568
0,357833492
0,18642074
0,655237692
0,380946313
0,397375729
0,55986967
0,343999174
0,338898709
0,669600988
0,544643743
0,433719388
0,176633473
0,316333621
0,709115533
0,621096151
0,898762758
0,997590476
0,969345168
0,695926652
0,359397431
0,249055775
0,450108544
0,300073328
0,07003863
0,485551265
0,236356061
0,132693663
0,510910801
0,840446025
0,734327237
0,740610131
0,899557463
0,67117462
0,881064639
0,987515458
0,937367713
0,6872876
0,569242444
0,353594663
0,201184286
0,159403085
0,0741458
0,15322646
0,383696194
0,129493898
0,161514429
0,287729045
0,081568177
0,155513703
0,099854039
0,561899455
0,301948118
0,693567626
0,410906398
0,502727063
0,549658023
0,325159992
0,133874989
0,073312688
0,182357335
0,231824717
0,058857496
0,081037664
0,514934833
0,202893491
0,030699818
0,040450568
0,029102097
0,063951278
0,009136716
0,04539762
0,143052346
0,671647688
0,707639397
0,833043204
0,903334815
0,496777892
0,744845207
0,840716852
0,492598457
0,059883377
0,172700531
0,116361401
0,17365361
0,244674768
0,089216434
0,169228662
0,686962794
0,430321496
0,156119448
0,28829472
0,765853484
0,838005672
0,976514697
0,625
0,858826098
0,504478849
0,807423215
0,666323333
0,815139127
0,679579046
0,432231728
0,98838265
0,941821776
0,560086266
0,808791135
0,742304627
0,429802909
0,306587099
0,428765329
0,201999714
0,595481674
0,174346988
0,02202626
0,046693053
0,138137531
0,027631182
0,131708067
0,068907747
0,170044902
0,12571025
0,079169052
0,065836211
0,122801429
0,173003447
0,072939906
0,049962658
0
0
0
0
0
0
0
0
0
0
0
0
0
0
0,007529596
0
0
0
0,004288833
0
0
0
0
0
0
0
0
0,245889336
0,111707218
0,205307129
0,315468344
0,142706926
0,401185619
0,36152656
0,051697133
0,038734154
0,321351086
0,218173664
0,020809379
0
0
0,02240438
0,00288404
0,001008141
0,00288404
0,008179204
0,265456533
0,075827902
0,057807014
0,160930147
0,196445918
0,272768351
0,106531013
0,031280423
0,031672607
0,000786248
0,001794389
0,030152829
0
0,004096525
0,000786248
0
0
0
0
0,01338557
0,032468043
0,10238619
0,139572958
0,068869158
0,022819544
0,001008141
0
0
0,022793226
0,211576144
0,121191282
0,302701244
0,184575326
0,111246673
0,011295663
0,01268306
0,000786248
0,004096525
0,064947078
0,439639657
0,233489603
0,455964437
0,335425465
0,17718745
0,55421325
0,562960436
0,802314303
0,827893532
0,746590825
0,938181527
0,895822122
0,933182545
0,712818857
0,729903454
0,625118934
0,551242432
0,470410883
0,241682944
0,185023002
0,244299564
0,11575628
0,517316539
0,543034672
0,521603157
0,447749617
0,462138555
0,372584184
0,869279203
0,846837958
0,967345086
0,997312443
0,813609728
0,74652457
0,504990642
0,35888785
0,044035791
0,022421599
0,022030065
0,023627786
0,176171617
0,091297763
0,0073224
0,000786248
0,15091204
0,041697413
0,057222579
0,098026365
0,48968485
0,329436882
0,84875798
0,847155518
0,951184315
0,907273063
0,870673352
0,866020531
0,932163728
0,931053138
0,990614852
0,74062696
0,266809184
0,444402949
0,257391532
0,096101598
0,172777861
0,101711521
0,15097852
0,199210793
0,170739614
0,113669775
0,110386102
0,152738151
0,031372231
0,04729852
0,034012413
0,536388291
0,51915688
0,806818862
0,747030273
0,919668716
0,688399981
0,877593917
0,89432441
0,75
0,993545524
0,500623333
0,695490119
0,635000344
0,492793728
0,265383241
0,177667135
0,030391372
0,155373167
0,039652434
0,07189654
0,04093228
0,015522499
0,010469989
0,000786248
0,018392857
0,068078634
0,103067096
0,024232422
0,014574559
0,00288404
0
0,001008141
0
0
0
0,004288833
0,005568679
0
0
0
0,205362621
0,447651086
0,183435235
0,150607245
0,558535897
0,190823217
0,542367238
0,90349778
0,93399982
0,915027842
0,961656157
0,96182649
0,964158159
0,862729185
0,794196944
0,808635443
0,460190661
0,332915274
0,219102729
0,065442037
0,120491298
0,039574902
0,038204216
0,031709606
0,017641052
0,0986964
0,008383184
0,008383184
0,019677026
0,005182952
0,012345888
0,005182952
0,013076799
0,012007075
0,003670288
0,014574559
0,351394877
0,106568645
0,160286402
0,044209448
0,006540647
0,024857436
0,121224736
0,455858375
0,700720532
0,747424515
0,739561848
0,749063122
0,625
0,997055231
0,974277874
0,999883376
0,851885811
0,999883376
0,999964233
0,999945985
0,999031601
0,87980645
0,870223656
0,853805953
0,808149795
0,553262115
0,778872287
0,903470206
0,806255501
0,986390567
0,979517589
0,448764651
0,433813373
0,662219787
0,574702462
0,698327579
0,99900815
0,965521333
0,625
0,99900815
0,858971156
0,947770037
0,99043366
0,874943076
0,5
0,375
0,749975691
0,688323728
0,724131055
0,125
0
0,749975691
0,614281151
0,735853539
0,598682254
0,410196877
0,466935354
0,354720733
0,107191829
0,044338281
0,160757947
0,125481282
0,059886344
0,093098233
0,105160049
0,361868607
0,302371739
0,720491589
0,453788218
0,041013411
0,022030065
0,043677479
0,174807923
0,152601648
0,143770905
0,152142726
0,109542696
0,032969952
0,02904719
0,293474983
0,034906834
0,024834623
0,006252676
0,004096525
0,099772707
0,022030065
0,00682111
0,004096525
0
0
0
0
0
0
0
0
0
0
0
0
0
0,01178291
0,001279846
0,037314276
0
0
0
0
0
0
0
0
0
0
0,007529596
0,021063026
0,06321148
0,214021548
0,341433611
0,324084557
0,05966909
0,037971371
0,005754399
0,029305301
0,012863957
0
0
0
0
0
0
0
0
0
0
0,038060749
0
0,004033127
0,190830725
0,177206938
0,105611684
0,242754008
0,296943572
0,61710095
0,653479302
0,526995276
0,709996906
0,595114927
0,340012621
0,017414588
0,00288404
0
0
0
0
0
0
0
0
0
0
0
0,004288833
0,014536192
0,076665648
0,42566129
0,505132917
0,583238995
0,65772066
0,731799334
0,199831672
0,04552333
0,120333057
0,042867465
0,164182204
0,247712378
0,497026147
0,704188127
0,783143082
0,42375717
0,822244531
0,418817329
0,314837074
0,563530553
0,572528079
0,455181043
0,100065433
0,329555886
0,720027768
0,288181387
0,186260595
0,089940733
0,254577146
0,372315576
0,60488647
0,76662678
0,774169541
0,773800089
0,426699502
0,30364208
0,171773633
0,186466369
0,063130652
0,0330559
0,179833826
0,423184606
0,224998985
0,160068752
0,08426525
0,299811145
0,053393899
0,056202759
0,153894134
0,255968096
0,192732125
0,180163017
0,162061506
0,302753934
0,224853836
0,09984809
0,093398135
0,110450325
0,140253733
0,043684419
0,022833469
0
0
0
0
0,001794389
0,118430133
0,325318319
0,572116094
0,662246446
0,716400369
0,749063122
0,74971903
0,998383297
0,995489252
0,913465907
0,999996711
0,875746689
0,84101818
0,708918529
0,806576481
0,75126371
0,96353155
0,984932102
0,916739872
0,437803953
0,35130919
0,359553516
0,536695811
0,329572643
0,115895436
0,056129586
0,165133744
0,031372231
0,150302954
0,020817662
0,048400685
0,130638798
0,303588362
0,571025454
0,797077932
0,645464463
0,741051506
0,88748214
0,51244025
0,150194599
0,053384105
0,103055017
0,288525987
0,638760972
0,405116149
0,102266261
0,138608315
0,051582597
0,043930114
0,028248264
0,227102963
0,331620089
0,205007592
0,141352413
0,315921694
0,290949416
0,232264271
0,25246803
0,048451775
0,01299677
0,015602632
0,028526961
0,241811818
0,062522438
0,015501604
0,025850831
0
0,02592716
0,527856562
0,494210366
0,552396396
0,663182583
0,485612961
0,207653317
0,377516964
0,635704729
0,687066984
0,780219444
0,960730478
0,84063762
0,838581775
0,626710803
0,597247438
0,854341785
0,98726788
0,974841942
0,833089917
0,797747364
0,875729086
0,824881733
0,876844974
0,624145872
0,821851241
0,549830483
0,278886615
0,371175387
0,131395609
0,090225607
0,502687898
0,232324434
0,512491705
0,859292786
0,630234105
0,473869688
0,350548593
0,302524517
0,417427007
0,683108263
0,774734779
0,743062529
0,927164298
0,572908636
0,441580931
0,345974278
0,561604747
0,331649816
0,186476675
0,112796555
0,204149084
0,235102836
0,122769184
0,005182952
0,0073224
0,012638458
0,232365124
0,315749105
0,122862252
0,237935618
0,674142768
0,735930321
0,354991934
0,622155798
0,427985486
0,537512256
0,794512016
0,94995274
0,927833173
0,829038197
0,167280931
0,135793481
0,200352297
0,299126008
0,488295516
0,392993904
0,165105817
0,040557913
0,04497661
0,121766838
0,030391372
0,017641052
0,004096525
0,015485437
0,041420278
0
0
0,016464429
0,07323435
0,070331001
0,077808789
0,036462967
0,017365632
0,029356519
0,012007075
0,108582948
0,465658705
0,687017823
0,633475254
0,592547047
0,088598865
0,01801907
0,058785535
0,09634292
0,174509384
0,394822671
0,279070849
0,390340277
0,436606467
0,330998025
0,261766596
0,136657034
0,232748755
0,134010833
0,233642203
0,128072872
0,038274682
0,008066993
0,03735222
0,18114873
0,260208166
0,028877943
0,012007075
0
0
0
0,011432702
0
0,093342022
0,487290967
0,803741323
0,813589812
0,700414668
0,721131746
0,839450368
0,753838248
0,920460712
0,371048237
0,241853698
0,071468107
0,024232422
0,060620254
0,085631457
0,14103646
0,14725065
0,295027068
0,255639377
0,110163863
0,006252676
0,005182952
0,013625734
0,166119969
0,45816142
0,376722951
0,18522962
0,303775697
0,152178371
0,048423966
0,019953527
0,017211961
0,013590315
0,024986449
0
0
0
0
0
0
0,001334187
0,010503064
0,021680204
0,014985503
0,010503064
0,001334187
0
0
0
0
0
0
0,002287987
0,012818514
0,039849169
0
0
0
0
0
0
0
0
0
0,039102985
0,040882444
0,012101462
0,018134236
0,042039668
0,160800819
0,075682965
0,06138373
0,076428901
0,444603979
0,417656148
0,05765521
0,082324779
0,198166668
0,118842682
0,076530441
0,096115075
0,081909892
0,282576876
0,082332492
0,015908746
0
0
0
0
0
0
0
0
0
0
0
0
0
0
0
0
0
0
0
0,014366615
0,014366615
0
0
0
0
0,056124407
0,121477993
0,167203997
0,004288833
0
0
0,00624975
0,021791484
0
0
0,00624975
0,002614033
0,001279846
0,004163886
0,032776492
0,329648877
0,500516946
0,128817647
0,03873731
0,13212058
0,601732255
0,6475811
0,05895238
0,042652239
0,002441387
0,020262664
0,090473813
0,184566662
0,178745104
0,167164156
0,026529122
0
0,080138679
0,002441387
0,024592561
0,102004586
0,285207906
0,612414191
0,329764138
0,570873981
0,269333565
0,408233673
0,303899962
0,206074695
0,318360169
0,135672035
0,10418499
0,052939775
0,008066993
0
0,006966801
0,115650545
0,502561101
0,10783607
0,16431613
0,107452464
0,160570977
0,390534367
0,53015911
0,513491143
0,107198043
0,026992549
0,077896385
0,083954279
0,038281019
0,017531174
0,057543926
0,230585381
0,51145077
0,484501916
0,476125666
0,593035197
0,492007092
0,295784716
0,739592466
0,464005325
0,106765106
0,091871449
0,087215857
0,020085922
0,05881785
0,009400265
0,015216247
0,036629771
0,099427453
0,127083203
0,239590826
0,322793837
0,334692013
0,861692436
0,931032426
0,742892159
0,358549613
0,17232283
0,121977739
0,078044754
0,022030065
0
0,002441387
0,002441387
0,342016733
0,210652219
0
0
0,002441387
0,002441387
0,050468263
0,143263336
0,40029576
0,30964553
0,489010212
0,182893794
0,607566069
0,594889045
0,474480895
0,265947713
0,059620203
0,00288404
0
0
0
0
0
0
0
0,023038814
0,023317188
0,014542849
0,025395053
0,027892813
0,047305881
0,245299433
0,473680443
0,584296205
0,713058721
0,728706757
0,964163688
0,924831588
0,935651007
0,49879173
0,215545974
0,262329604
0,158566209
0,113215122
0,128780457
0,040251417
0,007260817
0
0,013219478
0,017783731
0
0
0
0,030654564
0,01154965
0,012610351
0
0
0,005754399
0,062884964
0,073976679
0,180083481
0,120109174
0,561552525
0,021023251
0,129444804
0,152966407
0,107750916
0,209071913
0,469101751
0,152463201
0,063957965
0,487287836
0,854501435
0,878921535
0,861849021
0,558842192
0,681675902
0,372802215
0,820384494
0,68083173
0,850946209
0,502064573
0,23009877
0,42162786
0,243557525
0,165744287
0,800826628
0,719859737
0,750568369
0,143195472
0,094600329
0,076184314
0,09616261
0,181937075
0,192785924
0,167620555
0,099397961
0,200021527
0,252579527
0,106050263
0,012345888
0,005182952
0,071383095
0,152755267
0,314639772
0,890766519
0,762329072
0,834212849
0,512955661
0,59552098
0,995431457
0,991298735
0,923551439
0,954177989
0,749954167
0,747247643
0,749365102
0,8720581
0,970210163
0,999356457
0,936899941
0,807124552
0,682500655
0,876078893
0,749834466
0,874644924
0,874974299
0,999644924
0,972535207
0,879180716
0,632467505
0,837169025
0,836819119
0,754239964
0,617833913
0,919248289
0,547688242
0,415284097
0,21742974
0,359679268
0,236367519
0,408579517
0,663630376
0,73579715
0,693814228
0,525656447
0,854545635
0,630807677
0,712589932
0,693324844
0,748190492
0,874356457
0,125
0,125
0,5
0,749994431
0,625
0,625
0,625
0,85994745
0,440600369
0,491673012
0,180352339
0,306809512
0,480093476
0,981484544
0,54895182
0,920604707
0,709706191
0,29417684
0,193504131
0,249019598
0,400119334
0,311880887
0,282804319
0,85417296
0,904858067
0,489002318
0,724942002
0,538040689
0,469231414
0,317802412
0,30908871
0,328385257
0,286838825
0,336211516
0,034385366
0,01960526
0,064260673
0,005182952
0,006252676
0
0
0
0
0
0
0,145667361
0,341528362
0,533848164
0,654227233
0,824083657
0,73650652
0,877358014
0,683529213
0,488942426
0,469756834
0,222811103
0,100184641
0,047527677
0,359557722
0,257742819
0,201075629
0,19756245
0,028257584
0,059016001
0,012007075
0,012347137
0,032740594
0,039943832
0,148685242
0,02253547
0,105227003
0,062840404
0,020610776
0,049184515
0,073325199
0,189700927
0,617556705
0,494023475
0,550959043
0,043403665
0,017401605
0,009408188
0,005325427
0,003449527
0
0
0
0
0
0
0
0
0
0
0
0
0,053375438
0,022840043
0,054044781
0,013680439
0,005754399
0,066999843
0,021651993
0,1016969
0,339583187
0,004163886
0
0
0
0
0,013768489
0,005498073
0,132041458
0,040808878
0,253718843
0,085148946
0,03253927
0,046139729
0,190910371
0,012007075
0,046373057
0,021023251
0,423725207
0,574659419
0,668046992
0,361828022
0,169992925
0,024986449
0,006966801
0,005754399
0,005325427
0,008119636
0,09987644
0,210859442
0,314624174
0,642103577
0,222469358
0,290996344
0,355619406
0,553271757
0,391702122
0,736050001
0,637618379
0,961514559
0,747470547
0,747609497
0,89004421
0,939291833
0,559998218
0,677434209
0,476113786
0,746440307
0,300539201
0,110524478
0,036380289
0,048423966
0,057225842
0,091835407
0,082263683
0,50306493
0,725389301
0,625292228
0,656210693
0,541572164
0,58323559
0,921486014
0,982191383
0,988195901
0,986697646
0,935296907
0,965131533
0,502184049
0,770428202
0,756732444
0,8720581
0,941124483
0,970279017
0,93968922
0,862384618
0,65863724
0,205726083
0,349597554
0,857418409
0,625
0,997964041
0,749356457
0,624843112
0,874150161
0,728464411
0,904986671
0,842581382
0,674220291
0,573829292
0,282410598
0,590113121
0,459059887
0,45536159
0,484419186
0,682564703
0,518117727
0,23462439
0,178381774
0,046096208
0,025369191
0,01524432
0,02120298
0
0,014146523
0,006191093
0
0
0
0
0,028700665
0,049494882
0,027598744
0,017783731
0,0337643
0,458715414
0,507358072
0,799613631
0,62876512
0,578417454
0,413959282
0,043507026
0,009408188
0
0
0
0,014127606
0,002441387
0,164737826
0,010937351
0
0
0
0
0
0,164595312
0,341133253
0,449443931
0,564557011
0,6133072
0,539299903
0,743014919
0,583627758
0,695321837
0,426882946
0,325549541
0,120976909
0,052975177
0,009136716
0,14184164
0,057918403
0,015216247
0,033380907
0,033380907
0,044764564
0,065912093
0,088910517
0,10496348
0,081588611
0,280948453
0,340637538
0,259815194
0,76485532
0,905389349
0,975735884
0,868048574
0,757116571
0,120510465
0,038884317
0,036380289
0,037978009
0,029006753
0,012007075
0
0,067160306
0,016844843
0,003449527
0
0
0,148728487
0,398440698
0,066223927
0,044141287
0,019963572
0,115750759
0,063126246
0,023162698
0,011832993
0,035707707
0,029994507
0,034637983
0,00288404
0
0
0
0
0
0
0
0
0
0
0
0
0
0
0,021063026
0,043128631
0,120025818
0,055136368
0,145563331
0,050601746
0,250844573
0,254918925
0,584165185
0,330326022
0,111156073
0,006966801
0,005754399
0,198585083
0,014277378
0,164134099
0,038207122
0,005182952
0,035299218
0,041770046
0
0
0,002441387
0,002441387
0
0
0
0,001008141
0,076244584
0,171375303
0,277015432
0,46105581
0,248280221
0,113475611
0
0
0
0
0
0,37987818
0,298684352
0,381349327
0,660890773
0,581996942
0,159667296
0,580977049
0,756365537
0,832334233
0,437295336
0,719007431
0,605051544
0,211111644
0,298512933
0,274776096
0,504530254
0,658300093
0,918314821
0,842357366
0,826461734
0,532882635
0,508648386
0,291477637
0,745790498
0,792646439
0,673587048
0,348310556
0,80765051
0,881016283
0,372002246
0,296363293
0,333117477
0,066735373
0,057489556
0,095621151
0,211450474
0,072493645
0,109654932
0,47977469
0,233745848
0,169691803
0,409727994
0,285967724
0,395356727
0,825849852
0,386505771
0,184917229
0,040148622
0,0073224
0,000786248
0
0,039023054
0,015570366
0,009461848
0,045810316
0,149229354
0,012638458
0,005182952
0,012638458
0,048991974
0,307659929
0,152335243
0,021613936
0,282164731
0,047839825
0,151233077
0,02960742
0,014146523
0,271555076
0,632706747
0,466583612
0,646361943
0,472241032
0,656566266
0,640625685
0,521336031
0,209127104
0,119041178
0,307154622
0,101577661
0,695875572
0,227779377
0,318997311
0,676384734
0,921749788
0,710618696
0,293493964
0,119899856
0,171971834
0,209631298
0,366757103
0,830490852
0,904840401
0,844762324
0,585794024
0,471248389
0,138361347
0,172242173
0,028793137
0,014236179
0,014236179
0,194705544
0,512060955
0,763260821
0,28578139
0,513613608
0,17776471
0,261771309
0,331357311
0,668942391
0,822535227
0,851859721
0,868167612
0,861700501
0,873283149
0,749883376
0,874681282
0,894871813
0,383446961
0,217310104
0,534232818
0,365266053
0,040408998
0,195489265
0,443676386
0,39409323
0,667723708
0,648811486
0,852307428
0,869860275
0,970184303
0,87402856
0,874029975
0,905837393
0,488546245
0,591877278
0,118999017
0,091681682
0,179623485
0,195384807
0,014236179
0,012638458
0,008392124
0,008392124
0,0073224
0,096163124
0,1359498
0,017431621
0,179857645
0,034152711
0
0
0,005182952
0,000786248
0,02651938
0,063435443
0,063597865
0,044258293
0,08061042
0,505509858
0,546133423
0,430363169
0,42033392
0,643273582
0,301282362
0,009461848
0,037462395
0,065563575
0,064555434
0,012638458
0,054370069
0,008392124
0,002441387
0,005182952
0
0,005182952
0,058481592
0,20302461
0,0073224
0,071280211
0,144753782
0,257281205
0,278603252
0,068816865
0,34569413
0,34569413
0,613793297
0,047974111
0,008330541
0,05762134
0,098233386
0,036918947
0,148355784
0,009461848
0
0
0
0
0
0,050638516
0,082695551
0,023332291
0,010796035
0,114259441
0,035628208
0,135939422
0,087230164
0,013076799
0,008066993
0,008066993
0
0
0
0
0
0
0
0
0,004288833
0,001334187
0
0,013431855
0,112133361
0,029409143
0,053327346
0,113151113
0,10110951
0
0
0,097713706
0,431560677
0,217130342
0,194691726
0,324647108
0,728532615
0,486414925
0,466591115
0,293710799
0,345928717
0,855775332
0,716514133
0,389870064
0,727508066
0,74138044
0,755890331
0,571677408
0,178259904
0,327418637
0,764845654
0,869990797
0,746302707
0,981593817
0,723140131
0,686957067
0,975603021
0,630080472
0,331483236
0,270538822
0,043609424
0,091972742
0,609811089
0,451280262
0,424618849
0,662173405
0,650265845
0,094147176
0,014594491
0,022182452
0,012638458
0,000786248
0,000786248
0
0
0,035296248
0,052496433
0,008392124
0,013972646
0,354529507
0,382949141
0,346497074
0,06186935
0,011276164
0,03028849
0,244120392
0,526333699
0,14055237
0,464751437
0,426003201
0,446050092
0,078236129
0,111443837
0,148377028
0,0073224
0,002441387
0,002441387
0
0,000786248
0,237375269
0,057817981
0,0073224
0
0,000786248
0,006191093
0,008066993
0,001794389
0,001794389
0
0
0
0
0
0
0
0
0
0,009490512
0,021063026
0
0
0
0
0
0
0,077543902
0,013699463
0,005041268
0
0,191451028
0,017022778
0,010999929
0
0,006917168
0,038064408
0,020349022
0,088100626
0,208614085
0,467541878
0,402185256
0,017354788
0
0
0
0
0,046230311
0,072488569
0,119619255
0,276634951
0,199663756
0,0669032
0,169499624
0,899480579
0,806161527
0,657147583
0,870189731
0,301558271
0,252915462
0,264632268
0,423338076
0,17613671
0,101795802
0,005182952
0,261899725
0,463304164
0,760060772
0,926290519
0,793723274
0,442091474
0,521026445
0,598282719
0,653354038
0,125776297
0,24021341
0,118410844
0,596149319
0,745967597
0,906645695
0,90667399
0,857921883
0,74780833
0,749762583
0,994558645
0,722481421
0,976889613
0,810740651
0,717291861
0,337762584
0,100661348
0,034233985
0,009461848
0,0073224
0,009461848
0,009461848
0,088720603
0,164730437
0,170832826
0,218355795
0,464661912
0,419232748
0,260437684
0,139797635
0,346069661
0,10708159
0,041549081
0,0073224
0,013646599
0
0
0
0
0
0
0
0
0
0
0
0
0
0
0
0,089978843
0,00941063
0,004033127
0,010196878
0,033951995
0,068662733
0,160512176
0,237253045
0,083923458
0,33435094
0,348807536
0,640535468
0,672925598
0,587540533
0,298008818
0,427020433
0,053595502
0,034665829
0,038557146
0,131036425
0,086201638
0,279511297
0,534945942
0,554038053
0,958873816
0,780813773
0,820529811
0,991640194
0,874186473
0,99008374
0,967483065
0,77823862
0,632052624
0,248553764
0,626808001
0,249815105
0,509960614
0,558978501
0,393101032
0,957226661
0,792250977
0,123353658
0,122011879
0,061666157
0,120662713
0,059286307
0,083086445
0,140692406
0,54679588
0,337236359
0,052274551
0,123776258
0,469172038
0,608498777
0,893913207
0,633713194
0,18963283
0,066613781
0,025066492
0,100106354
0,020673972
0,040408998
0,034233985
0,008392124
0,012638458
0,12468946
0,026242837
0,034233985
0,017431621
0,017431621
0,000786248
0,051051561
0,413062305
0,175433945
0,328739102
0,167092263
0,367908127
0,045085479
0,008195785
0,008066993
0,231470666
0,446105352
0,559539443
0,858700084
0,915992378
0,875574798
0,754254137
0,344875411
0,030274833
0,016364298
0,047352272
0,005182952
0,034269282
0,134896182
0,330240108
0,229557611
0,090469922
0,036292363
0,029149253
0
0,008330541
0,015216247
0,000786248
0
0,010479926
0,435346492
0,12429838
0
0,02282417
0
0,001334187
0,310397025
0,20161624
0,315492542
0,268114251
0,175126363
0,622875864
0,392371444
0,043505206
0,038404349
0,096838123
0,444388123
0,393468763
0,108592725
0,223371535
0,220794637
0,15885979
0,109923292
0
0
0
0,008691136
0,00673022
0
0
0
0
0
0
0,004288833
0
0
0
0
0
0
0
0
0
0,001008141
0
0,015244911
0,001334187
0,021063026
0,015841838
0
0
0,001279846
0,211979354
0,153898976
0,090404732
0,010249521
0,021739038
0,108361879
0,03196647
0,014200954
0,022792465
0,001692499
0
0,086253038
0,014093659
0,338805885
0,128591963
0,043254224
0,00288404
0
0
0
0
0
0
0
0,004288833
0,080849954
0,017636226
0
0
0
0
0,034111838
0,021490653
0,010751632
0,020902537
0,024985298
0
0,127718659
0,167364928
0,559655898
0,106901446
0,009529972
0
0
0
0
0
0
0
0,007529596
0,046481639
0,012243794
0
0
0
0
0,001334187
0,001334187
0,034245699
0,254857624
0,536472343
0,362984101
0,237894577
0,263626888
0,030521881
0
0
0
0,016628086
0,084331181
0
0
0
0
0
0
0
0
0
0
0,001334187
0,168723169
0,27658033
0,43345107
0,07723882
0,00288404
0,023873192
0,124907572
0,53167761
0,267941856
0,001008141
0
0,005568679
0,011069125
0,005568679
0,008265574
0,008265574
0,055288658
0,000786248
0,023242385
0,01769197
0,195437132
0,447836685
0,659018964
0,732935575
0,920048151
0,758968116
0,288274361
0,169710611
0,532542658
0,859720331
0,98139336
0,988028824
0,994594581
0,749214112
0,870048313
0,962188943
0,519500764
0,326034786
0,347067196
0,917919009
0,345438433
0,490732224
0,279119471
0,127064341
0,092130353
0,046453485
0,057845193
0,378244727
0,947889024
0,981763898
0,960978423
0,392543997
0,302354368
0,265818566
0,194760417
0,84418297
0,40789395
0,072801309
0,122938367
0,267019518
0,024851958
0,085370228
0,643101535
0,703155571
0,375890313
0,856322445
0,855962656
0,81929259
0,79013397
0,515642162
0,88504287
0,748820206
0,749964233
0,5
0,125
0,75
0,625
0,5
0,625
0,999695318
0,749994431
0,625
0,999826452
0,998696556
0,996198797
0,996777762
0,765856816
0,955449591
0,87214366
0,867947193
0,92066172
0,533005293
0,405773401
0,491264082
0,318088626
0,275650514
0,267757471
0,570416507
0,862587189
0,831465745
0,756964172
0,731844791
0,843703916
0,847070259
0,292887879
0,102074858
0,109951183
0,093438957
0,101760918
0,21856143
0,317905906
0,469465524
0,864852544
0,864705866
0,275072927
0,422302044
0,443467981
0,576661405
0,294372321
0,633436964
0,447760544
0,919794794
0,59814537
0,36817168
0,559348853
0,901839425
0,606653966
0,331916339
0,598500509
0,799588349
0,768545237
0,738469516
0,6002641
0,124745857
0,100498657
0,260448661
0,451579372
0,46410593
0,645012675
0,397507677
0,151302224
0,14507861
0,046514733
0,071725134
0,086418138
0,028452185
0,179149846
0,363496313
0,158257102
0,032994181
0,020622933
0,0073224
0,028445621
0,116748033
0,045335529
0
0,026337922
0,01709302
0
0
0
0
0
0
0
0
0
0
0
0
0
0
0,004288833
0,055922408
0,025771275
0
0
0,021063026
0
0,004288833
0,030313271
0,048331045
0,080445875
0,084596742
0,110530946
0,145700189
0,461953192
0,156884726
0,033618554
0,006474514
0,064123356
0,005182952
0,048556323
0,123836889
0,127484787
0,12822381
0,12869442
0,083671711
0,069813324
0,030320699
0,018630678
0,034246483
0,020558526
0,145364792
0,184414337
0,075569727
0,005182952
0
0,099147277
0,004096525
0,004096525
0,101849147
0
0,039064387
0,22590426
0,724012783
0,854710853
0,964445543
0,744792097
0,74784449
0,75
0,25
0,5
0,125
0,875
0,99855642
0,98630361
0,999970235
0,974837398
0,982189919
0,64588853
0,503892568
0,780925716
0,914170672
0,270294882
0,184742166
0,087101047
0,0158339
0,056105108
0,171115212
0,355142804
0,317061841
0,219306622
0,079466129
0,042959037
0,176476049
0,152126117
0,049844655
0,028452185
0,0073224
0,004096525
0
0
0
0
0
0
0
0
0
0
0,004288833
0,022230761
0,056247182
0,174837462
0,550983401
0,203053869
0,170989511
0,037530437
0,449149312
0,057807652
0,020185944
0,010937351
0,312028312
0,398997446
0,500953771
0,126857059
0,361468712
0,562542578
0,609875003
0,641964331
0,887441859
0,166556479
0,044843184
0,060792465
0,021657112
0,086767586
0,581039991
0,771242238
0,530853276
0,686113376
0,88241247
0,88164142
0,970353654
0,993635751
0,749332108
0,984893712
0,400283375
0,099525591
0
0
0,012638458
0,002441387
0
0,012638458
0,070378233
0,079164018
0,218614296
0,307064446
0,060421659
0,123209255
0,095139986
0,158671675
0,039492618
0,585530098
0,750629253
0,428411164
0,306877791
0,484487292
0,449499098
0,268145637
0,201636926
0,167757289
0,032417351
0,066168233
0,124772039
0,042457668
0,030364485
0,099651558
0,189838607
0
0,05480935
0,031961095
0,070600961
0,040370901
0,0073224
0,106432259
0,030565161
0,024156788
0,179636515
0,610028493
0,183567398
0,084479515
0,046454228
0,002441387
0
0
0
0
0,017848632
0
0,258151005
0,513664169
0,325814322
0
0
0
0
0
0,071528541
0,155007515
0,438835273
0,1353323
0,016428649
0,192122778
0,047512018
0,112357945
0,224154748
0,097791475
0,398997446
0,291119147
0,203353148
0
0
0
0,002441387
0
0
0
0
0,104734273
0,308085749
0,658776025
0,829351984
0,842209689
0,421698126
0,63611396
0,070661547
0,069781239
0,126889623
0,106335184
0,400754043
0,089082253
0,06273699
0,0073224
0,009461848
0,024963655
0,0073224
0
0
0,015030527
0,004096525
0,013717373
0,012062235
0,228732999
0,532686215
0,778911657
0,911079774
0,864353274
0,86649127
0,388315962
0,445809969
0,185430186
0,363664606
0,367684139
0,589126094
0,112863602
0,005182952
0,029017068
0,0073224
0,030434068
0,002441387
0
0
0
0
0
0
0
0
0
0
0
0
0
0
0,088232108
0,067071337
0,010110675
0
0
0
0
0
0
0,014536192
0,0310427
0
0,083852001
0
0
0,05163315
0,238535218
0,090400163
0,310055853
0,296781233
0,470802593
0,692577124
0,818958919
0,914841009
0,907639479
0,233743084
0,653550732
0,506866068
0,187535455
0,098660281
0,022776528
0
0
0
0,004149169
0
0
0
0
0
0
0
0
0
0,007529596
0,005568679
0,127823457
0,149690715
0,42414698
0,309743762
0,125196049
0,120128705
0
0
0
0
0
0
0
0
0,113772758
0,190548164
0,270243636
0,378301226
0,062965906
0,030517737
0,026194444
0,152301204
0,360783938
0,484907697
0,839514604
0,942742442
0,939863563
0,710345396
0,734077297
0,791419174
0,811576842
0,047391289
0,13695481
0,198266851
0,036654406
0,0073224
0,002441387
0
0,005182952
0
0
0
0
0
0,004288833
0,056247182
0,231540877
0,243907578
0,132834588
0,026543285
0,049783608
0,014574559
0,059376543
0,078830198
0,021973016
0,054097934
0,159939882
0,261956717
0,454947264
0,081716242
0,038453321
0,020017556
0,009514491
0,108232396
0,200474183
0,036688934
0,01357215
0,026463689
0,022210374
0,34271174
0,107831288
0,36660791
0,603412397
0,815942864
0,706853728
0,330623802
0,143009385
0,113793071
0,189048667
0,227021931
0,114525706
0,009461848
0,022083649
0,005182952
0,0073224
0,0073224
0,0073224
0,0073224
0
0
0
0
0
0,019719144
0,025456636
0,071633992
0,029149811
0,022611162
0,006983383
0,008195785
0,016632006
0
0
0
0
0
0
0
0
0
0
0
0,017464982
0
0
0,314794893
0,369741028
0,40420662
0,136633843
0,489501098
0,523538897
0,599843369
0,76114212
0,730856063
0,714819281
0,726427019
0,73920423
0,964447179
0,522911141
0,988128483
0,915117775
0,872566691
0,749728911
0,991738231
0,999893875
1
0,613718564
0,494773719
0,275776963
0,127697937
0,30220354
0,400462439
0,954904095
0,888491306
0,975640548
0,930708475
0,931231213
0,502622219
0,317243605
0,525612015
0,513577745
0,199324082
0,034233985
0,052525222
0,024033488
0,104699882
0,230438485
0,05340035
0,06426774
0,075917318
0,005182952
0,005182952
0
0,0158339
0,092102216
0,106290832
0,358534648
0,696411168
0,737783465
0,933113796
0,739592686
0,440791701
0,73614349
0,607095624
0,578717977
0,300321696
0,134677358
0,088770636
0,028452185
0,086682429
0,308568369
0,678936594
0,923648293
0,598418122
0,426153065
0,58131683
0,590121404
0,81654224
0,414500582
0,556318112
0,230213112
0,236431087
0,339407969
0,669488397
0,272488678
0,192513645
0,147382953
0,111641915
0,177712471
0,024033488
0,009461848
0
0,005182952
0,0073224
0
0
0,004096525
0,103451249
0
0,023317188
0,014379403
0,009665204
0,04210561
0,047878367
0,118252627
0,012638458
0,09488576
0,633028801
0,234112651
0,206492736
0,152535758
0,059913011
0,230756185
0,40676833
0,063834919
0,012731371
0,010591923
0
0,002441387
0,087999052
0,678173611
0,750246084
0,310127808
0,145673717
0,311380977
0,200065431
0,367378202
0,50736754
0,715244143
0,770676395
0,963317173
0,955771726
0,731791964
0,739671357
0,747520425
0,556129433
0,92673319
0,997332339
0,979202988
0,631629951
0,59527439
0,693877423
0,197105423
0,076503357
0,098645319
0,042959037
0,024033488
0,0158339
0,012638458
0,009461848
0,019614792
0,060836121
0,081857818
0,06792516
0,145574635
0,435725055
0,291264284
0,499198691
0,260150895
0,543812404
0,282690059
0,21951328
0,113246961
0,0073224
0,040787509
0,009461848
0
0
0
0
0
0
0
0
0
0,002441387
0,004096525
0,01546583
0,270530355
0,2073704
0,133520379
0,052743817
0,676302969
0,468094059
0,063840425
0,090719704
0,009724949
0,004096525
0
0,077509021
0,050014897
0,026293288
0,0073224
0,004096525
0
0,010072558
0
0
0,434753365
0,234629313
0,193870216
0,17779691
0,186092853
0,838495113
0,91894071
0,869792097
0,872796184
0,813467511
0,927607813
0,680697591
0,126184767
0,009461848
0,002441387
0,002441387
0
0
0
0
0
0
0
0
0,004288833
0,030954228
0,367057316
0,688330543
0,849737146
0,865196591
0,973595548
0,918097633
0,719017093
0,59960498
0,632865235
0,743850384
0,577765358
0,341261581
0,820457646
0,284125547
0,437345689
0,29724194
0,261220057
0,247436504
0,011040738
0,075252399
0,014236179
0,027880994
0,006252676
0,126199993
0,620514019
0,898033226
0,241971676
0,192432736
0,616868165
0,815710103
0,630793064
0,571818693
0,07756883
0,020315661
0,081187281
0,081108287
0,221954419
0,006252676
0,002441387
0,004096525
0,110681106
0,330868313
0,05991896
0,10264805
0,006252676
0,033690465
0,256075413
0,209280466
0,792100848
0,937122159
0,747988957
0,75
0,5
0,125
0,5
0,999492466
0,987889814
0,671218119
0,157468015
0,301951724
0,206408453
0,215261055
0,786356744
0,699097195
0,990017626
0,41134988
0,105126592
0,098717797
0,036428802
0,002441387
0
0,008392124
0,017431621
0,02182414
0,018439761
0,012048878
0,031179503
0,026704216
0,031905895
0,30433417
0,415834638
0,592677038
0,22082202
0,523128056
0,218774301
0,082133733
0,079061542
0,011040738
0,026935135
0,120347918
0
0
0
0,000786248
0,027128455
0,012374925
0,065914151
0,209177457
0,174945298
0,1409058
0,019578253
0,016571328
0,003449527
0,005325427
0,061895077
0,000786248
0
0,001334187
0
0
0
0
0
0
0
0,008210666
0
0,039102985
0,008210666
0,042508804
0,039761894
0
0,185607215
0,307652778
0,10190743
0,00288404
0,001008141
0
0
0
0,174389643
0,010503064
0
0,004288833
0,004288833
0,008210666
0
0
0,010503064
0
0,001334187
0
0
0
0
0
0
0
0
0
0
0
0
0
0
0
0,004288833
0,079062721
0,022212358
0,036048708
0
0,009490512
0,054204972
0
0,074526908
0,211697728
0,039907805
0,184406138
0,618412721
0,177825548
0,057716573
0,096046353
0,450994961
0,093607725
0,601241912
0,282761302
0,125691965
0,020702616
0,014035672
0,000786248
0,428212704
0,541617376
0,782880752
0,475726894
0,232720394
0,36063022
0,018865978
0,015903205
0,025482373
0,006252676
0,383470539
0,689468121
0,890584502
0,335168178
0,745549199
0,872600662
0,983213972
0,874409252
0,874631034
0,874777548
0,977653883
0,918079531
0,885347229
0,43571065
0,569429696
0,489211578
0,902905694
0,969624222
0,999720849
0,625
0,873260201
0,623942214
0,392619325
0,749621695
0,736651137
0,663706219
0,537191855
0,919684442
0,998406262
0,75
0,883271386
0,535171253
0,682732609
0,227062682
0,083678085
0,1388607
0,042051714
0,008392124
0
0
0
0
0
0
0,082329902
0,105988314
0,009490512
0,166905017
0,002441387
0,282201419
0,008392124
0,008392124
0,037223601
0,045901738
0,338538132
0,211874335
0,320338894
0,409794769
0,909743789
0,792176007
0,729487885
0,511305174
0,408000986
0,449983925
0,733798751
0,561129185
0,926273937
0,972127159
0,872277201
0,727573665
0,783860669
0,462851731
0,339109435
0,402531552
0,423965107
0,437877188
0,458017145
0,768570305
0,397119748
0,273552856
0,871545201
0,20248104
0,331332175
0,329834488
0,281203488
0,846770494
0,869685706
0,969079983
0,217867549
0,117755645
0,202699079
0,098015149
0,144838314
0,037945108
0,065314878
0,466445431
0,063228112
0,433568136
0,734753987
0,848982541
0,691540421
0,674269633
0,729084915
0,839662467
0,919447132
0,869787724
0,583594752
0,728729096
0,804328109
0,347349071
0,132052064
0,240087626
0,373752078
0,101908364
0,209204051
0,026242837
0,012707764
0,01005915
0
0,000786248
0,008392124
0,092892252
0,105449175
0,138882598
0,135311158
0,019990578
0,02120298
0,092430422
0,009136716
0,014146523
0
0
0
0
0
0
0,086836357
0,382650454
0,472072882
0,418884885
0,406596683
0,682659397
0,381145662
0,035750544
0,219972119
0,159528169
0,505362696
0,798394625
0,882088181
0,976931552
0,869945532
0,852884247
0,777922709
0,333003414
0,682298897
0,205064279
0,052415265
0,008392124
0,000786248
0
0
0
0,007586864
0,041573297
0,047557589
0,164566876
0,275487269
0,012104389
0,017250763
0,004096525
0,134582297
0,166860722
0,332623493
0,513668872
0,850103272
0,833421312
0,913278495
0,862853849
0,98790382
0,986520081
0,785561271
0,544435222
0,18507924
0,032862311
0,014236179
0,063158206
0,394056555
0,196718507
0,093444673
0,099172213
0,086094283
0,043722398
0,019456959
0,038177993
0,014236179
0,014236179
0,078633547
0,160428933
0,374671331
0,235336392
0,032237251
0,086057891
0,028729554
0,034350195
0,005104666
0,075909777
0,024705244
0,02210891
0,290071675
0,320328359
0,615309791
0,928855906
0,750255511
0,742091805
0,315983004
0,092385916
0,079959112
0,139634889
0,132085897
0,21281944
0,076579759
0,000786248
0
0
0,003449527
0
0
0
0
0
0
0
0
0
0
0
0
0
0
0,008210666
0,004288833
0
0
0
0,026875857
0,066140148
0,342734807
0,280163902
0,010793237
0,081665068
0,141712024
0,152967291
0,005498073
0
0,009322743
0,029517573
0,156607194
0,130113796
0,106262681
0,516552589
0,323333908
0,057757143
0,119880133
0,251644491
0,157856478
0,221463043
0,013066076
0,023739694
0,066395764
0,275187067
0,551730742
0,245031042
0,512452983
0,565142291
0,096318697
0,009136716
0
0
0
0
0
0
0
0
0
0,005851713
0,030928753
0,344133544
0,133881116
0,06758961
0,216299101
0,473454991
0,730585689
0,792201284
0,49803217
0,330891287
0,213689759
0,293110799
0,059773145
0,014504835
0,002441387
0,002441387
0,003721233
0,304431037
0,049361921
0,000786248
0,008392124
0,047445192
0
0,006637961
0,022399615
0,011727697
0,182020596
0,050089859
0,291085166
0,48806156
0,763221033
0,821882305
0,667730274
0,356652584
0,143028164
0,062857654
0
0
0,002441387
0,032116229
0,07340614
0,000786248
0
0
0,033067103
0
0
0
0
0
0
0
0
0,004288833
0,001334187
0,106250309
0,089342009
0,216070878
0,120313313
0,264046003
0,558245819
0,683872103
0,726083817
0,703389803
0,703048632
0,764961666
0,532025162
0,253193798
0,179236379
0,058865558
0,098758422
0,000786248
0,079588273
0,398969371
0,028696819
0,008392124
0,064905914
0,045189938
0,47882475
0,299380649
0,268466299
0,224002157
0,204121089
0,040771241
0,089570681
0,097826975
0,15685578
0,023870013
0,008927843
0
0
0
0,000786248
0,059463319
0
0
0
0,03499592
0,028551698
0,135882201
0,006252676
0,000786248
0,053001758
0,005325427
0,031822296
0,090263617
0,149875466
0,291200052
0,085031203
0,153145638
0,099980648
0,023557407
0,11069254
0,129186865
0,130852397
0
0
0
0
0
0
0
0
0
0
0
0
0
0,001334187
0,001334187
0,004288833
0,031655593
0,309863685
0,009490512
0,135673203
0
0
0
0
0
0
0
0
0
0
0
0,121635993
0,002614033
0,010926794
0,104835128
0,426758113
0,41760921
0,556542729
0,683647124
0,125374352
0,107874267
0,044557709
0,271129006
0,388801402
0,121474935
0,004096525
0,06228144
0,078131173
0,169905378
0,700624739
0,964067342
0,372165383
0,630604804
0,565503586
0,222768696
0,272613733
0,152849975
0,197901093
0,794525588
0,708625976
0,662469032
0,920094779
0,891569831
0,924615316
0,930736453
0,893694992
0,54151577
0,9515212
0,723590125
0,872654514
0,650520777
0,706554572
0,328426383
0,529861272
0,813447123
0,501502387
0,24971328
0,143937544
0,042015164
0,045011195
0,095212234
0,492950711
0,315513249
0,067894169
0,084552472
0,137335062
0,04645452
0,037391765
0,08178522
0,013924778
0,050162918
0,284560023
0,23052365
0,002441387
0,002441387
0,067279345
0,029792644
0,006252676
0
0
0
0
0
0,004288833
0,057826072
0,210207689
0,575882416
0,472222997
0,605650268
0,197202826
0,086688176
0,268009473
0,218239891
0,545932632
0,135627362
0,002441387
0,000786248
0,000786248
0,000786248
0,000786248
0
0,015327256
0,274597165
0,347293125
0,181145311
0,082078066
0,007532522
0,010030282
0,004096525
0
0,002441387
0,005104666
0,006980565
0,028110031
0,049791858
0,214094608
0,15034736
0
0
0
0
0
0
0
0
0
0
0
0,036048708
0
0,137944016
0,619429548
0,40856387
0,814844066
0,747356319
0,749722319
0,749944101
0,873895379
0,997317015
0,991584974
0,625
0,983352711
0,990720548
0,994375931
0,997046911
0,799599698
0,635869208
0,571303404
0,302102777
0,274963933
0,150290575
0,05429447
0,004096525
0,025041629
0,000786248
0,004096525
0,017431621
0,011040738
0,014236179
0,025367676
0,055768402
0,060256493
0,0073224
0
0,005430713
0,062169506
0,263235756
0,16767946
0,418736698
0,061976031
0,016795136
0
0
0,070935806
0,191872639
0,071805209
0,102460906
0,211069756
0,065197153
0,035477552
0,069004073
0,366356558
0,250742156
0,082671732
0,005182952
0,142212235
0,172983469
0,011040738
0,035490676
0,058354683
0,190704372
0,034122543
0,158415736
0
0
0
0
0
0
0
0
0
0
0
0
0
0
0
0
0
0
0
0
0
0
0
0
0
0
0
0,016360645
0,039102985
0
0
0
0
0
0
0
0,085583766
0,236526664
0,292900691
0,374293162
0,333516542
0,408770013
0,473884461
0,409748422
0,748169941
0,448186122
0,671105735
0,647490845
0,676559234
0,093877811
0,0169944
0,000358312
0
0,006771692
0,053158824
0,006912219
0
0,007698467
0
0,080092316
0,022688661
0,375226591
0,361605768
0,204500742
0,114097791
0,101193729
0,147996217
0,013362156
0,001008141
0
0
0,00624975
0,066470985
0,052055522
0
0,005148253
0
0
0,014096943
0
0
0
0
0
0,001334187
0,065462545
0,047524246
0,096801251
0,04470462
0,237498779
0,134017874
0,058000747
0,019248329
0,031559297
0,023027831
0
0
0
0,016360645
0,135610856
0
0,035137709
0,054296998
0,24141023
0,308325896
0,028444085
0,646052505
0,491369083
0,59935725
0,261931727
0,116270507
0,140069458
0,273209437
0,735857548
0,953467948
0,971724366
0,283914818
0,633160534
0,062351338
0,011040738
0,043809274
0,103715133
0,135935995
0,042801133
0,608467656
0,320807617
0,541381957
0,280163438
0,058353299
0,230232343
0,634226152
0,799558133
0,984025144
0,625
0,998894814
0,999527461
0,125
0,625
0,25
0,749781537
0,866592708
0,800386693
0,351069277
0,752932278
0,171854909
0,122257561
0,128432127
0,103424278
0,054062788
0,175735475
0,062561246
0,078416131
0,055371502
0,099191626
0,246212435
0,117372144
0,185003611
0,579625933
0,134919401
0,29759119
0,462086687
0,265923046
0,221660633
0,089228416
0,069493117
0,0243918
0,017431621
0,074091459
0,177425881
0,138043969
0,230306915
0,17263867
0,340278612
0,224670795
0,050022703
0,029885201
0,005182952
0,0073224
0,0073224
0,0073224
0,005182952
0
0,013383066
0,100679452
0,402177861
0,21030799
0,258401121
0,368574642
0,423635449
0,478138017
0,09871256
0,042004873
0
0
0,01357215
0,027668034
0,060570071
0
0
0
0
0,077731045
0,069822913
0,071691035
0,261684027
0,391041777
0,781320701
0,919665902
0,851842544
0,747436224
0,873881579
0,749940171
0,994347642
0,718359846
0,846558533
0,899612661
0,656216269
0,73434961
0,701077327
0,530018119
0,977188897
0,986468756
0,78261492
0,489449683
0,363905767
0,244191356
0,107242192
0,110948694
0,077926023
0,024033488
0,005182952
0
0,005182952
0,000786248
0,076454537
0,021832484
0,23510509
0,005182952
0
0,002120435
0,005430713
0,000786248
0,004096525
0,099302516
0,116340462
0,114413039
0,015903205
0,011040738
0,110895315
0,074881215
0,039150428
0,005182952
0
0
0,022412674
0,249100359
0,179807155
0,028853951
0,197637028
0,071189487
0,121759865
0,095237956
0,256806285
0,181271705
0,076276015
0,210549039
0,030460024
0,01469744
0,011040738
0,005182952
0,032313573
0,020064755
0,005182952
0,042050978
0,114671311
0,011040738
0,343252738
0,459059998
0,919279034
0,749214112
0,749954167
0,746331661
0,749802848
0,995582302
0,954350145
0,619760851
0,490822046
0,968886206
0,73277839
0,890321076
0,972760396
0,334205369
0,588979424
0,587706049
0,482664508
0,257575647
0,424783085
0,25719573
0,764288752
0,871565883
0,93985182
0,810894768
0,559189488
0,657915236
0,26730278
0,106499556
0,385012882
0,26537518
0,117556824
0,076521589
0,117924029
0,09215594
0,031325634
0,093170301
0,049368459
0,143628027
0,091437113
0,042165491
0,495987692
0,650256456
0,653185646
0,599864398
0,403792525
0,739701352
0,962280141
0,925002062
0,949306049
0,998019518
0,874882146
0,973450934
0,479683296
0,291744013
0,374930316
0,868408148
0,796111792
0,265792997
0,508487483
0,279881408
0,411301222
0,664947937
0,35784455
0,087416101
0,046873045
0,103453605
0,103453605
0,024033488
0,046873045
0,046873045
0,232528686
0,276096657
0,153613269
0,108340107
0,303813986
0,22222952
0,029787887
0,062619982
0,0073224
0,011040738
0,078889609
0,01357215
0,01357215
0,24405938
0,164825206
0,145201474
0,000786248
0,005182952
0
0
0
0
0
0
0,001334187
0,022551738
0,024369206
0,004541996
0,148963126
0,108254839
0
0
0
0
0,049520117
0,017621296
0,090294773
0,029164366
0
0,001334187
0,16657847
0,504379108
0,021300272
0,0181475
0,062007836
0,011856474
0,005763552
0
0
0
0
0,042103156
0,550686311
0,455896425
0,647189159
0,671329485
0,349191508
0,44262918
0,163618342
0
0
0
0,355293938
0,166960737
0,089722147
0,028626565
0,022804249
0,067384262
0,000786248
0,000786248
0
0,034367446
0,108531697
0
0
0
0
0,001008141
0
0
0
0,001334187
0,001334187
0
0,14126777
0,246760681
0,105904122
0
0
0
0
0
0
0,001334187
0,121820382
0,266869469
0,206610705
0,285476865
0,04285456
0,020712979
0,074414903
0,355247366
0,291356565
0,138757735
0,382127138
0,705681796
0,066414359
0,508762696
0,250052582
0,412462551
0,23902068
0,175201661
0,888242347
0,890292761
0,151408541
0,386275088
0,067268716
0,262061327
0,056577066
0,017431621
0,031921585
0,07284164
0,0073224
0,005182952
0,119417237
0,358064081
0,300736595
0,155568581
0,703306278
0,647034158
0,196599382
0,027037395
0,105598345
0,17850658
0,177139916
0,124864495
0,169941414
0,597291839
0,059052402
0,033331739
0,016812478
0,132663954
0,703963609
0,64663662
0,688811462
0,673910041
0,406345236
0,72791903
0,82374653
0,773748453
0,808771798
0,560090472
0,090593436
0,291421695
0,681031303
0,464737965
0,376895354
0,405215108
0,747119213
0,827035394
0,732043121
0,354054002
0,696547522
0,53712568
0,546261757
0,221948217
0,422687837
0,236351946
0,150971295
0,046514733
0,350718584
0,546912031
0,754918519
0,880916889
0,835720192
0,849784111
0,74810646
0,5
0,749976183
0,995756818
0,888402418
0,320192157
0,279549881
0,21365404
0,181314928
0,220332314
0,034982336
0,024033488
0,040815711
0,017431621
0,011040738
0,017431621
0,090260575
0,031325634
0,011040738
0,018439761
0,012048878
0
0
0
0,085321056
0,001334187
0,024636873
0,23675342
0,362192065
0,694610898
0,298205257
0,571523639
0,736665602
0,793849841
0,69723597
0,695352913
0,126048868
0,090907387
0,12003644
0,311759213
0,2873986
0,811044876
0,604026742
0,713949569
0,985773223
0,964028577
0,51755352
0,974723918
0,993864596
0,874113932
0,994547977
0,997984281
0,524531885
0,95802887
0,973452447
0,789125105
0,99406043
0,604060858
0,410778702
0,813329583
0,64562798
0,710799238
0,733423232
0,271972453
0,277844343
0,260990003
0,45313469
0,472862796
0,843132432
0,88112531
0,310747927
0,218654329
0,054712617
0,055070929
0,024033488
0
0
0,004096525
0,011040738
0,075136844
0,0073224
0
0
0
0
0
0
0
0
0
0,001334187
0,049202549
0,348810515
0,568047163
0,577579691
0,690816663
0,450075101
0,545359331
0,262822764
0,09557738
0,019808827
0
0
0,00946384
0
0
0
0
0
0
0
0
0,001334187
0,300908595
0,315025027
0,717864612
0,644695343
0,51409759
0,81205793
0,861706568
0,768537619
0,668384591
0,803910298
0,025755962
0,076727471
0,077475985
0,041856658
0,022042862
0,019259334
0,661253659
0,050331137
0,029068738
0,033984301
0,022042862
0,078192993
0,004096525
0,282044892
0,290698694
0,187516037
0,338751007
0,095356313
0,05817907
0,019219942
0,051402651
0,013076799
0,000786248
0,021968742
0,025369769
0
0
0,012243794
0,019283567
0,025474661
0,000786248
0,04782687
0
0,266332981
0,217153043
0,254427383
0,235297825
0,404203508
0,050679134
0,040733017
0,011864396
0,018906098
0
0
0
0
0
0,008210666
0
0
0,042661902
0
0
0,00624975
0,033435052
0,101845434
0,041416887
0,258207895
0,330012358
0,515433794
0,612355419
0,578289443
0,82023218
0,941371202
0,965258929
0,97246907
0,987014278
0,99899886
0,999512803
0,800507852
0,736316416
0,034448436
0,019098647
0,159894754
0,136005538
0,338411276
0,619463971
0,370583225
0,584339874
0,268892165
0,136689082
0,017859238
0,039928398
0,037942262
0,028504828
0,026242837
0,029460325
0,034206583
0,058428151
0,100222282
0,069626821
0,050767536
0,009461848
0,005182952
0
0,028724313
0,391554999
0,609988203
0,677842632
0,579672769
0,569968369
0,71426986
0,687664867
0,850838782
0,890285327
0,592533335
0,821729024
0,840493036
0,64998352
0,997181493
0,989631676
0,970981976
0,874512827
0,749512827
0,873839353
0,749694345
0,865222712
0,990563549
0,896071883
0,341102888
0,081546133
0,017431621
0,0073224
0,000786248
0
0
0,002441387
0
0,000786248
0,032535277
0,009461848
0,013972646
0,305734661
0,33904653
0,428357355
0,139561726
0,300072821
0,55790504
0,68378584
0,707498548
0,839198684
0,731880047
0,102890889
0,057400996
0,017789932
0,012638458
0,009461848
0,0073224
0,086484298
0,110002781
0,172953393
0,00982016
0,006252676
0,002441387
0,006252676
0,058574072
0,165659183
0,3152203
0,764309659
0,822163133
0,924890544
0,817800629
0,664242346
0,306209379
0,767796582
0,780252779
0,610152394
0,23336543
0,235696931
0,374367433
0,228256943
0,221598456
0,254880198
0,125263657
0,02182414
0,005182952
0,009461848
0,021464748
0,085939656
0,202949353
0,394950272
0,782004288
0,477635087
0,529475847
0,748443653
0,692675521
0,908901735
0,950897009
0,967401258
0,672029444
0,694925475
0,546507372
0,225805067
0,339346178
0,249557237
0,088566687
0,248241815
0,577824855
0,516191549
0,334285314
0,520989595
0,374428748
0,504523226
0,271860832
0,565711976
0,746901059
0,773355991
0,491532978
0,49118918
0,924222508
0,813832472
0,808256629
0,964947128
0,674830943
0,324517006
0,093182206
0,092949633
0,098342043
0,057184481
0,079199635
0,065179394
0,043369992
0,133396389
0,361721366
0,3940705
0,07878868
0,061584522
0,017431621
0,012638458
0,017431621
0,261792142
0,253284883
0,223693006
0,177687876
0,403072543
0,135203937
0,533923435
0,305089385
0,233417701
0,097532527
0,101053054
0,200034976
0,484711508
0,207170733
0,542803816
0,330127764
0,097507813
0,188342585
0,497909867
0,681056316
0,654078439
0,357799652
0,790733609
0,981671593
0,985063257
0,955256729
0,927814655
0,96179229
0,972019825
0,935942642
0,75
0,874762583
0,991137823
0,907485859
0,33821349
0,589490397
0,349297015
0,141656572
0,074882211
0,168859697
0,042959037
0,005182952
0,0158339
0,0073224
0,009461848
0,012638458
0,009461848
0,049797084
0,242320133
0,611230468
0,475052396
0,682804464
0,92661147
0,842738562
0,476260527
0,396947713
0,276491379
0,173333986
0,24680624
0,156325994
0,040799038
0,037142335
0,028452185
0,0666436
0,09427964
0,02182414
0,017431621
0,060599528
0,30944079
0,040167324
0,240667578
0,412820875
0,055436995
0,15445285
0,222750456
0,049467803
0,177967157
0,115359279
0,069245962
0,007260817
0,018460301
0,018176228
0,0073224
0,005182952
0
0
0
0
0
0
0
0
0
0
0
0
0,001334187
0,026203079
0,005754399
0,009391606
0,006966801
0,009391606
0
0
0
0
0,012243794
0
0
0
0
0,012243794
0,012243794
0
0,002614033
0
0
0
0,002614033
0
0
0,03540664
0,066964016
0,115287754
0,068050201
0,218690766
0,165646672
0,354640974
0,077316559
0,08191672
0,058308431
0,000410955
0,01564364
0,005419958
0,040558963
0,093970758
0,053376648
0,10750995
0,093242142
0,051960667
0,170831073
0,073917981
0,167849613
0,58776955
0,600839591
0,184151872
0,120978918
0,407684544
0,239789356
0,415223789
0,779165866
0,68203393
0,13328498
0,105670993
0,017268257
0,002441387
0,021301384
0,032162826
0,008989427
0,047832156
0,0073224
0,020162865
0,257077069
0,594037502
0,559788591
0,094789675
0,062988919
0,089911191
0,208739983
0,063546554
0,091947148
0,039526412
0,124970594
0,027181539
0,014003844
0,021243418
0,080781495
0,33553548
0,137206637
0,008989427
0,020341396
0,149234099
0,009461848
0,262515296
0,170161246
0,224669145
0,037862815
0,092226298
0,074957863
0,195250047
0,663189185
0,571076122
0,685176376
0,39456279
0,380032222
0,804688726
0,774634801
0,824218229
0,581954717
0,274249032
0,374828566
0,484560506
0,161925891
0,161967374
0,146791369
0,401487614
0,323007016
0,283540826
0,283540826
0,280643921
0,360818148
0,186207108
0,087566995
0,083616496
0,040799038
0,059599682
0,132909461
0,315689784
0,152024198
0,07856574
0,028790942
0,033620593
0,082014023
0,012638458
0
0
0,000786248
0,024943697
0,00921608
0,009970982
0
0,000786248
0,000786248
0
0,17587145
0,202953354
0,351910415
0,576394601
0,765223692
0,834552077
0,653173741
0,848177612
0,939021911
0,963635061
0,89090166
0,417805797
0,060309194
0,043731525
0,018439761
0,018439761
0,0073224
0,009461848
0
0
0
0
0,002120435
0
0,014711701
0
0
0,009490512
0,02739531
0,028025064
0,286395534
0,451500771
0,141542915
0,119875072
0,006983383
0,042555374
0,03689911
0,089681768
0,099761682
0,099876031
0,224865745
0,388487741
0,227043703
0,039187882
0,092071535
0,182575467
0,274247949
0,443487735
0,659513416
0,74386004
0,74240698
0,847110665
0,634525026
0,69237115
0,514667634
0,301101139
0,258624957
0,286695314
0,057700411
0,030784833
0,009461848
0,049026933
0,021973617
0,012638458
0,005182952
0,002441387
0,100799636
0,476798823
0,468870987
0,894530065
0,960913251
0,702991042
0,812015564
0,909541657
0,741164885
0,748888456
0,625
0,625
0,75
0,25
0,5
0,125
0,825788331
0,873918724
0,754537578
0,855754546
0,855064491
0,663628877
0,873677833
0,57425823
0,794770116
0,648743841
0,360743102
0,505229183
0,25872243
0,165734198
0,454703941
0,255361184
0,539513624
0,181719523
0,161494043
0,060894219
0,134041867
0,356638469
0,202053158
0,224030794
0,08509476
0,341203763
0,207149692
0,163626321
0,0158339
0,000786248
0,002441387
0
0
0
0
0,002441387
0,136833363
0,01592777
0,041567945
0,052338243
0,084162323
0,151249249
0,70122476
0,756913661
0,895863758
0,842299714
0,749214112
0,749944101
0,749944101
0,990733668
0,990686364
0,688993069
0,782546803
0,318178862
0,300810681
0,3169059
0,608391483
0,627161698
0,583019073
0,335672142
0,682023558
0,158498303
0,030145249
0,017431621
0,04142751
0,0158339
0,0158339
0,017431621
0,037553291
0,085565766
0,030784833
0,069306456
0,133709534
0,171979815
0,5559627
0,649738238
0,10262486
0,045800213
0,021464748
0,026310585
0,026310585
0,009514491
0,105959672
0,0158339
0,036771861
0,201648305
0,088755208
0,012137015
0,007375044
0,002441387
0,017113746
0,02966553
0,270370083
0,337876707
0,318910528
0,106214588
0,057189977
0,082103805
0,074752265
0,127415984
0,000786248
0,006252676
0,000786248
0
0
0
0
0
0,019906369
0
0,016360645
0,180308168
0,017153087
0,025536244
0,094025283
0,007532522
0,005182952
0,0243057
0,026730506
0,010937351
0
0
0,001008141
0
0
0
0
0
0,008210666
0,001334187
0,022212358
0,025771275
0
0
0
0
0,00624975
0
0
0
0,027755917
0,009744603
0,024588601
0,043365882
0,04754359
0
0
0
0,012243794
0
0
0,001334187
0
0
0
0
0
0
0,001279846
0,005851713
0,0071859
0
0
0,00624975
0,107890129
0,083590921
0,004541996
0
0
0
0,002342328
0,044251201
0,010498653
0
0,001279846
0,053468962
0,010744817
0
0,005851713
0,332037995
0,275280545
0,437954894
0,375927353
0,190196794
0,26357613
0,077506238
0,006663632
0,011260535
0,000786248
0,072013508
0,001008141
0
0
0,088590503
0,21211698
0,498073013
0,652855469
0,826909156
0,900132701
0,72285613
0,882902137
0,970646641
0,678688236
0,44131638
0,202607524
0,158862262
0,151923359
0,226158668
0,154262023
0,173200734
0,029899539
0,054439972
0,04105512
0,047167434
0,149979865
0,108713945
0,023857255
0,114151048
0,039372747
0,02445326
0,03197362
0,012638458
0,009461848
0,006252676
0,005182952
0,005182952
0,005182952
0,0073224
0,049427909
0,026111206
0,133263504
0,486385965
0,416795265
0,444263956
0,575199867
0,622157261
0,848933254
0,948838709
0,501474998
0,257656698
0,419118024
0,956283626
0,667174891
0,561767004
0,434065445
0,803493299
0,718804758
0,301381078
0,283603665
0,512285553
0,238768855
0,199332973
0,298787209
0,258769303
0,872360941
0,745564294
0,986041996
0,74950917
0,743361114
0,65269516
0,532081347
0,282986264
0,28109896
0,19576247
0,110819918
0,093132822
0,051113156
0,048204805
0,048257448
0,033747045
0
0,005182952
0,065088017
0,075719514
0,202428015
0,594763801
0,130775407
0,112712858
0,008750436
0,005182952
0,005182952
0,18040526
0,459281609
0,460094804
0,149317737
0,658892494
0,78614587
0,874444814
0,745723337
0,624481531
0,79522274
0,765113697
0,954712452
0,962201587
0,979083748
0,999068577
0,897527253
0,848719335
0,728991012
0,657624013
0,630189379
0,651568405
0,89404997
0,994683729
0,962044328
0,977634608
0,974965708
0,873781761
0,805984414
0,837246005
0,744870284
0,499420927
0,258172689
0,304421311
0,265731678
0,272927043
0,303904978
0,224374568
0,087741826
0,088785209
0,055559854
0,250129116
0,635714568
0,1604478
0,068350987
0,143275677
0,217513235
0,399979404
0,788135793
0,630235699
0,97016571
0,988236395
0,932332943
0,863357208
0,749880598
0,869882615
0,786377245
0,653722123
0,344637464
0,212721684
0,250427158
0,194097131
0,101123158
0,142939543
0,078210335
0,116377669
0,07183243
0,218728798
0,193929721
0,199954171
0,403490368
0,467488643
0,445214476
0,28080706
0,723322832
0,793342749
0,673737924
0,294406499
0,272015222
0,274203349
0,589363082
0,270225226
0,150917549
0,056726081
0,19055058
0,050472463
0,265100852
0,216210021
0,220052572
0,16095806
0,016192212
0,017431621
0,046123312
0,01139905
0,041970952
0,041970952
0,046363472
0,012638458
0,011040738
0,000786248
0
0
0
0
0
0,012374925
0,002441387
0
0
0,038490095
0,080132228
0,263998012
0,01288771
0,039433563
0,072752387
0,012689715
0
0,007796986
0,024286605
0,041047946
0,01853267
0
0
0,000786248
0
0
0,008785709
0,074292021
0,095539048
0,011516532
0,014451517
0,018890341
0,378777281
0,206444058
0,011355528
0,000786248
0,006462799
0
0
0
0,065211835
0,074691558
0,112551239
0,207691694
0,032123826
0,006885469
0,012783564
0,075145027
0,29961919
0,883809908
0,829694305
0,921336906
0,579378869
0,772744511
0,927374596
0,283928391
0,604200388
0,173493383
0,088761232
0,051655417
0,045033902
0,038519694
0,000786248
0,01299677
0,114113937
0,180840568
0,011354396
0,058796743
0,002441387
0,005182952
0
0
0,012638458
0,099684211
0,071358306
0,011040738
0,011040738
0,000786248
0
0
0,002120435
0,026433203
0,04178509
0,1612043
0,487994698
0,453243651
0,355625944
0,403699916
0,51118574
0,561248063
0,543177306
0,747653894
0,73291806
0,749984382
0,75
0,749954167
0,999954167
0,99972371
0,5
0,75
0,719342877
0,603530478
0,634354896
0,199944694
0,078420169
0,087473778
0,028810497
0,005182952
0,017431621
0,0158339
0,035153686
0,125786752
0,035153686
0,024172129
0,011040738
0,017431621
0,054793336
0,052832419
0,255049262
0,729307088
0,5613409
0,267418933
0,653836586
0,650417459
0,286491807
0,784185364
0,94109839
0,979845057
0,949720366
0,749389768
0,748735928
0,921249622
0,956452724
0,624363713
0,470128589
0,496083965
0,353448308
0,076003426
0,04763235
0,068813683
0,0158339
0,012638458
0,0243918
0,072292373
0,169428778
0,21936149
0,640587861
0,918591943
0,870062179
0,764147494
0,71800527
0,88411048
0,61209508
0,799723336
0,33051985
0,244927692
0,356870912
0,297609114
0,955845888
0,881516701
0,728054287
0,473562952
0,121122596
0,148185659
0,056765139
0,008392124
0,005182952
0,033958328
0,011040738
0,005182952
0
0
0,014068555
0,019120477
0,002441387
0,005182952
0
0
0
0
0
0
0
0
0,008210666
0,00624975
0
0,117577369
0,150949118
0,264880443
0,179976522
0,111758049
0,032742639
0,012320584
0,000786248
0
0,008392124
0,137078089
0,072710585
0,63092052
0,543672661
0,590238246
0,564863416
0,180022707
0,112264567
0,121979294
0,343514997
0,911953107
0,682935341
0,342318524
0,215885222
0,100349131
0,437015139
0,082490733
0,011040738
0,0073224
0,0073224
0,141971947
0,171606638
0,130993617
0,130993617
0,116951404
0,029356408
0,048165291
0,0073224
0
0
0
0
0
0
0
0
0
0,004288833
0
0,00624975
0
0,007529596
0
0,035140745
0,139396979
0,505874684
0,721135162
0,561917135
0,678831274
0,838111268
0,727743248
0,96815889
0,982471895
0,993452595
0,745970913
0,866550739
0,75
0,875
0,625
0
0,25
0,625
0,952429404
0,865947079
0,676006981
0,358276411
0,195361457
0,297240849
0,318182684
0,260986287
0,2293585
0,421885058
0,259472149
0,197091825
0,537658669
0,179764881
0,147206737
0,085609912
0,144540089
0,251541374
0,683754074
0,737680529
0,822477223
0,684193305
0,622006882
0,754021133
0,280468397
0,173232041
0,211068937
0,392165832
0,146025288
0,087988049
0,147043239
0,316133855
0,766454531
0,981928466
0,625
0,624842087
0,87411441
0,988292758
0,874842087
0,874206172
0,864909783
0,780736189
0,647690419
0,535229887
0,823676001
0,547479335
0,343294642
0,455699408
0,708561012
0,895079377
0,849845706
0,857485573
0,973083387
0,871456156
0,823676001
0,387489314
0,308633556
0,24692323
0,12642683
0,080786624
0,115117963
0,1174961
0,04506818
0,028452185
0,034233985
0,024033488
0,131576321
0,091521216
0,240370076
0,226351662
0,066053478
0,407424606
0,266655839
0,236475001
0,017431621
0,012638458
0,0158339
0,017431621
0,034233985
0,017431621
0,008392124
0,126648126
0,100533983
0,139845369
0,125952908
0,096151599
0,08316522
0,028375077
0,0073224
0,0073224
0,012638458
0,052258803
0,074547816
0,008392124
0,005182952
0,002441387
0,0073224
0,005182952
0,005182952
0
0,0073224
0,018675001
0,0231422
0,13282882
0,093695423
0,192235719
0,36988207
0,345629083
0,145576472
0,322282557
0,609553463
0,407639233
0,443901237
0,443901237
0,794887948
0,501642044
0,690322382
0,353323343
0,266691113
0,713484525
0,50117914
0,751453383
0,653837686
0,760552501
0,761465909
0,363063037
0,177117568
0,302005059
0,218852942
0,195038023
0,173891314
0,674735724
0,381107491
0,210543877
0,952631672
0,869606338
0,99216596
0,793575423
0,841041076
0,725216111
0,777819608
0,51751929
0,922462238
0,767067584
0,544834576
0,629964584
0,952713829
0,752222352
0,726536279
0,888734345
0,414816544
0,345785663
0,1367393
0,195791894
0,132622214
0,142615689
0,028452185
0,017431621
0,04696348
0,053108912
0,218040092
0,330052424
0,674582743
0,605665286
0,480281995
0,390152531
0,255115222
0,962311248
0,952645668
0,446354052
0,509849758
0,703742986
0,51901462
0,194898179
0,160067042
0,257992257
0,420068428
0,477504769
0,472437425
0,168004034
0,146665492
0,430917276
0,243391396
0,144088593
0,182620854
0,26343378
0,227073933
0,07666327
0,141489259
0,04545822
0,030800173
0,011040738
0,005182952
0,002441387
0
0
0
0
0
0
0
0
0
0
0
0
0
0
0
0
0
0
0
0
0
0
0
0
0
0,013431855
0,069303964
0,056124407
0,045275559
0,119947266
0,098574088
0,025456141
0,008321961
0,025456141
0
0
0
0
0
0
0
0
0
0,007529596
0,036048708
0,323909678
0,280119956
0,364139982
0,45151609
0,372062843
0,433017519
0,42294835
0,203366009
0,330805053
0,710598022
0,845912128
0,748279013
0,749954167
0,749843112
0,990196133
0,388611704
0,110027683
0,239382177
0,079060727
0,085895266
0,158810926
0,083763352
0,029655485
0,037222377
0,111880337
0,552214832
0,379025108
0,092655708
0,200330272
0,357335343
0,26133462
0,248078488
0,308387813
0,871639162
0,528360054
0,316910538
0,057192779
0,146094057
0,065607274
0,024224772
0,0073224
0,005182952
0,008392124
0,0073224
0,011040738
0,060169993
0,102191241
0,261183723
0,167626795
0,239755637
0,421005877
0,63380425
0,630172089
0,255587812
0,019832252
0,0073224
0,002441387
0,025496744
0,017823576
0,000786248
0
0
0
0
0
0
0
0,023524227
0,011006157
0
0
0,014574637
0,022454503
0,002441387
0
0,014574637
0,053907598
0,244936646
0,192877484
0,091473069
0,00967197
0,00967197
0,00967197
0,029777225
0,239631583
0,134757887
0,006252676
0
0
0,006252676
0,03919001
0,175905426
0,078769319
0,135620544
0,070253971
0,261941952
0,252686184
0,142220536
0,510487052
0,619803039
0,682016684
0,883343809
0,946555115
0,934677534
0,750568182
0,731066697
0,162137116
0,209111695
0,121277695
0,228381686
0,298982322
0,146062741
0,231995494
0,534590425
0,936030334
0,934780202
0,90224682
0,675969233
0,568215446
0,47610483
0,30122887
0,523442213
0,204563032
0,083705355
0,037142335
0,028452185
0,006252676
0
0
0
0,005182952
0,006252676
0
0,002441387
0,002441387
0,008392124
0,005182952
0,020960419
0,005182952
0,028298558
0,002441387
0,002441387
0
0
0,016714085
0,007532522
0,002441387
0,002441387
0
0
0
0
0
0
0
0
0
0
0,029385084
0
0,018134236
0,008321961
0,001279846
0,104456627
0,286296444
0,556731495
0,283493064
0,1290614
0,489683409
0,669420597
0,588200647
0,774829909
0,872371427
0,775491578
0,133887583
0,217949317
0,125183564
0,265072426
0,110827565
0,070691901
0,025803493
0,10505556
0,244048297
0,21951357
0,085580287
0,030586832
0,063871063
0,038877485
0,14582147
0,494049067
0,622283397
0,774138467
0,912162428
0,641502143
0,786877237
0,856235232
0,940822924
0,742143797
0,57522815
0,500156347
0,803008113
0,726532278
0,329583196
0,892798161
0,825637972
0,761651405
0,418567317
0,175889455
0,122174039
0,074847628
0,076956345
0,050197474
0,042398675
0,051828839
0,043733427
0,197259289
0,231737473
0,168700408
0,174891114
0,715810059
0,838284498
0,710710439
0,777466205
0,915972686
0,865194081
0,731624862
0,764166649
0,705912308
0,347226874
0,158068814
0,078816965
0,102176907
0,080925682
0,106210035
0,074847628
0,129142605
0,078236191
0,048862721
0,080989472
0,037500647
0,031325634
0,014236179
0
0
0
0
0
0,006252676
0,028772371
0,015252492
0
0,005182952
0
0
0
0
0
0
0
0
0
0
0
0
0
0
0
0
0
0
0
0
0
0,002614033
0,002614033
0
0
0
0,008321961
0,015841838
0,005367315
0,034850539
0,112439041
0
0,0071859
0
0,011920005
0,010140546
0,043908008
0,001279846
0
0,058540089
0,145686669
0,011392977
0
0,015428253
0,003721233
0
0
0,006474514
0,052038593
0,162978821
0,060316629
0,014094066
0,06191435
0,002441387
0,026011034
0,010644116
0,036594037
0
0
0
0
0
0,049661264
0,252549234
0,343404619
0,343912551
0,398978177
0,081348202
0,282902654
0,210624841
0,195008769
0,450384613
0,222380121
0,267104941
0,23973732
0,193882195
0,403615011
0,601533244
0,550326402
0,501177828
0,75531736
0,751167071
0,835377088
0,742291104
0,386784979
0,220231707
0,301103121
0,650938843
0,902030349
0,485752229
0,452252388
0,376824936
0,58979332
0,968593391
0,986508759
0,956975863
0,944441933
0,893550769
0,994400712
0,977343998
0,988921166
0,749719719
0,749719719
0,625
0,625
0,125
0,375
0,874786194
0,75
0,983275766
0,555048713
0,516310628
0,792376101
0,672056897
0,659922801
0,614304071
0,165129126
0,128957401
0,133042641
0,14741662
0,186427521
0,316736589
0,226211479
0,158843215
0,488796652
0,860006097
0,97231373
0,886981237
0,972912184
0,975515635
0,990427712
0,873844322
0,960940384
0,990952593
0,997216339
0,625
0,5
0,625
0,375
0,375
0,625
0,874786194
0,874226147
0,745436051
0,680061248
0,668467092
0,865002054
0,873726282
0,874737495
0,732908295
0,871468554
0,732908295
0,656588024
0,47443656
0,323066739
0,166023357
0,195765052
0,185988506
0,164242875
0,160663614
0,326111037
0,428812596
0,230909102
0,226479392
0,137423891
0,114172632
0,1016306
0,057299348
0,040050686
0,040050686
0,068808854
0,086848723
0,068808854
0,104498533
0,071156843
0,065197829
0,107708567
0,046514733
0,037142335
0,031325634
0,028452185
0,037142335
0,100764387
0,3596052
0,285355437
0,168301649
0,071038592
0,078364806
0,226420903
0,190198106
0,349922132
0,577908517
0,701026483
0,790044459
0,720487916
0,880650407
0,907013937
0,864105022
0,893085255
0,742649567
0,934775916
0,972635359
0,580384348
0,455189056
0,455189056
0,333261353
0,310683739
0,511793125
0,615427659
0,89921975
0,407556527
0,486618211
0,325240116
0,418064723
0,78292662
0,984776406
0,954993188
0,976954152
0,901575305
0,465139621
0,622779806
0,459280042
0,936289879
0,980003177
0,997315161
0,997919121
0,624994431
0,874497871
0,874824893
0,988717026
0,812550817
0,715192806
0,418473591
0,717172914
0,902063637
0,502741027
0,444139941
0,420623416
0,319093321
0,263577294
0,341515688
0,308539713
0,714746302
0,853784419
0,366297119
0,203515505
0,182446761
0,118768549
0,068808854
0,094545207
0,110449991
0,124074127
0,114892913
0,189207178
0,104156807
0,122768625
0,250395065
0,122768625
0,195347039
0,168056727
0,209296918
0,180666718
0,394232882
0,846320392
0,807293923
0,747407706
0,624994431
0,74992364
0,74992364
0,624994431
0,625
0,625
0,998939823
0,874824893
0,874929804
0,985469516
0,866549634
0,540979893
0,481309682
0,265571848
0,192210669
0,155473193
0,151772897
0,158420065
0,222289645
0,139246828
0,116022466
0,131066118
0,086552111
0,137380884
0,193932702
0,168798057
0,069525478
0,046514733
0,057299348
0,028452185
0,02182414
0,0158339
0,012638458
0,009461848
0,017431621
0,005182952
0,005182952
0,0158339
0,036277282
0,024438173
0,005182952
0,034067934
0,009461848
0
0,002441387
0,009461848
0,143787876
0,135393928
0,021201214
0
0,002441387
0
0,020960419
0,115679904
0,33977996
0,144368529
0,369378333
0,056471144
0,129486737
0,094609534
0,071206928
0,017472058
0,186426857
0,071787979
0,11573236
0,525622335
0,158337348
0,0158339
0,082484469
0,093917957
0,017789932
0,032045969
0,036438545
0,016192212
0,020701143
0,061933626
0,113522671
0,027846944
0,190547036
0,333990084
0,532955325
0,033380722
0,029292687
0,012638458
0,008392124
0,014236179
0,058388436
0,348962146
0,444882639
0,575321727
0,38235863
0,324068728
0,489366609
0,470231629
0,446287006
0,125557477
0,026023165
0,014236179
0,012638458
0,029292687
0,022182452
0,039038656
0,017789932
0,0158339
0,012638458
0,009461848
0,014236179
0,009461848
0,002441387
0
0
0
0
0,028465034
0,010751632
0,01849647
0,013504913
0,010550267
0
0
0
0
0,019245332
0
0
0,092440529
0,3926905
0,151676909
0,630624115
0,478596443
0,765563336
0,828904562
0,219061668
0,105062192
0,215098469
0,172111731
0,162517552
0,233533962
0,295338
0,240738629
0,101133727
0,111599855
0,56342982
0,127021714
0,082145493
0,035005529
0,056217878
0,029347594
0,012638458
0
0
0
0,005182952
0
0
0
0,034360091
0,027059149
0,060298311
0,326671256
0,009461848
0,04004041
0,017029898
0,008392124
0,002441387
0,026366401
0,317912201
0,070436464
0,170086756
0,127985797
0,329390692
0,322480578
0,220475353
0,295622633
0,780284368
0,368295591
0,890593266
0,722781366
0,553803148
0,128623185
0,040471087
0,035005529
0,164462648
0,193463366
0,116702832
0,187720748
0,172401323
0,206417705
0,559076049
0,634802575
0,411933917
0,494638666
0,115728281
0,125001143
0,077335977
0,246182736
0,502211383
0,374292321
0,197398792
0,648715486
0,359528855
0,635919126
0,835870905
0,697670576
0,449246067
0,578292366
0,621974479
0,827771035
0,662854399
0,267005894
0,077819002
0,04076731
0,031325634
0,012638458
0,008392124
0,028452185
0,017431621
0,10889888
0,282229783
0,399418854
0,578475092
0,584898481
0,477033861
0,820632496
0,830487322
0,231248129
0,279268107
0,31899135
0,362559736
0,525885242
0,449624536
0,469998511
0,871911662
0,865434344
0,985893733
0,747805736
0,872088787
0,873637353
0,749420691
0,97969319
0,994925592
0,981052101
0,749263784
0,787192785
0,226621911
0,585156395
0,368548701
0,326909633
0,362669315
0,90276351
0,39379641
0,319720161
0,475647818
0,236653398
0,237836101
0,364875394
0,315404592
0,319714483
0,353133501
0,204876455
0,237942715
0,268901443
0,255464571
0,255464571
0,698275472
0,619939398
0,786630808
0,525296009
0,205919838
0,237721353
0,31871391
0,698275472
0,40962149
0,637224179
0,455900592
0,208874484
0,629075475
0,474013623
0,46051074
0,166689851
0,156666424
0,159454023
0,212827643
0,295481687
0,602137742
0,343469499
0,310287216
0,438048674
0,173290885
0,106936479
0,031325634
0,0158339
0,017431621
0,237721353
0,31871391
0,698275472
0,40962149
0,637224179
0,455900592
0,208874484
0,629075475
0,474013623
0,46051074
0,166689851
0,156666424
0,159454023
0,212827643
0,295481687
0,602137742
0,343469499
0,310287216
0,438048674
0,173290885
0,106936479
0,031325634
0,0158339
0,017431621
