1911
1787
1668
1578
1517
1499
1517
1492
1536
1689
1834
1933
1943
1871
1804
1800
1973
2123
2159
2170
2174
2174
2089
1904
1674
1513
1416
1384
1393
1495
1780
2045
2216
2351
2437
2476
2438
2382
2326
2296
2420
2582
2569
2534
2488
2527
2396
2112
1824
1645
1532
1493
1519
1620
1923
2155
2317
2400
2404
2405
2368
2312
2244
2198
2401
2665
2656
2637
2572
2577
2408
2129
1852
1659
1562
1523
1543
1653
1953
2193
2352
2421
2419
2431
2413
2368
2325
2314
2506
2699
2680
2621
2559
2557
2367
2091
1821
1646
1553
1524
1539
1643
1929
2167
2311
2370
2360
2365
2328
2262
2189
2160
2345
2673
2658
2619
2560
2510
2370
2080
1825
1641
1529
1481
1473
1506
1601
1682
1810
1943
2025
2060
2015
1940
1874
1823
2020
2297
2349
2357
2322
2302
2231
2017
1799
1587
1465
1414
1403
1437
1531
1602
1732
1885
1963
2043
2007
1906
1815
1788
1935
2190
2224
2241
2220
2265
2153
1901
1659
1517
1430
1406
1417
1538
1905
2167
2336
2389
2385
2426
2425
2380
2323
2297
2428
2598
2574
2543
2469
2450
2282
1984
1725
1568
1474
1454
1467
1592
1924
2181
2328
2366
2325
2345
2320
2264
2185
2155
2327
2586
2570
2534
2462
2461
2265
1979
1724
1554
1470
1440
1462
1594
1931
2189
2315
2338
2297
2308
2265
2211
2141
2106
2258
2547
2550
2523
2446
2432
2244
1961
1698
1548
1458
1428
1440
1562
1892
2162
2313
2335
2308
2351
2303
2252
2179
2135
2257
2534
2527
2493
2407
2423
2247
1962
1703
1541
1444
1420
1439
1564
1884
2144
2263
2290
2259
2280
2237
2145
2068
2027
2160
2487
2497
2469
2395
2357
2222
1961
1729
1560
1475
1442
1446
1518
1685
1836
2015
2089
2080
2088
2042
1969
1906
1902
2018
2374
2431
2410
2341
2297
2201
1965
1731
1554
1454
1405
1388
1427
1517
1592
1751
1907
2012
2052
1995
1874
1768
1721
1829
2186
2250
2285
2256
2294
2142
1874
1623
1477
1396
1363
1388
1543
1963
2284
2400
2402
2332
2327
2268
2185
2109
2069
2224
2588
2607
2583
2521
2501
2296
1992
1736
1580
1492
1475
1491
1623
2027
2333
2439
2430
2364
2360
2314
2243
2170
2152
2312
2630
2635
2610
2534
2527
2297
1988
1717
1560
1480
1465
1485
1619
2004
2319
2407
2421
2388
2421
2383
2310
2267
2240
2363
2621
2612
2591
2518
2496
2299
1994
1743
1584
1499
1474
1497
1617
1993
2266
2350
2367
2344
2366
2319
2246
2188
2188
2346
2600
2600
2561
2474
2476
2273
1960
1700
1546
1467
1437
1461
1577
1945
2203
2276
2272
2231
2257
2217
2142
2076
2051
2158
2506
2541
2510
2436
2377
2226
1989
1739
1579
1477
1441
1438
1510
1692
1849
2031
2111
2104
2122
2086
2007
1941
1932
2042
2341
2407
2375
2299
2235
2142
1938
1696
1479
1415
1388
1385
1418
1506
1584
1746
1905
2029
2081
2010
1879
1772
1725
1823
2121
2167
2178
2172
2200
2035
1775
1545
1402
1324
1304
1330
1478
1871
2202
2339
2378
2356
2381
2356
2290
2225
2206
2311
2531
2527
2497
2439
2392
2204
1913
1667
1516
1444
1416
1439
1571
1940
2239
2352
2380
2356
2396
2369
2308
2254
2249
2357
2554
2549
2503
2434
2399
2206
1936
1701
1537
1433
1402
1431
1569
1935
2216
2322
2349
2332
2381
2344
2272
2214
2227
2366
2609
2615
2602
2517
2491
2338
2033
1776
1612
1540
1515
1532
1667
2044
2325
2449
2495
2472
2492
2452
2398
2349
2324
2422
2691
2710
2658
2593
2596
2400
2082
1804
1640
1560
1529
1552
1685
2075
2367
2507
2534
2484
2498
2454
2385
2320
2301
2394
2706
2741
2689
2589
2576
2393
2123
1835
1671
1576
1543
1551
1626
1821
1976
2208
2314
2326
2343
2291
2203
2116
2084
2168
2491
2608
2594
2519
2516
2367
2099
1859
1610
1571
1528
1520
1561
1654
1730
1945
2121
2238
2273
2192
2055
1936
1896
1960
2261
2395
2405
2381
2417
2253
1993
1721
1568
1487
1461
1487
1636
2050
2346
2503
2522
2475
2482
2431
2356
2312
2270
2317
2629
2708
2683
2624
2593
2379
2062
1800
1649
1572
1546
1568
1705
2098
2375
2507
2497
2432
2431
2365
2286
2208
2164
2243
2609
2718
2705
2605
2595
2402
2075
1808
1647
1560
1536
1560
1708
2095
2351
2468
2455
2393
2394
2342
2266
2194
2162
2256
2594
2703
2691
2619
2590
2378
2066
1789
1626
1557
1534
1552
1690
2071
2336
2455
2477
2433
2431
2387
2310
2234
2186
2244
2586
2685
2650
2566
2579
2373
2055
1790
1643
1563
1526
1545
1695
2069
2323
2437
2424
2365
2371
2320
2231
2151
2126
2207
2533
2650
2633
2558
2527
2328
2069
1826
1663
1561
1533
1536
1610
1793
1939
2160
2250
2243
2234
2168
2075
2007
1970
2058
2356
2520
2511
2428
2402
2266
2036
1787
1608
1515
1481
1479
1521
1590
1643
1852
2007
2117
2156
2090
1965
1858
1799
1842
2135
2332
2377
2335
2376
2228
1964
1708
1550
1478
1449
1474
1628
2053
2321
2485
2481
2404
2401
2348
2276
2190
2141
2198
2544
2693
2673
2597
2554
2339
2022
1763
1613
1538
1516
1536
1680
2070
2337
2463
2473
2426
2445
2409
2339
2278
2233
2298
2585
2671
2638
2571
2543
2308
2006
1748
1593
1512
1483
1506
1644
2031
2293
2434
2467
2452
2475
2423
2369
2288
2258
2317
2569
2647
2617
2543
2519
2315
2002
1737
1589
1508
1484
1505
1633
1994
2232
2366
2383
2354
2368
2325
2255
2178
2143
2194
2490
2609
2574
2500
2483
2272
1974
1714
1572
1495
1459
1486
1618
1980
2248
2392
2420
2404
2439
2412
2344
2265
2223
2261
2502
2581
2545
2463
2411
2239
1977
1756
1593
1488
1461
1462
1526
1712
1847
2067
2179
2212
2258
2218
2137
2052
2005
2032
2259
2452
2437
2353
2335
2192
1946
1724
1576
1466
1415
1407
1443
1526
1590
1787
1981
2127
2190
2125
1980
1849
1760
1758
2013
2192
2236
2206
2247
2095
1837
1603
1461
1386
1368
1393
1540
1931
2183
2334
2347
2310
2339
2306
2260
2201
2179
2242
2481
2571
2550
2475
2427
2240
1946
1705
1561
1492
1477
1497
1619
1962
2239
2384
2431
2415
2450
2411
2343
2255
2213
2228
2442
2607
2580
2542
2533
2295
1985
1720
1586
1503
1480
1506
1642
2006
2243
2369
2300
2254
2265
2217
2148
2069
2020
2058
2371
2594
2586
2504
2471
2280
1990
1727
1576
1488
1464
1480
1611
1964
2208
2358
2371
2347
2380
2336
2265
2208
2182
2210
2409
2580
2568
2490
2483
2324
2014
1746
1586
1506
1476
1498
1631
1985
2218
2372
2378
2340
2377
2347
2288
2217
2194
2236
2455
2599
2582
2502
2496
2310
2035
1790
1634
1513
1479
1485
1542
1713
1883
2104
2199
2210
2243
2202
2103
2028
2003
2050
2270
2470
2466
2394
2388
2224
1963
1749
1604
1497
1452
1439
1464
1540
1613
1832
1977
2086
2141
2079
1964
1857
1790
1815
2037
2253
2296
2276
2302
2134
1898
1660
1507
1411
1386
1421
1559
1941
2219
2402
2426
2385
2403
2360
2277
2194
2140
2162
2378
2599
2588
2534
2500
2300
1996
1738
1588
1501
1481
1504
1631
1979
2236
2378
2400
2354
2377
2341
2288
2229
2198
2223
2415
2586
2565
2515
2496
2291
1988
1749
1596
1509
1484
1510
1635
1981
2210
2340
2349
2298
2320
2280
2210
2142
2109
2142
2348
2549
2546
2501
2478
2259
1954
1695
1550
1482
1447
1477
1614
1936
2175
2323
2340
2314
2345
2294
2214
2145
2120
2161
2347
2544
2528
2458
2447
2260
1963
1705
1554
1465
1449
1472
1606
1923
2172
2306
2302
2241
2241
2186
2115
2040
1989
2021
2231
2501
2501
2436
2412
2213
1935
1723
1557
1464
1432
1448
1520
1661
1843
2044
2108
2091
2111
2058
1978
1904
1868
1898
2112
2414
2436
2340
2306
2154
1900
1682
1509
1407
1370
1368
1398
1468
1553
1748
1912
2035
2090
2031
1906
1804
1745
1768
1963
2183
2225
2191
2224
2065
1802
1576
1436
1372
1359
1389
1524
1901
2176
2359
2395
2363
2375
2326
2247
2164
2102
2114
2261
2532
2536
2486
2459
2261
1950
1701
1551
1477
1461
1487
1629
1967
2221
2357
2334
2265
2273
2228
2163
2076
2033
2059
2265
2549
2551
2498
2469
2258
1945
1699
1549
1467
1435
1458
1588
1917
2168
2303
2296
2243
2249
2224
2180
2129
2102
2124
2268
2514
2521
2454
2419
2202
1909
1698
1546
1459
1432
1452
1561
1838
2053
2217
2258
2243
2266
2219
2140
2062
2018
2044
2239
2475
2481
2426
2410
2218
1931
1667
1517
1436
1416
1445
1578
1911
2139
2262
2256
2223
2255
2219
2162
2082
2046
2064
2230
2498
2499
2427
2411
2213
1924
1662
1511
1428
1409
1427
1557
1884
2124
2270
2293
2273
2337
2339
2286
2220
2162
2133
2231
2470
2483
2415
2370
2195
1915
1685
1526
1437
1392
1394
1456
1597
1784
1982
2057
2081
2116
2093
2033
1990
1958
2015
2169
2350
2382
2272
2244
2098
1890
1670
1514
1410
1374
1369
1404
1440
1535
1723
1842
1927
1958
1881
1750
1622
1547
1528
1669
2068
2178
2159
2178
2035
1767
1548
1410
1332
1315
1350
1501
1838
2102
2238
2223
2160
2159
2120
2059
1977
1911
1919
2071
2442
2481
2421
2378
2151
1860
1616
1495
1418
1403
1429
1572
1870
2124
2231
2216
2157
2174
2134
2063
1974
1919
1927
2055
2424
2474
2422
2381
2152
1843
1597
1457
1382
1365
1393
1536
1835
2081
2212
2227
2205
2217
2210
2157
2106
2082
2117
2258
2479
2496
2448
2394
2176
1882
1648
1499
1433
1401
1419
1549
1865
2130
2284
2296
2275
2315
2278
2216
2152
2112
2141
2266
2489
2502
2435
2410
2207
1918
1680
1538
1452
1429
1447
1577
1874
2125
2250
2262
2237
2273
2238
2170
2098
2051
2070
2175
2440
2479
2420
2385
2201
1931
1691
1537
1452
1431
1444
1510
1629
1817
2031
2107
2121
2156
2134
2068
1980
1938
1964
2077
2387
2435
2369
2352
2142
1860
1671
1513
1415
1383
1374
1405
1444
1571
1786
1953
2082
2118
2027
1889
1758
1693
1679
1785
2118
2240
2209
2237
2104
1817
1583
1446
1378
1364
1397
1543
1845
2128
2249
2233
2166
2163
2133
2065
1983
1910
1907
2011
2406
2510
2446
2387
2163
1858
1618
1468
1410
1392
1420
1565
1842
2123
2227
2190
2121
2115
2108
2039
1967
1903
1886
1988
2366
2474
2436
2378
2150
1852
1609
1476
1410
1397
1413
1560
1813
2078
2169
2131
2057
2077
2051
1990
1923
1861
1852
1939
2321
2456
2401
2337
2094
1791
1549
1423
1351
1337
1354
1501
1763
2013
2106
2075
2031
2059
2043
1991
1918
1869
1857
1940
2313
2431
2368
2332
2107
1802
1576
1437
1367
1355
1382
1525
1789
2056
2135
2102
2043
2068
2048
1977
1905
1852
1847
1938
2293
2422
2362
2302
2078
1828
1614
1483
1418
1384
1392
1467
1565
1784
1937
1962
1932
1941
1904
1833
1764
1719
1724
1839
2241
2370
2296
2252
2047
1794
1569
1436
1364
1327
1324
1363
1377
1524
1699
1799
1875
1913
1839
1707
1597
1515
1501
1588
1956
2140
2113
2081
1937
1681
1468
1348
1286
1265
1294
1436
1731
2016
2170
2190
2165
2225
2226
2184
2129
2106
2143
2255
2435
2448
2375
2306
2116
1841
1616
1486
1415
1393
1412
1561
1857
2161
2334
2367
2319
2331
2286
2217
2173
2141
2158
2255
2480
2557
2510
2448
2225
1939
1696
1564
1490
1473
1499
1603
1867
2184
2333
2364
2357
2395
2363
2299
2236
2202
2208
2305
2541
2624
2574
2518
2278
1978
1717
1570
1505
1484
1504
1640
1919
2237
2395
2403
2375
2406
2368
2304
2235
2203
2241
2338
2563
2648
2592
2560
2333
2004
1754
1590
1505
1485
1510
1640
1933
2234
2374
2374
2338
2357
2307
2232
2161
2120
2156
2242
2498
2602
2535
2504
2296
1995
1766
1614
1522
1488
1493
1564
1680
1908
2141
2233
2249
2283
2260
2206
2112
2057
2058
2120
2403
2514
2432
2409
2240
1987
1730
1572
0
1476
1439
1453
1506
1558
1710
1907
2086
2175
2150
2028
1906
1844
1823
1826
1923
2188
2302
2248
2205
1948
1675
1510
1415
1376
1407
1553
1914
2206
2332
2364
2320
2349
2332
2276
2211
2167
2153
2182
2223
2467
2577
2455
2339
2047
1750
1579
1488
1447
1473
1608
1961
2243
2369
2401
2370
2384
2349
2287
2223
2180
2165
2182
2246
2477
2588
2459
2325
2042
1765
1588
1494
1451
1476
1616
1963
2257
2375
2399
2373
2411
2386
2322
2247
2194
2188
2192
2242
2489
2583
2465
2364
2082
1775
1601
1507
1477
1494
1631
1985
2261
2380
2391
2339
2363
2327
2259
2171
2116
2094
2106
2161
2413
2538
2435
2320
2033
1737
1581
1487
1449
1473
1602
1941
2220
2332
2349
2309
2343
2313
2227
2163
2121
2099
2113
2176
2425
2522
2378
2281
2029
1756
1584
1485
1443
1439
1502
1659
1862
2044
2107
2097
2104
2071
2005
1907
1855
1826
1842
1933
2238
2411
2300
2225
1974
1704
1537
1424
1368
1361
1394
1451
1590
1764
1871
1910
1943
1898
1786
1659
1579
1535
1549
1646
1955
2182
2125
2076
1830
1560
1411
1335
1300
1338
1497
1846
2133
2225
2203
2132
2141
2116
2054
1988
1917
1898
1895
1943
2217
2450
2322
2193
1902
1626
1477
1401
1363
1401
1549
1866
2156
2206
2189
2124
2136
2109
2049
1978
1926
1914
1914
1970
2241
2457
2338
2185
1897
1620
1476
1399
1369
1397
1532
1846
2137
2244
2252
2228
2271
2250
2186
2121
2060
2031
2041
2090
2318
2475
2355
2229
1950
1665
1497
1408
1391
1415
1546
1849
2142
2273
2291
2250
2261
2232
2156
2073
2002
1975
1966
1975
2195
2448
2382
2289
1999
1705
1528
1443
1407
1430
1557
1818
2094
2218
2220
2179
2185
2129
2051
1973
1936
1915
1908
1920
2119
2399
2316
2217
1989
1698
1520
1419
1375
1373
1439
1528
1734
1903
1970
1988
2014
1983
1932
1872
1824
1786
1767
1810
2035
2280
2173
2099
1867
1576
1400
1298
1247
1231
1272
1289
1401
1563
1674
1734
1743
1665
1536
1411
1348
1311
1310
1366
1578
1847
1821
1782
1596
1392
1271
1205
1180
1183
1230
1253
1404
1559
1634
1648
1643
1608
1533
1451
1396
1363
1378
1445
1669
1992
1936
1887
1659
1433
1300
1240
1228
1260
1384
1659
1958
2093
2106
2053
2074
2063
2017
1931
1872
1833
1821
1839
2043
2357
2251
2115
1842
1568
1424
1353
1330
1350
1469
1698
1969
2080
2073
2033
2061
2056
2016
1941
1876
1840
1827
1840
2033
2352
2240
2112
1832
1562
1410
1343
1317
1344
1473
1703
1970
2057
2069
2029
2074
2075
2018
1948
1891
1847
1829
1841
2024
2319
2227
2093
1812
1550
1412
1333
1314
1336
1461
1680
1952
2054
2052
2017
2070
2065
2009
1938
1873
1850
1819
1825
1991
2293
2178
2066
1798
1558
1415
1327
1288
1304
1380
1474
1687
1831
1873
1874
1912
1896
1829
1740
1680
1657
1647
1674
1831
2152
2062
1989
1742
1498
1337
1260
1230
1224
1250
1261
1416
1563
1673
1755
1811
1760
1650
1533
1458
1425
1419
1459
1617
1953
1923
1867
1606
1373
1246
1190
1172
1202
1335
1615
1902
2008
2009
1973
2019
2014
1964
1884
1827
1804
1787
1795
1942
2251
2140
2001
1707
1452
1334
1276
1264
1291
1408
1656
1937
2033
2023
1996
2041
2037
1975
1894
1847
1820
1803
1804
1933
2280
2186
2021
1735
1487
1358
1296
1284
1299
1419
1655
1947
2026
2020
2004
2053
2042
1991
1922
1865
1849
1853
1890
2079
2302
2185
2035
1750
1503
1360
1290
1278
1296
1411
1660
1952
2039
2038
2010
2063
2050
1991
1926
1861
1831
1812
1828
1967
2270
2203
2053
1769
1514
1368
1310
1299
1308
1422
1672
1969
2034
2028
1996
2043
2035
1975
1901
1855
1824
1809
1814
1922
2240
2153
2057
1789
1538
1397
1324
1295
1306
1354
1462
1687
1826
1871
1874
1915
1896
1837
1738
1684
1656
1639
1663
1798
2132
2066
1985
1759
1510
1352
1280
1240
1228
1245
1256
1414
1561
1698
1791
1843
1790
1666
1545
1470
1442
1442
1479
1602
1951
1951
1862
1608
1376
1251
1202
1182
1217
1335
1594
1903
2015
2030
1978
2025
2032
1985
1919
1863
1840
1811
1808
1917
2241
2165
2012
1719
1467
1343
1292
1272
1303
1401
1645
1938
2028
2034
2012
2070
2063
2015
1948
1894
1860
1873
1906
2036
2271
2171
2025
1735
1481
1361
1305
1287
1312
1400
1638
1935
2025
2031
2004
2057
2052
2005
1938
1889
1867
1852
1864
1964
2250
2173
2032
1741
1483
1363
1300
1281
1313
1403
1637
1923
2001
2015
1974
2050
2047
1995
1927
1874
1855
1846
1850
1923
2230
2195
2067
1758
1499
1368
1306
1285
1311
1389
1635
1926
2002
2020
2007
2066
2059
1993
1923
1875
1854
1830
1820
1884
2203
2175
2039
1773
1531
1381
1319
1288
1296
1325
1448
1657
1796
1848
1856
1900
1888
1825
1750
1701
1665
1667
1682
1770
2091
2059
2010
1760
1507
1348
1273
1236
1232
1227
1261
1435
1564
1689
1778
1822
1772
1661
1549
1478
1446
1447
1474
1582
1889
1912
1843
1622
1395
1257
1199
1174
1193
1252
1412
1658
1805
1856
1851
1869
1871
1827
1767
1725
1701
1701
1730
1816
2065
2012
1912
1661
1421
1293
1223
1179
1187
1190
1230
1394
1544
1662
1710
1730
1659
1543
1450
1409
1382
1391
1444
1567
1916
1952
1849
1596
1348
1224
1165
1143
1176
1283
1564
1875
1998
2024
1994
2048
2028
1979
1910
1852
1831
1832
1835
1940
2234
2177
2029
1736
1475
1338
1284
1264
1284
1365
1618
1909
2036
2061
2032
2082
2068
2012
1939
1894
1886
1898
1926
2015
2223
2161
2031
1745
1494
1363
1301
1286
1308
1387
1635
1930
2054
2087
2073
2131
2127
2076
2013
1974
1977
2016
2047
2127
2236
2119
2021
1751
1522
1387
1324
1296
1299
1326
1442
1675
1829
1896
1912
1967
1956
1903
1821
1786
1791
1803
1854
1944
2094
2002
1919
1705
1479
1344
1273
1237
1231
1219
1244
1428
1576
1713
1823
1884
1831
1700
1583
1503
1468
1465
1511
1619
1900
1937
1884
1647
1413
1279
1221
1195
1219
1294
1577
1883
1988
2005
1986
2038
2031
1989
1915
1860
1827
1799
1796
1863
2155
2164
2044
1763
1497
1346
1282
1272
1301
1362
1635
1933
2012
2030
2013
2077
2072
2024
1949
1901
1877
1843
1834
1894
2160
2209
2062
1762
1510
1377
1313
1293
1319
1370
1630
1941
2034
2035
2009
2067
2073
2032
1956
1900
1866
1865
1880
1944
2185
2195
2054
1756
1494
1352
1297
1281
1299
1360
1628
1923
2018
2029
2014
2086
2059
2004
1967
1918
1893
1869
1845
1889
2133
2212
2084
1808
1535
1378
1306
1287
1306
1352
1619
1920
2016
2042
2032
2100
2100
2064
1994
1950
1913
1882
1865
1894
2117
2170
2066
1810
1558
1407
1329
1302
1307
1312
1442
1670
1803
1868
1888
1940
1932
1870
1791
1741
1712
1704
1714
1764
1985
2072
1990
1757
1519
1370
1279
1238
1237
1192
1259
1414
1564
1702
1792
1849
1807
1689
1589
1527
1500
1500
1519
1572
1813
1967
1925
1661
1419
1288
1234
1213
1239
1288
1578
1882
2003
2046
2046
2112
2126
2092
2035
1981
1947
1924
1904
1930
2133
2219
2099
1787
1513
1363
1295
1277
1297
1331
1607
1916
2031
2064
2065
2146
2162
2104
2019
1944
1902
1887
1872
1901
2099
2174
2034
1739
1497
1367
1306
1282
1303
1339
1602
1899
2011
2034
2024
2089
2080
2026
1953
1904
1876
1866
1860
1908
2116
2179
2055
1757
1493
1354
1290
1273
1299
1330
1591
1884
1994
2017
2014
2073
2066
2020
1942
1883
1858
1856
1859
1920
2104
2150
2021
1751
1502
1361
1302
1278
1300
1332
1602
1903
1996
2019
2003
2062
2054
1994
1926
1877
1854
1840
1831
1878
2054
2127
2017
1757
1508
1360
1289
1263
1266
1253
1406
1635
1771
1832
1849
1900
1891
1826
1742
1684
1661
1655
1669
1734
1937
2040
1985
1740
1494
1346
1262
1232
1222
1175
1242
1406
1552
1688
1791
1849
1805
1685
1568
1501
1474
1477
1503
1578
1797
1948
1908
1640
1400
1268
1211
1198
1227
1265
1572
1868
1994
2034
2019
2087
2100
2056
1988
1943
1919
1889
1871
1907
2097
2217
2111
1787
1521
1384
1311
1299
1316
1342
1626
1918
2025
2057
2058
2130
2142
2091
2024
1977
1957
1936
1928
1974
2118
2188
2046
1754
1514
1369
1312
1301
1305
1331
1607
1903
2025
2067
2072
2155
2173
2130
2065
2022
1984
1960
1949
1982
2127
2202
2096
1811
1536
1395
1327
1312
1334
1351
1631
1936
2048
2084
2084
2169
2184
2152
2082
2027
1996
1972
1950
1971
2110
2268
2185
1870
1595
1443
1361
1339
1356
1377
1665
1973
2112
2162
2147
2232
2250
2194
2119
2050
2026
2008
1990
2011
2138
2231
2160
1902
1636
1469
1387
1359
1358
1323
1490
1717
1870
1957
1991
2062
2064
1999
1925
1855
1834
1825
1828
1855
1999
2121
2081
1838
1591
1429
1348
1307
1298
1238
1308
1449
1584
1705
1821
1882
1863
1764
1655
1594
1568
1583
1596
1647
1831
1887
1824
1590
1383
1267
1221
1199
1221
1263
1558
1870
2016
2069
2064
2111
2107
2069
1999
1938
1909
1903
1918
2032
2134
2107
1964
1694
1455
1333
1272
1265
1278
1302
1583
1884
2004
2033
2016
2076
2074
2021
1957
1904
1873
1869
1872
1910
2041
2133
2033
1746
1491
1366
1302
1299
1312
1346
1603
1905
2025
2053
2039
2105
2093
2047
1969
1885
1888
1883
1886
1932
2056
2153
2056
1769
1506
1369
1305
1285
1305
1322
1606
1904
2015
2045
2016
2079
2079
2034
1947
1887
1862
1851
1842
1876
2000
2186
2083
1798
1520
1372
1301
1291
1306
1317
1609
1894
2000
2025
2016
2087
2090
2042
1962
1914
1894
1885
1887
1919
2057
2136
2061
1792
1537
1394
1334
1311
1314
1293
1451
1663
1810
1900
1931
1998
1984
1919
1825
1763
1742
1738
1776
1841
1966
2054
2000
1765
1513
1360
1279
1250
1238
1176
1268
1427
1579
1717
1839
1905
1851
1709
1586
1529
1511
1516
1532
1597
1752
1943
1923
1714
1447
1300
1237
1222
1241
1273
1584
1895
2019
2036
2057
2121
2121
2071
1993
1935
1902
1886
1895
1955
2089
2153
2046
1750
1497
1355
1295
1281
1298
1318
1598
1903
2040
2069
2066
2138
2139
2088
2014
1964
1935
1930
1931
1997
2128
2156
2030
1748
1511
1376
1303
1293
1304
1338
1615
1931
2059
2105
2087
2158
2152
2091
2020
1970
1938
1926
1922
1963
2051
2135
2047
1826
1557
1390
1303
1278
1269
1200
1269
1434
1566
1694
1780
1853
1830
1737
1632
1567
1546
1554
1572
1640
1782
1946
1929
1697
1449
1316
1256
1240
1245
1262
1530
1819
1959
2006
2006
2059
2051
1977
1924
1896
1877
1872
1880
1918
1999
2121
2068
1808
1557
1396
1312
1288
1275
1240
1422
1650
1804
1901
1926
1997
2004
1934
1849
1790
1770
1761
1773
1810
1896
2062
2044
1815
1550
1396
1320
1283
1264
1187
1275
1431
1581
1732
1848
1923
1885
1773
1661
1597
1570
1576
1605
1646
1761
1985
1988
1750
1481
1323
1263
1240
1253
1276
1600
1926
2057
2116
2112
2198
2224
2191
2125
2065
2033
2017
2010
2040
2110
2257
2185
1876
1590
1446
1375
1355
1349
1373
1632
1955
2099
2162
2148
2221
2231
2176
2098
2056
2025
2010
2002
2027
2102
2253
2161
1859
1586
1426
1352
1334
1346
1351
1642
1948
2085
2137
2152
2231
2233
2183
2114
2055
2017
2000
1977
1987
2044
2221
2160
1876
1597
1443
1359
1343
1348
1353
1657
1975
2120
2165
2166
2250
2271
2235
2180
2118
2085
2069
2062
2077
2102
2283
2255
1966
1653
1492
1407
1382
1391
1388
1692
2001
2125
2182
2190
2284
2304
2259
2190
2132
2087
2065
2049
2062
2092
2226
2200
1945
1670
1514
1426
1378
1384
1353
1538
1765
1931
2016
2049
2122
2127
2052
1929
1884
1867
1858
1874
1899
1989
2120
2117
1872
1611
1453
1367
1327
1306
1233
1316
1484
1634
1784
1896
1973
1945
1835
1723
1666
1638
1651
1670
1703
1788
2011
2050
1806
1526
1382
1312
1290
1301
1319
1635
1956
2114
2169
2186
2272
2300
2268
2213
2163
2119
2098
2079
2090
2120
2308
2262
1966
1652
1486
1420
1386
1390
1394
1688
2005
2162
2211
2229
2318
2362
2340
2272
2223
2178
2151
2135
2149
2168
2352
2333
2035
1707
1522
1439
1411
1419
1415
1709
2034
2208
2279
2308
2413
2446
2407
2348
2285
2250
2234
2215
2230
2257
2419
2393
2105
1775
1582
1492
1468
1471
1462
1756
2091
2273
2353
2385
2483
2511
2459
2384
2331
2297
2264
2234
2225
2220
2363
2338
2080
1787
1596
1490
1443
1426
1355
1452
1626
1762
1877
1958
2040
2062
2005
1931
1901
1868
1865
1878
1907
1956
2134
2164
1949
1681
1528
1426
1373
1373
1328
1453
1645
1800
1894
1943
2024
2053
2026
1962
1910
1891
1883
1901
1933
1977
2139
2133
1910
1653
1487
1402
1362
1336
1263
1348
1505
1652
1780
1884
1955
1941
1869
1783
1723
1698
1706
1728
1772
1819
2010
2037
1847
1609
1443
1357
1318
1289
1227
1345
1505
1654
1774
1857
1939
1986
1955
1890
1849
1853
1859
1884
1920
1972
2181
2216
1983
1683
1503
1426
1394
1398
1399
1696
2035
2250
2341
2363
2450
2481
2428
2343
2248
2187
2133
2133
2160
2203
2259
2161
1890
1630
1497
1427
1398
1413
1399
1665
1968
2136
2199
2212
2295
2307
2269
2191
2134
2082
2071
2087
2122
2177
2231
2125
1865
1624
1476
1410
1378
1387
1409
1642
1920
2088
2137
2146
2229
2246
2216
2138
2064
2034
2019
2019
2050
2084
2255
2200
1941
1670
1498
1422
1395
1394
1391
1642
1941
2105
2171
2175
2249
2264
2221
2154
2090
2053
2043
2040
2057
2079
2216
2168
1925
1666
1509
1423
1383
1387
1353
1505
1718
1887
1971
2012
2085
2086
2014
1925
1864
1840
1840
1869
1901
1960
2123
2095
1858
1603
1446
1360
1325
1301
1230
1324
1488
1643
1791
1908
1990
1957
1858
1760
1697
1676
1683
1715
1768
1839
2054
2093
1882
1595
1426
1352
1319
1333
1344
1642
1968
2133
2214
2233
2320
2368
2346
2276
2213
2176
2139
2154
2185
2211
2341
2279
1994
1695
1532
1458
1434
1444
1440
1695
2001
2174
2241
2257
2344
2368
2340
2246
2170
2151
2145
2144
2171
2201
2338
2278
2001
1707
1556
1476
1436
1440
1453
1710
2006
2176
2242
2254
2342
2363
2313
2233
2152
2110
2111
2142
2176
2221
2208
2088
1828
1578
1428
1367
1359
1370
1363
1618
1914
2063
2132
2128
2196
2218
2184
2109
2053
2021
2043
2060
2079
2091
2227
2160
1895
1616
1463
1398
1368
1379
1376
1631
1905
2074
2138
2139
2210
2236
2205
2132
2072
2031
2026
2038
2085
2112
2252
2197
1951
1680
1508
1430
1394
1385
1336
1505
1737
1913
2009
2044
2113
2119
2057
1969
1902
1881
1886
1917
1961
2011
2180
2168
1949
1692
1505
1409
1355
1342
1269
1360
1529
1688
1836
1946
2018
2012
1916
1817
1752
1725
1733
1770
1820
1891
2027
2105
1893
1626
1456
1373
1342
1351
1356
1645
1956
2167
2258
2282
2381
2382
2364
2282
2256
2199
2162
2185
2204
2242
2374
2311
2034
1732
1550
1468
1415
1417
1425
1676
1930
2120
2221
2240
2277
2314
2272
2187
2111
2068
2035
2052
2092
2133
2264
2174
1911
1620
1458
1396
1376
1371
1385
1594
1879
2063
2132
2150
2225
2236
2187
2107
2030
1991
1980
2008
2054
2080
2211
2126
1865
1593
1439
1349
1339
1340
1348
1558
1876
2050
2105
2117
2188
2198
2165
2094
2036
1998
1991
2016
2076
2112
2253
2191
1920
1602
1440
1407
1377
1367
1382
1601
1890
2070
2144
2147
2222
2243
2206
2122
2055
2023
2021
2038
2082
2117
2272
2212
1967
1678
1514
1427
1388
1396
1358
1511
1730
1910
2015
2056
2132
2138
2080
1987
1930
1912
1920
1953
2008
2055
2231
2205
1965
1684
1511
1435
1388
1365
1297
1369
1547
1709
1868
1982
2056
2043
1958
1857
1795
1771
1783
1832
1884
1953
2159
2179
1960
1684
1496
1417
1383
1398
1412
1682
2001
2217
2317
2351
2445
2499
2485
2420
2345
2302
2280
2283
2310
2323
2462
2399
2138
1810
1609
1522
1484
1486
1490
1740
2048
2244
2355
2399
2500
2558
2533
2468
2395
2356
2344
2355
2387
2390
2533
2463
2203
1880
1692
1593
1538
1545
1543
1783
2076
2273
2383
2448
2577
2633
2618
2547
2472
2428
2410
2407
2431
2451
2579
2528
2238
1916
1730
1630
1587
1593
1592
1827
2145
2355
2471
2532
2653
2705
2671
2597
2508
2480
2455
2460
2484
2513
2648
2577
2304
1973
1780
1674
1626
1620
1621
1846
2159
2372
2504
2562
2670
2726
2699
2606
2513
2464
2437
2432
2462
2477
2583
2515
2305
2019
1799
1691
1643
1620
1588
1715
1938
2120
2240
2323
2424
2446
2402
2326
2257
2231
2220
2234
2282
2339
2472
2415
2202
1930
1738
1621
1571
1549
1482
1533
1694
1864
2032
2170
2265
2271
2204
2122
2053
2018
2014
2032
2072
2146
2313
2316
2096
1820
1643
1554
1508
1501
1513
1742
2052
2270
2385
2427
2538
2602
2590
2523
2459
2412
2375
2368
2400
2434
2550
2475
2230
1919
1726
1641
1603
1602
1600
1802
2115
2331
2452
2514
2617
2662
2642
2551
2429
2363
2338
2327
2365
2427
2428
2325
2088
1830
1668
1583
1549
1539
1535
1726
2008
2190
2282
2313
2408
2454
2432
2362
2287
2245
2224
2224
2254
2302
2426
2340
2077
1782
1614
1534
1491
1495
1494
1692
1978
2164
2265
2304
2389
2427
2414
2327
2263
2224
2206
2207
2236
2285
2402
2315
2068
1778
1614
1524
1488
1501
1510
1703
1976
2153
2243
2289
2381
2431
2408
2340
2276
2244
2220
2234
2269
2321
2420
2321
2111
1847
1663
1562
1525
1521
1494
1606
1817
1996
2124
2186
2268
2291
2254
2172
2118
2096
2092
2112
2159
2278
2377
2290
2067
1817
1641
1541
1491
1465
1431
1452
1608
1759
1912
2035
2127
2129
2060
1967
1915
1875
1870
1914
1964
2082
2238
2209
1990
1733
1567
1490
1447
1460
1492
1684
1976
2179
2274
2312
2375
2397
2360
2269
2187
2125
2094
2122
2164
2257
2228
2074
1832
1590
1454
1390
1366
1379
1406
1590
1839
2001
2081
2102
2178
2188
2141
2076
2008
1977
1973
1997
2046
2159
2250
2116
1860
1603
1458
1384
1359
1364
1398
1581
1835
2004
2089
2109
2177
2190
2160
2088
2029
2007
2001
2035
2079
2187
2285
2166
1890
1622
1477
1402
1372
1386
1417
1600
1860
2033
2122
2142
2217
2231
2194
2125
2061
2033
2029
2055
2111
2229
2307
2190
1941
1666
1522
1439
1409
1420
1440
1615
1864
2042
2134
2157
2245
2270
2233
2140
2068
2041
2049
2060
2103
2217
2224
2102
1860
1625
1486
1409
1379
1375
1373
1479
1701
1863
1979
2017
2062
2056
1994
1901
1859
1834
1842
1881
1943
2094
2163
2059
1821
1581
1429
1348
1316
1314
1283
1302
1460
1618
1769
1883
1936
1883
1777
1676
1618
1597
1612
1666
1735
1932
2035
1974
1769
1528
1387
1316
1282
1297
1355
1536
1811
2010
2099
2119
2186
2214
2196
2126
2071
2032
2028
2070
2145
2281
2319
2201
1942
1659
1516
1435
1399
1412
1445
1613
1881
2059
2150
2183
2260
2280
2253
2191
2124
2083
2087
2114
2193
2336
2376
2236
1958
1688
1526
1443
1412
1411
1477
1637
1887
2069
2164
2190
2271
2298
2275
2209
2142
2111
2096
2132
2213
2362
2364
2231
1951
1700
1557
1470
1433
1442
1481
1647
1911
2096
2204
2257
2335
2351
2294
2206
2137
2113
2109
2153
2190
2323
2300
2163
1914
1656
1507
1431
1408
1422
1467
1617
1877
2060
2152
2192
2243
2239
2192
2065
2039
2004
2020
2045
2132
2264
2180
2043
1846
1619
1494
1423
1391
1393
1422
1476
1656
1826
1949
1998
2045
2041
1976
1880
1828
1801
1802
1857
1956
2163
2144
2038
1807
1588
1441
1356
1319
1318
1324
1324
1477
1636
1802
1915
1977
1936
1818
1707
1647
1614
1629
1697
1788
2021
2072
1999
1788
1545
1386
1317
1302
1303
1372
1547
1818
2003
2096
2116
2172
2119
2141
2073
1996
1981
1987
2021
2114
2324
2306
2178
1919
1641
1479
1405
1378
1381
1434
1581
1851
2034
2127
2157
2223
2242
2214
2137
2074
2055
2057
2092
2155
2348
2338
2180
1925
1660
1497
1400
1352
1342
1336
1339
1494
1650
1792
1871
1916
1899
1825
1746
1687
1670
1692
1742
1824
2066
2109
2049
1824
1586
1441
1363
1331
1346
1408
1594
1878
2085
2192
2217
2296
2335
2330
2262
2194
2151
2134
2167
2231
2441
2424
2281
2016
1742
1586
1490
1454
1456
1509
1660
1923
2104
2202
2232
2310
2350
2329
2263
2201
2162
2151
2170
2247
2459
2407
2249
1988
1734
1563
1465
1421
1414
1448
1517
1699
1873
1988
2031
2096
2114
2071
1996
1946
1926
1932
1981
2079
2305
2256
2130
1916
1674
1515
1430
1390
1375
1391
1393
1524
1686
1854
1968
2037
2012
1926
1824
1769
1742
1754
1804
1896
2164
2165
2087
1855
1608
1458
1384
1353
1366
1445
1638
1938
2152
2243
2229
2320
2373
2351
2260
2176
2113
2088
2103
2200
2407
2321
2166
1911
1664
1513
1440
1407
1420
1506
1680
1960
2145
2234
2252
2326
2343
2306
2229
2155
2119
2125
2147
2253
2431
2341
2191
1917
1660
1501
1435
1414
1412
1498
1698
1975
2149
2242
2271
2363
2398
2370
2304
2239
2216
2210
2209
2313
2496
2382
2230
1966
1701
1548
1466
1446
1460
1534
1715
2001
2209
2305
2349
2449
2488
2477
2402
2317
2277
2260
2262
2367
2493
2397
2252
1980
1728
1577
1491
1455
1460
1541
1715
1998
2192
2294
2332
2422
2460
2429
2354
2301
2274
2258
2263
2355
2556
2441
2282
2018
1760
1607
1527
1470
1460
1511
1587
1808
2003
2119
2176
2252
2261
2204
2112
2061
2036
2034
2063
2144
2388
2296
2168
1942
1711
1544
1456
1416
1396
1409
1407
1542
1722
1881
2010
2094
2076
1990
1878
1808
1785
1779
1812
1894
2171
2137
2048
1827
1582
1431
1356
1325
1347
1443
1651
1944
2148
2241
2273
2362
2398
2386
2312
2244
2207
2181
2177
2253
2485
2374
2214
1959
1692
1539
1465
1435
1444
1529
1714
1986
2164
2246
2281
2376
2427
2400
2332
2264
2213
2186
2172
2304
2478
2322
2159
1894
1651
1524
1451
1418
1421
1515
1714
1983
2151
2219
2235
2322
2347
2318
2245
2184
2140
2115
2119
2257
2438
2307
2166
1885
1637
1509
1431
1398
1411
1503
1710
1974
2160
2222
2229
2308
2327
2281
2203
2138
2118
2113
2156
2312
2426
2271
2108
1852
1617
1469
1400
1381
1388
1472
1687
1938
2115
2182
2197
2271
2270
2224
2143
2076
2044
2038
2047
2202
2346
2193
2053
1809
1591
1444
1367
1340
1350
1398
1486
1689
1858
1945
1975
2025
2024
1970
1894
1823
1799
1801
1840
2001
2220
2082
1963
1758
1531
1392
1317
1286
1275
1307
1305
1444
1599
1741
1855
1927
1885
1769
1672
1602
1581
1586
1639
1816
2094
2005
1913
1683
1456
1331
1281
1262
1287
1407
1668
1952
2070
2097
2081
2137
2164
2122
2052
1991
1978
1962
1967
2158
2374
2223
2052
1785
1536
1408
1356
1338
1346
1437
1719
1976
2129
2179
2185
2257
2231
2148
2074
2002
1985
1996
2058
2245
2328
2160
1952
1703
1482
1365
1308
1292
1308
1408
1652
1926
2065
2112
2093
2150
2135
2083
2017
1968
1954
1968
2017
2246
2353
2207
2037
1771
1516
1395
1341
1312
1337
1444
1730
2016
2165
2221
2217
2282
2270
2199
2131
2073
2061
2063
2117
2326
2407
2243
2068
1794
1538
1415
1350
1331
1366
1474
1767
2072
2222
2280
2269
2311
2282
2203
2128
2084
2067
2073
2121
2355
2410
2222
2081
1863
1579
1420
1353
1326
1336
1403
1531
1731
1910
1995
2004
2035
2009
1936
1836
1790
1765
1775
1833
2081
2239
2086
1983
1780
1524
1389
1325
1275
1273
1310
1344
1452
1617
1755
1848
1900
1866
1765
1652
1595
1559
1585
1670
1945
2116
2017
1910
1657
1442
1315
1256
1242
1272
1393
1688
1982
2107
2125
2084
2118
2111
2044
1983
1927
1915
1913
1953
2230
2368
2215
2035
1758
1513
1402
1352
1329
1344
1451
1759
2045
2175
2226
2203
2234
2202
2144
2076
2018
1981
1957
1974
2246
2355
2214
2041
1753
1490
1380
1324
1296
1317
1443
1731
1996
2112
2126
2092
2145
2132
2078
2010
1961
1941
1954
1998
2265
2380
2223
2056
1766
1513
1404
1353
1336
1352
1475
1746
2010
2119
2136
2117
2168
2156
2095
2030
1968
1943
1930
1963
2277
2383
2232
2065
1775
1530
1416
1352
1326
1359
1475
1748
2006
2122
2133
2110
2154
2155
2089
2028
1969
1950
1952
1990
2298
2377
2191
2077
1819
1574
1448
1376
1341
1364
1424
1562
1746
1888
1956
1975
2008
1995
1925
1849
1799
1779
1781
1834
2136
2247
2076
1979
1745
1518
1385
1318
1284
1265
1305
1349
1460
1623
1749
1849
1899
1846
1737
1626
1567
1538
1545
1604
1915
2077
1975
1870
1646
1428
1307
1264
1243
1275
1400
1702
1961
2072
2100
2093
2145
2149
2103
2044
1988
1966
1976
2020
2316
2368
2192
2028
1754
1532
1406
1351
1333
1352
1468
1747
1985
2107
2146
2134
2197
2195
2165
2075
2028
2019
2043
2107
2372
2375
2178
1982
1744
1531
1403
1323
1306
1326
1437
1731
1983
2110
2145
2122
2176
2163
2098
2026
1960
1942
1949
2014
2326
2350
2187
2027
1752
1516
1388
1328
1308
1321
1446
1754
2014
2122
2136
2100
2139
2129
2071
2009
1938
1908
1918
1984
2330
2357
2193
2020
1765
1540
1408
1346
1339
1357
1479
1775
2015
2125
2131
2100
2138
2125
2066
1998
1941
1910
1907
1980
2344
2352
2128
2031
1789
1553
1411
1358
1331
1339
1402
1558
1717
1879
1946
1946
1984
1963
1893
1805
1763
1741
1746
1832
2211
2221
2061
1952
1725
1509
1378
1313
1282
1282
1320
1380
1493
1636
1762
1862
1916
1860
1742
1627
1555
1519
1536
1646
2027
2103
1990
1881
1644
1429
1310
1265
1240
1268
1404
1752
2012
2125
2133
2089
2125
2117
2045
1980
1937
1911
1909
2018
2384
2375
2192
2022
1742
1506
1394
1346
1325
1347
1473
1794
2059
2156
2153
2104
2139
2123
2070
1994
1937
1912
1922
2026
2397
2375
2193
2017
1743
1503
1386
1335
1326
1347
1456
1793
2048
2163
2198
2185
2224
2198
2132
2055
1995
1991
2035
2185
2426
2359
2194
2014
1739
1514
1383
1339
1311
1337
1466
1811
2099
2217
2264
2265
2308
2262
2177
2088
2014
1991
2001
2134
2403
2341
2179
2025
1776
1541
1413
1362
1354
1371
1481
1804
2044
2150
2172
2153
2190
2172
2098
2022
1972
1964
1996
2114
2417
2349
2142
2035
1805
1556
1415
1350
1326
1337
1404
1576
1746
1902
1974
1990
2024
1995
1909
1822
1759
1734
1742
1877
2231
2210
2054
1950
1743
1513
1393
1326
1288
1281
1311
1403
1487
1630
1751
1848
1906
1861
1738
1617
1544
1505
1511
1663
2032
2063
1954
1847
1620
1400
1284
1232
1226
1254
1390
1746
1984
2089
2096
2057
2095
2085
2025
1968
1912
1895
1891
2044
2385
2333
2167
1990
1723
1487
1377
1334
1302
1342
1464
1805
2033
2105
2108
2084
2128
2117
2060
1996
1930
1904
1908
2052
2395
2348
2177
2032
1760
1526
1401
1334
1325
1352
1482
1824
2037
2117
2116
2087
2135
2122
2064
2004
1945
1926
1927
2088
2426
2374
2196
2026
1775
1543
1416
1354
1343
1362
1484
1833
2057
2146
2146
2122
2166
2158
2101
2032
1977
1964
1987
2176
2438
2350
2169
2050
1787
1555
1430
1379
1358
1384
1503
1833
2064
2151
2166
2140
2175
2161
2088
2013
1958
1950
1966
2152
2421
2325
2122
2025
1805
1582
1450
1384
1355
1352
1415
1599
1768
1898
1992
2027
2067
2049
1961
1875
1824
1812
1840
2035
2228
2152
2014
1909
1716
1507
1378
1312
1281
1277
1304
1407
1476
1619
1747
1851
1910
1853
1725
1604
1532
1499
1514
1728
1981
1961
1868
1814
1627
1434
1302
1242
1225
1233
1282
1399
1473
1618
1726
1766
1791
1764
1680
1608
1554
1523
1567
1826
2133
2099
1984
1875
1625
1406
1286
1233
1218
1252
1394
1780
2024
2125
2126
2089
2130
2102
2044
1974
1920
1905
1936
2192
2426
2340
2171
2006
1725
1511
1393
1335
1316
1345
1464
1835
2091
2174
2181
2160
2211
2193
2129
2060
2001
2014
2076
2298
2431
2334
2179
2006
1750
1528
1396
1334
1315
1340
1460
1831
2108
2206
2236
2223
2280
2263
2196
2124
2064
2062
2111
2323
2455
2373
2210
2063
1802
1570
1438
1363
1355
1381
1503
1869
2128
2216
2220
2187
2222
2198
2123
2054
1992
1973
2038
2301
2446
2332
2156
2057
1830
1583
1452
1374
1349
1357
1426
1631
1798
1920
1992
1999
2032
2006
1935
1839
1793
1781
1824
2101
2304
2209
2064
1973
1789
1567
1410
1325
1291
1289
1315
1416
1485
1640
1778
1890
1957
1910
1785
1663
1592
1556
1605
1905
2147
2129
2012
1914
1674
1453
1340
1283
1258
1287
1438
1863
2127
2225
2220
2173
2190
2163
2099
2018
1960
1948
1993
2296
2518
2430
2266
2113
1822
1570
1440
1381
1367
1394
1532
1933
2193
2251
2252
2191
2204
2162
2081
2005
1949
1933
1990
2314
2512
2453
2301
2139
1850
1599
1470
1406
1388
1420
1547
1942
2204
2273
2246
2183
2202
2171
2097
2024
1964
1961
2021
2372
2562
2473
2309
2142
1860
1613
1481
1425
1398
1423
1554
1950
2239
2291
2274
2214
2237
2203
2153
2109
2115
2182
2315
2522
2576
2470
2305
2139
1862
1629
1494
1426
1404
1421
1547
1941
2223
2278
2209
2189
2239
2212
2148
2081
2037
2037
2084
2396
2533
2418
2252
2153
1918
1664
1502
1426
1394
1401
1460
1689
1890
2051
2123
2120
2142
2119
2036
1959
1924
1937
2027
2347
2462
2385
2233
2141
1920
1674
1523
1429
1386
1376
1404
1525
1644
1800
1976
2098
2177
2139
2019
1915
1863
1879
1982
2252
2343
2324
2214
2116
1861
1610
1466
1394
1373
1397
1550
1982
2364
2506
2570
2557
2625
2611
2549
2485
2434
2469
2544
2712
2736
2647
2482
2332
2045
1775
1622
1538
1503
1527
1656
2065
2437
2524
2566
2527
2544
2486
2399
2338
2292
2318
2417
2637
2691
2618
2452
2318
2042
1764
1610
1524
1495
1514
1648
2043
2388
2463
2480
2439
2459
2432
2364
2288
2236
2269
2380
2616
2669
2591
2430
2292
2013
1730
1579
1498
1469
1496
1634
2049
2371
2435
2416
2362
2394
2357
2260
2192
2152
2198
2308
2579
2644
2560
2393
2253
2003
1737
1578
1495
1465
1489
1615
1989
2332
2418
2457
2436
2450
2423
2351
2276
2222
2244
2347
2561
2585
2478
2291
2188
2024
1756
1580
1482
1447
1455
1527
1742
1948
2078
2162
2177
2201
2166
2091
2006
1987
2007
2116
2379
2419
2350
2210
2105
1923
1706
1532
1453
1362
1374
1427
1535
1672
1855
1981
2069
2091
2029
1940
1805
1785
1886
2144
2200
2200
2151
2137
1977
1742
1540
1424
1358
1349
1385
1533
1918
2180
2319
2309
2255
2280
2251
2181
2131
2098
2199
2563
2563
2541
2455
2380
2193
1915
1617
1478
1403
1387
1423
1568
1916
2184
2315
2332
2307
2361
2351
2313
2264
2238
2373
2600
2594
2568
2482
2409
2181
1893
1630
1491
1424
1419
1462
1605
1958
2198
2336
2373
2351
2382
2347
2277
2213
2173
2290
2557
2574
2547
2454
2378
2176
1906
1673
1517
1431
1395
1393
1436
1508
1609
1789
1919
1960
1946
1854
1731
1644
1598
1686
2003
2069
2081
2066
2044
1948
1736
1526
1402
1331
1326
1349
1465
1717
1954
2120
2140
2105
2111
2085
2031
1974
1948
2060
2426
2469
2444
2333
2278
2127
1881
1651
1510
1426
1400
1416
1494
1644
1805
1988
2045
2041
2047
2008
1931
1861
1829
1940
2322
2386
2353
2273
2206
2058
1865
1656
1497
1412
1371
1360
1412
1470
1564
1728
1842
1931
1992
1947
1837
1749
1735
1870
2147
2187
2207
2176
2177
2008
1762
1542
1413
1354
1334
1371
1532
1898
2168
2302
2297
2248
2272
2247
2187
2129
2098
2249
2613
2629
2603
2523
2468
2241
1935
1694
1555
1490
1477
1507
1661
2020
2274
2407
2411
2360
2394
2379
2326
2277
2266
2420
2724
2720
2694
2620
2562
2315
2001
1745
1598
1509
1488
1521
1676
2046
2297
2416
2390
2324
2325
2306
2257
2216
2236
2449
2731
2719
2694
2606
2535
2296
1972
1718
1573
1490
1466
1500
1651
2026
2280
2398
2360
2302
2312
2282
2206
2156
2134
2313
2656
2666
2638
2559
2489
2261
1965
1701
1551
1480
1463
1486
1635
2012
2271
2419
2446
2445
2514
2508
2462
2406
2377
2548
2725
2673
2626
2529
2439
2289
2048
1791
1628
1536
1505
1518
1608
1792
1971
2164
2225
2204
2216
2190
2105
2030
2019
2227
2553
2561
2513
2440
2365
2227
1997
1756
1586
1480
1435
1431
1477
1567
1653
1843
1983
2073
2114
2060
1937
1834
1811
1964
2258
2276
2291
2264
2269
2097
1817
1589
1455
1392
1378
1404
1571
1988
2261
2403
2432
2401
2433
2412
2360
2324
2281
2439
2741
2741
2707
2629
2582
2340
2039
1783
1624
1543
1528
1558
1709
2092
2360
2491
2474
2396
2400
2368
2288
2239
2232
2462
2791
2786
2747
2666
2607
2373
2053
1791
1639
1557
1530
1552
1690
2097
2371
2532
2582
2566
2616
2609
2542
2499
2515
2685
2836
2790
2755
2671
2618
2398
2081
1824
1673
1586
1555
1584
1715
2113
2404
2578
2611
2578
2596
2561
2477
2413
2404
2616
2854
2831
2804
2709
2667
2438
2112
1838
1675
1595
1567
1591
1744
2137
2420
2570
2579
2531
2577
2563
2518
2469
2512
2714
2891
2859
2834
2730
2635
2473
2185
1922
1752
1646
1601
1610
1681
1897
2083
2341
2463
2485
2544
2516
2442
2373
2378
2550
2740
2732
2693
2591
2561
2391
2170
1914
1718
1610
1563
1552
1589
1693
1785
1995
2175
2305
2362
2317
2218
2134
2114
2293
2474
2501
2516
2491
2489
2345
2053
1786
1620
1540
1517
1540
1704
2129
2448
2637
2648
2597
2616
2569
2484
2459
2459
2692
2900
2878
2853
2774
2734
2494
2172
1898
1719
1643
1622
1646
1794
2201
2491
2643
2646
2581
2603
2569
2506
2465
2483
2742
2937
2901
2865
2798
2748
2511
2174
1905
1742
1669
1636
1652
1811
2228
2505
2654
2649
2591
2613
2583
2521
2486
2484
2714
2902
2869
2850
2763
2682
2485
2243
1930
1720
1620
1579
1593
1739
2126
2370
2503
2513
2469
2491
2455
2381
2343
2357
2601
2797
2745
2717
2635
2577
2362
2060
1798
1631
1547
1524
1543
1681
2076
2317
2434
2429
2386
2409
2374
2295
2252
2264
2487
2702
2669
2631
2535
2454
2282
2047
1793
1619
1518
1478
1484
1562
1761
1897
2084
2162
2169
2213
2191
2114
2059
2060
2292
2491
2483
2435
2369
2308
2149
1944
1704
1544
1442
1408
1409
1459
1572
1633
1798
1931
2030
2092
2038
1918
1815
1835
2060
2206
2232
2231
2213
2222
2109
1881
1660
1486
1408
1387
1413
1563
1973
2275
2445
2492
2468
2494
2452
2363
2299
2257
2477
2703
2667
2647
2589
2551
2358
2064
1818
1655
1566
1550
1576
1732
2127
2378
2529
2526
2462
2477
2433
2352
2311
2300
2558
2811
2788
2754
2682
2657
2447
2120
1840
1679
1599
1578
1593
1735
2139
2417
2556
2546
2489
2507
2469
2391
2305
2333
2618
2869
2840
2816
2746
2706
2469
2160
1885
1713
1635
1596
1625
1781
2191
2460
2606
2615
2564
2595
2577
2510
2476
2488
2745
2919
2868
2838
2754
2693
2475
2153
1879
1712
1626
1606
1627
1778
2178
2460
2599
2616
2575
2604
2569
2488
2422
2404
2661
2848
2808
2780
2697
2621
2449
2169
1898
1734
1639
1598
1603
1693
1922
2077
2274
2357
2357
2366
2325
2244
2180
2185
2441
2664
2667
2631
2573
2519
2350
2125
1861
1662
1555
1518
1511
1551
1666
1743
1937
2113
2235
2308
2274
2162
2067
2050
2224
2400
2401
2426
2399
2406
2241
1952
1700
1537
1446
1430
1471
1643
2062
2374
2526
2573
2561
2611
2577
2529
2483
2474
2683
2797
2755
2727
2653
2620
2386
2073
1815
1658
1562
1542
1578
1727
2126
2386
2427
2473
2464
2481
2451
2365
2327
2332
2608
2834
2798
2768
2710
2694
2473
2140
1860
1696
1607
1580
1616
1769
2177
2442
2554
2550
2489
2512
2480
2405
2369
2369
2633
2838
2804
2796
2732
2708
2492
2158
1880
1694
1607
1583
1620
1773
2183
2448
2572
2564
2512
2518
2485
2410
2360
2347
2630
2842
2811
2780
2710
2683
2472
2152
1881
1713
1617
1598
1626
1778
2173
2437
2541
2534
2483
2502
2471
2396
2363
2410
2698
2829
2799
2766
2664
2602
2431
2136
1886
1708
1610
1580
1585
1661
1874
2077
2266
2387
2434
2483
2471
2381
2288
2269
2480
2628
2606
2575
2510
2479
2317
2115
1862
1679
1576
1524
1514
1563
1659
1731
1918
2081
2194
2257
2220
2120
2042
2040
2282
2424
2428
2448
2419
2439
2282
2016
1755
1593
1523
1496
1521
1683
2107
2413
2559
2608
2589
2615
2585
2504
2441
2444
2686
2850
2813
2790
2715
2690
2472
2148
1882
1718
1629
1604
1630
1790
2186
2472
2595
2600
2549
2563
2532
2458
2419
2439
2704
2877
2846
2814
2762
2740
2505
2184
1891
1713
1638
1615
1638
1789
2191
2488
2598
2623
2589
2627
2596
2529
2504
2537
2785
2905
2871
2855
2785
2755
2533
2212
1929
1749
1659
1632
1653
1809
2219
2503
2625
2634
2592
2609
2571
2493
2457
2448
2691
2903
2863
2843
2779
2767
2547
2240
1950
1773
1679
1648
1677
1833
2247
2548
2675
2687
2642
2683
2662
2607
2562
2559
2804
2986
2951
2918
2828
2774
2602
2307
2029
1836
1726
1698
1709
1799
2034
2218
2446
2590
2629
2677
2651
2578
2503
2514
2741
2886
2877
2842
2779
2735
2574
2342
2039
1845
1732
1674
1659
1708
1810
1915
2126
2320
2453
2513
2455
2348
2251
2243
2480
2662
2668
2683
2682
2710
2538
2223
1931
1754
1666
1632
1659
1837
2288
2634
2815
2855
2822
2833
2783
2699
2655
2665
2922
3098
3059
3034
2963
2934
2711
2351
2026
1846
1757
1724
1750
1915
2341
2674
2809
2832
2791
2802
2769
2705
2657
2651
2890
3074
3047
3019
2967
2943
2717
2370
2062
1877
1778
1746
1769
1936
2358
2658
2792
2782
2713
2705
2648
2574
2529
2538
2809
3036
3025
3012
2956
2931
2711
2361
2061
1867
1766
1739
1769
1939
2351
2669
2807
2821
2768
2758
2702
2627
2583
2593
2847
3035
3010
2993
2954
2924
2730
2410
2097
1904
1794
1757
1791
1941
2345
2661
2792
2784
2703
2677
2610
2529
2494
2528
2782
2979
2960
2931
2841
2795
2646
2418
2125
1916
1795
1755
1758
1832
2029
2233
2448
2541
2535
2532
2497
2432
2411
2452
2700
2891
2907
2880
2821
2792
2626
2397
2109
1880
1759
1698
1681
1730
1848
1974
2161
2322
2430
2483
2467
2404
2347
2375
2597
2753
2753
2746
2716
2727
2600
2315
2024
1811
1692
1647
1654
1751
1988
2232
2439
2549
2572
2569
2542
2496
2475
2508
2732
2898
2862
2814
2769
2730
2601
2361
2091
1906
1762
1663
1623
1641
1708
1745
1918
2152
2300
2326
2216
2039
1925
1897
2098
2304
2321
2347
2356
2378
2312
2113
1896
1725
1630
1590
1579
1624
1726
1807
1976
2137
2212
2231
2178
2097
2043
2031
2248
2478
2490
2506
2508
2541
2445
2196
1940
1757
1658
1619
1632
1735
2020
2256
2469
2562
2564
2549
2503
2447
2410
2395
2619
2844
2838
2805
2748
2717
2572
2307
2027
1825
1717
1678
1687
1790
2066
2288
2501
2570
2554
2538
2485
2417
2386
2401
2637
2864
2851
2825
2761
2734
2570
2300
2046
1853
1752
1703
1700
1770
1946
2107
2308
2435
2455
2448
2406
2336
2307
2329
2557
2783
2831
2808
2751
2724
2563
2316
2048
1853
1737
1684
1674
1710
1822
1927
2107
2264
2376
2417
2384
2300
2244
2252
2468
2677
2694
2710
2668
2652
2546
2300
2016
1805
1695
1649
1653
1741
1965
2184
2407
2509
2534
2533
2481
2432
2435
2486
2725
2998
2988
2898
2733
2588
2434
2286
