  162.15
  123.45
 103.425
   86.25
  62.925
  53.775
   20.55
  19.125
  10.875
    18.6
    30.6
    55.5
  90.375
    69.6
    56.7
   56.85
  127.95
 173.175
 190.425
     180
 172.575
 146.025
 172.725
  135.75
 119.925
  85.725
    53.4
   71.55
  79.875
 109.275
  135.45
   146.4
  186.15
 210.675
 224.625
     225
  225.45
 223.725
   210.6
 213.075
 232.725
  265.05
 270.525
  238.65
   228.9
 208.725
 213.825
 183.975
   210.3
 208.125
 194.775
 188.175
 186.375
 162.675
  145.65
 147.375
 216.525
     228
   262.8
  289.35
   288.9
   262.8
   262.8
 272.325
 292.125
 318.975
  319.35
 319.125
 263.175
  262.65
   226.8
 225.525
  190.05
     153
  139.35
 135.825
   135.3
  123.75
   85.65
 109.425
 132.975
   172.2
     207
     225
 224.925
  206.25
   190.5
  190.35
  220.35
   250.5
 262.575
 262.725
 225.675
  219.75
  220.65
 195.075
   202.8
 188.625
 176.475
 166.425
   163.5
 174.225
   216.9
 263.175
 297.675
   300.6
 306.975
 309.675
 307.125
   306.9
   300.9
  292.05
 292.425
 315.075
  318.75
   300.6
 289.125
 263.025
 236.775
 216.375
 206.625
 203.025
 200.475
   185.4
   177.6
  176.55
  180.45
   225.6
 225.075
 232.875
   240.3
 248.175
  240.45
  225.75
 225.375
  225.15
 270.525
 300.825
 315.075
  300.15
  272.25
 240.525
 225.675
 221.475
 201.825
   162.3
 131.775
 135.525
 159.825
 203.175
 233.175
 433.125
   365.7
   375.3
     363
 380.325
  374.85
  359.85
 351.375
 343.725
   375.3
 599.775
   445.8
 374.475
   359.4
 286.575
  283.05
 231.975
  212.85
 204.525
 202.875
   175.5
 155.775
 202.275
 206.775
 284.925
   299.4
 287.025
 311.475
  330.15
 307.425
 307.875
   300.3
 262.725
 284.325
  330.45
   307.8
  252.75
 232.725
   203.1
   199.8
 165.225
  129.15
 102.525
 128.625
 113.175
   128.7
 162.675
 189.825
 241.875
 264.525
   272.7
   299.7
 299.175
 277.575
   263.1
  235.05
 232.725
   270.3
 317.025
   312.3
 262.725
  255.75
 225.525
  225.75
 203.475
 186.375
 146.925
  131.85
 128.025
   123.6
  109.35
 108.975
 150.375
 146.475
  202.65
 225.375
   232.8
  217.95
 203.175
  163.95
 164.025
 184.425
   263.1
 242.025
 187.725
 206.325
 177.525
 193.875
 137.025
 130.125
    84.3
    60.9
  60.075
   63.75
  60.525
  57.525
  63.225
  81.225
  136.35
   139.5
 192.825
 166.425
 145.875
   135.6
 131.925
 147.525
   207.6
 210.375
 202.575
 190.725
 170.625
  188.25
  136.65
 115.875
  95.325
  76.275
      72
    91.5
 133.875
  191.25
 277.725
 252.075
 258.825
   269.1
  271.35
  262.35
 270.375
 252.225
  241.95
  272.55
  317.55
  311.85
 280.125
 235.425
     219
   206.4
   170.4
 107.325
 105.225
  86.925
  66.075
  73.575
 153.825
 161.625
  207.15
  217.95
   225.6
 230.175
  232.95
 225.525
   222.9
   223.2
   217.5
 216.975
   270.3
 269.175
 229.875
   208.2
   170.7
 148.875
  129.45
    45.3
    15.9
   7.275
   3.375
    7.95
     7.8
  90.375
 199.725
 179.775
 188.025
 202.275
   206.4
     204
 203.325
  194.55
   184.2
 206.775
 215.625
 221.775
   206.7
  207.15
  190.95
  172.05
 137.175
 176.475
 159.975
 135.375
 127.275
   125.4
   136.8
 188.475
 263.175
  260.85
 261.975
   262.8
  264.45
   260.1
 258.075
  227.85
 222.375
   219.3
   270.6
 286.725
 256.275
  222.15
   197.4
   191.7
 158.175
   153.9
 139.125
 137.325
  83.025
  104.25
  139.05
 171.975
     270
   261.9
  240.75
 254.175
  241.95
   234.3
 216.975
 205.875
 204.675
  202.95
 194.625
   193.5
 200.025
   187.8
 174.675
 172.575
  154.95
 113.925
  56.775
  56.775
  48.675
   45.45
  38.175
    37.8
      45
    89.4
 135.525
   150.3
 155.475
 162.225
  154.95
   145.5
  145.65
   172.8
  175.65
 199.575
 199.575
   170.7
     117
  141.45
 117.825
  105.15
  67.875
  58.125
    58.5
  58.725
    56.7
   49.05
  58.425
    51.3
  79.875
 127.425
 161.325
 141.075
     105
  90.375
   86.85
 120.525
 162.225
 174.375
 166.575
 150.375
 136.725
 149.775
 122.625
  88.725
   82.95
  73.275
   60.75
    71.7
 111.075
   163.8
  255.15
  240.15
 247.725
   256.2
 248.325
 240.675
  256.05
   251.7
 244.125
 266.625
 274.125
 276.225
   262.5
  248.85
  217.65
  199.95
 173.325
 191.175
  176.55
  146.55
 144.225
 159.075
   162.6
   188.1
   273.9
   262.2
 263.325
 270.525
   262.5
 248.175
 248.175
  229.95
 225.525
  246.75
  275.25
  275.25
 273.525
  271.05
  217.65
     192
     186
  183.45
  179.25
  156.15
 145.275
  144.15
   168.9
 250.125
 300.825
  309.75
 305.625
  314.85
 331.275
  313.65
  300.45
  299.55
  279.75
 299.775
 336.825
 336.825
 312.525
 292.425
 252.675
   247.5
 212.475
  186.15
   182.4
 181.575
     171
  170.85
  205.05
  195.45
  309.75
  360.45
  349.05
 361.575
   345.3
 330.675
 311.775
 294.375
   289.5
 313.875
  322.65
   333.6
  300.15
  264.15
 238.875
 218.175
   225.3
 211.725
 188.925
   182.4
 171.375
   171.9
 195.675
 250.425
  322.65
 300.675
  300.75
 300.825
 308.175
 309.825
 293.625
   285.3
   270.3
  271.95
  293.85
  300.15
   270.3
  272.85
 237.375
  215.55
 191.925
  206.25
  206.55
 192.525
 176.325
   169.8
   146.1
   56.25
   111.9
 171.825
 218.325
 203.625
 217.725
  226.05
 195.375
 192.225
 176.925
   192.3
  192.15
 203.175
   231.9
   199.5
 165.225
 165.225
 174.225
  149.25
   120.9
 107.175
  84.075
    63.6
  58.275
    41.4
   55.65
   86.25
   143.4
   165.6
 192.225
 174.675
 165.525
  154.35
  140.25
 145.875
 206.175
   225.6
 210.675
 194.475
 176.025
 195.675
  174.45
 194.775
 165.075
 149.475
 145.425
   147.9
   152.4
  225.15
 337.575
  331.35
 335.175
  333.45
  352.35
   338.1
   339.6
 352.725
   329.4
  316.35
  351.45
 351.675
 319.425
 330.225
 292.425
  250.35
  218.85
 209.625
   212.4
   202.8
  195.45
   201.3
 210.375
  195.45
  330.75
 313.425
  316.95
 325.275
 311.925
   311.4
   311.4
 300.375
 276.975
   292.2
 350.925
   411.9
 337.875
 337.725
   293.1
 235.725
 206.925
   206.4
   198.3
 189.825
 179.325
  184.35
 199.275
  247.35
 322.125
   322.2
 322.275
 324.525
   323.1
 315.225
   300.6
   300.3
 286.275
 300.375
   332.7
 334.875
   307.5
  292.05
     222
 210.525
  210.75
 204.375
 169.425
  162.15
   148.5
  137.25
  183.75
 188.925
  259.05
   285.6
  285.45
 284.475
  285.75
 278.625
 285.075
 261.825
 247.275
 275.175
   300.3
 326.775
 346.425
 291.825
 245.625
   231.9
 198.075
 188.625
  178.65
 170.625
 153.825
 153.075
 183.225
 212.775
  265.95
   273.3
  266.85
 266.025
 265.575
 246.825
  233.25
 241.575
 206.325
   200.4
 236.475
 248.475
 232.575
 209.775
   205.2
   193.2
 189.675
 195.675
 186.225
 159.075
  158.25
   145.8
   132.3
   123.6
  169.95
 186.375
 222.375
  235.35
  239.55
 217.875
 211.125
  181.05
     180
 181.275
   224.4
 233.475
  206.85
 165.075
 146.175
   153.6
  131.85
 149.325
  108.45
      90
    72.3
   69.15
  61.725
   52.35
  58.125
    75.3
 135.525
   166.5
   201.9
  185.55
 146.175
  149.25
  111.15
  109.95
  207.75
 217.275
  217.35
   201.9
 176.175
 183.675
   143.1
  150.45
   125.1
  90.225
    98.1
 108.825
  139.35
  207.15
   285.3
  262.95
 262.575
 269.175
 272.325
   275.7
 270.375
 256.275
  247.95
   247.8
 270.375
 272.775
 262.875
 247.875
 217.275
  216.45
 195.075
  153.75
 154.125
   148.2
 123.975
   128.4
   194.1
 198.225
  281.85
   299.4
 294.525
 293.175
   293.1
 269.025
     240
 221.925
 210.375
 225.075
 238.275
 255.225
 245.025
   206.1
 199.575
 189.225
 162.675
 131.625
  57.825
      60
  64.125
   74.85
 103.575
  184.65
   222.6
 240.525
  243.75
   241.2
 240.975
  222.15
 230.325
 218.925
 210.075
 195.075
  210.15
 247.875
 222.675
 202.425
 170.475
   150.6
 123.975
  69.825
   64.05
   16.05
  12.825
  15.975
  103.65
   136.8
 195.825
 174.675
  172.05
  178.65
  185.25
   173.4
 180.225
 154.575
 151.125
  149.55
  172.35
 182.325
 184.875
   175.8
  162.75
  159.45
 108.225
 168.975
 123.975
  79.725
  77.475
 128.625
 167.775
 219.225
   262.2
 261.975
   263.1
 269.475
  262.35
  243.75
 258.825
  250.65
   227.4
 236.925
   269.1
 315.825
 298.575
 273.975
  234.75
 209.925
 190.125
 147.975
    98.1
    74.4
  64.425
    74.7
  60.525
  60.375
 148.875
  162.75
 177.825
 189.825
 188.025
 180.225
  169.05
 158.775
  148.95
 154.575
 186.675
 194.325
   185.1
 177.375
 153.075
 135.675
  84.375
   121.5
  84.525
  64.275
   69.15
    77.7
  65.775
  58.125
   80.85
  86.625
 134.625
  170.25
   195.9
 180.375
  165.15
 143.025
   132.6
 138.825
  184.35
  212.25
 218.325
  193.95
     180
   176.7
 150.375
   87.15
 104.175
   64.35
    60.6
  97.725
 135.375
     180
 240.825
  252.45
   255.6
 262.575
 269.625
  272.25
  262.05
 255.075
   241.2
 239.775
   261.9
 272.925
 261.825
     240
 205.425
  200.85
  161.85
  117.45
 144.225
 117.675
 109.125
   119.4
   155.4
   166.8
 240.375
  221.85
  209.55
   204.6
  208.05
 194.775
  194.25
  184.95
 182.025
     186
  215.55
  229.95
 216.525
   201.9
 192.525
   183.6
 153.825
 162.075
 146.625
  139.05
 112.575
  139.05
 170.475
  186.45
  233.25
   232.5
   234.9
   232.5
 254.325
 230.175
 231.675
   225.3
 225.225
 225.525
  255.15
 284.775
 273.225
  285.15
 263.325
  225.15
 206.025
 209.025
  202.35
  188.25
   185.7
   189.9
 199.275
 244.275
  375.15
 284.175
   277.5
   278.1
   270.3
   270.3
 255.375
  251.85
  250.95
 255.075
  247.35
   279.9
   255.6
  255.45
  209.55
  215.85
 206.325
  174.75
 164.325
   147.6
   143.4
   131.7
   146.1
 188.325
   247.5
     249
 248.175
 239.625
  230.55
   223.5
   204.9
   196.2
 185.175
 204.675
   225.6
  230.55
 198.675
 205.275
   180.3
 188.775
 164.025
 180.225
 187.875
 188.025
   186.9
 184.575
   180.3
 170.025
   152.7
  177.45
 184.875
 202.725
 221.625
   202.5
 202.725
 183.825
 182.475
 189.075
   190.2
  240.15
   224.4
  201.15
  197.25
  206.55
 200.175
     150
   119.1
   110.4
    97.5
   97.95
  87.225
  79.725
  98.175
  97.725
 152.775
 174.675
 190.275
   182.4
 174.675
 159.375
   146.7
     165
 195.375
 211.575
  209.85
 199.125
 185.775
   187.2
  172.95
  154.05
   131.1
 105.825
  97.875
 113.775
  151.65
  186.75
   237.3
 240.375
  232.95
  239.55
   242.7
 234.675
 247.875
 233.175
   225.3
 227.325
 237.225
 256.425
 248.025
   232.5
 212.325
 206.625
 180.825
  195.45
  186.45
  163.35
   151.5
  150.45
  146.25
   191.4
 259.275
   263.1
   255.6
   255.9
 256.275
 243.525
   235.2
   233.1
 210.075
 225.375
 229.875
 255.825
 244.125
 195.675
     180
  187.65
  182.55
  165.15
 137.475
 152.775
   143.1
  140.85
 194.325
  208.65
  240.75
  262.35
 255.675
 257.025
 264.825
 255.675
  255.15
 247.725
   241.8
   230.4
 255.375
  299.55
   257.1
  277.35
  248.55
  220.05
 217.875
  200.85
 187.875
  171.75
 166.725
  172.05
 174.675
 202.725
  277.05
  248.25
 253.125
 254.925
  248.25
 241.275
   240.9
 239.325
 213.525
  225.15
 228.825
   255.3
  257.55
 262.875
  218.25
  210.75
 182.475
   164.1
 160.275
 175.425
 173.475
 159.375
 177.225
 202.575
 242.175
 292.275
 291.975
 276.975
   269.4
  244.65
 240.375
 209.925
 200.025
 203.175
 225.225
 262.425
  254.55
 238.275
   201.3
 225.075
   218.4
 195.525
  185.25
  184.65
 185.925
 179.625
 179.175
 173.175
 182.775
 174.675
  206.85
     195
   202.8
 190.425
   188.4
  177.15
  170.55
 173.175
  188.55
  219.15
 203.325
 210.675
 207.075
 190.875
  170.25
     162
 133.275
 119.175
   113.7
 109.425
  87.975
    69.6
  91.575
  98.025
 155.625
  165.45
 174.525
 169.425
   150.3
 143.325
 134.925
  134.85
  157.95
 199.425
 205.575
  182.25
  181.95
  184.05
   171.3
 168.825
 159.375
   144.6
  139.35
 147.525
 146.775
   195.6
   232.5
 233.175
 242.175
   247.8
 255.375
  243.45
 243.225
   236.7
 224.775
 220.575
 223.725
   255.3
   248.1
 246.225
 220.425
 217.875
 206.925
  190.95
  188.55
 182.925
 172.875
  168.15
 194.325
 201.075
 254.925
   273.9
  274.35
 280.125
 287.325
 263.625
   242.1
   217.8
  198.15
     207
 217.575
  285.45
 275.625
  241.95
  214.35
   195.9
  193.35
   167.1
 182.325
 163.725
 162.225
 150.375
     171
 194.325
   261.6
 266.775
 265.425
 263.325
 260.775
 266.475
  270.15
   244.2
  244.65
 232.875
  254.85
   317.1
  313.05
   274.5
   242.7
 217.575
   183.3
 212.925
 210.375
 182.925
 171.975
 154.425
   190.8
 210.525
  264.15
 255.675
 272.775
 299.175
 309.225
 300.225
 293.475
 298.275
 278.775
  276.45
 292.275
  334.05
 325.425
 300.075
  276.75
  259.05
 239.925
   188.7
 199.275
 203.025
 195.375
 198.525
     198
  235.95
   280.2
   297.9
 307.125
   307.2
  316.65
 306.825
 304.575
 281.625
 247.875
 255.675
 289.425
  341.55
   332.4
  265.95
 248.175
 240.525
   224.4
 217.875
 196.725
   185.7
  194.55
 186.525
  184.65
   167.4
   159.6
 177.675
   225.3
 251.325
  251.85
 255.525
 224.925
  201.45
  183.15
   183.6
  224.55
 273.825
   253.5
  207.45
  193.65
   224.4
 200.475
   187.5
 172.275
 170.475
   164.7
 162.675
  139.35
   116.7
  121.65
 140.175
     177
 188.175
 216.975
   203.1
  187.95
   172.8
   156.9
 159.225
 185.175
 226.125
  227.55
 224.475
 212.775
 216.525
 190.275
 174.225
 168.075
  172.95
 164.025
 173.025
  186.75
  232.05
   309.6
   352.5
  345.75
 373.725
   360.3
  352.95
 367.575
  363.75
 337.575
 293.475
  298.35
 329.775
 334.125
 292.125
   263.1
   248.1
 207.525
   219.9
 209.625
  197.85
 194.025
   184.5
   205.5
   248.4
   337.2
  300.15
 336.075
 340.875
   341.1
   300.3
   299.4
 293.775
   284.4
 300.975
   304.2
   331.5
  340.95
   306.3
  255.45
   239.4
  233.55
  172.35
 195.075
   175.2
   176.7
   173.1
 190.125
   244.5
 388.725
 403.875
  525.15
  529.35
 559.725
   414.6
  535.05
  359.85
 336.975
 348.375
   374.4
 465.825
   561.9
 449.775
 300.375
 270.075
 238.725
 194.475
 197.925
   183.9
  174.15
 176.775
 183.675
 250.275
 450.225
  397.05
  408.15
  417.15
   420.9
 404.475
 353.625
   346.8
   340.8
  331.65
   382.8
  519.75
   450.6
  361.95
 274.125
 232.575
   214.8
     228
   217.5
 197.025
   171.3
 176.775
 213.225
 238.725
  287.25
   337.8
   353.1
  321.15
 305.775
  300.75
  299.25
 255.825
 251.625
 251.775
   256.2
 305.475
 303.825
 277.725
   237.9
   234.9
 242.625
   217.2
 191.625
  154.65
 148.425
   162.3
 161.925
   151.8
 209.475
 225.075
  250.95
  250.35
 252.675
     243
 224.925
   216.9
 197.775
   200.7
 188.475
 248.025
   278.1
  274.35
 254.475
  241.95
  190.35
 182.325
 174.075
  158.25
 167.025
  166.65
 157.125
   121.2
  132.75
   150.6
 171.675
  180.15
 223.425
 206.325
 180.075
  158.25
 138.975
     135
 162.075
 230.775
 241.875
 239.325
   232.8
 226.875
 202.875
 175.725
 160.875
 150.375
   147.9
 151.125
 182.325
  239.85
   300.3
   317.1
   331.2
 372.525
 374.175
 371.625
  374.25
 311.925
     300
 278.025
   282.3
 370.275
   369.3
   300.6
 245.925
 224.925
  203.25
 232.875
 210.375
   193.5
 188.025
   191.1
  232.35
 279.825
 337.725
 428.925
   483.6
 500.625
  499.65
   444.3
  455.25
  358.65
  320.25
 281.775
 291.075
 423.525
 455.175
  349.95
   322.8
 274.125
 248.325
   187.8
   180.6
  169.65
 170.025
  175.35
   176.7
  255.15
 302.025
     363
  369.45
 353.175
   376.8
 357.225
   352.8
 352.575
 309.675
  299.55
  300.15
   421.2
 459.825
   300.9
 292.575
 256.875
  232.95
  231.45
 231.075
  212.85
  200.55
  187.65
 215.175
 263.175
   356.1
 381.375
 378.225
 376.875
   360.6
 393.525
 367.125
   341.1
   313.5
 331.875
 337.575
     750
 600.225
 316.725
  277.95
   259.2
 232.725
  195.15
     180
   179.4
   171.9
 179.925
  188.25
   225.3
 352.125
 375.675
   408.3
   352.8
 340.575
   317.1
 291.825
  255.75
 237.525
 241.575
 255.225
 301.575
 296.925
  256.05
   225.3
  206.85
 180.675
   177.6
 162.075
   147.6
   160.5
  150.45
   151.5
 132.075
     123
  176.85
  246.15
 273.975
  280.35
  262.95
   247.5
  198.45
   202.5
  206.85
 244.425
 305.475
 300.075
 256.275
  240.75
 256.125
   223.2
   176.7
   149.4
  135.15
   123.9
 139.425
  141.75
   103.2
  118.05
 142.875
 180.525
 206.775
 231.675
 225.675
   189.3
  168.75
 139.125
 140.625
  177.45
 254.925
 273.975
     225
  216.15
   209.4
 177.225
   157.5
   124.8
   112.2
 114.975
  128.55
 161.775
   227.1
   256.5
  272.55
  271.05
  272.25
  284.25
 264.075
  269.25
     276
 256.425
   248.1
  247.95
   282.6
 285.225
   253.8
 225.975
 215.475
   190.8
   170.7
  96.975
    94.2
  92.925
 128.625
 172.725
   186.3
  249.75
  257.55
 269.325
   255.6
 248.175
   248.1
   253.8
 247.575
 244.275
 244.575
 247.575
 285.525
 297.975
  285.15
   233.1
  201.75
   173.1
 163.575
 128.925
  124.05
   123.9
  138.75
 191.025
 198.075
   247.8
   276.9
  248.25
  247.35
 251.925
   248.7
     255
 240.075
 211.425
 208.275
   194.4
 240.375
   256.8
  231.75
 197.925
 179.325
   168.9
   172.8
 137.925
  83.175
   119.4
 153.825
  184.95
  249.75
  252.15
 248.775
 262.875
 272.775
  277.65
  268.65
 266.475
 265.125
 251.025
  232.05
  232.35
  241.05
   272.4
 252.975
 248.475
 201.675
  162.15
 121.425
   64.05
  51.975
  56.325
  65.325
 149.325
   170.7
     222
 231.525
 219.975
   216.3
  232.65
 205.725
  191.25
     183
   187.5
   168.9
 170.175
 195.525
   207.9
 202.875
  175.95
   157.8
  97.875
   58.95
   15.45
   9.075
   13.05
  30.225
  60.525
 106.575
 145.875
  161.85
     201
  195.75
     207
 180.375
 171.975
 167.925
 137.325
   130.2
 138.975
 162.075
   172.5
 153.975
  130.35
  90.525
  15.675
  74.925
    44.1
  18.975
  25.125
   58.05
      57
  53.025
  58.725
  60.075
  116.25
 139.125
  173.25
  151.95
   114.3
   90.45
   86.55
  86.325
 103.575
 173.175
  203.85
   179.7
     162
   153.9
   112.5
 133.125
    75.3
    61.8
  66.525
  104.85
 146.325
 188.925
  247.65
 248.475
 247.425
 258.975
 259.725
 254.175
 258.975
 247.275
   237.3
 223.275
   221.7
  247.95
 259.575
  252.45
 232.275
  195.45
   177.3
 167.175
 132.675
   136.8
 110.775
   137.4
 177.225
   216.6
 249.525
  236.55
   248.1
 255.525
 273.075
 236.175
   240.9
   243.6
 228.825
   226.5
 231.825
  240.75
   275.7
 270.525
   237.3
 222.525
 188.475
 206.325
 203.025
 193.875
 190.725
  183.75
 186.375
   205.8
  262.65
 277.125
   280.5
   278.4
 277.725
     270
   269.4
   249.6
 236.325
 235.425
 220.725
 241.575
 262.125
  256.65
  230.25
 181.725
  188.55
  182.55
 137.475
   137.4
  126.45
 137.925
 167.025
 198.675
  247.65
   248.1
   258.3
   277.5
 284.475
   277.5
 278.775
  264.45
  243.15
  225.75
  233.25
   248.4
  296.85
 272.925
 257.475
 232.875
  199.95
  190.35
  200.25
 197.475
  196.35
  191.85
 204.375
 225.375
   292.5
 337.575
 347.325
 296.775
  316.65
  284.85
 284.025
 272.775
   247.8
   240.9
 247.875
     285
   296.7
  291.75
 254.325
   262.5
 254.025
 257.475
   204.6
 201.075
  186.15
  187.65
 187.125
  183.45
 209.475
 230.925
 262.875
 270.375
     270
 258.075
  241.05
  206.25
 195.375
  194.85
  223.65
   232.8
 257.775
   235.2
 210.675
 216.525
  188.25
 184.125
   156.6
       0
  139.35
  142.05
  137.85
 115.875
  124.05
  130.35
  172.05
  199.95
 232.275
   223.5
 189.075
   157.8
 145.275
 139.125
 154.425
   186.6
 220.575
 231.825
     231
 239.325
 187.425
 170.625
   143.4
   135.9
 136.275
 159.375
   172.2
   224.7
   292.2
  291.15
 300.375
   300.6
   374.4
   321.6
   361.5
 269.775
 250.125
 231.975
  227.25
 225.075
 229.575
     267
 248.175
  232.35
 196.275
 171.525
 182.625
 172.725
  173.25
 178.425
 190.275
  243.45
   290.4
 286.275
  288.75
   291.9
  301.05
  271.35
 262.575
 251.775
 244.425
  214.65
  202.95
 206.325
  207.45
  262.65
 247.425
 239.925
  199.95
   156.9
  133.65
 131.325
 136.575
 143.925
 172.575
   186.6
  224.55
 241.575
 241.725
   240.9
 245.175
 240.525
 243.525
 233.775
 212.475
  209.25
   206.7
 209.625
   212.4
 217.125
     210
 179.925
  166.95
   188.4
  174.75
   156.9
 154.275
   154.5
  185.85
 218.475
  239.55
   262.2
   262.2
 262.575
 269.325
  261.15
  243.75
 237.075
 233.025
  207.45
  206.55
 195.825
 197.325
   258.9
   242.1
 181.425
 167.325
   144.6
 132.225
  118.65
  103.35
   116.4
  158.85
  198.75
 240.225
  243.75
  246.75
 247.425
 255.225
  237.45
 224.625
   217.8
   203.1
 195.525
   188.4
 184.275
  206.85
   214.2
  206.55
  170.85
   159.3
  162.75
   178.8
   160.8
  153.15
 161.775
 156.525
   164.7
  180.75
  178.35
  195.15
 214.275
  233.25
 228.375
   217.8
   181.8
 169.725
  166.05
 169.875
 202.425
 202.275
  233.55
 239.775
  191.85
  172.65
 146.175
  121.65
  112.65
 108.375
  105.15
 105.675
   77.55
   83.55
  123.45
 141.525
  160.35
   188.1
 167.925
   138.9
 132.075
  99.375
    90.6
   125.1
 172.725
 195.225
   201.9
  204.75
 199.275
 159.075
  159.45
  121.35
  89.475
  91.425
 128.325
  144.15
   215.7
 254.925
  258.75
   262.8
   265.5
 286.575
 278.475
 257.775
 243.375
   233.7
 224.775
  210.75
   210.3
   212.4
 242.475
 226.725
 207.825
  172.65
   153.9
 134.625
 131.325
    74.4
    64.5
 154.275
 202.125
   237.6
 253.125
   258.9
 255.075
 258.975
   246.9
   246.3
 247.275
 239.775
 222.525
   225.6
   218.1
  230.25
 227.025
  232.05
 217.875
   206.4
 168.375
   162.3
 144.075
   132.3
   140.4
 166.575
   218.1
  241.65
 272.475
 272.325
 280.275
 286.875
  262.95
 251.925
   239.1
 229.275
  213.45
 210.525
  209.85
 206.775
   262.5
   224.7
 198.675
  172.35
 218.175
 189.225
   180.6
  175.35
 180.225
   182.4
 241.875
 237.375
   251.4
   255.3
 287.325
   303.9
 262.875
 268.425
  251.25
 242.925
  226.95
   227.1
 224.925
  221.85
  243.75
   259.2
  269.25
 239.325
   187.2
 160.125
 173.025
 146.625
   134.1
  145.35
   132.3
 131.775
 172.875
  217.65
  208.65
 226.125
 206.775
 183.075
  180.75
  172.95
  163.35
 177.225
  194.25
 210.075
 255.075
   259.8
  230.25
 185.925
   151.2
 109.575
   126.6
  121.35
  138.75
 143.925
  151.35
   177.9
   185.1
 195.375
   213.3
  232.35
 222.225
 188.925
  184.05
 180.075
 173.325
  172.95
   182.4
  182.85
 213.825
 217.725
  205.05
 172.725
  139.05
  79.725
    62.1
    62.1
  64.125
   64.95
   58.35
    64.5
    96.9
   132.3
  175.95
   215.7
   180.6
   124.8
  96.225
   84.75
  80.925
  85.425
 121.275
 158.475
  175.65
  195.75
 182.325
     126
    67.8
  57.825
  52.725
  53.025
  53.025
  60.075
  57.975
  60.075
  83.775
   120.9
  157.05
  184.05
 171.525
 121.125
    90.3
  86.625
  83.175
  88.275
 121.425
 128.925
  165.15
 192.375
     180
 128.925
 138.825
 130.125
 108.975
  93.975
  127.65
  173.85
  219.45
 262.875
  268.65
     291
  298.35
  324.45
  301.05
   295.2
  272.55
  252.75
   244.2
  240.45
 239.775
   239.7
   255.6
 244.425
 222.375
 195.375
 173.175
 167.025
 148.575
 140.925
 140.475
 188.475
 210.225
 255.525
  272.25
 273.525
  272.55
 298.275
 264.975
 263.025
 259.875
     258
   238.8
 224.475
  222.45
   199.2
 207.825
 232.125
  206.85
  185.25
 174.825
 154.125
 143.475
  139.35
 132.225
 170.625
 224.625
  241.95
 257.925
 255.525
 267.525
 286.875
   276.3
  264.75
 254.775
     240
 219.225
  225.45
     225
  227.85
   270.3
   240.6
 222.375
 188.175
 167.175
   161.7
  150.15
 142.275
  159.45
  190.35
 241.875
  280.05
 285.825
 285.675
 288.975
 329.775
   292.5
   280.5
 261.975
  247.05
   234.6
 232.725
 224.325
  218.85
  224.85
   224.4
  203.55
 189.375
 180.075
 172.275
   161.7
  145.95
 139.425
   146.4
   134.1
  166.65
 211.575
  255.45
 240.225
 240.975
     219
 195.375
 174.225
  168.45
 168.075
   174.3
   175.8
 176.925
 179.025
 175.725
 168.675
 145.875
   146.1
  90.225
   73.35
  79.575
  83.775
   84.45
   74.85
    95.4
   115.2
 173.175
  175.35
   216.9
   191.7
  163.65
  130.05
 119.025
    99.3
  132.45
 150.225
  176.25
  210.75
     207
 202.125
   165.6
  143.55
  95.175
   82.95
   82.95
 119.025
   165.3
 214.125
 265.875
  272.55
  280.05
 297.225
 326.625
  289.95
  291.45
  272.25
 255.525
  234.45
   227.1
  222.15
   220.5
   246.9
 239.025
 206.925
 176.175
   170.7
  153.75
  153.75
 139.125
  137.85
     162
   208.8
  255.45
 262.425
   284.1
 301.125
   335.4
  320.25
  291.75
 251.325
 246.975
  224.25
 210.225
 206.325
 204.975
   237.6
     252
 207.075
   187.8
 165.675
  138.45
 107.625
 127.575
 146.475
 182.625
 231.975
 266.325
   270.6
  291.75
 313.275
 342.075
   267.6
 251.625
 247.275
 251.775
   251.7
 251.475
 250.425
  245.25
   240.3
 244.125
 188.775
   139.5
  166.35
   138.6
 132.375
 131.325
   144.6
   175.5
 199.125
   244.2
 280.275
 298.125
  316.95
 361.875
  307.65
   317.1
  272.55
  262.35
 235.725
  218.55
   210.9
   210.6
 240.075
  244.35
 234.975
   187.8
 174.975
  138.45
    94.5
  81.975
 131.625
  170.85
 203.025
  276.45
  315.45
  309.45
  286.65
     315
 266.775
  269.85
 244.875
 231.975
  207.15
 201.975
 194.175
     189
   219.6
 205.275
  193.95
 155.475
   141.3
  48.525
   61.65
    73.8
  65.775
   139.2
  154.95
 164.475
   142.8
     171
  188.85
   208.8
   182.7
  175.95
  147.15
     144
  102.75
 143.325
 143.925
   154.8
 178.275
   187.5
 155.025
     144
  86.175
   60.45
    58.5
      60
  59.175
   60.75
  58.575
  58.125
   65.25
    95.4
   143.4
  172.65
 147.375
 140.775
   90.45
  86.775
    80.1
   98.25
   139.8
 143.625
 150.375
   155.1
 143.625
 138.225
 144.825
 108.525
      90
      87
 128.775
  154.05
     219
   269.7
 266.475
 275.175
     285
  319.65
     300
   300.3
  270.75
 255.975
   240.6
 238.125
 227.475
 225.225
  238.65
  240.15
 199.725
   171.3
  175.65
   162.3
 145.425
 147.675
 134.175
     189
  187.95
  239.85
 266.325
   272.7
 269.325
 286.275
  249.75
   252.9
  252.75
 242.175
 217.575
   210.6
  210.15
 199.575
  208.95
 211.275
   188.1
 164.925
 154.275
  60.525
  56.025
  25.575
  60.375
 159.825
 192.375
  240.15
 240.225
 240.225
  240.45
   262.8
   242.4
 240.525
  240.45
 220.575
   201.3
 206.625
   188.7
 189.375
 224.325
   227.4
 180.825
   152.1
 180.525
 136.425
    94.5
   60.45
   56.85
 164.775
 189.975
 255.225
 245.625
 239.025
  252.45
 255.225
 238.725
   240.3
   233.1
 232.875
 220.725
 212.025
  206.25
     198
  224.25
 224.325
   159.6
  138.75
 142.725
   115.5
   82.95
  60.375
   64.35
   164.7
  170.55
 201.975
   227.7
   234.3
 232.875
 236.925
 234.675
   207.9
  194.85
   189.9
 186.525
  206.25
 206.025
 188.925
 224.025
   218.1
  188.55
  150.45
 138.825
    80.7
    53.1
    52.2
    43.5
    52.2
  18.075
  32.625
      42
 127.725
   135.6
 175.875
  173.25
   117.9
   86.85
  52.725
    52.5
    52.2
 104.775
 138.975
 178.875
 188.325
 165.375
 121.725
    96.9
    62.4
  57.975
   58.35
    62.4
  68.025
  59.775
   82.65
  86.775
 106.575
  150.75
   174.6
 153.075
  111.75
    95.7
  92.325
    82.5
   100.8
     138
 143.475
  169.05
 187.725
   183.6
 139.275
 121.275
  74.775
   63.75
   60.15
   72.15
 153.825
 210.225
 316.575
 333.975
  370.35
   362.1
     426
 352.725
  353.55
   334.2
   291.9
 266.775
   251.4
 227.775
 225.525
 255.375
 251.475
 214.575
  167.85
   162.6
 114.075
   87.15
    58.8
  56.625
  148.95
   211.5
  289.05
   300.3
 311.775
   311.4
 407.775
 300.075
 276.825
   259.5
   249.6
 247.125
  247.65
 241.875
 234.675
 234.525
  241.65
 219.525
  170.85
  179.55
  135.75
 133.725
  118.65
 128.775
 193.275
 227.175
 258.975
     312
 336.975
 429.375
  450.45
 383.175
 450.075
 279.975
  262.95
 243.825
 239.025
   237.9
 223.125
 255.675
 248.175
 212.325
 210.375
   204.3
  179.25
  154.95
 154.575
 113.025
  179.55
     219
  285.45
 404.925
  456.45
 560.175
 750.375
 427.125
 350.025
 278.475
  268.35
  262.65
 250.125
   228.9
  226.65
   255.6
  249.45
 226.875
  181.35
 155.625
 142.875
   138.9
 112.725
 135.375
  180.15
     216
 263.175
   325.2
 345.975
  355.35
   530.7
  317.25
   289.5
   248.1
 227.025
   206.4
 197.325
 201.825
 195.525
   215.1
 242.625
 240.825
 201.375
 164.775
 165.825
   139.2
 118.425
 127.425
  128.25
  130.95
 138.825
   171.6
  187.35
 204.975
  239.25
 225.375
 186.075
 173.475
 171.825
 150.825
  149.25
 147.675
   164.4
   185.7
 193.125
 206.775
   149.1
   145.8
  90.525
      75
  78.525
   84.15
    81.3
   61.05
  85.425
   119.7
 149.475
   176.4
 196.125
  183.45
  165.15
 141.825
 132.675
 139.275
   149.1
 164.925
 177.675
   198.6
   208.5
 200.175
 171.675
 132.075
   97.95
    78.3
  66.075
 109.425
 157.725
  213.75
 287.925
 304.275
 309.375
   334.5
  451.65
 326.475
  322.35
 299.325
 279.525
   263.4
 261.225
  255.15
 244.125
 253.125
  253.35
 226.575
   189.9
 192.075
   188.7
 180.075
 168.375
 176.325
  191.55
     243
 300.225
 387.225
   376.2
  389.25
 655.575
 376.425
 375.975
  337.95
 337.725
  272.85
   271.8
 272.925
 269.925
   272.4
   278.4
     243
  220.05
 188.325
 174.075
   153.9
 147.675
 161.775
   188.7
 243.375
  301.05
 417.225
   443.1
 465.075
  761.25
   428.1
 434.475
 344.925
  334.05
 263.475
 245.175
 247.275
   232.5
 255.375
   270.3
 229.725
  188.85
   206.7
     180
 171.675
     165
  164.85
 189.825
 270.675
 376.125
 437.775
  389.85
 381.975
  702.15
   349.2
  382.35
 366.975
     366
 307.125
 291.825
 266.625
   254.7
   298.8
 303.825
  262.95
   201.9
  194.55
 173.175
 166.725
   160.2
 170.475
  218.55
 275.025
   337.5
   344.7
  337.65
   338.1
 430.125
   346.2
  337.95
  301.35
  277.05
   255.6
  247.65
   234.6
 225.825
  266.55
  261.45
 240.225
 206.175
 186.975
   173.1
 181.875
 175.875
  162.75
   154.5
   154.2
 177.375
   182.7
 195.225
 215.775
 207.525
  177.45
   182.1
  164.55
  147.45
   168.3
 163.575
   172.8
  139.05
   127.2
  124.35
  138.75
   131.1
  114.15
  86.325
  68.325
    64.2
  63.975
    58.8
    56.4
  63.975
   86.85
  111.45
 134.025
   172.2
 159.825
     114
  101.85
    90.3
  86.775
  95.925
 131.175
 138.375
   124.8
 147.075
   162.9
 127.275
  113.85
  80.475
   64.35
    67.5
  97.125
 152.175
 218.475
 264.225
 329.475
 329.325
  344.55
     492
  364.95
  357.75
  292.35
 270.225
 264.075
   262.2
 261.825
 240.525
  230.25
 232.125
   220.8
 176.475
  190.05
 165.675
 153.375
     135
 138.825
  193.35
 190.575
 262.875
   281.4
  274.65
 286.575
 374.475
 286.875
 281.625
 282.825
 262.275
 249.375
   245.7
 238.575
 224.775
   232.5
 243.825
 237.375
 206.475
   181.8
  139.05
  109.05
  64.425
 110.025
   170.7
 190.575
 265.425
 280.875
     270
 270.525
   270.3
 257.475
 254.325
  232.95
 226.875
  224.55
   209.1
 206.025
   193.8
   187.8
  183.75
 191.925
   134.1
   162.9
    82.8
   76.05
   48.75
   58.95
  48.525
  19.425
   63.45
   71.25
  98.025
  117.45
 164.625
 149.475
   121.2
  98.025
   97.95
     102
 138.825
   162.3
 187.575
   162.6
  175.65
   189.9
   149.7
  97.875
  60.075
    56.4
  55.725
   57.75
  93.975
 154.125
 190.575
 201.825
 213.375
   225.6
 246.825
 231.975
 207.225
 197.775
  201.15
   201.3
   206.1
 202.575
  199.05
 203.625
 199.125
   211.2
 174.975
  169.35
 123.075
   90.15
    52.8
 106.575
 123.675
 116.175
   119.7
   189.6
 234.825
  240.45
   249.3
 230.325
 187.875
 177.825
   169.5
 143.025
   135.6
 147.825
 146.175
  161.25
  171.45
   170.4
 148.575
  138.75
  78.075
  63.975
  60.375
  58.725
   57.75
   56.25
   61.35
  89.775
 165.825
   168.9
  196.95
 169.125
 159.525
 127.725
 107.175
  103.65
  133.95
  158.85
 168.975
 177.675
 206.325
  215.25
  157.65
 115.875
   73.65
  64.425
   70.05
 106.125
   162.3
 200.025
 288.375
 279.975
   278.7
 288.225
   342.3
 300.225
   304.2
  292.05
 266.775
   244.2
  233.55
 225.525
 220.425
 224.625
   226.2
  207.75
   150.6
 145.725
  73.725
   60.15
  45.525
  57.375
 135.675
  147.15
 199.875
 233.175
  247.35
 258.525
  267.75
 256.425
 266.325
 253.725
     255
 223.725
 206.175
 206.775
  204.45
  186.75
   187.2
 188.325
 140.025
   150.3
  89.025
  57.975
   55.05
  45.225
   145.5
 170.775
 263.475
 286.575
 281.625
 298.275
  307.05
   281.7
   273.9
  268.95
  247.05
   229.8
 232.575
 224.775
 213.075
  213.45
  219.45
 202.425
 187.575
 195.825
 179.025
 154.125
 153.075
  153.75
 179.175
  244.95
 281.475
   294.9
 299.625
  464.25
  595.65
  429.75
   382.8
 291.075
  284.85
 272.325
  264.75
 262.725
 264.075
  254.85
  272.85
 275.475
  206.85
 195.675
 184.725
 153.225
 140.325
  142.05
 188.325
 241.125
 318.825
 292.125
 300.825
   336.6
 521.475
 331.425
 281.475
 270.075
 248.175
   233.4
  228.15
 226.575
 195.525
  204.15
 197.325
 200.325
   154.5
 189.525
 183.675
  177.15
 136.275
   57.45
    32.4
 116.025
 152.175
   168.9
 202.425
   209.4
  223.35
   221.1
   194.4
  183.75
 187.725
 177.075
 177.225
 173.175
 150.675
 147.225
 171.075
  179.85
 160.575
     123
      60
   58.65
  57.825
    56.4
  48.525
   41.55
    58.2
   74.25
   86.85
 115.875
  159.15
 139.875
   105.3
   92.25
  96.675
   86.85
  86.925
  131.25
   139.2
 133.425
 139.125
   146.7
    90.3
  98.025
  58.125
    48.6
   44.55
   43.05
  39.075
  51.375
    81.3
  77.325
   97.05
   122.4
  164.25
 139.575
 125.475
  116.25
 114.225
 103.425
  115.65
 116.175
 127.125
 116.175
   126.6
   149.1
  123.45
 100.575
  57.975
  46.125
    40.5
   52.05
 109.725
  162.15
  244.35
  277.95
   277.8
 334.125
 483.825
  291.75
 285.675
 271.425
   264.6
 252.675
 248.925
 238.725
 224.025
 202.875
  211.05
 202.125
  156.75
 214.425
 188.475
 169.425
 138.825
 139.275
  176.85
  225.15
 280.425
 315.225
 283.575
   333.3
 412.875
 294.375
  281.85
 280.275
 256.125
   248.7
   239.1
 223.725
 223.125
   250.8
   248.1
 254.325
 201.075
 174.075
 128.475
    60.6
    60.6
    64.2
 154.425
   195.6
 280.425
   300.6
   290.4
 319.275
 385.575
 312.525
  329.55
 284.475
 284.775
 264.525
  264.15
  261.75
   228.6
  209.25
   202.5
 218.775
   172.2
     180
 138.975
   109.5
   78.75
      90
 154.425
 195.675
 256.425
 266.925
  272.55
   300.3
   321.6
 280.125
  266.55
  251.25
 230.175
 217.125
  202.35
 204.975
  190.35
   196.8
 195.225
   195.3
 190.575
 192.225
  141.45
  141.45
   141.3
 139.125
 138.825
 142.425
 201.525
 210.525
  250.35
 250.275
   274.2
 239.775
 188.025
 186.225
  181.05
  178.95
 182.475
 186.525
  183.15
 183.375
 187.125
  190.65
   173.4
 111.225
   64.05
   60.45
  57.975
  57.075
   51.75
   48.45
   59.55
    86.4
 120.525
 155.925
 170.175
 168.675
   137.7
     108
  120.45
  116.55
 133.575
 154.125
 151.875
  158.25
 173.325
 195.075
  123.45
  128.85
    94.2
      72
  59.925
  78.525
  166.95
  195.15
   277.8
 292.725
 312.225
 379.875
  532.35
 344.625
   340.8
 336.675
   296.4
 267.375
 263.325
 263.475
 249.975
 224.775
  225.15
 223.575
 192.375
 188.625
     135
    93.3
  71.025
  120.75
 160.275
 189.225
  279.75
   323.7
     306
  361.35
  513.75
 337.725
 315.975
   308.1
     315
  280.05
 266.775
 264.375
 240.525
 223.725
 227.025
  224.85
 189.675
 195.075
 163.275
 121.125
   80.55
 121.125
 170.325
 217.425
 262.875
   293.7
 284.475
 284.325
  386.55
   309.9
 301.425
  309.15
   284.4
   279.9
   267.6
   251.4
   248.1
   226.2
   224.7
 244.425
 191.175
 195.075
 153.525
   114.9
    53.1
   45.75
  56.625
   132.6
   189.6
 217.425
   240.3
  269.25
  285.45
 274.875
   264.6
 242.175
 228.525
  222.15
 221.025
 223.575
 224.925
 210.225
   204.6
   203.1
 188.025
 172.125
 138.825
    60.3
   51.45
  56.325
  139.65
 215.925
  262.95
 285.225
 301.425
 301.275
  334.35
   312.9
  289.35
 288.375
 272.325
 268.575
   265.5
 261.075
   227.4
  202.65
   198.9
   194.7
   160.2
 137.925
 105.375
   48.45
   45.45
   41.55
    37.5
    52.8
  88.875
  138.45
 169.425
 190.575
 191.025
  187.95
  177.75
  149.55
   139.8
 159.975
 150.375
 135.075
 139.275
   138.6
   138.9
   164.4
 141.075
  96.825
    59.7
    56.7
  54.525
   47.25
  37.425
    34.2
      57
    63.9
  99.525
   141.9
 173.925
 138.825
  110.85
    96.9
   86.55
    86.4
  84.675
  133.65
 133.725
 125.925
   127.8
  168.45
 122.625
 133.125
    79.5
  63.075
  66.675
  64.125
     123
 180.525
  262.95
 305.325
   323.4
   334.8
  420.15
 337.125
 336.825
   301.2
  279.75
 266.175
 256.425
 247.575
 237.075
   216.9
  217.05
   216.9
  167.85
 172.575
  120.45
  56.775
  56.625
    63.9
 148.275
 206.475
   266.4
   313.2
   286.5
  334.05
 387.075
 325.125
  301.65
   320.1
   285.9
   256.5
 238.875
  223.35
   202.8
 194.175
 198.225
   209.4
  170.85
  160.05
   128.7
  60.225
      45
  52.575
  105.15
 192.525
 233.475
 272.325
  285.15
     285
 344.775
  288.75
 290.775
 291.525
  292.05
 266.775
 261.675
 261.075
   240.6
  232.65
   211.2
     225
 197.475
  202.65
 154.125
     144
 112.575
 112.875
 162.225
  202.65
  288.75
  334.65
 315.525
   308.7
 376.275
 339.375
 289.425
 275.625
 284.475
 269.625
 255.225
   263.1
  238.65
   216.9
 207.825
  209.85
   188.7
   186.9
 144.975
  92.325
    62.1
  74.925
 153.525
   182.1
 244.575
 307.875
   348.6
   396.6
     480
 361.125
     360
     363
 274.125
   254.4
  254.85
 262.875
   248.1
   226.2
 217.125
 220.725
 178.875
  195.15
 173.175
  177.15
     162
  151.05
  141.45
 158.025
 193.575
     204
 224.625
 237.075
  262.65
   236.7
 192.525
   182.7
  180.75
 174.225
   179.1
 188.025
 186.075
  183.75
 179.325
 177.675
 165.225
 102.825
  65.175
    59.7
   56.55
    55.2
    44.4
   41.25
    59.4
   65.25
 105.075
 134.175
 182.325
 163.425
  146.55
   129.3
  110.25
 109.875
 139.425
   146.1
 150.375
 150.375
 148.275
 188.025
   139.2
 100.725
  64.125
      60
  60.375
  70.725
  127.65
   195.3
   271.5
  312.15
 306.075
 333.825
  460.95
 396.375
 676.125
 371.475
   338.1
   275.4
  270.75
 263.925
   243.9
 236.325
   226.5
 216.525
  181.95
  206.85
   187.5
   152.7
 139.425
 152.325
   187.8
 278.025
   359.7
   534.9
 382.725
 487.875
  1124.7
  487.65
 443.175
 360.525
  361.05
  324.45
   292.2
 292.575
 291.975
 266.325
  255.15
  277.65
  210.15
  185.55
   144.3
 130.425
  78.375
  56.925
 137.925
  196.65
   259.2
     273
  300.45
 334.275
     450
     360
  346.95
 339.525
  277.05
  248.25
 221.325
 217.425
 210.075
 199.125
  196.35
   197.1
 170.625
     123
  62.175
   47.25
    56.4
   56.55
   64.05
  158.85
   224.4
  271.05
 267.225
  296.85
   296.4
   292.5
 284.625
   294.9
 278.775
  263.25
  262.65
  248.25
   230.1
   231.3
 206.775
   226.8
  185.25
 132.525
   69.15
  70.875
  65.925
   60.15
  61.425
   195.3
   199.8
   202.8
 291.075
 315.075
 376.275
 315.825
 288.975
  269.85
 217.275
 220.725
  220.65
 216.525
  211.95
  187.65
   176.4
 170.025
   187.8
 171.375
   74.55
  48.975
  52.425
   41.55
  23.175
  26.025
    83.4
   166.2
 177.525
 217.275
 227.925
 198.075
     177
  145.35
 139.425
 131.775
  135.45
  132.15
  125.25
   139.5
 134.325
  157.95
   141.3
   124.5
   60.15
    52.2
    53.1
    44.1
  34.275
  31.425
  56.625
  60.525
 122.775
   161.1
 201.075
   162.9
  137.85
  125.25
 102.825
    97.5
  125.85
 159.075
 162.675
   159.3
 166.275
     195
 159.225
   100.5
   70.95
  67.125
    57.3
   55.95
  64.425
   158.4
   257.7
   312.6
   332.7
     513
 562.875
   402.9
   409.8
 351.675
  296.55
 271.275
  268.35
 266.925
 254.325
 227.175
 224.775
  194.55
 132.675
 176.025
   139.2
  121.05
 112.875
   119.7
   172.8
   189.3
  243.75
  263.85
   279.9
 278.925
   301.5
 285.375
   280.2
 271.725
  267.15
 258.375
 241.125
 236.025
  214.35
   206.4
 205.575
 192.225
  177.75
 132.825
   64.05
    60.6
   56.85
  69.225
  137.85
  187.35
  229.65
  277.65
 289.575
 307.425
  383.85
  326.25
 293.175
   293.1
 285.225
 254.625
  262.35
  258.75
 240.075
 225.975
  202.05
  189.15
   151.5
 202.575
 171.975
 123.825
   83.85
  79.725
 133.275
  226.65
   285.3
   301.2
  298.05
 339.375
 359.775
 292.725
   304.5
  289.65
  254.55
 251.475
 241.725
  239.55
  239.85
 236.925
 224.175
 226.125
   216.9
 172.275
 124.425
  107.25
    73.5
   56.85
 131.025
 191.625
  238.65
 271.125
  272.55
 284.025
  331.95
 270.825
   264.9
 268.575
  258.15
 240.225
 253.125
   251.4
 220.125
 230.325
  217.95
 221.925
  188.85
 187.575
   189.3
   179.4
 147.675
 123.375
  96.825
 153.975
 186.825
  194.55
 231.525
   239.7
  235.65
   217.5
  202.35
 185.925
  189.15
 168.225
   177.3
  179.85
 187.275
  201.15
   187.5
     207
 177.525
   111.9
    77.7
    70.8
  66.825
  60.975
    53.7
    60.9
  62.025
    83.4
 116.775
 153.375
 186.975
 163.725
   151.8
  132.75
   115.8
 114.825
  132.15
 163.725
  176.85
  179.85
   183.6
   232.5
 170.925
    97.2
  65.625
  64.125
  61.425
   63.75
 100.875
 186.825
 274.275
 310.275
 332.625
 357.375
  460.95
     378
  368.85
   339.6
   310.5
 279.225
 262.275
  254.55
 238.725
   235.8
 232.125
 227.025
   206.7
  226.05
 217.275
 198.075
 174.825
  124.05
 169.725
  221.85
   268.8
 309.375
  325.05
 312.075
 362.175
 305.175
 294.825
  301.95
     282
 272.475
 262.275
   240.6
 227.175
  256.05
 244.275
 255.375
  247.05
 192.675
 183.975
 155.775
 123.975
  76.875
 130.725
 223.875
  275.55
 291.825
  328.35
 359.475
 430.125
 352.425
 341.025
  311.25
  297.45
 254.325
  242.55
  238.95
   238.5
  226.65
 225.225
 229.875
 197.175
 178.875
 143.175
  132.15
  68.175
    69.3
  151.35
  192.15
   201.9
   261.9
 262.425
   292.5
  312.45
 301.425
 303.225
   270.9
 258.075
 257.625
 241.725
   246.9
  225.75
 210.975
 209.925
   209.4
 187.725
 183.075
   159.9
   139.2
 124.275
   65.25
 132.375
 209.775
   260.7
  277.65
 276.975
 280.125
   307.8
   280.2
  254.25
 254.175
 253.125
   234.6
  227.85
 217.575
   231.6
   221.4
 205.725
  216.75
 187.875
   124.5
   56.85
  52.875
    49.2
   21.15
    18.6
    18.3
    18.6
 143.025
  172.95
  195.45
 205.725
   212.1
 211.275
 190.575
  172.65
   164.4
 166.125
 162.375
   150.6
 149.625
 146.475
 153.075
 120.075
  97.575
   60.15
  35.025
    31.2
      33
   31.65
    35.7
  51.825
   67.05
     108
 142.575
 172.875
 165.375
   134.7
  109.35
  97.725
     102
 119.475
 137.325
   135.9
  144.75
 141.825
 158.775
  132.15
   71.85
   56.25
   52.95
   45.15
  45.075
   71.55
 167.325
 232.725
 279.825
 291.975
 315.075
   374.4
   301.5
  311.85
  291.75
   281.7
     252
   244.5
  239.85
 228.075
  227.85
  223.65
   218.1
  190.65
   188.1
 162.225
   130.2
  130.35
  53.025
   152.7
 194.325
 227.175
   262.8
  270.45
  266.55
  273.75
 265.875
   269.7
 266.925
  265.65
 244.875
 239.925
     228
 225.825
  217.35
 206.625
  206.25
 193.425
   120.6
    96.9
    26.7
    38.1
    81.9
    94.2
   188.7
 266.325
 239.775
 252.075
   252.6
  259.05
 248.625
   245.1
   255.6
 262.125
   234.9
  229.35
  225.15
 216.825
 226.725
 224.325
 212.625
 175.575
     135
  123.15
   103.8
    60.6
  111.75
   132.3
 218.625
 250.125
 270.075
  293.85
   314.7
 335.175
 309.675
  291.75
  307.95
 275.025
   266.4
  255.45
 247.275
 243.225
 251.475
   245.4
  241.65
 221.775
   182.1
  179.85
   165.9
 139.425
 165.375
 191.325
  227.25
 260.025
 291.825
  300.15
  332.85
 342.375
 317.025
   294.9
 297.375
  269.55
  243.75
 254.325
   248.4
 229.275
 227.475
   229.2
  239.25
 210.525
 171.975
   165.9
 155.325
   166.8
  157.95
  148.95
   157.2
   165.3
 216.975
  244.65
 262.575
 248.175
 252.225
  246.15
 220.425
  217.95
  202.05
   210.6
 214.725
  206.85
 184.125
 190.725
   195.9
   166.2
 119.625
  75.075
  60.675
   66.15
    60.6
    60.9
   60.75
   81.75
 120.225
  165.45
   179.7
 208.725
   192.9
  175.05
  165.45
   151.5
 149.475
 165.075
 187.125
 189.375
  189.15
  196.05
     201
  181.35
  139.35
   82.05
   60.45
  59.175
   67.95
      75
 198.225
 249.375
   272.1
  300.15
   317.1
 401.325
 328.725
 322.875
 299.925
 272.625
   269.4
  250.35
  237.75
 219.525
  233.25
 221.925
  211.35
   176.1
  159.75
 132.825
 130.425
   114.6
 105.825
 146.325
 176.925
  227.25
 255.675
  288.45
  309.75
  418.35
 316.875
 309.375
 294.675
   277.2
   266.4
  265.95
   246.6
 240.525
 225.675
   212.4
   232.2
  172.35
 132.675
    48.3
  53.625
   52.65
    52.5
   81.15
 172.275
 239.925
  255.75
   282.3
 315.375
 375.375
 309.525
 305.925
 294.375
 266.775
   255.3
 256.125
  242.85
  220.05
 209.775
 210.225
  226.35
   175.2
  187.95
 139.275
 112.125
  84.225
    69.9
  152.55
 209.925
   245.7
   266.1
   317.1
 344.475
 410.475
  370.05
  370.05
  322.95
  299.85
 272.325
  266.25
   246.3
   238.5
   243.3
   240.3
 243.375
 208.875
     189
  176.25
     144
   123.9
 123.975
 165.975
  182.55
  243.15
 278.475
  317.25
   390.6
   444.6
 387.975
   343.2
  300.75
 270.375
 260.025
   255.6
 240.225
 210.375
 215.775
  209.85
  209.25
  167.85
  147.15
 152.025
 135.825
   88.35
      63
   64.05
    78.3
 138.975
  195.15
 211.575
 226.725
 260.625
 255.075
 209.175
   203.4
 185.925
 185.325
   182.7
   190.5
  176.85
   183.3
 195.225
 209.325
   167.7
  119.55
  71.025
   58.65
   56.55
  53.775
   52.95
  52.875
    57.3
    94.8
  141.45
   158.4
   177.6
   171.9
  148.95
 148.425
 139.425
 138.975
 136.125
   172.2
  179.25
 174.675
  183.45
 178.725
   164.4
   130.2
    99.9
    60.3
   60.45
  67.725
 123.225
 176.175
 232.125
   273.9
  295.35
 336.825
   413.1
  333.75
   326.1
 299.625
  277.05
     267
   261.9
 255.225
 232.425
  233.55
  230.25
  229.05
  179.55
  170.55
   163.5
     117
    78.9
 107.175
 172.125
 213.975
  226.65
 263.625
 263.325
 263.325
 323.025
 265.875
  278.25
  266.85
  263.55
  243.75
 243.075
   232.2
  217.65
  232.05
  238.35
   227.1
  206.55
 168.075
  118.95
   64.35
  52.875
 104.475
   151.5
 167.775
 235.575
  252.45
  262.95
 278.175
 315.525
  292.05
 280.125
   270.3
 259.425
 254.925
 243.225
 228.525
 204.375
   216.6
  215.85
   203.1
 175.725
  188.55
 162.675
 120.525
  47.325
  53.175
 162.225
  188.85
 226.575
  246.15
 263.325
   281.4
 322.575
 280.125
  270.45
 263.925
 250.875
   246.3
  241.95
 241.575
 240.225
  225.75
 216.075
 214.275
 194.625
 175.275
 139.275
  139.05
 120.225
 104.925
 168.225
   212.4
  247.35
   262.8
     300
   301.2
 322.575
 287.625
 261.975
   255.3
  250.65
 240.525
   230.1
 230.325
   220.5
 230.175
  233.55
 228.825
  216.45
 221.475
 198.225
 180.075
  179.55
 175.875
  190.65
 197.175
 216.075
 221.325
 244.875
 261.975
  265.65
  247.95
 244.575
 230.925
   230.7
 230.475
 230.625
 236.625
 230.475
 224.925
 224.775
  227.55
 219.975
  169.65
 120.525
 105.525
 119.775
  111.75
  86.325
      87
  112.65
 147.675
  180.75
   209.7
   218.7
  199.05
 197.175
   180.3
 173.475
 171.525
 177.225
   195.6
 199.425
  216.75
 230.325
 236.775
   210.3
 139.425
    89.4
    86.7
  67.275
  78.825
  151.35
     195
  264.15
 262.275
 283.125
   297.6
  338.25
  299.55
     294
   285.6
     267
 258.525
 252.675
     243
 229.725
  238.65
   226.8
 225.225
  194.55
 171.075
   139.5
 131.175
   82.95
  138.15
  165.45
   180.3
   225.3
 241.575
  274.05
 264.675
 287.025
   270.3
  286.35
  266.85
   264.3
  259.05
   254.7
 250.575
   229.5
 232.575
 235.575
  220.05
   203.7
 192.225
 176.625
   155.7
 139.275
  134.25
  140.85
  205.05
  260.25
  272.85
  295.65
  298.95
   320.7
 315.225
 299.325
 299.475
 276.675
 266.775
   266.4
 247.875
 243.975
   239.4
 254.625
   244.5
  218.25
 165.375
 169.275
  137.55
 117.375
  110.25
 181.575
 198.375
 244.425
  255.75
   300.3
 307.125
 321.825
   305.4
 311.175
   281.4
  286.05
  265.05
 263.925
 255.375
   222.6
  220.95
 239.175
 240.675
  221.55
 165.075
     150
   139.2
 139.275
   148.2
  182.55
 225.075
 255.225
   255.3
 278.175
 309.525
  333.15
  309.45
 280.725
  255.45
 255.675
  247.95
  247.65
     240
 236.475
   245.7
   236.4
 238.125
   225.3
  196.95
 166.575
   169.5
 144.825
  152.55
 148.575
 165.525
 188.325
 217.875
   234.3
  262.05
 255.825
 237.525
 240.075
     240
 230.175
  231.15
 231.975
 223.125
 213.975
   218.7
 224.925
 221.925
   191.1
  182.25
 153.675
 142.875
   130.2
 130.275
 127.575
 116.925
   142.5
  160.05
  191.55
  210.15
 225.525
 210.375
 197.625
   188.1
  176.85
 176.625
  185.25
 206.775
   206.4
 214.725
 222.675
 234.225
 206.775
  173.25
 162.525
   139.2
 123.675
  131.25
 174.225
   225.6
 298.875
   290.1
 317.025
  325.65
  365.85
 331.575
 322.425
 331.125
   318.9
 279.075
  270.15
 272.475
 256.875
   267.9
  272.25
 259.875
  234.15
   214.2
  188.85
 172.875
 172.725
 155.025
  172.95
  240.15
 283.275
 292.125
 303.825
 309.525
   322.8
 300.825
 319.425
 317.025
 284.175
 283.275
 270.525
 247.875
  232.05
  249.15
 252.975
 243.675
 240.225
   219.9
 210.075
   187.8
   167.4
 174.825
 212.325
  240.15
 274.575
 284.325
   300.9
   337.5
   356.4
 327.675
   302.7
   300.9
   302.7
   271.8
   273.3
 260.025
 251.025
  247.35
 247.425
 240.675
 221.175
 250.125
 214.425
  195.45
 186.975
  194.85
 214.275
 255.975
  300.75
  336.75
 370.725
 374.775
 454.275
   373.2
  362.25
   354.6
   336.9
  331.95
   302.4
   302.1
  284.85
 294.525
 292.275
   268.2
  228.75
   202.2
  167.25
     141
 134.475
 133.725
 173.625
   221.1
  263.55
 309.825
  292.35
 311.925
 302.175
 285.675
  263.25
 257.325
  257.55
  243.45
  254.25
   234.6
 220.725
  224.55
 232.275
   206.4
  165.15
   166.2
 127.425
  127.35
      84
    83.1
   109.2
  56.475
 111.675
 186.825
   234.6
  239.25
  248.55
  255.15
   227.1
 217.575
 222.225
   216.6
   220.5
   220.5
 204.675
 220.575
   219.9
 204.375
  175.95
  157.65
   132.6
   105.9
   103.8
   92.25
    96.9
  86.625
  110.85
 127.125
   172.2
 189.525
  210.45
 201.075
  189.15
 172.875
   164.7
 164.925
 177.225
 189.975
  200.25
  201.45
  223.95
   223.5
 194.325
  163.65
   128.1
  112.65
   90.75
 127.425
 188.925
 229.575
 281.325
   284.7
 296.175
 304.125
 324.525
  309.15
 307.725
  298.05
   282.3
   270.9
 265.425
 258.225
 245.025
 267.525
 266.025
  248.85
  222.75
  132.15
 123.825
   151.8
 113.025
   84.15
 165.375
 191.025
 247.125
  285.15
   281.7
  285.75
 303.375
 286.425
   281.4
 285.375
  292.35
 277.425
   270.6
  263.85
 260.025
 258.825
   259.5
 235.275
 187.125
 176.175
 157.575
  140.55
 121.575
 124.425
  165.15
  213.45
 263.175
   270.6
 275.625
   296.4
     309
  296.25
 299.925
   278.7
  271.65
 262.875
 262.575
 258.975
  259.05
 263.625
 259.425
   227.1
   191.4
   188.4
 160.275
 124.875
  89.025
   89.85
   151.8
 194.475
  247.65
  277.65
 276.225
 262.875
 296.925
 269.175
   256.5
  263.25
  263.25
 262.875
 262.875
  255.15
   244.8
   250.8
 246.225
   217.2
 198.675
   170.7
  170.85
   122.7
    69.9
  74.925
  179.25
  188.55
   248.1
  262.65
  268.05
 263.775
  262.35
 255.675
 246.825
  225.15
 207.675
   208.8
   217.2
  213.15
  208.95
  219.45
 225.525
 204.375
 188.625
   187.2
 161.475
  162.15
  119.25
 117.525
 135.525
 124.725
  163.95
 196.875
 247.275
   253.8
   253.2
   239.4
 239.925
 203.475
 187.575
  168.75
 172.575
 175.725
   173.1
 187.575
 196.875
 191.925
     141
 132.975
 110.475
 103.875
  85.425
  81.225
   97.05
  75.375
  84.225
   136.5
   177.3
 192.675
  224.85
  207.45
  190.95
  177.15
 162.975
   158.4
 171.825
 186.675
  193.65
 206.775
 225.225
 221.925
   189.6
  137.25
   128.7
   108.3
  86.175
   96.45
     135
  203.55
  255.15
   282.3
  299.55
 308.175
 345.075
   296.7
   287.4
   293.4
  281.85
   265.2
   261.9
 250.575
 240.075
  254.25
 244.575
  215.25
 191.175
  172.95
 178.425
  170.55
   127.2
 127.125
 187.125
 224.325
   248.1
   291.9
 285.675
   313.8
  371.85
 309.375
 315.375
  301.35
   301.5
 273.375
 269.325
  259.35
 259.125
 255.375
 255.675
  222.75
   194.4
 187.275
 174.675
 127.275
 120.975
  90.525
 161.475
 189.825
  241.65
  279.15
  285.15
 341.775
 366.675
 337.725
  327.45
  315.45
   270.3
 262.725
 261.825
  262.35
  262.05
  280.65
 272.325
 255.225
   204.6
 163.875
 145.125
 156.075
 139.125
    83.1
   187.2
 224.475
 244.575
   316.5
 291.825
 283.875
 300.675
  283.05
 270.225
 262.875
 270.675
  255.75
 262.125
 255.225
  242.85
 244.275
 227.175
 214.275
 188.625
 122.625
 170.475
  119.85
   112.8
  79.725
 170.775
 195.675
   261.9
 262.425
  272.55
  289.35
  309.15
   277.5
 255.675
 254.625
 255.375
   242.4
 245.175
   240.6
 237.975
   261.9
   249.6
  200.85
   175.5
 160.125
 160.125
   131.4
 122.775
    87.6
  124.95
 195.675
 196.725
 193.425
  205.95
 245.025
  265.05
   239.7
 224.175
 225.525
 196.875
  196.65
   196.8
  204.45
 212.025
 221.775
 221.925
 191.775
  170.25
   152.7
   117.6
   97.05
   81.75
  80.025
   82.35
   77.55
   114.6
 135.675
  172.05
  189.15
 217.575
 195.675
 182.625
  172.95
  158.85
   156.3
 172.275
 180.675
 189.075
  206.85
     210
 211.275
   172.2
 131.775
  105.45
  106.35
   93.45
   112.5
  161.25
   222.9
 280.275
 288.075
 293.175
 309.675
   342.3
 303.525
 300.075
 302.325
 281.175
   262.5
  259.35
  255.75
  253.95
 272.475
 262.875
  233.25
 207.225
  148.35
  174.15
 147.975
   96.15
 114.975
  146.85
  191.25
   255.6
   285.3
 277.575
 299.925
 361.575
  292.95
  286.05
  281.55
  285.45
     264
  262.35
 260.775
 255.825
 263.025
  264.75
 218.925
 204.375
 162.375
  170.85
 146.625
  83.775
   88.65
  188.85
 236.475
   299.1
     264
 299.625
   309.3
 353.025
 300.825
  287.55
  288.75
  271.95
 258.975
  255.45
  249.75
 249.525
  259.65
 236.925
 232.575
  214.35
 186.975
   188.1
  167.55
 146.625
 148.275
  182.55
  269.55
 295.575
  300.75
 315.225
 306.525
 337.575
   341.4
 307.575
  295.05
  297.15
 263.625
 263.475
   263.7
 261.225
 290.175
   269.7
 233.025
   202.5
   193.5
  163.65
  168.75
 150.375
  158.55
 181.575
     231
 262.875
 290.625
 298.575
 299.475
 349.575
  335.55
 301.275
   292.5
   263.7
 255.375
  262.65
 261.975
  250.65
 266.475
 268.425
  255.15
 237.375
   200.7
 187.725
 188.775
  163.65
  137.55
 158.175
   190.5
  196.95
 262.875
 285.075
 290.325
  299.85
  289.65
 249.075
   227.4
   224.4
   222.9
   222.3
  239.85
 244.575
   248.1
   239.7
  225.75
   204.6
 177.075
 128.925
   101.7
    91.2
   86.25
    92.4
  87.525
   148.2
 172.725
 186.675
 210.225
   240.3
 225.075
   198.3
   177.6
  172.65
  169.35
 180.975
  206.55
  224.55
 262.275
 228.975
 203.025
 186.975
  173.55
 163.725
 135.075
   109.2
  128.85
 188.775
 248.175
  299.25
 312.075
  301.05
 317.325
  391.05
 335.025
 338.025
   327.6
   309.3
 285.225
   272.1
   270.6
 269.175
   289.5
  265.35
  250.95
   210.3
  195.15
   164.4
  160.95
 163.275
   165.3
 194.325
   261.9
 300.975
  341.55
 337.425
 353.025
 378.675
 371.475
 354.225
 375.075
   339.6
 301.575
  293.25
 293.775
  292.65
  320.85
  300.75
 270.075
  247.05
  176.85
 184.125
 162.975
 159.225
   176.4
 188.925
 231.975
 281.625
 314.025
  331.95
 350.325
 410.625
 348.675
 336.525
 321.675
  304.65
  295.05
 292.725
   287.7
   284.7
 316.725
   287.7
 261.975
 221.475
 196.725
 188.775
 175.725
  167.25
   160.5
   190.8
 261.975
 290.775
 307.275
  296.85
  307.35
   337.8
  314.55
 321.675
 306.225
   308.1
   293.1
 292.575
 278.025
 294.825
 320.925
  300.15
 251.775
 204.375
  216.75
     192
 188.175
     171
 170.325
 203.025
   270.3
 321.375
   354.9
 365.025
   358.2
 378.225
  309.15
 311.925
  300.75
 293.325
 283.125
   281.7
 285.225
   278.7
   270.6
  240.45
 235.725
  203.25
  212.25
  196.95
 202.875
 195.825
 195.375
 195.075
   208.5
  217.65
 247.725
 269.775
  285.75
 292.275
   269.4
 236.625
 221.925
  217.05
  204.75
 213.675
 222.975
 230.175
   277.5
 253.575
   222.9
 195.225
  190.95
 176.025
 123.525
  123.15
   121.2
 123.375
   152.1
 158.325
   173.4
 191.475
  229.35
   243.6
 231.825
   199.5
   181.2
 174.375
 172.575
 188.325
   208.5
   240.3
   263.7
 254.925
 235.725
 194.325
 183.525
   170.7
  157.05
  143.25
   146.4
  190.95
 255.675
  292.65
 300.375
   301.5
  313.65
   344.7
   303.6
 305.025
   300.6
 300.675
   276.6
   270.6
  264.45
 268.725
 301.425
 270.675
 247.875
 195.075
  188.55
   142.5
   131.7
 122.625
  144.75
  189.15
     204
 285.975
  322.05
   309.6
  309.45
   326.4
 309.225
 315.675
   304.5
   293.7
 286.425
   285.6
 285.975
 287.625
   320.7
  276.75
 236.475
   200.7
 197.775
   172.2
  138.45
  103.05
   123.3
   180.3
 238.875
  278.25
   293.7
   300.6
  305.85
 321.375
 277.125
   282.6
  286.05
 281.325
   266.1
   258.9
 257.925
   262.5
  301.05
  270.75
  234.45
  206.85
 204.225
  191.25
 170.925
   173.1
 170.325
 191.775
 228.075
 287.325
  322.65
  341.25
  337.65
  429.75
 382.725
   440.7
   338.1
   321.6
   292.5
 292.125
   292.2
 311.775
   315.6
  277.35
 252.075
 224.475
 196.575
  185.55
 178.125
 164.175
 161.325
 195.975
 248.925
  280.95
   299.4
 300.825
   297.6
 299.775
 292.725
 286.725
   280.8
 270.525
 252.075
   250.8
 240.825
     246
 285.075
  236.85
 228.525
 215.325
  212.25
   195.6
   180.6
  161.85
   146.4
   169.2
   138.6
  197.85
  197.55
  221.25
   222.3
 216.075
 221.475
  216.75
  204.45
 198.975
  191.55
 192.225
   204.3
 229.725
   224.7
 194.625
 197.325
 186.825
   174.3
  122.55
   120.3
  113.55
  93.225
     102
   123.9
 124.125
 158.325
  190.95
 217.875
  232.35
 225.525
   201.6
   183.9
   166.2
  159.45
  185.25
  209.55
 241.125
   254.1
  231.75
 213.675
  183.75
   172.2
  154.95
  124.35
  124.05
   139.2
 193.575
   238.2
  274.95
  299.55
     303
  308.55
  322.65
 300.075
   287.7
   299.7
   285.9
   275.1
 270.525
 266.475
 270.675
 284.025
  256.95
   222.9
   194.1
   198.9
  184.65
   143.7
  74.775
   81.15
     180
   217.8
   270.3
   257.1
   270.3
 270.075
 270.075
  255.15
 255.225
 255.225
   239.4
 230.925
 217.275
 228.525
   240.6
   285.3
   262.2
 212.775
  179.25
  70.425
    72.3
   64.05
    64.5
    78.6
  190.05
     207
 273.975
 299.025
  289.95
 287.175
 294.375
 287.475
  299.55
 287.625
   281.1
   270.3
 270.075
 277.725
  292.65
  301.05
 248.625
 220.575
  210.45
 190.575
 170.325
 136.875
 129.075
  140.55
 199.425
 250.875
 298.275
 294.525
   300.6
   315.6
 330.375
   315.3
  313.95
     300
  286.95
 271.125
 270.375
  270.45
   278.7
   300.6
  265.95
 216.375
 188.775
  173.55
  149.55
 129.975
 102.675
   123.6
  146.85
     210
  270.75
 294.975
  294.75
  309.15
  316.95
 304.575
  277.05
   276.3
   265.5
  248.25
 247.275
     240
 252.525
  280.65
  226.35
 221.175
  220.65
  139.95
   123.6
 143.175
  132.75
 128.475
   128.7
  63.975
   63.75
  182.85
 204.075
 233.175
  238.05
 220.725
   206.4
  171.75
 147.675
 128.925
 151.125
  187.65
  224.25
   224.7
  193.05
 141.075
 105.075
  161.55
   117.3
  88.425
    83.1
  86.025
  85.125
    62.1
   62.25
  86.325
 165.075
 184.875
  205.05
  194.85
   175.2
 159.975
 137.625
  141.45
 154.875
  190.65
  225.75
 224.775
 209.325
 189.825
   146.7
   131.7
   64.35
  72.225
  82.875
 106.275
 170.475
 252.075
 300.075
   305.4
  311.85
 319.425
 337.875
 318.825
   319.8
 313.875
 295.875
 280.575
  277.65
 286.425
 301.425
 302.175
 268.275
 224.775
  187.35
   139.2
  73.875
 118.275
 112.575
  77.175
   162.6
 240.075
 302.175
   324.3
   330.3
 314.625
   315.3
 293.175
 277.725
  287.55
 292.875
   288.3
   287.4
   289.2
  314.25
 333.375
   277.5
   228.9
   199.2
  188.85
 149.625
  138.15
 129.375
   123.3
  204.15
   231.9
 337.725
 389.475
     378
  381.45
 382.575
 340.425
 337.725
   358.8
 330.375
  332.85
 330.375
 371.475
 444.225
 375.225
   316.5
 296.025
 252.825
   187.2
  173.25
 193.275
   170.4
  139.35
  173.85
 232.725
  330.45
 345.525
  307.65
   344.7
 519.225
 360.525
  389.25
     345
   332.4
 322.125
 315.075
 319.875
  341.55
 371.775
 292.725
 226.425
  174.15
 146.475
 140.025
 133.725
 127.575
   130.8
 168.975
  220.95
   300.6
  313.65
 307.725
 304.575
   312.3
   301.2
 292.875
  290.25
 282.075
 276.825
  277.35
 280.875
 291.975
 302.325
   251.7
 213.975
 192.075
 216.975
   193.5
  186.75
 179.325
   152.4
 179.475
   221.4
 234.075
 221.025
 223.875
  234.45
 234.825
   221.1
     210
 208.275
   204.6
 210.075
   212.7
  229.65
  262.65
   227.1
 221.625
 210.375
 203.925
 173.475
 135.525
 120.075
      99
  92.025
   90.15
  86.325
  75.075
 105.525
 171.375
 194.925
 223.125
  210.75
 183.675
   173.7
 155.325
 155.325
     180
 218.175
 274.575
 259.575
   220.2
 218.175
   176.4
 138.525
    84.9
   88.95
  88.875
   104.1
 169.275
   217.8
 282.675
  304.95
   307.8
 307.875
   322.8
 305.925
 312.825
   314.4
  300.75
 285.375
  282.15
   300.6
  314.85
 305.175
 272.775
   229.5
 199.425
  175.05
   123.3
   90.15
   93.75
    81.3
 145.575
   215.7
 284.625
  316.95
 307.875
  295.65
 300.525
 290.775
   311.4
  298.95
   292.8
  289.95
   287.7
 297.825
  307.95
   287.1
 270.375
 218.175
  188.85
 145.725
  112.05
  112.05
   134.4
   112.2
 192.525
 226.275
   287.4
  301.35
 301.275
  295.65
 296.025
  288.45
 295.275
 292.275
 285.375
  284.85
   292.8
   299.4
  310.05
 300.225
  270.75
 234.225
   184.5
 162.375
   153.9
   153.9
 107.175
  77.175
 174.675
 201.675
 300.075
  307.95
  304.05
   295.5
  300.45
 295.725
   299.7
 295.875
 295.725
 286.725
 282.525
   307.8
 322.575
   310.2
  287.85
 240.075
 187.575
  178.95
 180.675
 179.475
  180.15
  141.75
  188.55
 248.925
  330.15
 322.875
 316.575
  316.35
 319.575
   307.8
  300.15
   295.8
 274.275
  270.75
   270.9
  275.55
     300
   282.3
  264.45
 226.575
 200.025
   146.1
 119.475
   111.9
 123.375
  120.75
   123.3
  113.25
 132.825
     159
 206.625
  206.55
 224.475
 220.275
 202.425
 179.475
 159.975
 150.975
  160.05
 176.775
   180.6
   219.3
  176.85
   149.1
 116.925
  145.95
  91.725
    81.3
    82.8
    64.5
    83.4
    55.8
   52.05
  95.325
 129.975
  163.05
 202.125
 180.225
  146.25
 111.375
   102.3
  102.45
 124.575
   174.6
  219.75
  206.85
  187.95
 174.375
   115.8
  77.775
   58.95
   58.95
    59.1
  64.275
   157.2
  206.85
   285.6
 303.075
 300.525
 292.425
   303.3
   294.3
 303.375
  306.45
   300.3
 278.625
 278.325
  290.25
  299.85
 278.025
 240.525
   210.3
  170.85
 186.225
  117.75
  97.575
   90.75
    64.5
 170.475
 199.275
 285.525
 295.125
 271.575
 282.525
 292.725
   282.3
  282.45
 285.525
 272.475
 270.975
 287.325
 292.725
  293.25
   270.9
  225.15
  207.15
  199.35
 162.975
   93.75
   95.85
    89.4
   77.85
 170.475
   229.5
  307.65
 330.525
   322.8
 301.725
  301.05
  303.15
   315.3
   311.4
   307.5
   297.6
   292.5
   322.5
 326.775
  307.65
 277.425
   245.4
 197.175
 174.075
  171.15
  159.45
   144.3
    83.1
     177
   221.1
   303.3
   323.4
 323.025
 315.675
 308.775
 308.325
 305.475
 300.525
   292.5
  287.85
 287.325
   304.2
 311.025
  307.35
     252
   225.6
   208.2
  184.35
  183.75
  154.95
 163.875
   181.2
   188.7
 244.575
  315.45
 341.925
   323.1
 326.925
  337.65
 320.475
 300.675
   301.2
 288.825
  272.55
  284.55
 308.325
 315.525
  314.55
   256.2
  222.15
  219.45
 189.375
   190.2
     204
 189.525
  195.15
   182.4
  138.15
 203.925
   225.3
   221.7
 238.125
  247.05
  235.05
 225.225
   213.6
 209.475
   201.9
 218.475
 273.675
  282.15
 237.975
  208.65
 209.175
   190.5
 186.375
  138.75
  133.65
 120.075
   124.2
  125.55
 102.075
   95.55
  112.65
 173.925
 197.775
   213.6
   202.2
 185.775
   163.8
 147.375
  138.75
 174.675
   206.4
 239.625
  237.75
 219.975
  209.85
 187.725
 128.025
    81.9
  81.075
  79.275
  85.125
 138.975
 206.775
  276.45
 305.325
 300.225
 301.575
 313.425
  292.65
  297.75
 293.175
 287.475
  272.25
  272.55
  298.95
 314.925
 301.125
   251.7
 217.275
 202.125
  182.25
 170.325
 162.975
 185.625
   181.8
  189.45
     225
 330.225
 391.875
  330.75
 338.625
     345
  326.85
  322.65
   322.2
  321.75
   306.9
 300.675
     333
 341.775
 315.375
  254.25
  236.85
 204.075
  196.65
 188.775
  173.25
  139.05
 183.525
  204.15
  245.55
  289.35
 288.975
  295.05
 300.075
 296.625
 287.625
  282.45
 270.375
  268.95
   251.7
 261.825
 270.375
  296.55
 269.175
  221.85
   209.4
 195.225
  181.95
 183.225
  166.95
 125.475
 125.325
   160.2
 208.875
 297.975
  302.55
   300.6
   297.6
   297.6
 287.625
   286.2
 282.675
   282.6
 270.075
   284.4
  317.85
 321.825
   302.1
     255
 243.975
 210.675
  148.95
 125.475
  60.375
   77.25
  123.45
 180.075
 199.425
   270.3
   269.4
  270.15
   270.3
 270.225
 251.175
 247.875
  241.05
 224.325
   224.4
   236.4
   267.3
 268.875
 207.225
   195.3
 198.225
 166.125
 197.025
   186.3
   185.7
   179.1
 180.225
 180.075
   157.5
 196.875
  217.35
 218.175
 204.975
 195.675
  187.05
   184.2
     195
  186.45
 195.675
 205.275
 245.925
 255.075
 185.175
 177.075
   198.6
 183.375
 162.975
 120.525
   92.55
  86.175
 103.125
  120.75
  98.175
 113.175
  127.65
   165.3
   180.3
 201.525
 192.375
 172.875
 150.675
  145.05
  136.35
 180.525
 233.625
  269.55
 228.825
 217.125
 210.075
  181.05
  157.05
 100.575
  94.125
   97.35
 107.175
 186.075
  217.35
   286.8
  292.65
 299.775
   289.5
 292.725
   285.6
 294.225
  292.65
  277.95
 267.525
 264.975
 281.775
 300.075
   278.1
   236.1
   213.3
 188.925
 138.825
  159.45
  128.55
  140.85
 147.825
   147.9
   194.4
   279.6
   300.3
  310.95
 322.575
  337.65
 324.225
   310.2
  315.45
  310.05
  300.45
  300.45
  356.55
 377.475
 322.725
 299.325
  255.15
 215.175
  184.65
   167.1
 150.075
 150.075
  174.15
 206.775
  286.35
   339.6
  375.75
 371.325
 341.925
 375.375
  315.75
  311.25
   322.8
  308.25
 300.075
  296.55
  332.85
  322.65
 304.125
   259.2
   221.1
  197.25
 173.775
 144.375
   151.5
 159.375
 148.425
 198.825
   183.6
   275.1
   266.1
 263.925
  272.25
  286.05
   265.5
  277.95
 278.925
   265.2
  239.55
  262.05
 305.625
  296.55
  285.15
 217.125
  207.15
 189.825
 192.225
 131.475
   123.6
   125.7
  167.55
 210.675
 272.625
 306.225
 300.675
  290.55
 305.775
 310.425
   293.1
 297.825
     270
 262.275
 240.525
 261.825
  296.25
 292.725
 258.975
 215.625
 245.475
   212.4
   190.8
 145.275
 120.675
 129.525
     171
 189.825
 132.675
 180.525
 185.475
   196.8
     204
   221.7
   219.3
 217.575
  205.95
  191.85
 191.325
  199.05
 217.875
 230.175
 210.075
   209.1
   206.4
  151.65
  157.35
 125.325
    56.4
  91.425
 118.275
   117.3
    62.1
   72.45
  125.85
   160.5
  187.35
  198.15
 195.375
  169.95
  145.35
 144.975
 160.875
 217.125
     228
 214.875
 188.325
  172.35
   198.3
 150.225
  116.25
  64.575
  65.775
    65.1
  65.625
  74.325
    58.8
  127.65
  124.65
   131.7
 177.225
 202.425
 194.775
  188.55
   172.5
  166.35
 173.175
   203.1
 222.075
  197.55
   201.3
   187.5
   175.8
   102.3
   77.25
    56.7
    48.3
   56.55
   60.15
  128.55
 198.075
  226.35
  270.15
 270.225
  269.85
 269.325
   263.4
  270.75
  263.55
   254.4
  251.55
   295.2
 287.325
  224.55
 185.625
 172.725
 158.775
 128.475
    27.6
   17.85
  17.775
   25.35
   48.45
 163.125
     186
 202.275
   226.8
  215.55
   239.7
 251.025
 244.425
   233.7
   232.8
   228.3
   223.8
  268.65
 326.325
  288.45
  229.35
 192.525
 185.475
  150.75
  134.85
 125.775
  110.55
  122.55
  134.85
   183.6
 232.725
   289.2
 269.925
  264.75
   270.6
 293.925
   272.7
 263.625
 251.175
 240.975
  274.05
 306.825
 302.925
   270.3
   231.3
 234.225
  187.65
  159.15
  117.75
    65.1
  48.825
  60.375
   77.55
   157.5
 172.125
  187.05
 261.975
 232.575
  228.75
   229.5
 214.725
 224.325
 185.325
 181.425
     189
 225.375
  225.15
  187.05
   175.2
 157.575
 154.425
 128.925
   129.9
  64.875
  65.175
    64.8
  71.925
    74.4
   67.35
  141.15
 129.975
 185.325
   204.6
   176.4
 188.925
  166.05
 149.775
   147.6
   192.3
 255.375
  262.35
 221.775
  184.95
 147.675
  176.85
  148.05
 152.925
    97.5
    85.8
  85.875
  86.475
    86.4
  59.175
   59.25
  78.975
   130.5
 177.525
 192.075
 195.075
  172.65
 141.525
 141.075
 159.375
   203.1
  222.45
 211.425
 191.175
   186.3
 184.725
   146.4
   109.2
    81.9
  85.275
   86.85
 112.125
   141.3
  187.95
   245.4
   264.9
 270.375
 271.875
  284.25
 272.325
  262.05
 261.075
 260.175
 262.875
 316.725
   300.6
   270.3
 244.425
 229.275
 212.625
  182.25
 191.175
   189.9
   183.3
 183.975
  184.05
 180.225
 185.325
  268.65
     273
   276.6
   294.6
 300.075
   287.4
  293.55
  290.85
   277.8
  301.35
 399.975
   391.8
   323.1
 265.125
 215.475
   223.5
  210.45
 183.375
   164.1
     144
   162.9
 170.925
  195.75
  244.05
 272.475
 290.175
   286.5
   284.7
 299.325
   284.7
  300.45
 296.925
 300.225
   300.3
 469.875
 492.225
  330.75
   257.4
 234.975
 235.425
   205.8
   209.7
   204.3
 197.175
 191.775
 191.475
 208.875
  224.85
   270.3
   279.9
   293.4
 294.375
 299.325
     288
   285.6
 285.975
 286.275
  288.15
 316.575
 299.925
 293.175
   285.9
 247.575
 237.075
   232.2
 196.725
 185.025
 187.425
 180.225
 180.375
   191.1
 210.225
 264.225
  296.85
 292.575
  284.25
  284.25
  270.45
  237.75
   233.1
 227.025
  272.55
 293.475
  300.75
 270.525
  244.65
   220.8
   220.2
     195
  152.55
  152.55
  187.05
 180.675
 140.775
   165.3
  173.85
     183
  202.05
 221.475
   202.8
 204.225
 197.025
 190.575
 200.925
   202.8
 221.325
 255.825
  246.75
  226.65
   213.6
 221.625
  204.45
 200.925
  169.95
  135.45
 120.525
 125.475
 130.725
   122.1
   75.75
  68.175
     114
  130.95
  180.15
  195.45
 187.125
   174.9
   148.8
 134.925
   168.3
  222.75
 229.275
 221.925
 216.975
   212.7
  221.25
  192.45
 155.325
   126.3
 124.575
 112.275
 122.175
 165.675
  209.25
 261.825
   270.6
 270.225
   270.3
  277.95
   274.8
   285.9
   270.3
 270.075
 292.725
 322.275
  321.15
   296.4
   248.1
 232.425
   218.1
 193.875
 171.825
 128.775
 128.475
 134.775
 144.525
   166.2
   211.2
  289.35
  295.05
   298.2
 345.225
   317.1
  319.05
  326.85
 312.975
  298.65
   296.7
 460.125
   453.9
 371.925
  269.85
 245.325
 219.675
 187.875
 210.375
 196.725
   183.6
 179.175
 150.975
 186.975
     192
   247.5
  267.45
   267.6
 262.425
 262.275
 260.175
 261.825
 260.175
  259.05
 288.075
 287.625
 271.425
  267.45
 244.425
 213.075
   210.6
 186.975
 128.775
 120.675
 113.325
   105.6
   77.85
  173.55
  183.15
 224.625
 240.525
   247.8
  270.15
  274.05
 289.125
 293.175
 292.125
  274.05
  283.05
 364.575
   349.5
  292.95
   236.7
   202.2
 210.225
  188.55
  162.15
  163.35
   164.7
 172.575
 172.575
  173.25
   202.8
 245.925
 285.675
 290.475
   295.5
 293.475
   275.4
 269.775
 248.025
 248.175
   275.7
  317.25
  329.85
  289.35
 240.075
  224.85
   236.1
  232.65
 221.325
  195.45
 173.025
 172.725
 177.525
   172.2
 172.875
   185.1
 213.975
 244.875
     261
 254.775
 245.025
 226.725
  204.45
  203.25
  224.55
  240.45
   258.9
   229.8
  221.85
   222.6
  235.05
 198.975
   188.1
 182.925
 180.525
 180.375
   180.6
 165.975
  89.325
  70.725
 129.075
   168.9
 190.575
   206.4
 202.725
 188.625
   180.6
 171.525
  190.95
 236.925
   239.7
   223.5
  213.45
   210.6
 224.925
 203.025
 167.775
  150.45
 156.375
  147.15
  142.35
  180.75
  209.25
     294
   292.8
   287.1
 293.325
 300.075
 298.125
 299.625
   292.8
 291.825
 284.775
   368.1
 337.425
  292.65
 266.775
  239.25
 219.375
  191.25
 144.825
  125.25
 113.475
     129
 171.075
 204.675
   225.6
   285.3
 275.625
 283.125
 287.025
   292.8
  287.55
 286.575
 293.775
 292.725
 300.675
  345.45
 323.625
  293.25
  284.85
 229.425
 223.275
  190.95
  172.95
 187.425
 183.075
   179.4
 183.525
 203.025
     252
 317.175
  315.15
 321.825
 300.225
  293.85
  292.95
 305.475
     303
 300.225
  341.25
  382.95
 394.275
  300.75
 300.075
 239.925
 222.075
  210.15
  175.05
   165.9
 170.775
 162.675
   175.2
 197.775
   239.4
  304.05
   307.8
 296.925
  303.15
   306.9
  300.75
   303.9
  304.35
 300.375
   319.8
  562.95
 563.025
   396.3
  304.05
  265.65
 232.875
 213.375
   221.7
   218.1
 217.575
 204.675
 194.325
   210.6
 228.825
     309
  300.15
   300.3
   302.4
  308.25
  296.55
  275.85
 260.325
 239.475
 275.625
   296.4
 311.475
 282.225
   264.6
   229.2
  221.85
  206.85
  180.15
 176.175
   169.5
   168.3
  153.45
  140.55
 131.775
   166.2
 191.475
  206.25
 217.725
 232.125
     225
 220.575
 204.675
  204.45
   217.8
 265.725
 243.975
     207
 208.575
 173.025
  194.85
 194.625
 163.425
     132
 135.375
  133.95
 127.875
  122.25
   56.25
  56.775
  62.775
 139.275
 174.975
 210.525
 197.775
  178.05
 161.625
 140.625
  175.35
   222.6
  222.15
 225.675
 211.875
  196.65
 195.225
 184.725
   165.9
 146.175
 157.725
  142.35
   140.7
  179.25
  205.65
 270.525
   295.2
 303.975
   315.3
 311.625
 316.875
   314.4
   307.8
  307.05
 306.075
   420.3
 396.075
     330
   277.2
  239.55
  226.05
  204.15
  195.75
   189.3
 176.925
  179.85
  178.95
 179.775
   239.4
  301.35
   360.6
   381.9
  405.75
 341.925
   341.4
 374.175
 365.175
 341.475
  395.25
 563.025
  577.65
 538.425
  300.45
   255.6
 237.075
 227.775
 175.575
 169.875
   167.1
  157.65
 169.875
  204.15
 225.525
   300.3
   303.9
 307.125
  300.15
  323.25
 306.825
 311.475
   294.6
 285.525
 296.325
 377.475
   368.1
 317.025
  322.95
  270.15
   260.7
   214.5
 191.775
 182.475
   177.9
 177.825
  183.15
   205.8
   232.2
 300.675
  330.15
 315.075
  307.35
 304.125
  300.75
  311.55
  315.75
   322.8
   302.7
  360.45
  382.65
  307.35
   297.6
 263.175
 245.325
  224.85
     192
   183.3
 176.925
   164.4
 166.425
  180.45
 217.575
  301.05
  310.65
   286.5
  293.25
  285.15
  283.95
 278.775
   272.1
 269.325
 284.175
 308.175
   318.6
 284.775
 271.425
  221.55
  232.65
 210.225
 225.075
 210.675
 203.625
   179.4
  181.35
 191.325
  162.75
 191.925
 218.775
 225.675
 234.975
  237.45
 232.875
   236.1
 229.875
 227.925
   233.4
  262.35
  269.25
  265.65
 225.525
 204.075
   208.5
     180
 179.625
  157.35
  157.05
 134.775
  133.05
  121.95
  59.625
   66.45
   67.95
  156.15
 182.775
 187.725
   187.2
   175.8
 149.775
 141.825
 180.375
  229.05
 232.725
  232.35
  220.95
   206.1
 214.875
 189.975
   156.9
     147
   156.9
 149.925
 145.125
 169.875
  222.15
   278.4
  285.45
 286.725
   288.9
 292.275
  289.35
 287.925
 288.675
  285.15
 299.475
   369.3
 367.125
 290.775
 281.175
 239.925
 229.425
  204.45
  190.65
 180.525
  154.35
  145.35
  145.95
 153.975
 192.075
   296.7
   329.7
  316.95
  304.35
  315.45
 321.825
   324.6
 308.775
 315.225
 328.575
  454.35
   447.6
 359.325
   292.8
  232.65
 232.275
 201.975
 199.725
  195.45
  197.85
  185.25
   188.7
 206.025
   220.8
  276.15
     285
   299.4
 300.075
  300.45
   299.7
  297.75
 299.775
 299.775
  283.65
 343.575
   329.4
   300.6
   286.8
 237.975
   231.3
   211.2
   185.4
  175.95
   174.6
  171.45
  174.75
  177.75
 229.275
 308.625
 303.375
  299.55
   300.6
  304.05
  309.75
  307.65
 300.525
 299.625
   342.9
   420.6
 365.925
 327.525
 292.575
 247.725
     225
  205.95
  193.95
 193.275
 191.475
 188.775
 188.325
 205.575
   247.8
  338.85
   367.5
  334.95
   335.4
 333.375
 330.225
   305.4
  299.85
 298.875
 299.475
 341.625
 333.375
     300
  296.85
 240.225
 237.225
   206.1
 204.075
 166.875
 158.325
  120.75
 120.225
 147.675
  166.35
   202.2
   208.8
 248.625
   284.4
 297.525
 285.375
 269.475
  237.75
  221.85
     270
  300.75
   300.6
  269.55
  249.45
 229.725
 220.725
 200.175
  192.45
 181.275
 165.975
     159
   158.1
  159.45
 120.675
   161.4
  177.45
   185.1
   206.7
 225.675
  213.45
 198.675
   184.5
 179.775
 201.675
   225.6
   237.6
   218.7
     225
 211.125
   221.1
  202.95
 182.175
 178.575
 179.325
 175.125
 175.425
   194.4
  221.55
  315.75
 338.925
   329.7
 329.925
     330
 326.175
 329.925
 321.825
   315.3
 326.175
   457.5
 418.425
 325.875
  302.25
     252
     240
   210.3
   204.6
 198.825
 186.975
  183.45
   183.3
 202.725
 269.175
  364.65
   359.4
 393.675
  356.25
 369.825
 343.275
   411.9
 383.025
   342.6
  381.45
 601.275
 496.725
   316.5
  328.95
   276.9
 248.175
 210.225
   204.6
 191.775
  186.75
   179.1
   174.6
 201.975
 220.875
 324.225
 336.975
  329.85
   336.9
   336.9
  302.85
 302.625
  302.55
  307.95
   336.9
 381.975
   375.3
 329.025
  290.85
 270.075
   257.4
   208.8
 200.025
 186.975
  183.45
 165.825
 168.075
 187.275
 219.825
   316.2
 381.225
     333
  337.05
   345.6
  345.45
   324.6
 322.425
  308.25
 307.725
   315.6
   315.6
   304.8
   279.6
  235.05
  212.55
 175.725
  153.15
   144.3
 137.325
  125.55
 125.475
   158.7
 184.875
 278.025
   285.6
  286.05
  277.05
   270.3
  264.45
  274.65
  262.95
 262.425
 284.925
   301.5
 302.025
 292.875
 225.675
  183.75
 179.625
 154.125
  190.95
   179.4
   183.3
 160.425
  142.05
  136.35
 125.625
  138.15
   165.6
 196.875
  210.15
 209.325
   202.8
   183.6
 176.175
  166.35
 202.575
   236.1
  225.45
  225.45
   202.8
 166.425
  176.85
  170.25
 176.475
 157.275
 147.075
     147
 142.875
     126
    94.8
  95.625
  102.75
  159.75
 182.925
 202.875
  195.15
 187.725
  173.85
 173.175
   190.2
  217.05
 232.725
  225.45
     210
  203.55
   206.1
 184.875
 169.275
  153.75
 154.875
 147.075
 142.275
   160.8
   194.4
 300.375
  319.95
 336.825
  337.35
 337.425
 344.475
  354.15
 341.325
   346.2
   366.6
  495.45
 471.975
 375.225
   304.5
 270.075
  246.75
  209.85
  186.15
 184.875
 183.375
  182.55
 181.725
 188.175
 210.525
 323.025
   315.3
  302.55
 304.425
 302.475
   301.2
 302.775
  298.35
  300.45
  305.25
   417.6
  449.55
 331.275
  318.15
   277.2
 259.425
   213.3
 229.125
 216.525
     195
 175.575
  154.05
     168
     171
 259.275
 300.075
 291.975
   270.6
 270.675
  269.25
  268.65
 246.975
 248.175
  269.55
 293.175
 288.675
   285.9
   270.3
 221.775
  208.05
  190.05
 150.825
   128.7
 173.625
 166.875
  153.75
   191.1
   183.9
 215.775
 246.975
 210.375
 224.475
 235.575
 229.125
  225.45
 193.275
 192.375
 229.875
 252.525
   252.6
 216.975
 201.075
  166.35
 175.575
   154.2
   133.5
 103.425
    58.8
  18.675
    18.3
   18.15
    4.65
  58.875
 109.125
 138.225
 147.375
  129.45
 129.075
 125.475
 103.575
  86.775
  141.75
  143.85
 138.225
   127.5
   23.55
      30
   95.55
  86.775
 103.725
  59.325
    52.8
  51.825
  50.475
  47.325
   17.85
   17.85
  21.975
  112.95
  156.45
 181.425
 147.375
  132.15
  109.05
 104.025
 141.075
   183.6
  185.55
  183.75
  150.45
 142.725
 165.825
 135.375
 132.825
   94.35
    86.7
  86.325
    86.4
  86.475
   60.15
  57.375
    58.8
 135.675
  184.65
  202.95
 191.475
 169.875
   150.3
 150.225
   182.4
 203.175
 206.325
  201.75
   198.6
   189.6
 200.925
  182.25
 136.275
   118.2
  90.225
   87.15
   65.25
   64.65
    69.6
 154.425
  195.75
 213.225
   229.5
   236.1
 237.975
 222.075
   212.1
 212.925
 236.025
  259.95
     258
   247.5
   236.1
   209.4
 208.575
 179.475
 195.975
  187.05
   179.7
   158.1
  150.15
  143.25
  62.925
 124.575
 187.725
   227.1
 232.725
  235.65
 244.575
  247.05
   235.8
 243.075
   262.8
 275.025
  289.35
   270.6
   251.7
  216.45
  221.55
     207
     120
 123.525
 137.925
  145.35
  142.35
 164.925
 180.675
  183.15
 195.225
   227.7
   238.2
  254.25
 270.075
 261.825
 240.075
   238.8
   258.3
   301.2
  314.85
  269.85
 245.025
  222.45
 213.225
 188.175
  194.55
  187.05
  173.25
     123
   95.85
  64.725
   123.3
   176.1
   194.1
 207.525
   200.7
 206.025
  206.25
 193.425
 188.475
  188.25
  211.95
 239.325
   242.7
 232.875
 208.575
   187.5
   189.3
 174.675
 159.825
   75.75
  26.925
   23.85
    22.8
  62.625
  36.375
 140.175
   116.1
 184.275
   183.9
  189.45
   190.8
   180.3
   129.6
 112.275
  147.15
 183.975
 182.925
  139.95
 129.525
 111.975
  148.65
   163.8
