21.62
16.46
13.79
11.5
8.39
7.17
2.74
2.55
1.45
2.48
4.08
7.4
12.05
9.28
7.56
7.58
17.06
23.09
25.39
24
23.01
19.47
23.03
18.1
15.99
11.43
7.12
9.54
10.65
14.57
18.06
19.52
24.82
28.09
29.95
30
30.06
29.83
28.08
28.41
31.03
35.34
36.07
31.82
30.52
27.83
28.51
24.53
28.04
27.75
25.97
25.09
24.85
21.69
19.42
19.65
28.87
30.4
35.04
38.58
38.52
35.04
35.04
36.31
38.95
42.53
42.58
42.55
35.09
35.02
30.24
30.07
25.34
20.4
18.58
18.11
18.04
16.5
11.42
14.59
17.73
22.96
27.6
30
29.99
27.5
25.4
25.38
29.38
33.4
35.01
35.03
30.09
29.3
29.42
26.01
27.04
25.15
23.53
22.19
21.8
23.23
28.92
35.09
39.69
40.08
40.93
41.29
40.95
40.92
40.12
38.94
38.99
42.01
42.5
40.08
38.55
35.07
31.57
28.85
27.55
27.07
26.73
24.72
23.68
23.54
24.06
30.08
30.01
31.05
32.04
33.09
32.06
30.1
30.05
30.02
36.07
40.11
42.01
40.02
36.3
32.07
30.09
29.53
26.91
21.64
17.57
18.07
21.31
27.09
31.09
57.75
48.76
50.04
48.4
50.71
49.98
47.98
46.85
45.83
50.04
79.97
59.44
49.93
47.92
38.21
37.74
30.93
28.38
27.27
27.05
23.4
20.77
26.97
27.57
37.99
39.92
38.27
41.53
44.02
40.99
41.05
40.04
35.03
37.91
44.06
41.04
33.7
31.03
27.08
26.64
22.03
17.22
13.67
17.15
15.09
17.16
21.69
25.31
32.25
35.27
36.36
39.96
39.89
37.01
35.08
31.34
31.03
36.04
42.27
41.64
35.03
34.1
30.07
30.1
27.13
24.85
19.59
17.58
17.07
16.48
14.58
14.53
20.05
19.53
27.02
30.05
31.04
29.06
27.09
21.86
21.87
24.59
35.08
32.27
25.03
27.51
23.67
25.85
18.27
17.35
11.24
8.12
8.01
8.5
8.07
7.67
8.43
10.83
18.18
18.6
25.71
22.19
19.45
18.08
17.59
19.67
27.68
28.05
27.01
25.43
22.75
25.1
18.22
15.45
12.71
10.17
9.6
12.2
17.85
25.5
37.03
33.61
34.51
35.88
36.18
34.98
36.05
33.63
32.26
36.34
42.34
41.58
37.35
31.39
29.2
27.52
22.72
14.31
14.03
11.59
8.81
9.81
20.51
21.55
27.62
29.06
30.08
30.69
31.06
30.07
29.72
29.76
29
28.93
36.04
35.89
30.65
27.76
22.76
19.85
17.26
6.04
2.12
0.97
0.45
1.06
1.04
12.05
26.63
23.97
25.07
26.97
27.52
27.2
27.11
25.94
24.56
27.57
28.75
29.57
27.56
27.62
25.46
22.94
18.29
23.53
21.33
18.05
16.97
16.72
18.24
25.13
35.09
34.78
34.93
35.04
35.26
34.68
34.41
30.38
29.65
29.24
36.08
38.23
34.17
29.62
26.32
25.56
21.09
20.52
18.55
18.31
11.07
13.9
18.54
22.93
36
34.92
32.1
33.89
32.26
31.24
28.93
27.45
27.29
27.06
25.95
25.8
26.67
25.04
23.29
23.01
20.66
15.19
7.57
7.57
6.49
6.06
5.09
5.04
6
11.92
18.07
20.04
20.73
21.63
20.66
19.4
19.42
23.04
23.42
26.61
26.61
22.76
15.6
18.86
15.71
14.02
9.05
7.75
7.8
7.83
7.56
6.54
7.79
6.84
10.65
16.99
21.51
18.81
14
12.05
11.58
16.07
21.63
23.25
22.21
20.05
18.23
19.97
16.35
11.83
11.06
9.77
8.1
9.56
14.81
21.84
34.02
32.02
33.03
34.16
33.11
32.09
34.14
33.56
32.55
35.55
36.55
36.83
35
33.18
29.02
26.66
23.11
25.49
23.54
19.54
19.23
21.21
21.68
25.08
36.52
34.96
35.11
36.07
35
33.09
33.09
30.66
30.07
32.9
36.7
36.7
36.47
36.14
29.02
25.6
24.8
24.46
23.9
20.82
19.37
19.22
22.52
33.35
40.11
41.3
40.75
41.98
44.17
41.82
40.06
39.94
37.3
39.97
44.91
44.91
41.67
38.99
33.69
33
28.33
24.82
24.32
24.21
22.8
22.78
27.34
26.06
41.3
48.06
46.54
48.21
46.04
44.09
41.57
39.25
38.6
41.85
43.02
44.48
40.02
35.22
31.85
29.09
30.04
28.23
25.19
24.32
22.85
22.92
26.09
33.39
43.02
40.09
40.1
40.11
41.09
41.31
39.15
38.04
36.04
36.26
39.18
40.02
36.04
36.38
31.65
28.74
25.59
27.5
27.54
25.67
23.51
22.64
19.48
7.5
14.92
22.91
29.11
27.15
29.03
30.14
26.05
25.63
23.59
25.64
25.62
27.09
30.92
26.6
22.03
22.03
23.23
19.9
16.12
14.29
11.21
8.48
7.77
5.52
7.42
11.5
19.12
22.08
25.63
23.29
22.07
20.58
18.7
19.45
27.49
30.08
28.09
25.93
23.47
26.09
23.26
25.97
22.01
19.93
19.39
19.72
20.32
30.02
45.01
44.18
44.69
44.46
46.98
45.08
45.28
47.03
43.92
42.18
46.86
46.89
42.59
44.03
38.99
33.38
29.18
27.95
28.32
27.04
26.06
26.84
28.05
26.06
44.1
41.79
42.26
43.37
41.59
41.52
41.52
40.05
36.93
38.96
46.79
54.92
45.05
45.03
39.08
31.43
27.59
27.52
26.44
25.31
23.91
24.58
26.57
32.98
42.95
42.96
42.97
43.27
43.08
42.03
40.08
40.04
38.17
40.05
44.36
44.65
41
38.94
29.6
28.07
28.1
27.25
22.59
21.62
19.8
18.3
24.5
25.19
34.54
38.08
38.06
37.93
38.1
37.15
38.01
34.91
32.97
36.69
40.04
43.57
46.19
38.91
32.75
30.92
26.41
25.15
23.82
22.75
20.51
20.41
24.43
28.37
35.46
36.44
35.58
35.47
35.41
32.91
31.1
32.21
27.51
26.72
31.53
33.13
31.01
27.97
27.36
25.76
25.29
26.09
24.83
21.21
21.1
19.44
17.64
16.48
22.66
24.85
29.65
31.38
31.94
29.05
28.15
24.14
24
24.17
29.92
31.13
27.58
22.01
19.49
20.48
17.58
19.91
14.46
12
9.64
9.22
8.23
6.98
7.75
10.04
18.07
22.2
26.92
24.74
19.49
19.9
14.82
14.66
27.7
28.97
28.98
26.92
23.49
24.49
19.08
20.06
16.68
12.03
13.08
14.51
18.58
27.62
38.04
35.06
35.01
35.89
36.31
36.76
36.05
34.17
33.06
33.04
36.05
36.37
35.05
33.05
28.97
28.86
26.01
20.5
20.55
19.76
16.53
17.12
25.88
26.43
37.58
39.92
39.27
39.09
39.08
35.87
32
29.59
28.05
30.01
31.77
34.03
32.67
27.48
26.61
25.23
21.69
17.55
7.71
8
8.55
9.98
13.81
24.62
29.68
32.07
32.5
32.16
32.13
29.62
30.71
29.19
28.01
26.01
28.02
33.05
29.69
26.99
22.73
20.08
16.53
9.31
8.54
2.14
1.71
2.13
13.82
18.24
26.11
23.29
22.94
23.82
24.7
23.12
24.03
20.61
20.15
19.94
22.98
24.31
24.65
23.44
21.7
21.26
14.43
22.53
16.53
10.63
10.33
17.15
22.37
29.23
34.96
34.93
35.08
35.93
34.98
32.5
34.51
33.42
30.32
31.59
35.88
42.11
39.81
36.53
31.3
27.99
25.35
19.73
13.08
9.92
8.59
9.96
8.07
8.05
19.85
21.7
23.71
25.31
25.07
24.03
22.54
21.17
19.86
20.61
24.89
25.91
24.68
23.65
20.41
18.09
11.25
16.2
11.27
8.57
9.22
10.36
8.77
7.75
10.78
11.55
17.95
22.7
26.12
24.05
22.02
19.07
17.68
18.51
24.58
28.3
29.11
25.86
24
23.56
20.05
11.62
13.89
8.58
8.08
13.03
18.05
24
32.11
33.66
34.08
35.01
35.95
36.3
34.94
34.01
32.16
31.97
34.92
36.39
34.91
32
27.39
26.78
21.58
15.66
19.23
15.69
14.55
15.92
20.72
22.24
32.05
29.58
27.94
27.28
27.74
25.97
25.9
24.66
24.27
24.8
28.74
30.66
28.87
26.92
25.67
24.48
20.51
21.61
19.55
18.54
15.01
18.54
22.73
24.86
31.1
31
31.32
31
33.91
30.69
30.89
30.04
30.03
30.07
34.02
37.97
36.43
38.02
35.11
30.02
27.47
27.87
26.98
25.1
24.76
25.32
26.57
32.57
50.02
37.89
37
37.08
36.04
36.04
34.05
33.58
33.46
34.01
32.98
37.32
34.08
34.06
27.94
28.78
27.51
23.3
21.91
19.68
19.12
17.56
19.48
25.11
33
33.2
33.09
31.95
30.74
29.8
27.32
26.16
24.69
27.29
30.08
30.74
26.49
27.37
24.04
25.17
21.87
24.03
25.05
25.07
24.92
24.61
24.04
22.67
20.36
23.66
24.65
27.03
29.55
27
27.03
24.51
24.33
25.21
25.36
32.02
29.92
26.82
26.3
27.54
26.69
20
15.88
14.72
13
13.06
11.63
10.63
13.09
13.03
20.37
23.29
25.37
24.32
23.29
21.25
19.56
22
26.05
28.21
27.98
26.55
24.77
24.96
23.06
20.54
17.48
14.11
13.05
15.17
20.22
24.9
31.64
32.05
31.06
31.94
32.36
31.29
33.05
31.09
30.04
30.31
31.63
34.19
33.07
31
28.31
27.55
24.11
26.06
24.86
21.78
20.2
20.06
19.5
25.52
34.57
35.08
34.08
34.12
34.17
32.47
31.36
31.08
28.01
30.05
30.65
34.11
32.55
26.09
24
25.02
24.34
22.02
18.33
20.37
19.08
18.78
25.91
27.82
32.1
34.98
34.09
34.27
35.31
34.09
34.02
33.03
32.24
30.72
34.05
39.94
34.28
36.98
33.14
29.34
29.05
26.78
25.05
22.9
22.23
22.94
23.29
27.03
36.94
33.1
33.75
33.99
33.1
32.17
32.12
31.91
28.47
30.02
30.51
34.04
34.34
35.05
29.1
28.1
24.33
21.88
21.37
23.39
23.13
21.25
23.63
27.01
32.29
38.97
38.93
36.93
35.92
32.62
32.05
27.99
26.67
27.09
30.03
34.99
33.94
31.77
26.84
30.01
29.12
26.07
24.7
24.62
24.79
23.95
23.89
23.09
24.37
23.29
27.58
26
27.04
25.39
25.12
23.62
22.74
23.09
25.14
29.22
27.11
28.09
27.61
25.45
22.7
21.6
17.77
15.89
15.16
14.59
11.73
9.28
12.21
13.07
20.75
22.06
23.27
22.59
20.04
19.11
17.99
17.98
21.06
26.59
27.41
24.3
24.26
24.54
22.84
22.51
21.25
19.28
18.58
19.67
19.57
26.08
31
31.09
32.29
33.04
34.05
32.46
32.43
31.56
29.97
29.41
29.83
34.04
33.08
32.83
29.39
29.05
27.59
25.46
25.14
24.39
23.05
22.42
25.91
26.81
33.99
36.52
36.58
37.35
38.31
35.15
32.28
29.04
26.42
27.6
29.01
38.06
36.75
32.26
28.58
26.12
25.78
22.28
24.31
21.83
21.63
20.05
22.8
25.91
34.88
35.57
35.39
35.11
34.77
35.53
36.02
32.56
32.62
31.05
33.98
42.28
41.74
36.6
32.36
29.01
24.44
28.39
28.05
24.39
22.93
20.59
25.44
28.07
35.22
34.09
36.37
39.89
41.23
40.03
39.13
39.77
37.17
36.86
38.97
44.54
43.39
40.01
36.9
34.54
31.99
25.16
26.57
27.07
26.05
26.47
26.4
31.46
37.36
39.72
40.95
40.96
42.22
40.91
40.61
37.55
33.05
34.09
38.59
45.54
44.32
35.46
33.09
32.07
29.92
29.05
26.23
24.76
25.94
24.87
24.62
22.32
21.28
23.69
30.04
33.51
33.58
34.07
29.99
26.86
24.42
24.48
29.94
36.51
33.8
27.66
25.82
29.92
26.73
25
22.97
22.73
21.96
21.69
18.58
15.56
16.22
18.69
23.6
25.09
28.93
27.08
25.06
23.04
20.92
21.23
24.69
30.15
30.34
29.93
28.37
28.87
25.37
23.23
22.41
23.06
21.87
23.07
24.9
30.94
41.28
47
46.1
49.83
48.04
47.06
49.01
48.5
45.01
39.13
39.78
43.97
44.55
38.95
35.08
33.08
27.67
29.32
27.95
26.38
25.87
24.6
27.4
33.12
44.96
40.02
44.81
45.45
45.48
40.04
39.92
39.17
37.92
40.13
40.56
44.2
45.46
40.84
34.06
31.92
31.14
22.98
26.01
23.36
23.56
23.08
25.35
32.6
51.83
53.85
70.02
70.58
74.63
55.28
71.34
47.98
44.93
46.45
49.92
62.11
74.92
59.97
40.05
36.01
31.83
25.93
26.39
24.52
23.22
23.57
24.49
33.37
60.03
52.94
54.42
55.62
56.12
53.93
47.15
46.24
45.44
44.22
51.04
69.3
60.08
48.26
36.55
31.01
28.64
30.4
29
26.27
22.84
23.57
28.43
31.83
38.3
45.04
47.08
42.82
40.77
40.1
39.9
34.11
33.55
33.57
34.16
40.73
40.51
37.03
31.72
31.32
32.35
28.96
25.55
20.62
19.79
21.64
21.59
20.24
27.93
30.01
33.46
33.38
33.69
32.4
29.99
28.92
26.37
26.76
25.13
33.07
37.08
36.58
33.93
32.26
25.38
24.31
23.21
21.1
22.27
22.22
20.95
16.16
17.7
20.08
22.89
24.02
29.79
27.51
24.01
21.1
18.53
18
21.61
30.77
32.25
31.91
31.04
30.25
27.05
23.43
21.45
20.05
19.72
20.15
24.31
31.98
40.04
42.28
44.16
49.67
49.89
49.55
49.9
41.59
40
37.07
37.64
49.37
49.24
40.08
32.79
29.99
27.1
31.05
28.05
25.8
25.07
25.48
30.98
37.31
45.03
57.19
64.48
66.75
66.62
59.24
60.7
47.82
42.7
37.57
38.81
56.47
60.69
46.66
43.04
36.55
33.11
25.04
24.08
22.62
22.67
23.38
23.56
34.02
40.27
48.4
49.26
47.09
50.24
47.63
47.04
47.01
41.29
39.94
40.02
56.16
61.31
40.12
39.01
34.25
31.06
30.86
30.81
28.38
26.74
25.02
28.69
35.09
47.48
50.85
50.43
50.25
48.08
52.47
48.95
45.48
41.8
44.25
45.01
100
80.03
42.23
37.06
34.56
31.03
26.02
24
23.92
22.92
23.99
25.1
30.04
46.95
50.09
54.44
47.04
45.41
42.28
38.91
34.1
31.67
32.21
34.03
40.21
39.59
34.14
30.04
27.58
24.09
23.68
21.61
19.68
21.4
20.06
20.2
17.61
16.4
23.58
32.82
36.53
37.38
35.06
33
26.46
27
27.58
32.59
40.73
40.01
34.17
32.1
34.15
29.76
23.56
19.92
18.02
16.52
18.59
18.9
13.76
15.74
19.05
24.07
27.57
30.89
30.09
25.24
22.5
18.55
18.75
23.66
33.99
36.53
30
28.82
27.92
23.63
21
16.64
14.96
15.33
17.14
21.57
30.28
34.2
36.34
36.14
36.3
37.9
35.21
35.9
36.8
34.19
33.08
33.06
37.68
38.03
33.84
30.13
28.73
25.44
22.76
12.93
12.56
12.39
17.15
23.03
24.84
33.3
34.34
35.91
34.08
33.09
33.08
33.84
33.01
32.57
32.61
33.01
38.07
39.73
38.02
31.08
26.9
23.08
21.81
17.19
16.54
16.52
18.5
25.47
26.41
33.04
36.92
33.1
32.98
33.59
33.16
34
32.01
28.19
27.77
25.92
32.05
34.24
30.9
26.39
23.91
22.52
23.04
18.39
11.09
15.92
20.51
24.66
33.3
33.62
33.17
35.05
36.37
37.02
35.82
35.53
35.35
33.47
30.94
30.98
32.14
36.32
33.73
33.13
26.89
21.62
16.19
8.54
6.93
7.51
8.71
19.91
22.76
29.6
30.87
29.33
28.84
31.02
27.43
25.5
24.4
25
22.52
22.69
26.07
27.72
27.05
23.46
21.04
13.05
7.86
2.06
1.21
1.74
4.03
8.07
14.21
19.45
21.58
26.8
26.1
27.6
24.05
22.93
22.39
18.31
17.36
18.53
21.61
23
20.53
17.38
12.07
2.09
9.99
5.88
2.53
3.35
7.74
7.6
7.07
7.83
8.01
15.5
18.55
23.1
20.26
15.24
12.06
11.54
11.51
13.81
23.09
27.18
23.96
21.6
20.52
15
17.75
10.04
8.24
8.87
13.98
19.51
25.19
33.02
33.13
32.99
34.53
34.63
33.89
34.53
32.97
31.64
29.77
29.56
33.06
34.61
33.66
30.97
26.06
23.64
22.29
17.69
18.24
14.77
18.32
23.63
28.88
33.27
31.54
33.08
34.07
36.41
31.49
32.12
32.48
30.51
30.2
30.91
32.1
36.76
36.07
31.64
29.67
25.13
27.51
27.07
25.85
25.43
24.5
24.85
27.44
35.02
36.95
37.4
37.12
37.03
36
35.92
33.28
31.51
31.39
29.43
32.21
34.95
34.22
30.7
24.23
25.14
24.34
18.33
18.32
16.86
18.39
22.27
26.49
33.02
33.08
34.44
37
37.93
37
37.17
35.26
32.42
30.1
31.1
33.12
39.58
36.39
34.33
31.05
26.66
25.38
26.7
26.33
26.18
25.58
27.25
30.05
39
45.01
46.31
39.57
42.22
37.98
37.87
36.37
33.04
32.12
33.05
38
39.56
38.9
33.91
35
33.87
34.33
27.28
26.81
24.82
25.02
24.95
24.46
27.93
30.79
35.05
36.05
36
34.41
32.14
27.5
26.05
25.98
29.82
31.04
34.37
31.36
28.09
28.87
25.1
24.55
20.88
0
18.58
18.94
18.38
15.45
16.54
17.38
22.94
26.66
30.97
29.8
25.21
21.04
19.37
18.55
20.59
24.88
29.41
30.91
30.8
31.91
24.99
22.75
19.12
18.12
18.17
21.25
22.96
29.96
38.96
38.82
40.05
40.08
49.92
42.88
48.2
35.97
33.35
30.93
30.3
30.01
30.61
35.6
33.09
30.98
26.17
22.87
24.35
23.03
23.1
23.79
25.37
32.46
38.72
38.17
38.5
38.92
40.14
36.18
35.01
33.57
32.59
28.62
27.06
27.51
27.66
35.02
32.99
31.99
26.66
20.92
17.82
17.51
18.21
19.19
23.01
24.88
29.94
32.21
32.23
32.12
32.69
32.07
32.47
31.17
28.33
27.9
27.56
27.95
28.32
28.95
28
23.99
22.26
25.12
23.3
20.92
20.57
20.6
24.78
29.13
31.94
34.96
34.96
35.01
35.91
34.82
32.5
31.61
31.07
27.66
27.54
26.11
26.31
34.52
32.28
24.19
22.31
19.28
17.63
15.82
13.78
15.52
21.18
26.5
32.03
32.5
32.9
32.99
34.03
31.66
29.95
29.04
27.08
26.07
25.12
24.57
27.58
28.56
27.54
22.78
21.24
21.7
23.84
21.44
20.42
21.57
20.87
21.96
24.1
23.78
26.02
28.57
31.1
30.45
29.04
24.24
22.63
22.14
22.65
26.99
26.97
31.14
31.97
25.58
23.02
19.49
16.22
15.02
14.45
14.02
14.09
10.34
11.14
16.46
18.87
21.38
25.08
22.39
18.52
17.61
13.25
12.08
16.68
23.03
26.03
26.92
27.3
26.57
21.21
21.26
16.18
11.93
12.19
17.11
19.22
28.76
33.99
34.5
35.04
35.4
38.21
37.13
34.37
32.45
31.16
29.97
28.1
28.04
28.32
32.33
30.23
27.71
23.02
20.52
17.95
17.51
9.92
8.6
20.57
26.95
31.68
33.75
34.52
34.01
34.53
32.92
32.84
32.97
31.97
29.67
30.08
29.08
30.7
30.27
30.94
29.05
27.52
22.45
21.64
19.21
17.64
18.72
22.21
29.08
32.22
36.33
36.31
37.37
38.25
35.06
33.59
31.88
30.57
28.46
28.07
27.98
27.57
35
29.96
26.49
22.98
29.09
25.23
24.08
23.38
24.03
24.32
32.25
31.65
33.52
34.04
38.31
40.52
35.05
35.79
33.5
32.39
30.26
30.28
29.99
29.58
32.5
34.56
35.9
31.91
24.96
21.35
23.07
19.55
17.88
19.38
17.64
17.57
23.05
29.02
27.82
30.15
27.57
24.41
24.1
23.06
21.78
23.63
25.9
28.01
34.01
34.64
30.7
24.79
20.16
14.61
16.88
16.18
18.5
19.19
20.18
23.72
24.68
26.05
28.44
30.98
29.63
25.19
24.54
24.01
23.11
23.06
24.32
24.38
28.51
29.03
27.34
23.03
18.54
10.63
8.28
8.28
8.55
8.66
7.78
8.6
12.92
17.64
23.46
28.76
24.08
16.64
12.83
11.3
10.79
11.39
16.17
21.13
23.42
26.1
24.31
16.8
9.04
7.71
7.03
7.07
7.07
8.01
7.73
8.01
11.17
16.12
20.94
24.54
22.87
16.15
12.04
11.55
11.09
11.77
16.19
17.19
22.02
25.65
24
17.19
18.51
17.35
14.53
12.53
17.02
23.18
29.26
35.05
35.82
38.8
39.78
43.26
40.14
39.36
36.34
33.7
32.56
32.06
31.97
31.96
34.08
32.59
29.65
26.05
23.09
22.27
19.81
18.79
18.73
25.13
28.03
34.07
36.3
36.47
36.34
39.77
35.33
35.07
34.65
34.4
31.84
29.93
29.66
26.56
27.71
30.95
27.58
24.7
23.31
20.55
19.13
18.58
17.63
22.75
29.95
32.26
34.39
34.07
35.67
38.25
36.84
35.3
33.97
32
29.23
30.06
30
30.38
36.04
32.08
29.65
25.09
22.29
21.56
20.02
18.97
21.26
25.38
32.25
37.34
38.11
38.09
38.53
43.97
39
37.4
34.93
32.94
31.28
31.03
29.91
29.18
29.98
29.92
27.14
25.25
24.01
22.97
21.56
19.46
18.59
19.52
17.88
22.22
28.21
34.06
32.03
32.13
29.2
26.05
23.23
22.46
22.41
23.24
23.44
23.59
23.87
23.43
22.49
19.45
19.48
12.03
9.78
10.61
11.17
11.26
9.98
12.72
15.36
23.09
23.38
28.92
25.56
21.82
17.34
15.87
13.24
17.66
20.03
23.5
28.1
27.6
26.95
22.08
19.14
12.69
11.06
11.06
15.87
22.04
28.55
35.45
36.34
37.34
39.63
43.55
38.66
38.86
36.3
34.07
31.26
30.28
29.62
29.4
32.92
31.87
27.59
23.49
22.76
20.5
20.5
18.55
18.38
21.6
27.84
34.06
34.99
37.88
40.15
44.72
42.7
38.9
33.51
32.93
29.9
28.03
27.51
27.33
31.68
33.6
27.61
25.04
22.09
18.46
14.35
17.01
19.53
24.35
30.93
35.51
36.08
38.9
41.77
45.61
35.68
33.55
32.97
33.57
33.56
33.53
33.39
32.7
32.04
32.55
25.17
18.6
22.18
18.48
17.65
17.51
19.28
23.4
26.55
32.56
37.37
39.75
42.26
48.25
41.02
42.28
36.34
34.98
31.43
29.14
28.12
28.08
32.01
32.58
31.33
25.04
23.33
18.46
12.6
10.93
17.55
22.78
27.07
36.86
42.06
41.26
38.22
42
35.57
35.98
32.65
30.93
27.62
26.93
25.89
25.2
29.28
27.37
25.86
20.73
18.84
6.47
8.22
9.84
8.77
18.56
20.66
21.93
19.04
22.8
25.18
27.84
24.36
23.46
19.62
19.2
13.7
19.11
19.19
20.64
23.77
25
20.67
19.2
11.49
8.06
7.8
8
7.89
8.1
7.81
7.75
8.7
12.72
19.12
23.02
19.65
18.77
12.06
11.57
10.68
13.1
18.64
19.15
20.05
20.68
19.15
18.43
19.31
14.47
12
11.6
17.17
20.54
29.2
35.96
35.53
36.69
38
42.62
40
40.04
36.1
34.13
32.08
31.75
30.33
30.03
31.82
32.02
26.63
22.84
23.42
21.64
19.39
19.69
17.89
25.2
25.06
31.98
35.51
36.36
35.91
38.17
33.3
33.72
33.7
32.29
29.01
28.08
28.02
26.61
27.86
28.17
25.08
21.99
20.57
8.07
7.47
3.41
8.05
21.31
25.65
32.02
32.03
32.03
32.06
35.04
32.32
32.07
32.06
29.41
26.84
27.55
25.16
25.25
29.91
30.32
24.11
20.28
24.07
18.19
12.6
8.06
7.58
21.97
25.33
34.03
32.75
31.87
33.66
34.03
31.83
32.04
31.08
31.05
29.43
28.27
27.5
26.4
29.9
29.91
21.28
18.5
19.03
15.4
11.06
8.05
8.58
21.96
22.74
26.93
30.36
31.24
31.05
31.59
31.29
27.72
25.98
25.32
24.87
27.5
27.47
25.19
29.87
29.08
25.14
20.06
18.51
10.76
7.08
6.96
5.8
6.96
2.41
4.35
5.6
17.03
18.08
23.45
23.1
15.72
11.58
7.03
7
6.96
13.97
18.53
23.85
25.11
22.05
16.23
12.92
8.32
7.73
7.78
8.32
9.07
7.97
11.02
11.57
14.21
20.1
23.28
20.41
14.9
12.76
12.31
11
13.44
18.4
19.13
22.54
25.03
24.48
18.57
16.17
9.97
8.5
8.02
9.62
20.51
28.03
42.21
44.53
49.38
48.28
56.8
47.03
47.14
44.56
38.92
35.57
33.52
30.37
30.07
34.05
33.53
28.61
22.38
21.68
15.21
11.62
7.84
7.55
19.86
28.2
38.54
40.04
41.57
41.52
54.37
40.01
36.91
34.6
33.28
32.95
33.02
32.25
31.29
31.27
32.22
29.27
22.78
23.94
18.1
17.83
15.82
17.17
25.77
30.29
34.53
41.6
44.93
57.25
60.06
51.09
60.01
37.33
35.06
32.51
31.87
31.72
29.75
34.09
33.09
28.31
28.05
27.24
23.9
20.66
20.61
15.07
23.94
29.2
38.06
53.99
60.86
74.69
100.05
56.95
46.67
37.13
35.78
35.02
33.35
30.52
30.22
34.08
33.26
30.25
24.18
20.75
19.05
18.52
15.03
18.05
24.02
28.8
35.09
43.36
46.13
47.38
70.76
42.3
38.6
33.08
30.27
27.52
26.31
26.91
26.07
28.68
32.35
32.11
26.85
21.97
22.11
18.56
15.79
16.99
17.1
17.46
18.51
22.88
24.98
27.33
31.9
30.05
24.81
23.13
22.91
20.11
19.9
19.69
21.92
24.76
25.75
27.57
19.88
19.44
12.07
10
10.47
11.22
10.84
8.14
11.39
15.96
19.93
23.52
26.15
24.46
22.02
18.91
17.69
18.57
19.88
21.99
23.69
26.48
27.8
26.69
22.89
17.61
13.06
10.44
8.81
14.59
21.03
28.5
38.39
40.57
41.25
44.6
60.22
43.53
42.98
39.91
37.27
35.12
34.83
34.02
32.55
33.75
33.78
30.21
25.32
25.61
25.16
24.01
22.45
23.51
25.54
32.4
40.03
51.63
50.16
51.9
87.41
50.19
50.13
45.06
45.03
36.38
36.24
36.39
35.99
36.32
37.12
32.4
29.34
25.11
23.21
20.52
19.69
21.57
25.16
32.45
40.14
55.63
59.08
62.01
101.5
57.08
57.93
45.99
44.54
35.13
32.69
32.97
31
34.05
36.04
30.63
25.18
27.56
24
22.89
22
21.98
25.31
36.09
50.15
58.37
51.98
50.93
93.62
46.56
50.98
48.93
48.8
40.95
38.91
35.55
33.96
39.84
40.51
35.06
26.92
25.94
23.09
22.23
21.36
22.73
29.14
36.67
45
45.96
45.02
45.08
57.35
46.16
45.06
40.18
36.94
34.08
33.02
31.28
30.11
35.54
34.86
32.03
27.49
24.93
23.08
24.25
23.45
21.7
20.6
20.56
23.65
24.36
26.03
28.77
27.67
23.66
24.28
21.94
19.66
22.44
21.81
23.04
18.54
16.96
16.58
18.5
17.48
15.22
11.51
9.11
8.56
8.53
7.84
7.52
8.53
11.58
14.86
17.87
22.96
21.31
15.2
13.58
12.04
11.57
12.79
17.49
18.45
16.64
19.61
21.72
16.97
15.18
10.73
8.58
9
12.95
20.29
29.13
35.23
43.93
43.91
45.94
65.6
48.66
47.7
38.98
36.03
35.21
34.96
34.91
32.07
30.7
30.95
29.44
23.53
25.34
22.09
20.45
18
18.51
25.78
25.41
35.05
37.52
36.62
38.21
49.93
38.25
37.55
37.71
34.97
33.25
32.76
31.81
29.97
31
32.51
31.65
27.53
24.24
18.54
14.54
8.59
14.67
22.76
25.41
35.39
37.45
36
36.07
36.04
34.33
33.91
31.06
30.25
29.94
27.88
27.47
25.84
25.04
24.5
25.59
17.88
21.72
11.04
10.14
6.5
7.86
6.47
2.59
8.46
9.5
13.07
15.66
21.95
19.93
16.16
13.07
13.06
13.6
18.51
21.64
25.01
21.68
23.42
25.32
19.96
13.05
8.01
7.52
7.43
7.7
12.53
20.55
25.41
26.91
28.45
30.08
32.91
30.93
27.63
26.37
26.82
26.84
27.48
27.01
26.54
27.15
26.55
28.16
23.33
22.58
16.41
12.02
7.04
14.21
16.49
15.49
15.96
25.28
31.31
32.06
33.24
30.71
25.05
23.71
22.6
19.07
18.08
19.71
19.49
21.5
22.86
22.72
19.81
18.5
10.41
8.53
8.05
7.83
7.7
7.5
8.18
11.97
22.11
22.52
26.26
22.55
21.27
17.03
14.29
13.82
17.86
21.18
22.53
23.69
27.51
28.7
21.02
15.45
9.82
8.59
9.34
14.15
21.64
26.67
38.45
37.33
37.16
38.43
45.64
40.03
40.56
38.94
35.57
32.56
31.14
30.07
29.39
29.95
30.16
27.7
20.08
19.43
9.83
8.02
6.07
7.65
18.09
19.62
26.65
31.09
32.98
34.47
35.7
34.19
35.51
33.83
34
29.83
27.49
27.57
27.26
24.9
24.96
25.11
18.67
20.04
11.87
7.73
7.34
6.03
19.4
22.77
35.13
38.21
37.55
39.77
40.94
37.56
36.52
35.86
32.94
30.64
31.01
29.97
28.41
28.46
29.26
26.99
25.01
26.11
23.87
20.55
20.41
20.5
23.89
32.66
37.53
39.32
39.95
61.9
79.42
57.3
51.04
38.81
37.98
36.31
35.3
35.03
35.21
33.98
36.38
36.73
27.58
26.09
24.63
20.43
18.71
18.94
25.11
32.15
42.51
38.95
40.11
44.88
69.53
44.19
37.53
36.01
33.09
31.12
30.42
30.21
26.07
27.22
26.31
26.71
20.6
25.27
24.49
23.62
18.17
7.66
4.32
15.47
20.29
22.52
26.99
27.92
29.78
29.48
25.92
24.5
25.03
23.61
23.63
23.09
20.09
19.63
22.81
23.98
21.41
16.4
8
7.82
7.71
7.52
6.47
5.54
7.76
9.9
11.58
15.45
21.22
18.65
14.04
12.3
12.89
11.58
11.59
17.5
18.56
17.79
18.55
19.56
12.04
13.07
7.75
6.48
5.94
5.74
5.21
6.85
10.84
10.31
12.94
16.32
21.9
18.61
16.73
15.5
15.23
13.79
15.42
15.49
16.95
15.49
16.88
19.88
16.46
13.41
7.73
6.15
5.4
6.94
14.63
21.62
32.58
37.06
37.04
44.55
64.51
38.9
38.09
36.19
35.28
33.69
33.19
31.83
29.87
27.05
28.14
26.95
20.9
28.59
25.13
22.59
18.51
18.57
23.58
30.02
37.39
42.03
37.81
44.44
55.05
39.25
37.58
37.37
34.15
33.16
31.88
29.83
29.75
33.44
33.08
33.91
26.81
23.21
17.13
8.08
8.08
8.56
20.59
26.08
37.39
40.08
38.72
42.57
51.41
41.67
43.94
37.93
37.97
35.27
35.22
34.9
30.48
27.9
27
29.17
22.96
24
18.53
14.6
10.5
12
20.59
26.09
34.19
35.59
36.34
40.04
42.88
37.35
35.54
33.5
30.69
28.95
26.98
27.33
25.38
26.24
26.03
26.04
25.41
25.63
18.86
18.86
18.84
18.55
18.51
18.99
26.87
28.07
33.38
33.37
36.56
31.97
25.07
24.83
24.14
23.86
24.33
24.87
24.42
24.45
24.95
25.42
23.12
14.83
8.54
8.06
7.73
7.61
6.9
6.46
7.94
11.52
16.07
20.79
22.69
22.49
18.36
14.4
16.06
15.54
17.81
20.55
20.25
21.1
23.11
26.01
16.46
17.18
12.56
9.6
7.99
10.47
22.26
26.02
37.04
39.03
41.63
50.65
70.98
45.95
45.44
44.89
39.52
35.65
35.11
35.13
33.33
29.97
30.02
29.81
25.65
25.15
18
12.44
9.47
16.1
21.37
25.23
37.3
43.16
40.8
48.18
68.5
45.03
42.13
41.08
42
37.34
35.57
35.25
32.07
29.83
30.27
29.98
25.29
26.01
21.77
16.15
10.74
16.15
22.71
28.99
35.05
39.16
37.93
37.91
51.54
41.32
40.19
41.22
37.92
37.32
35.68
33.52
33.08
30.16
29.96
32.59
25.49
26.01
20.47
15.32
7.08
6.1
7.55
17.68
25.28
28.99
32.04
35.9
38.06
36.65
35.28
32.29
30.47
29.62
29.47
29.81
29.99
28.03
27.28
27.08
25.07
22.95
18.51
8.04
6.86
7.51
18.62
28.79
35.06
38.03
40.19
40.17
44.58
41.72
38.58
38.45
36.31
35.81
35.4
34.81
30.32
27.02
26.52
25.96
21.36
18.39
14.05
6.46
6.06
5.54
5
7.04
11.85
18.46
22.59
25.41
25.47
25.06
23.7
19.94
18.64
21.33
20.05
18.01
18.57
18.48
18.52
21.92
18.81
12.91
7.96
7.56
7.27
6.3
4.99
4.56
7.6
8.52
13.27
18.92
23.19
18.51
14.78
12.92
11.54
11.52
11.29
17.82
17.83
16.79
17.04
22.46
16.35
17.75
10.6
8.41
8.89
8.55
16.4
24.07
35.06
40.71
43.12
44.64
56.02
44.95
44.91
40.16
37.3
35.49
34.19
33.01
31.61
28.92
28.94
28.92
22.38
23.01
16.06
7.57
7.55
8.52
19.77
27.53
35.52
41.76
38.2
44.54
51.61
43.35
40.22
42.68
38.12
34.2
31.85
29.78
27.04
25.89
26.43
27.92
22.78
21.34
17.16
8.03
6
7.01
14.02
25.67
31.13
36.31
38.02
38
45.97
38.5
38.77
38.87
38.94
35.57
34.89
34.81
32.08
31.02
28.16
30
26.33
27.02
20.55
19.2
15.01
15.05
21.63
27.02
38.5
44.62
42.07
41.16
50.17
45.25
38.59
36.75
37.93
35.95
34.03
35.08
31.82
28.92
27.71
27.98
25.16
24.92
19.33
12.31
8.28
9.99
20.47
24.28
32.61
41.05
46.48
52.88
64
48.15
48
48.4
36.55
33.92
33.98
35.05
33.08
30.16
28.95
29.43
23.85
26.02
23.09
23.62
21.6
20.14
18.86
21.07
25.81
27.2
29.95
31.61
35.02
31.56
25.67
24.36
24.1
23.23
23.88
25.07
24.81
24.5
23.91
23.69
22.03
13.71
8.69
7.96
7.54
7.36
5.92
5.5
7.92
8.7
14.01
17.89
24.31
21.79
19.54
17.24
14.7
14.65
18.59
19.48
20.05
20.05
19.77
25.07
18.56
13.43
8.55
8
8.05
9.43
17.02
26.04
36.2
41.62
40.81
44.51
61.46
52.85
90.15
49.53
45.08
36.72
36.1
35.19
32.52
31.51
30.2
28.87
24.26
27.58
25
20.36
18.59
20.31
25.04
37.07
47.96
71.32
51.03
65.05
149.96
65.02
59.09
48.07
48.14
43.26
38.96
39.01
38.93
35.51
34.02
37.02
28.02
24.74
19.24
17.39
10.45
7.59
18.39
26.22
34.56
36.4
40.06
44.57
60
48
46.26
45.27
36.94
33.1
29.51
28.99
28.01
26.55
26.18
26.28
22.75
16.4
8.29
6.3
7.52
7.54
8.54
21.18
29.92
36.14
35.63
39.58
39.52
39
37.95
39.32
37.17
35.1
35.02
33.1
30.68
30.84
27.57
30.24
24.7
17.67
9.22
9.45
8.79
8.02
8.19
26.04
26.64
27.04
38.81
42.01
50.17
42.11
38.53
35.98
28.97
29.43
29.42
28.87
28.26
25.02
23.52
22.67
25.04
22.85
9.94
6.53
6.99
5.54
3.09
3.47
11.12
22.16
23.67
28.97
30.39
26.41
23.6
19.38
18.59
17.57
18.06
17.62
16.7
18.6
17.91
21.06
18.84
16.6
8.02
6.96
7.08
5.88
4.57
4.19
7.55
8.07
16.37
21.48
26.81
21.72
18.38
16.7
13.71
13
16.78
21.21
21.69
21.24
22.17
26
21.23
13.4
9.46
8.95
7.64
7.46
8.59
21.12
34.36
41.68
44.36
68.4
75.05
53.72
54.64
46.89
39.54
36.17
35.78
35.59
33.91
30.29
29.97
25.94
17.69
23.47
18.56
16.14
15.05
15.96
23.04
25.24
32.5
35.18
37.32
37.19
40.2
38.05
37.36
36.23
35.62
34.45
32.15
31.47
28.58
27.52
27.41
25.63
23.7
17.71
8.54
8.08
7.58
9.23
18.38
24.98
30.62
37.02
38.61
40.99
51.18
43.5
39.09
39.08
38.03
33.95
34.98
34.5
32.01
30.13
26.94
25.22
20.2
27.01
22.93
16.51
11.18
10.63
17.77
30.22
38.04
40.16
39.74
45.25
47.97
39.03
40.6
38.62
33.94
33.53
32.23
31.94
31.98
31.59
29.89
30.15
28.92
22.97
16.59
14.3
9.8
7.58
17.47
25.55
31.82
36.15
36.34
37.87
44.26
36.11
35.32
35.81
34.42
32.03
33.75
33.52
29.35
30.71
29.06
29.59
25.18
25.01
25.24
23.92
19.69
16.45
12.91
20.53
24.91
25.94
30.87
31.96
31.42
29
26.98
24.79
25.22
22.43
23.64
23.98
24.97
26.82
25
27.6
23.67
14.92
10.36
9.44
8.91
8.13
7.16
8.12
8.27
11.12
15.57
20.45
24.93
21.83
20.24
17.7
15.44
15.31
17.62
21.83
23.58
23.98
24.48
31
22.79
12.96
8.75
8.55
8.19
8.5
13.45
24.91
36.57
41.37
44.35
47.65
61.46
50.4
49.18
45.28
41.4
37.23
34.97
33.94
31.83
31.44
30.95
30.27
27.56
30.14
28.97
26.41
23.31
16.54
22.63
29.58
35.84
41.25
43.34
41.61
48.29
40.69
39.31
40.26
37.6
36.33
34.97
32.08
30.29
34.14
32.57
34.05
32.94
25.69
24.53
20.77
16.53
10.25
17.43
29.85
36.74
38.91
43.78
47.93
57.35
46.99
45.47
41.5
39.66
33.91
32.34
31.86
31.8
30.22
30.03
30.65
26.29
23.85
19.09
17.62
9.09
9.24
20.18
25.62
26.92
34.92
34.99
39
41.66
40.19
40.43
36.12
34.41
34.35
32.23
32.92
30.1
28.13
27.99
27.92
25.03
24.41
21.32
18.56
16.57
8.7
17.65
27.97
34.76
37.02
36.93
37.35
41.04
37.36
33.9
33.89
33.75
31.28
30.38
29.01
30.88
29.52
27.43
28.9
25.05
16.6
7.58
7.05
6.56
2.82
2.48
2.44
2.48
19.07
23.06
26.06
27.43
28.28
28.17
25.41
23.02
21.92
22.15
21.65
20.08
19.95
19.53
20.41
16.01
13.01
8.02
4.67
4.16
4.4
4.22
4.76
6.91
8.94
14.4
19.01
23.05
22.05
17.96
14.58
13.03
13.6
15.93
18.31
18.12
19.3
18.91
21.17
17.62
9.58
7.5
7.06
6.02
6.01
9.54
22.31
31.03
37.31
38.93
42.01
49.92
40.2
41.58
38.9
37.56
33.6
32.6
31.98
30.41
30.38
29.82
29.08
25.42
25.08
21.63
17.36
17.38
7.07
20.36
25.91
30.29
35.04
36.06
35.54
36.5
35.45
35.96
35.59
35.42
32.65
31.99
30.4
30.11
28.98
27.55
27.5
25.79
16.08
12.92
3.56
5.08
10.92
12.56
25.16
35.51
31.97
33.61
33.68
34.54
33.15
32.68
34.08
34.95
31.32
30.58
30.02
28.91
30.23
29.91
28.35
23.41
18
16.42
13.84
8.08
14.9
17.64
29.15
33.35
36.01
39.18
41.96
44.69
41.29
38.9
41.06
36.67
35.52
34.06
32.97
32.43
33.53
32.72
32.22
29.57
24.28
23.98
22.12
18.59
22.05
25.51
30.3
34.67
38.91
40.02
44.38
45.65
42.27
39.32
39.65
35.94
32.5
33.91
33.12
30.57
30.33
30.56
31.9
28.07
22.93
22.12
20.71
22.24
21.06
19.86
20.96
22.04
28.93
32.62
35.01
33.09
33.63
32.82
29.39
29.06
26.94
28.08
28.63
27.58
24.55
25.43
26.12
22.16
15.95
10.01
8.09
8.82
8.08
8.12
8.1
10.9
16.03
22.06
23.96
27.83
25.72
23.34
22.06
20.2
19.93
22.01
24.95
25.25
25.22
26.14
26.8
24.18
18.58
10.94
8.06
7.89
9.06
10
26.43
33.25
36.28
40.02
42.28
53.51
43.83
43.05
39.99
36.35
35.92
33.38
31.7
29.27
31.1
29.59
28.18
23.48
21.3
17.71
17.39
15.28
14.11
19.51
23.59
30.3
34.09
38.46
41.3
55.78
42.25
41.25
39.29
36.96
35.52
35.46
32.88
32.07
30.09
28.32
30.96
22.98
17.69
6.44
7.15
7.02
7
10.82
22.97
31.99
34.1
37.64
42.05
50.05
41.27
40.79
39.25
35.57
34.04
34.15
32.38
29.34
27.97
28.03
30.18
23.36
25.06
18.57
14.95
11.23
9.32
20.34
27.99
32.76
35.48
42.28
45.93
54.73
49.34
49.34
43.06
39.98
36.31
35.5
32.84
31.8
32.44
32.04
32.45
27.85
25.2
23.5
19.2
16.52
16.53
22.13
24.34
32.42
37.13
42.3
52.08
59.28
51.73
45.76
40.1
36.05
34.67
34.08
32.03
28.05
28.77
27.98
27.9
22.38
19.62
20.27
18.11
11.78
8.4
8.54
10.44
18.53
26.02
28.21
30.23
34.75
34.01
27.89
27.12
24.79
24.71
24.36
25.4
23.58
24.44
26.03
27.91
22.36
15.94
9.47
7.82
7.54
7.17
7.06
7.05
7.64
12.64
18.86
21.12
23.68
22.92
19.86
19.79
18.59
18.53
18.15
22.96
23.9
23.29
24.46
23.83
21.92
17.36
13.32
8.04
8.06
9.03
16.43
23.49
30.95
36.52
39.38
44.91
55.08
44.5
43.48
39.95
36.94
35.6
34.92
34.03
30.99
31.14
30.7
30.54
23.94
22.74
21.8
15.6
10.52
14.29
22.95
28.53
30.22
35.15
35.11
35.11
43.07
35.45
37.1
35.58
35.14
32.5
32.41
30.96
29.02
30.94
31.78
30.28
27.54
22.41
15.86
8.58
7.05
13.93
20.2
22.37
31.41
33.66
35.06
37.09
42.07
38.94
37.35
36.04
34.59
33.99
32.43
30.47
27.25
28.88
28.78
27.08
23.43
25.14
21.69
16.07
6.31
7.09
21.63
25.18
30.21
32.82
35.11
37.52
43.01
37.35
36.06
35.19
33.45
32.84
32.26
32.21
32.03
30.1
28.81
28.57
25.95
23.37
18.57
18.54
16.03
13.99
22.43
28.32
32.98
35.04
40
40.16
43.01
38.35
34.93
34.04
33.42
32.07
30.68
30.71
29.4
30.69
31.14
30.51
28.86
29.53
26.43
24.01
23.94
23.45
25.42
26.29
28.81
29.51
32.65
34.93
35.42
33.06
32.61
30.79
30.76
30.73
30.75
31.55
30.73
29.99
29.97
30.34
29.33
22.62
16.07
14.07
15.97
14.9
11.51
11.6
15.02
19.69
24.1
27.96
29.16
26.54
26.29
24.04
23.13
22.87
23.63
26.08
26.59
28.9
30.71
31.57
28.04
18.59
11.92
11.56
8.97
10.51
20.18
26
35.22
34.97
37.75
39.68
45.1
39.94
39.2
38.08
35.6
34.47
33.69
32.4
30.63
31.82
30.24
30.03
25.94
22.81
18.6
17.49
11.06
18.42
22.06
24.04
30.04
32.21
36.54
35.29
38.27
36.04
38.18
35.58
35.24
34.54
33.96
33.41
30.6
31.01
31.41
29.34
27.16
25.63
23.55
20.76
18.57
17.9
18.78
27.34
34.7
36.38
39.42
39.86
42.76
42.03
39.91
39.93
36.89
35.57
35.52
33.05
32.53
31.92
33.95
32.6
29.1
22.05
22.57
18.34
15.65
14.7
24.21
26.45
32.59
34.1
40.04
40.95
42.91
40.72
41.49
37.52
38.14
35.34
35.19
34.05
29.68
29.46
31.89
32.09
29.54
22.01
20
18.56
18.57
19.76
24.34
30.01
34.03
34.04
37.09
41.27
44.42
41.26
37.43
34.06
34.09
33.06
33.02
32
31.53
32.76
31.52
31.75
30.04
26.26
22.21
22.6
19.31
20.34
19.81
22.07
25.11
29.05
31.24
34.94
34.11
31.67
32.01
32
30.69
30.82
30.93
29.75
28.53
29.16
29.99
29.59
25.48
24.3
20.49
19.05
17.36
17.37
17.01
15.59
19
21.34
25.54
28.02
30.07
28.05
26.35
25.08
23.58
23.55
24.7
27.57
27.52
28.63
29.69
31.23
27.57
23.1
21.67
18.56
16.49
17.5
23.23
30.08
39.85
38.68
42.27
43.42
48.78
44.21
42.99
44.15
42.52
37.21
36.02
36.33
34.25
35.72
36.3
34.65
31.22
28.56
25.18
23.05
23.03
20.67
23.06
32.02
37.77
38.95
40.51
41.27
43.04
40.11
42.59
42.27
37.89
37.77
36.07
33.05
30.94
33.22
33.73
32.49
32.03
29.32
28.01
25.04
22.32
23.31
28.31
32.02
36.61
37.91
40.12
45
47.52
43.69
40.36
40.12
40.36
36.24
36.44
34.67
33.47
32.98
32.99
32.09
29.49
33.35
28.59
26.06
24.93
25.98
28.57
34.13
40.1
44.9
49.43
49.97
60.57
49.76
48.3
47.28
44.92
44.26
40.32
40.28
37.98
39.27
38.97
35.76
30.5
26.96
22.3
18.8
17.93
17.83
23.15
29.48
35.14
41.31
38.98
41.59
40.29
38.09
35.1
34.31
34.34
32.46
33.9
31.28
29.43
29.94
30.97
27.52
22.02
22.16
16.99
16.98
11.2
11.08
14.56
7.53
14.89
24.91
31.28
31.9
33.14
34.02
30.28
29.01
29.63
28.88
29.4
29.4
27.29
29.41
29.32
27.25
23.46
21.02
17.68
14.12
13.84
12.3
12.92
11.55
14.78
16.95
22.96
25.27
28.06
26.81
25.22
23.05
21.96
21.99
23.63
25.33
26.7
26.86
29.86
29.8
25.91
21.82
17.08
15.02
12.1
16.99
25.19
30.61
37.51
37.96
39.49
40.55
43.27
41.22
41.03
39.74
37.64
36.12
35.39
34.43
32.67
35.67
35.47
33.18
29.7
17.62
16.51
20.24
15.07
11.22
22.05
25.47
32.95
38.02
37.56
38.1
40.45
38.19
37.52
38.05
38.98
36.99
36.08
35.18
34.67
34.51
34.6
31.37
24.95
23.49
21.01
18.74
16.21
16.59
22.02
28.46
35.09
36.08
36.75
39.52
41.2
39.5
39.99
37.16
36.22
35.05
35.01
34.53
34.54
35.15
34.59
30.28
25.52
25.12
21.37
16.65
11.87
11.98
20.24
25.93
33.02
37.02
36.83
35.05
39.59
35.89
34.2
35.1
35.1
35.05
35.05
34.02
32.64
33.44
32.83
28.96
26.49
22.76
22.78
16.36
9.32
9.99
23.9
25.14
33.08
35.02
35.74
35.17
34.98
34.09
32.91
30.02
27.69
27.84
28.96
28.42
27.86
29.26
30.07
27.25
25.15
24.96
21.53
21.62
15.9
15.67
18.07
16.63
21.86
26.25
32.97
33.84
33.76
31.92
31.99
27.13
25.01
22.5
23.01
23.43
23.08
25.01
26.25
25.59
18.8
17.73
14.73
13.85
11.39
10.83
12.94
10.05
11.23
18.2
23.64
25.69
29.98
27.66
25.46
23.62
21.73
21.12
22.91
24.89
25.82
27.57
30.03
29.59
25.28
18.3
17.16
14.44
11.49
12.86
18
27.14
34.02
37.64
39.94
41.09
46.01
39.56
38.32
39.12
37.58
35.36
34.92
33.41
32.01
33.9
32.61
28.7
25.49
23.06
23.79
22.74
16.96
16.95
24.95
29.91
33.08
38.92
38.09
41.84
49.58
41.25
42.05
40.18
40.2
36.45
35.91
34.58
34.55
34.05
34.09
29.7
25.92
24.97
23.29
16.97
16.13
12.07
21.53
25.31
32.22
37.22
38.02
45.57
48.89
45.03
43.66
42.06
36.04
35.03
34.91
34.98
34.94
37.42
36.31
34.03
27.28
21.85
19.35
20.81
18.55
11.08
24.96
29.93
32.61
42.2
38.91
37.85
40.09
37.74
36.03
35.05
36.09
34.1
34.95
34.03
32.38
32.57
30.29
28.57
25.15
16.35
22.73
15.98
15.04
10.63
22.77
26.09
34.92
34.99
36.34
38.58
41.22
37
34.09
33.95
34.05
32.32
32.69
32.08
31.73
34.92
33.28
26.78
23.4
21.35
21.35
17.52
16.37
11.68
16.66
26.09
26.23
25.79
27.46
32.67
35.34
31.96
29.89
30.07
26.25
26.22
26.24
27.26
28.27
29.57
29.59
25.57
22.7
20.36
15.68
12.94
10.9
10.67
10.98
10.34
15.28
18.09
22.94
25.22
29.01
26.09
24.35
23.06
21.18
20.84
22.97
24.09
25.21
27.58
28
28.17
22.96
17.57
14.06
14.18
12.46
15
21.5
29.72
37.37
38.41
39.09
41.29
45.64
40.47
40.01
40.31
37.49
35
34.58
34.1
33.86
36.33
35.05
31.1
27.63
19.78
23.22
19.73
12.82
15.33
19.58
25.5
34.08
38.04
37.01
39.99
48.21
39.06
38.14
37.54
38.06
35.2
34.98
34.77
34.11
35.07
35.3
29.19
27.25
21.65
22.78
19.55
11.17
11.82
25.18
31.53
39.88
35.2
39.95
41.24
47.07
40.11
38.34
38.5
36.26
34.53
34.06
33.3
33.27
34.62
31.59
31.01
28.58
24.93
25.08
22.34
19.55
19.77
24.34
35.94
39.41
40.1
42.03
40.87
45.01
45.52
41.01
39.34
39.62
35.15
35.13
35.16
34.83
38.69
35.96
31.07
27
25.8
21.82
22.5
20.05
21.14
24.21
30.8
35.05
38.75
39.81
39.93
46.61
44.74
40.17
39
35.16
34.05
35.02
34.93
33.42
35.53
35.79
34.02
31.65
26.76
25.03
25.17
21.82
18.34
21.09
25.4
26.26
35.05
38.01
38.71
39.98
38.62
33.21
30.32
29.92
29.72
29.64
31.98
32.61
33.08
31.96
30.1
27.28
23.61
17.19
13.56
12.16
11.5
12.32
11.67
19.76
23.03
24.89
28.03
32.04
30.01
26.44
23.68
23.02
22.58
24.13
27.54
29.94
34.97
30.53
27.07
24.93
23.14
21.83
18.01
14.56
17.18
25.17
33.09
39.9
41.61
40.14
42.31
52.14
44.67
45.07
43.68
41.24
38.03
36.28
36.08
35.89
38.6
35.38
33.46
28.04
26.02
21.92
21.46
21.77
22.04
25.91
34.92
40.13
45.54
44.99
47.07
50.49
49.53
47.23
50.01
45.28
40.21
39.1
39.17
39.02
42.78
40.1
36.01
32.94
23.58
24.55
21.73
21.23
23.52
25.19
30.93
37.55
41.87
44.26
46.71
54.75
46.49
44.87
42.89
40.62
39.34
39.03
38.36
37.96
42.23
38.36
34.93
29.53
26.23
25.17
23.43
22.3
21.4
25.44
34.93
38.77
40.97
39.58
40.98
45.04
41.94
42.89
40.83
41.08
39.08
39.01
37.07
39.31
42.79
40.02
33.57
27.25
28.9
25.6
25.09
22.8
22.71
27.07
36.04
42.85
47.32
48.67
47.76
50.43
41.22
41.59
40.1
39.11
37.75
37.56
38.03
37.16
36.08
32.06
31.43
27.1
28.3
26.26
27.05
26.11
26.05
26.01
27.8
29.02
33.03
35.97
38.1
38.97
35.92
31.55
29.59
28.94
27.3
28.49
29.73
30.69
37
33.81
29.72
26.03
25.46
23.47
16.47
16.42
16.16
16.45
20.28
21.11
23.12
25.53
30.58
32.48
30.91
26.6
24.16
23.25
23.01
25.11
27.8
32.04
35.16
33.99
31.43
25.91
24.47
22.76
20.94
19.1
19.52
25.46
34.09
39.02
40.05
40.2
41.82
45.96
40.48
40.67
40.08
40.09
36.88
36.08
35.26
35.83
40.19
36.09
33.05
26.01
25.14
19
17.56
16.35
19.3
25.22
27.2
38.13
42.94
41.28
41.26
43.52
41.23
42.09
40.6
39.16
38.19
38.08
38.13
38.35
42.76
36.9
31.53
26.76
26.37
22.96
18.46
13.74
16.44
24.04
31.85
37.1
39.16
40.08
40.78
42.85
36.95
37.68
38.14
37.51
35.48
34.52
34.39
35
40.14
36.1
31.26
27.58
27.23
25.5
22.79
23.08
22.71
25.57
30.41
38.31
43.02
45.5
45.02
57.3
51.03
58.76
45.08
42.88
39
38.95
38.96
41.57
42.08
36.98
33.61
29.93
26.21
24.74
23.75
21.89
21.51
26.13
33.19
37.46
39.92
40.11
39.68
39.97
39.03
38.23
37.44
36.07
33.61
33.44
32.11
32.8
38.01
31.58
30.47
28.71
28.3
26.08
24.08
21.58
19.52
22.56
18.48
26.38
26.34
29.5
29.64
28.81
29.53
28.9
27.26
26.53
25.54
25.63
27.24
30.63
29.96
25.95
26.31
24.91
23.24
16.34
16.04
15.14
12.43
13.6
16.52
16.55
21.11
25.46
29.05
30.98
30.07
26.88
24.52
22.16
21.26
24.7
27.94
32.15
33.88
30.9
28.49
24.5
22.96
20.66
16.58
16.54
18.56
25.81
31.76
36.66
39.94
40.4
41.14
43.02
40.01
38.36
39.96
38.12
36.68
36.07
35.53
36.09
37.87
34.26
29.72
25.88
26.52
24.62
19.16
9.97
10.82
24
29.04
36.04
34.28
36.04
36.01
36.01
34.02
34.03
34.03
31.92
30.79
28.97
30.47
32.08
38.04
34.96
28.37
23.9
9.39
9.64
8.54
8.6
10.48
25.34
27.6
36.53
39.87
38.66
38.29
39.25
38.33
39.94
38.35
37.48
36.04
36.01
37.03
39.02
40.14
33.15
29.41
28.06
25.41
22.71
18.25
17.21
18.74
26.59
33.45
39.77
39.27
40.08
42.08
44.05
42.04
41.86
40
38.26
36.15
36.05
36.06
37.16
40.08
35.46
28.85
25.17
23.14
19.94
17.33
13.69
16.48
19.58
28
36.1
39.33
39.3
41.22
42.26
40.61
36.94
36.84
35.4
33.1
32.97
32
33.67
37.42
30.18
29.49
29.42
18.66
16.48
19.09
17.7
17.13
17.16
8.53
8.5
24.38
27.21
31.09
31.74
29.43
27.52
22.9
19.69
17.19
20.15
25.02
29.9
29.96
25.74
18.81
14.01
21.54
15.64
11.79
11.08
11.47
11.35
8.28
8.3
11.51
22.01
24.65
27.34
25.98
23.36
21.33
18.35
18.86
20.65
25.42
30.1
29.97
27.91
25.31
19.56
17.56
8.58
9.63
11.05
14.17
22.73
33.61
40.01
40.72
41.58
42.59
45.05
42.51
42.64
41.85
39.45
37.41
37.02
38.19
40.19
40.29
35.77
29.97
24.98
18.56
9.85
15.77
15.01
10.29
21.68
32.01
40.29
43.24
44.04
41.95
42.04
39.09
37.03
38.34
39.05
38.44
38.32
38.56
41.9
44.45
37
30.52
26.56
25.18
19.95
18.42
17.25
16.44
27.22
30.92
45.03
51.93
50.4
50.86
51.01
45.39
45.03
47.84
44.05
44.38
44.05
49.53
59.23
50.03
42.2
39.47
33.71
24.96
23.1
25.77
22.72
18.58
23.18
31.03
44.06
46.07
41.02
45.96
69.23
48.07
51.9
46
44.32
42.95
42.01
42.65
45.54
49.57
39.03
30.19
23.22
19.53
18.67
17.83
17.01
17.44
22.53
29.46
40.08
41.82
41.03
40.61
41.64
40.16
39.05
38.7
37.61
36.91
36.98
37.45
38.93
40.31
33.56
28.53
25.61
28.93
25.8
24.9
23.91
20.32
23.93
29.52
31.21
29.47
29.85
31.26
31.31
29.48
28
27.77
27.28
28.01
28.36
30.62
35.02
30.28
29.55
28.05
27.19
23.13
18.07
16.01
13.2
12.27
12.02
11.51
10.01
14.07
22.85
25.99
29.75
28.1
24.49
23.16
20.71
20.71
24
29.09
36.61
34.61
29.36
29.09
23.52
18.47
11.32
11.86
11.85
13.88
22.57
29.04
37.69
40.66
41.04
41.05
43.04
40.79
41.71
41.92
40.1
38.05
37.62
40.08
41.98
40.69
36.37
30.6
26.59
23.34
16.44
12.02
12.5
10.84
19.41
28.76
37.95
42.26
41.05
39.42
40.07
38.77
41.52
39.86
39.04
38.66
38.36
39.71
41.06
38.28
36.05
29.09
25.18
19.43
14.94
14.94
17.92
14.96
25.67
30.17
38.32
40.18
40.17
39.42
39.47
38.46
39.37
38.97
38.05
37.98
39.04
39.92
41.34
40.03
36.1
31.23
24.6
21.65
20.52
20.52
14.29
10.29
23.29
26.89
40.01
41.06
40.54
39.4
40.06
39.43
39.96
39.45
39.43
38.23
37.67
41.04
43.01
41.36
38.38
32.01
25.01
23.86
24.09
23.93
24.02
18.9
25.14
33.19
44.02
43.05
42.21
42.18
42.61
41.04
40.02
39.44
36.57
36.1
36.12
36.74
40
37.64
35.26
30.21
26.67
19.48
15.93
14.92
16.45
16.1
16.44
15.1
17.71
21.2
27.55
27.54
29.93
29.37
26.99
23.93
21.33
20.13
21.34
23.57
24.08
29.24
23.58
19.88
15.59
19.46
12.23
10.84
11.04
8.6
11.12
7.44
6.94
12.71
17.33
21.74
26.95
24.03
19.5
14.85
13.64
13.66
16.61
23.28
29.3
27.58
25.06
23.25
15.44
10.37
7.86
7.86
7.88
8.57
20.96
27.58
38.08
40.41
40.07
38.99
40.44
39.24
40.45
40.86
40.04
37.15
37.11
38.7
39.98
37.07
32.07
28.04
22.78
24.83
15.7
13.01
12.1
8.6
22.73
26.57
38.07
39.35
36.21
37.67
39.03
37.64
37.66
38.07
36.33
36.13
38.31
39.03
39.1
36.12
30.02
27.62
26.58
21.73
12.5
12.78
11.92
10.38
22.73
30.6
41.02
44.07
43.04
40.23
40.14
40.42
42.04
41.52
41
39.68
39
43
43.57
41.02
36.99
32.72
26.29
23.21
22.82
21.26
19.24
11.08
23.6
29.48
40.44
43.12
43.07
42.09
41.17
41.11
40.73
40.07
39
38.38
38.31
40.56
41.47
40.98
33.6
30.08
27.76
24.58
24.5
20.66
21.85
24.16
25.16
32.61
42.06
45.59
43.08
43.59
45.02
42.73
40.09
40.16
38.51
36.34
37.94
41.11
42.07
41.94
34.16
29.62
29.26
25.25
25.36
27.2
25.27
26.02
24.32
18.42
27.19
30.04
29.56
31.75
32.94
31.34
30.03
28.48
27.93
26.92
29.13
36.49
37.62
31.73
27.82
27.89
25.4
24.85
18.5
17.82
16.01
16.56
16.74
13.61
12.74
15.02
23.19
26.37
28.48
26.96
24.77
21.84
19.65
18.5
23.29
27.52
31.95
31.7
29.33
27.98
25.03
17.07
10.92
10.81
10.57
11.35
18.53
27.57
36.86
40.71
40.03
40.21
41.79
39.02
39.7
39.09
38.33
36.3
36.34
39.86
41.99
40.15
33.56
28.97
26.95
24.3
22.71
21.73
24.75
24.24
25.26
30
44.03
52.25
44.1
45.15
46
43.58
43.02
42.96
42.9
40.92
40.09
44.4
45.57
42.05
33.9
31.58
27.21
26.22
25.17
23.1
18.54
24.47
27.22
32.74
38.58
38.53
39.34
40.01
39.55
38.35
37.66
36.05
35.86
33.56
34.91
36.05
39.54
35.89
29.58
27.92
26.03
24.26
24.43
22.26
16.73
16.71
21.36
27.85
39.73
40.34
40.08
39.68
39.68
38.35
38.16
37.69
37.68
36.01
37.92
42.38
42.91
40.28
34
32.53
28.09
19.86
16.73
8.05
10.3
16.46
24.01
26.59
36.04
35.92
36.02
36.04
36.03
33.49
33.05
32.14
29.91
29.92
31.52
35.64
35.85
27.63
26.04
26.43
22.15
26.27
24.84
24.76
23.88
24.03
24.01
21
26.25
28.98
29.09
27.33
26.09
24.94
24.56
26
24.86
26.09
27.37
32.79
34.01
24.69
23.61
26.48
24.45
21.73
16.07
12.34
11.49
13.75
16.1
13.09
15.09
17.02
22.04
24.04
26.87
25.65
23.05
20.09
19.34
18.18
24.07
31.15
35.94
30.51
28.95
28.01
24.14
20.94
13.41
12.55
12.98
14.29
24.81
28.98
38.24
39.02
39.97
38.6
39.03
38.08
39.23
39.02
37.06
35.67
35.33
37.57
40.01
37.08
31.48
28.44
25.19
18.51
21.26
17.14
18.78
19.71
19.72
25.92
37.28
40.04
41.46
43.01
45.02
43.23
41.36
42.06
41.34
40.06
40.06
47.54
50.33
43.03
39.91
34.02
28.69
24.62
22.28
20.01
20.01
23.22
27.57
38.18
45.28
50.1
49.51
45.59
50.05
42.1
41.5
43.04
41.1
40.01
39.54
44.38
43.02
40.55
34.56
29.48
26.3
23.17
19.25
20.2
21.25
19.79
26.51
24.48
36.68
35.48
35.19
36.3
38.14
35.4
37.06
37.19
35.36
31.94
34.94
40.75
39.54
38.02
28.95
27.62
25.31
25.63
17.53
16.48
16.76
22.34
28.09
36.35
40.83
40.09
38.74
40.77
41.39
39.08
39.71
36
34.97
32.07
34.91
39.5
39.03
34.53
28.75
32.73
28.32
25.44
19.37
16.09
17.27
22.8
25.31
17.69
24.07
24.73
26.24
27.2
29.56
29.24
29.01
27.46
25.58
25.51
26.54
29.05
30.69
28.01
27.88
27.52
20.22
20.98
16.71
7.52
12.19
15.77
15.64
8.28
9.66
16.78
21.4
24.98
26.42
26.05
22.66
19.38
19.33
21.45
28.95
30.4
28.65
25.11
22.98
26.44
20.03
15.5
8.61
8.77
8.68
8.75
9.91
7.84
17.02
16.62
17.56
23.63
26.99
25.97
25.14
23
22.18
23.09
27.08
29.61
26.34
26.84
25
23.44
13.64
10.3
7.56
6.44
7.54
8.02
17.14
26.41
30.18
36.02
36.03
35.98
35.91
35.12
36.1
35.14
33.92
33.54
39.36
38.31
29.94
24.75
23.03
21.17
17.13
3.68
2.38
2.37
3.38
6.46
21.75
24.8
26.97
30.24
28.74
31.96
33.47
32.59
31.16
31.04
30.44
29.84
35.82
43.51
38.46
30.58
25.67
24.73
20.1
17.98
16.77
14.74
16.34
17.98
24.48
31.03
38.56
35.99
35.3
36.08
39.19
36.36
35.15
33.49
32.13
36.54
40.91
40.39
36.04
30.84
31.23
25.02
21.22
15.7
8.68
6.51
8.05
10.34
21
22.95
24.94
34.93
31.01
30.5
30.6
28.63
29.91
24.71
24.19
25.2
30.05
30.02
24.94
23.36
21.01
20.59
17.19
17.32
8.65
8.69
8.64
9.59
9.92
8.98
18.82
17.33
24.71
27.28
23.52
25.19
22.14
19.97
19.68
25.64
34.05
34.98
29.57
24.66
19.69
23.58
19.74
20.39
13
11.44
11.45
11.53
11.52
7.89
7.9
10.53
17.4
23.67
25.61
26.01
23.02
18.87
18.81
21.25
27.08
29.66
28.19
25.49
24.84
24.63
19.52
14.56
10.92
11.37
11.58
14.95
18.84
25.06
32.72
35.32
36.05
36.25
37.9
36.31
34.94
34.81
34.69
35.05
42.23
40.08
36.04
32.59
30.57
28.35
24.3
25.49
25.32
24.44
24.53
24.54
24.03
24.71
35.82
36.4
36.88
39.28
40.01
38.32
39.14
38.78
37.04
40.18
53.33
52.24
43.08
35.35
28.73
29.8
28.06
24.45
21.88
19.2
21.72
22.79
26.1
32.54
36.33
38.69
38.2
37.96
39.91
37.96
40.06
39.59
40.03
40.04
62.65
65.63
44.1
34.32
31.33
31.39
27.44
27.96
27.24
26.29
25.57
25.53
27.85
29.98
36.04
37.32
39.12
39.25
39.91
38.4
38.08
38.13
38.17
38.42
42.21
39.99
39.09
38.12
33.01
31.61
30.96
26.23
24.67
24.99
24.03
24.05
25.48
28.03
35.23
39.58
39.01
37.9
37.9
36.06
31.7
31.08
30.27
36.34
39.13
40.1
36.07
32.62
29.44
29.36
26
20.34
20.34
24.94
24.09
18.77
22.04
23.18
24.4
26.94
29.53
27.04
27.23
26.27
25.41
26.79
27.04
29.51
34.11
32.9
30.22
28.48
29.55
27.26
26.79
22.66
18.06
16.07
16.73
17.43
16.28
10.1
9.09
15.2
17.46
24.02
26.06
24.95
23.32
19.84
17.99
22.44
29.7
30.57
29.59
28.93
28.36
29.5
25.66
20.71
16.84
16.61
14.97
16.29
22.09
27.9
34.91
36.08
36.03
36.04
37.06
36.64
38.12
36.04
36.01
39.03
42.97
42.82
39.52
33.08
30.99
29.08
25.85
22.91
17.17
17.13
17.97
19.27
22.16
28.16
38.58
39.34
39.76
46.03
42.28
42.54
43.58
41.73
39.82
39.56
61.35
60.52
49.59
35.98
32.71
29.29
25.05
28.05
26.23
24.48
23.89
20.13
24.93
25.6
33
35.66
35.68
34.99
34.97
34.69
34.91
34.69
34.54
38.41
38.35
36.19
35.66
32.59
28.41
28.08
24.93
17.17
16.09
15.11
14.08
10.38
23.14
24.42
29.95
32.07
33.04
36.02
36.54
38.55
39.09
38.95
36.54
37.74
48.61
46.6
39.06
31.56
26.96
28.03
25.14
21.62
21.78
21.96
23.01
23.01
23.1
27.04
32.79
38.09
38.73
39.4
39.13
36.72
35.97
33.07
33.09
36.76
42.3
43.98
38.58
32.01
29.98
31.48
31.02
29.51
26.06
23.07
23.03
23.67
22.96
23.05
24.68
28.53
32.65
34.8
33.97
32.67
30.23
27.26
27.1
29.94
32.06
34.52
30.64
29.58
29.68
31.34
26.53
25.08
24.39
24.07
24.05
24.08
22.13
11.91
9.43
17.21
22.52
25.41
27.52
27.03
25.15
24.08
22.87
25.46
31.59
31.96
29.8
28.46
28.08
29.99
27.07
22.37
20.06
20.85
19.62
18.98
24.1
27.9
39.2
39.04
38.28
39.11
40.01
39.75
39.95
39.04
38.91
37.97
49.08
44.99
39.02
35.57
31.9
29.25
25.5
19.31
16.7
15.13
17.2
22.81
27.29
30.08
38.04
36.75
37.75
38.27
39.04
38.34
38.21
39.17
39.03
40.09
46.06
43.15
39.1
37.98
30.59
29.77
25.46
23.06
24.99
24.41
23.92
24.47
27.07
33.6
42.29
42.02
42.91
40.03
39.18
39.06
40.73
40.4
40.03
45.5
51.06
52.57
40.1
40.01
31.99
29.61
28.02
23.34
22.12
22.77
21.69
23.36
26.37
31.92
40.54
41.04
39.59
40.42
40.92
40.1
40.52
40.58
40.05
42.64
75.06
75.07
52.84
40.54
35.42
31.05
28.45
29.56
29.08
29.01
27.29
25.91
28.08
30.51
41.2
40.02
40.04
40.32
41.1
39.54
36.78
34.71
31.93
36.75
39.52
41.53
37.63
35.28
30.56
29.58
27.58
24.02
23.49
22.6
22.44
20.46
18.74
17.57
22.16
25.53
27.5
29.03
30.95
30
29.41
27.29
27.26
29.04
35.43
32.53
27.6
27.81
23.07
25.98
25.95
21.79
17.6
18.05
17.86
17.05
16.3
7.5
7.57
8.37
18.57
23.33
28.07
26.37
23.74
21.55
18.75
23.38
29.68
29.62
30.09
28.25
26.22
26.03
24.63
22.12
19.49
21.03
18.98
18.76
23.9
27.42
36.07
39.36
40.53
42.04
41.55
42.25
41.92
41.04
40.94
40.81
56.04
52.81
44
36.96
31.94
30.14
27.22
26.1
25.24
23.59
23.98
23.86
23.97
31.92
40.18
48.08
50.92
54.1
45.59
45.52
49.89
48.69
45.53
52.7
75.07
77.02
71.79
40.06
34.08
31.61
30.37
23.41
22.65
22.28
21.02
22.65
27.22
30.07
40.04
40.52
40.95
40.02
43.1
40.91
41.53
39.28
38.07
39.51
50.33
49.08
42.27
43.06
36.02
34.76
28.6
25.57
24.33
23.72
23.71
24.42
27.44
30.96
40.09
44.02
42.01
40.98
40.55
40.1
41.54
42.1
43.04
40.36
48.06
51.02
40.98
39.68
35.09
32.71
29.98
25.6
24.44
23.59
21.92
22.19
24.06
29.01
40.14
41.42
38.2
39.1
38.02
37.86
37.17
36.28
35.91
37.89
41.09
42.48
37.97
36.19
29.54
31.02
28.03
30.01
28.09
27.15
23.92
24.18
25.51
21.7
25.59
29.17
30.09
31.33
31.66
31.05
31.48
30.65
30.39
31.12
34.98
35.9
35.42
30.07
27.21
27.8
24
23.95
20.98
20.94
17.97
17.74
16.26
7.95
8.86
9.06
20.82
24.37
25.03
24.96
23.44
19.97
18.91
24.05
30.54
31.03
30.98
29.46
27.48
28.65
25.33
20.92
19.6
20.92
19.99
19.35
22.65
29.62
37.12
38.06
38.23
38.52
38.97
38.58
38.39
38.49
38.02
39.93
49.24
48.95
38.77
37.49
31.99
30.59
27.26
25.42
24.07
20.58
19.38
19.46
20.53
25.61
39.56
43.96
42.26
40.58
42.06
42.91
43.28
41.17
42.03
43.81
60.58
59.68
47.91
39.04
31.02
30.97
26.93
26.63
26.06
26.38
24.7
25.16
27.47
29.44
36.82
38
39.92
40.01
40.06
39.96
39.7
39.97
39.97
37.82
45.81
43.92
40.08
38.24
31.73
30.84
28.16
24.72
23.46
23.28
22.86
23.3
23.7
30.57
41.15
40.45
39.94
40.08
40.54
41.3
41.02
40.07
39.95
45.72
56.08
48.79
43.67
39.01
33.03
30
27.46
25.86
25.77
25.53
25.17
25.11
27.41
33.04
45.18
49
44.66
44.72
44.45
44.03
40.72
39.98
39.85
39.93
45.55
44.45
40
39.58
32.03
31.63
27.48
27.21
22.25
21.11
16.1
16.03
19.69
22.18
26.96
27.84
33.15
37.92
39.67
38.05
35.93
31.7
29.58
36
40.1
40.08
35.94
33.26
30.63
29.43
26.69
25.66
24.17
22.13
21.2
21.08
21.26
16.09
21.52
23.66
24.68
27.56
30.09
28.46
26.49
24.6
23.97
26.89
30.08
31.68
29.16
30
28.15
29.48
27.06
24.29
23.81
23.91
23.35
23.39
25.92
29.54
42.1
45.19
43.96
43.99
44
43.49
43.99
42.91
42.04
43.49
61
55.79
43.45
40.3
33.6
32
28.04
27.28
26.51
24.93
24.46
24.44
27.03
35.89
48.62
47.92
52.49
47.5
49.31
45.77
54.92
51.07
45.68
50.86
80.17
66.23
42.2
43.86
36.92
33.09
28.03
27.28
25.57
24.9
23.88
23.28
26.93
29.45
43.23
44.93
43.98
44.92
44.92
40.38
40.35
40.34
41.06
44.92
50.93
50.04
43.87
38.78
36.01
34.32
27.84
26.67
24.93
24.46
22.11
22.41
24.97
29.31
42.16
50.83
44.4
44.94
46.08
46.06
43.28
42.99
41.1
41.03
42.08
42.08
40.64
37.28
31.34
28.34
23.43
20.42
19.24
18.31
16.74
16.73
21.16
24.65
37.07
38.08
38.14
36.94
36.04
35.26
36.62
35.06
34.99
37.99
40.2
40.27
39.05
30.09
24.5
23.95
20.55
25.46
23.92
24.44
21.39
18.94
18.18
16.75
18.42
22.08
26.25
28.02
27.91
27.04
24.48
23.49
22.18
27.01
31.48
30.06
30.06
27.04
22.19
23.58
22.7
23.53
20.97
19.61
19.6
19.05
16.8
12.64
12.75
13.7
21.3
24.39
27.05
26.02
25.03
23.18
23.09
25.36
28.94
31.03
30.06
28
27.14
27.48
24.65
22.57
20.5
20.65
19.61
18.97
21.44
25.92
40.05
42.66
44.91
44.98
44.99
45.93
47.22
45.51
46.16
48.88
66.06
62.93
50.03
40.6
36.01
32.9
27.98
24.82
24.65
24.45
24.34
24.23
25.09
28.07
43.07
42.04
40.34
40.59
40.33
40.16
40.37
39.78
40.06
40.7
55.68
59.94
44.17
42.42
36.96
34.59
28.44
30.55
28.87
26
23.41
20.54
22.4
22.8
34.57
40.01
38.93
36.08
36.09
35.9
35.82
32.93
33.09
35.94
39.09
38.49
38.12
36.04
29.57
27.74
25.34
20.11
17.16
23.15
22.25
20.5
25.48
24.52
28.77
32.93
28.05
29.93
31.41
30.55
30.06
25.77
25.65
30.65
33.67
33.68
28.93
26.81
22.18
23.41
20.56
17.8
13.79
7.84
2.49
2.44
2.42
0.62
7.85
14.55
18.43
19.65
17.26
17.21
16.73
13.81
11.57
18.9
19.18
18.43
17
3.14
4
12.74
11.57
13.83
7.91
7.04
6.91
6.73
6.31
2.38
2.38
2.93
15.06
20.86
24.19
19.65
17.62
14.54
13.87
18.81
24.48
24.74
24.5
20.06
19.03
22.11
18.05
17.71
12.58
11.56
11.51
11.52
11.53
8.02
7.65
7.84
18.09
24.62
27.06
25.53
22.65
20.04
20.03
24.32
27.09
27.51
26.9
26.48
25.28
26.79
24.3
18.17
15.76
12.03
11.62
8.7
8.62
9.28
20.59
26.1
28.43
30.6
31.48
31.73
29.61
28.28
28.39
31.47
34.66
34.4
33
31.48
27.92
27.81
23.93
26.13
24.94
23.96
21.08
20.02
19.1
8.39
16.61
25.03
30.28
31.03
31.42
32.61
32.94
31.44
32.41
35.04
36.67
38.58
36.08
33.56
28.86
29.54
27.6
16
16.47
18.39
19.38
18.98
21.99
24.09
24.42
26.03
30.36
31.76
33.9
36.01
34.91
32.01
31.84
34.44
40.16
41.98
35.98
32.67
29.66
28.43
25.09
25.94
24.94
23.1
16.4
12.78
8.63
16.44
23.48
25.88
27.67
26.76
27.47
27.5
25.79
25.13
25.1
28.26
31.91
32.36
31.05
27.81
25
25.24
23.29
21.31
10.1
3.59
3.18
3.04
8.35
4.85
18.69
15.48
24.57
24.52
25.26
25.44
24.04
17.28
14.97
19.62
24.53
24.39
18.66
17.27
14.93
19.82
21.84
