0,171166667
0,190444444
0,2115
0,235722222
0,283555556
0,345
0,442555556
0,546055556
0,645388889
0,684722222
0,749444444
0,7745
0,722722222
0,68
0,625555556
0,566111111
0,496833333
0,470388889
0,46
0,448444444
0,414555556
0,392166667
0,363611111
0,345111111
0,299111111
0,256444444
0,216333333
0,187166667
0,164333333
0,145444444
0,140444444
0,140611111
0,1375
0,121944444
0,109666667
0,116111111
0,126944444
0,147222222
0,165611111
0,178388889
0,194111111
0,213111111
0,221888889
0,223555556
0,235888889
0,247055556
0,253166667
0,279944444
0,309166667
0,321666667
0,339888889
0,363111111
0,378444444
0,388111111
0,389777778
0,390611111
0,362444444
0,326666667
0,292388889
0,261888889
0,2145
0,1785
0,168888889
0,1645
0,180944444
0,189277778
0,196888889
0,184222222
0,166333333
0,165388889
0,164555556
0,164777778
0,170333333
0,170277778
0,168
0,173888889
0,188833333
0,225888889
0,270555556
0,306388889
0,348833333
0,395944444
0,436277778
0,447888889
0,441388889
0,424555556
0,380055556
0,346555556
0,329
0,328666667
0,344055556
0,342944444
0,336611111
0,341
0,338722222
0,3495
0,355444444
0,368555556
0,370333333
0,364
0,349555556
0,333444444
0,316722222
0,279833333
0,236166667
0,198277778
0,1895
0,188166667
0,187222222
0,217277778
0,307777778
0,412277778
0,488388889
0,534166667
0,545
0,520888889
0,491444444
0,449388889
0,405833333
0,3565
0,330611111
0,308055556
0,259555556
0,224666667
0,191277778
0,171388889
0,165944444
0,163888889
0,193444444
0,232611111
0,263722222
0,326555556
0,393555556
0,442
0,454944444
0,428388889
0,4275
0,456
0,488222222
0,4805
0,481388889
0,476833333
0,462833333
0,465388889
0,472277778
0,476111111
0,477444444
0,486722222
0,511111111
0,539722222
0,5695
0,591666667
0,600166667
0,605888889
0,6025
0,594555556
0,602388889
0,574277778
0,532
0,496722222
0,485555556
0,491722222
0,497222222
0,504222222
0,515555556
0,513555556
0,487388889
0,458222222
0,447944444
0,458444444
0,466166667
0,466222222
0,460055556
0,457722222
0,470444444
0,486388889
0,482277778
0,452166667
0,448833333
0,434
0,392666667
0,339166667
0,289444444
0,252888889
0,236
0,207944444
0,204388889
0,190555556
0,187166667
0,175444444
0,159611111
0,141777778
0,126222222
0,116388889
0,109888889
0,097555556
0,088722222
0,086222222
0,081833333
0,082777778
0,087944444
0,091555556
0,090666667
0,099666667
0,124611111
0,149333333
0,157944444
0,156666667
0,134277778
0,114666667
0,103611111
0,091444444
0,074666667
0,061277778
0,050944444
0,036666667
0,026833333
0,023444444
0,021388889
0,016722222
0,014611111
0,011222222
0,009666667
0,0085
0,008
0,006166667
0,005555556
0,003
0,000944444
0,000833333
0,001166667
0,003777778
0,007944444
0,011277778
0,016666667
0,026277778
0,038555556
0,047944444
0,054055556
0,059611111
0,066777778
0,081888889
0,093444444
0,0945
0,106722222
0,142111111
0,170944444
0,2195
0,269222222
0,294555556
0,295388889
0,321
0,367722222
0,373722222
0,346666667
0,297111111
0,263166667
0,232222222
0,185722222
0,128222222
0,094944444
0,062777778
0,042944444
0,031611111
0,024666667
0,015333333
0,011166667
0,004944444
0,002833333
0,001666667
0,001555556
0,003222222
0,004277778
0,005166667
0,003777778
0,002055556
0,002166667
0,003777778
0,002388889
0,001777778
0,002777778
0,004166667
0,007055556
0,011944444
0,017888889
0,019388889
0,021333333
0,019777778
0,022444444
0,030388889
0,042722222
0,042777778
0,043666667
0,050722222
0,061055556
0,069777778
0,087277778
0,094444444
0,0915
0,085888889
0,085277778
0,086666667
0,107944444
0,126055556
0,135277778
0,1455
0,140333333
0,135611111
0,121722222
0,105277778
0,099055556
0,094055556
0,099222222
0,0965
0,084222222
0,070444444
0,075444444
0,069722222
0,064388889
0,055166667
0,035111111
0,021
0,012555556
0,008277778
0,006
0,007333333
0,0055
0,008166667
0,014055556
0,015333333
0,012888889
0,013555556
0,020555556
0,022
0,020444444
0,016666667
0,017944444
0,018111111
0,019
0,018444444
0,017833333
0,019
0,016611111
0,012111111
0,009611111
0,007222222
0,007777778
0,007444444
0,0065
0,004388889
0,002111111
0,001222222
0,001166667
0,000833333
0,000444444
0,000555556
0,001722222
0,001611111
0,0015
0,000888889
0,002111111
0,004611111
0,006888889
0,006388889
0,004833333
0,0035
0,001777778
0,000444444
0,000111111
0,000333333
0,000944444
0,002
0,0025
0,002333333
0,002277778
0,003333333
0,005611111
0,006944444
0,009444444
0,014
0,016833333
0,019722222
0,022388889
0,018555556
0,017611111
0,016222222
0,013444444
0,015611111
0,017111111
0,022722222
0,026777778
0,032055556
0,039277778
0,044611111
0,045166667
0,052055556
0,062833333
0,068055556
0,070666667
0,068888889
0,068444444
0,073
0,087666667
0,094222222
0,097666667
0,097388889
0,093666667
0,094222222
0,106222222
0,113277778
0,116111111
0,134111111
0,154666667
0,162888889
0,171333333
0,1825
0,171888889
0,164166667
0,157277778
0,142
0,132333333
0,136333333
0,147611111
0,160666667
0,165111111
0,179777778
0,184555556
0,189055556
0,186555556
0,169333333
0,144777778
0,124666667
0,113222222
0,106833333
0,095888889
0,081611111
0,075444444
0,073777778
0,072777778
0,071
0,0635
0,059166667
0,05
0,043722222
0,056333333
0,067
0,073666667
0,085611111
0,088333333
0,082333333
0,068111111
0,052666667
0,039333333
0,030611111
0,0245
0,020888889
0,018555556
0,014722222
0,0145
0,012777778
0,011277778
0,011666667
0,013944444
0,016944444
0,0185
0,021888889
0,024777778
0,024555556
0,024333333
0,022555556
0,029833333
0,040055556
0,046722222
0,058555556
0,066611111
0,071722222
0,075944444
0,080277778
0,076055556
0,077444444
0,081055556
0,084111111
0,083611111
0,082222222
0,081722222
0,089722222
0,099166667
0,105777778
0,115333333
0,13
0,1495
0,169666667
0,181944444
0,168388889
0,159888889
0,163833333
0,192055556
0,231888889
0,247611111
0,251611111
0,265888889
0,252555556
0,238111111
0,257055556
0,262611111
0,275222222
0,295777778
0,3125
0,313444444
0,345555556
0,377277778
0,367888889
0,364333333
0,373666667
0,424888889
0,480111111
0,512222222
0,583166667
0,661944444
0,676722222
0,693055556
0,748777778
0,771277778
0,7525
0,707277778
0,663
0,688555556
0,704722222
0,718222222
0,696611111
0,656055556
0,616166667
0,568611111
0,530166667
0,497555556
0,447666667
0,384722222
0,331055556
0,307388889
0,296055556
0,281833333
0,266388889
0,245555556
0,243944444
0,261944444
0,261944444
0,2435
0,2465
0,289
0,359166667
0,425
0,503611111
0,601222222
0,692944444
0,777166667
0,826666667
0,846833333
0,846833333
0,824444444
0,796333333
0,783388889
0,776722222
0,735111111
0,725777778
0,745611111
0,754722222
0,767611111
0,740777778
0,691222222
0,618722222
0,531944444
0,474444444
0,432944444
0,386444444
0,343055556
0,306444444
0,282055556
0,268555556
0,2525
0,218222222
0,213555556
0,238666667
0,2675
0,273833333
0,2655
0,266388889
0,288388889
0,314944444
0,325111111
0,336388889
0,313666667
0,290277778
0,273333333
0,269166667
0,236555556
0,201611111
0,162388889
0,143722222
0,122944444
0,109666667
0,100888889
0,090888889
0,093722222
0,112055556
0,137222222
0,153
0,176
0,206777778
0,227333333
0,230444444
0,240055556
0,246666667
0,221388889
0,1935
0,1615
0,1445
0,143888889
0,135444444
0,132444444
0,131166667
0,131388889
0,150333333
0,166222222
0,165944444
0,157944444
0,142944444
0,122888889
0,115277778
0,109166667
0,097388889
0,086833333
0,089333333
0,082555556
0,077611111
0,078555556
0,0855
0,082888889
0,078833333
0,075722222
0,074444444
0,087333333
0,099388889
0,102
0,095166667
0,093833333
0,098277778
0,110666667
0,122777778
0,127388889
0,138166667
0,130722222
0,118333333
0,095
0,076444444
0,063944444
0,049888889
0,039888889
0,039833333
0,037611111
0,033888889
0,041444444
0,043611111
0,045
0,041055556
0,036611111
0,032722222
0,025611111
0,020888889
0,016444444
0,014333333
0,012333333
0,009555556
0,008777778
0,008222222
0,007277778
0,008444444
0,007777778
0,005333333
0,005944444
0,009111111
0,013444444
0,016555556
0,017388889
0,020333333
0,027055556
0,0345
0,032888889
0,033444444
0,035833333
0,040611111
0,036055556
0,037
0,037722222
0,033111111
0,028444444
0,022722222
0,019722222
0,019777778
0,018666667
0,018555556
0,019388889
0,018444444
0,018166667
0,021333333
0,023611111
0,021722222
0,019555556
0,018666667
0,022388889
0,027666667
0,028388889
0,021277778
0,017611111
0,025055556
0,026722222
0,028555556
0,027444444
0,023777778
0,021
0,018666667
0,0175
0,016222222
0,013722222
0,011555556
0,009055556
0,008555556
0,007055556
0,006944444
0,006333333
0,006111111
0,004611111
0,003333333
0,002444444
0,0035
0,004555556
0,005055556
0,0065
0,008111111
0,009055556
0,010888889
0,012
0,014388889
0,019166667
0,025888889
0,033666667
0,045777778
0,059
0,082222222
0,128
0,190833333
0,274055556
0,338
0,356833333
0,372888889
0,403666667
0,430722222
0,425333333
0,420777778
0,411722222
0,386777778
0,3465
0,325444444
0,311166667
0,291333333
0,254277778
0,222277778
0,198722222
0,170444444
0,145444444
0,134555556
0,134444444
0,142111111
0,145055556
0,1545
0,158444444
0,146666667
0,134611111
0,152111111
0,204055556
0,2435
0,247944444
0,220444444
0,183
0,158333333
0,136555556
0,138611111
0,167222222
0,216833333
0,255611111
0,297111111
0,325222222
0,333055556
0,335388889
0,3235
0,327111111
0,363055556
0,401166667
0,429
0,447166667
0,454277778
0,466
0,507722222
0,551444444
0,571944444
0,573611111
0,562166667
0,566055556
0,555055556
0,539611111
0,511555556
0,502666667
0,501555556
0,480222222
0,469055556
0,456722222
0,416055556
0,394277778
0,381
0,371611111
0,369722222
0,361444444
0,331611111
0,322055556
0,327388889
0,339277778
0,336888889
0,359277778
0,404722222
0,442333333
0,453
0,442888889
0,446555556
0,461
0,492
0,555944444
0,591166667
0,625722222
0,676777778
0,735777778
0,767
0,761166667
0,758944444
0,771222222
0,788444444
0,793166667
0,779888889
0,784055556
0,785555556
0,783444444
0,798833333
0,798611111
0,792777778
0,783833333
0,741666667
0,689333333
0,619388889
0,586722222
0,551444444
0,5395
0,497888889
0,416166667
0,364722222
0,336888889
0,327277778
0,256
0,168444444
0,119444444
0,098
0,087277778
0,065555556
0,063611111
0,075722222
0,107388889
0,1875
0,308722222
0,457055556
0,572333333
0,620611111
0,634277778
0,667722222
0,712333333
0,708444444
0,6775
0,588833333
0,531611111
0,526166667
0,534
0,530333333
0,546722222
0,537
0,534166667
0,571777778
0,6175
0,597833333
0,580388889
0,614888889
0,625833333
0,665888889
0,7075
0,725333333
0,777555556
0,808444444
0,822277778
0,808111111
0,752111111
0,6905
0,656888889
0,637722222
0,584777778
0,542333333
0,502666667
0,428333333
0,331444444
0,289777778
0,256111111
0,199333333
0,127166667
0,078944444
0,055
0,047444444
0,050833333
0,078888889
0,114111111
0,185777778
0,255388889
0,258444444
0,203888889
0,153111111
0,103722222
0,069722222
0,065444444
0,062
0,053944444
0,05
0,0435
0,042333333
0,043833333
0,045722222
0,048055556
0,052888889
0,058888889
0,063
0,075611111
0,067777778
0,056555556
0,043111111
0,041888889
0,046666667
0,046944444
0,0365
0,026277778
0,016555556
0,010944444
0,007666667
0,005111111
0,003833333
0,002166667
0,000888889
0,000722222
0,001944444
0,005277778
0,010777778
0,018
0,025111111
0,025666667
0,0295
0,027166667
0,026888889
0,024722222
0,024444444
0,028944444
0,050555556
0,0825
0,108722222
0,129222222
0,134777778
0,121777778
0,1215
0,179888889
0,233333333
0,265333333
0,283611111
0,328777778
0,454944444
0,536444444
0,508611111
0,483833333
0,553166667
0,643388889
0,673666667
0,674166667
0,663888889
0,625
0,621055556
0,656
0,697277778
0,742166667
0,746833333
0,738333333
0,710777778
0,687166667
0,672555556
0,643833333
0,614277778
0,560666667
0,546055556
0,546444444
0,566388889
0,572555556
0,592444444
0,613944444
0,600277778
0,590555556
0,517388889
0,464444444
0,419888889
0,394277778
0,384
0,356333333
0,359777778
0,365888889
0,361777778
0,367333333
0,380888889
0,364444444
0,318777778
0,342
0,403888889
0,458944444
0,5025
0,464277778
0,464055556
0,471055556
0,439888889
0,404388889
0,412611111
0,404277778
0,366555556
0,268666667
0,230111111
0,1865
0,1315
0,135888889
0,155111111
0,153944444
0,1205
0,106555556
0,1105
0,108777778
0,113611111
0,146111111
0,176222222
0,1895
0,21
0,208833333
0,209777778
0,209555556
0,207833333
0,231888889
0,278
0,291111111
0,2825
0,251666667
0,233111111
0,220944444
0,225666667
0,252944444
0,288
0,318944444
0,352611111
0,385833333
0,391
0,378888889
0,352777778
0,345611111
0,348722222
0,334833333
0,325333333
0,317777778
0,295222222
0,272666667
0,252777778
0,222555556
0,2125
0,186833333
0,1695
0,178333333
0,212944444
0,2525
0,275833333
0,306555556
0,365444444
0,402166667
0,403722222
0,379
0,323388889
0,250777778
0,200277778
0,171888889
0,1525
0,1295
0,115555556
0,102055556
0,093222222
0,077055556
0,058166667
0,039555556
0,022666667
0,012388889
0,007333333
0,009222222
0,014777778
0,023166667
0,035333333
0,049
0,058944444
0,066833333
0,075388889
0,1
0,114111111
0,130055556
0,142833333
0,142
0,128611111
0,100888889
0,083166667
0,071111111
0,062277778
0,048388889
0,030222222
0,018666667
0,011333333
0,006944444
0,010722222
0,017444444
0,024777778
0,046
0,073611111
0,0965
0,122
0,165888889
0,211277778
0,262
0,304388889
0,333
0,362555556
0,399888889
0,449722222
0,473277778
0,524722222
0,539611111
0,57
0,5915
0,600777778
0,630055556
0,628555556
0,615777778
0,605944444
0,623055556
0,623444444
0,619277778
0,59
0,508777778
0,379111111
0,228777778
0,112944444
0,0885
0,066722222
0,050166667
0,0475
0,057333333
0,073055556
0,100166667
0,124166667
0,14
0,157777778
0,185166667
0,214388889
0,220333333
0,258388889
0,297222222
0,292944444
0,271166667
0,259277778
0,294555556
0,288888889
0,313333333
0,364222222
0,414222222
0,457333333
0,478055556
0,442111111
0,453555556
0,517055556
0,600388889
0,637
0,6685
0,659722222
0,652666667
0,629055556
0,550777778
0,460777778
0,423222222
0,401666667
0,379111111
0,316166667
0,243944444
0,192444444
0,200888889
0,191555556
0,223333333
0,247166667
0,288055556
0,374277778
0,453222222
0,487777778
0,576277778
0,656055556
0,729055556
0,805888889
0,859277778
0,888111111
0,897944444
0,879277778
0,872222222
0,872444444
0,867833333
0,849944444
0,810444444
0,795944444
0,815722222
0,820555556
0,775166667
0,776555556
0,841166667
0,897222222
0,899555556
0,900611111
0,914388889
0,915333333
0,915333333
0,897611111
0,871277778
0,865944444
0,8655
0,858333333
0,848944444
0,813222222
0,758555556
0,710722222
0,710944444
0,697
0,699166667
0,643444444
0,557777778
0,479111111
0,425388889
0,421722222
0,417222222
0,437611111
0,420611111
0,349666667
0,343444444
0,343555556
0,271277778
0,199277778
0,148333333
0,100944444
0,065833333
0,065111111
0,052444444
0,067777778
0,093777778
0,119666667
0,120166667
0,147388889
0,191611111
0,224777778
0,229055556
0,244388889
0,243555556
0,250666667
0,270944444
0,261166667
0,236888889
0,219666667
0,197
0,165333333
0,137611111
0,101055556
0,071611111
0,059833333
0,048777778
0,039333333
0,032444444
0,0285
0,025277778
0,023
0,016444444
0,013666667
0,017833333
0,030833333
0,048166667
0,059055556
0,073944444
0,095166667
0,119222222
0,141722222
0,174055556
0,205444444
0,216
0,203055556
0,168666667
0,124222222
0,094111111
0,078333333
0,0645
0,054111111
0,055555556
0,064277778
0,066111111
0,056555556
0,058555556
0,065611111
0,064166667
0,056333333
0,047666667
0,044555556
0,042277778
0,038222222
0,036888889
0,045055556
0,048666667
0,045555556
0,040833333
0,032888889
0,029333333
0,026
0,019333333
0,014333333
0,011444444
0,010444444
0,0115
0,014833333
0,018944444
0,023722222
0,027833333
0,028111111
0,025111111
0,012777778
0,005888889
0,004277778
0,013666667
0,032666667
0,050333333
0,070611111
0,092166667
0,103
0,102777778
0,087666667
0,067222222
0,058611111
0,042944444
0,035277778
0,028
0,018888889
0,013333333
0,011444444
0,011555556
0,015777778
0,021333333
0,0285
0,034333333
0,036833333
0,044333333
0,049888889
0,050055556
0,054166667
0,060444444
0,063944444
0,0685
0,064944444
0,050444444
0,032722222
0,028277778
0,043944444
0,078388889
0,101555556
0,103055556
0,086111111
0,076444444
0,081388889
0,089166667
0,107055556
0,124444444
0,141444444
0,150611111
0,144888889
0,129833333
0,116555556
0,110166667
0,119388889
0,141
0,1495
0,145611111
0,138333333
0,152722222
0,186722222
0,189222222
0,188388889
0,202611111
0,216611111
0,224388889
0,224111111
0,218222222
0,216777778
0,089166667
0,107055556
0,124444444
0,141444444
0,150611111
0,144888889
0,129833333
0,116555556
0,110166667
0,119388889
0,141
0,1495
0,145611111
0,138333333
0,152722222
0,186722222
0,189222222
0,188388889
0,202611111
0,216611111
0,224388889
0,224111111
0,218222222
0,216777778
0,220055556
0,238611111
0,257388889
0,296333333
0,359111111
0,409
0,423722222
0,434333333
0,429388889
0,408444444
0,381444444
0,364
0,343944444
0,345166667
0,3555
0,364166667
0,355166667
0,3365
0,3325
0,332555556
0,322722222
0,309611111
0,291055556
0,273666667
0,256611111
0,235
0,215777778
0,1995
0,192555556
0,178555556
0,169166667
0,152888889
0,142277778
0,139333333
0,145333333
0,140111111
0,124111111
0,108833333
0,090333333
0,072444444
0,054055556
0,037111111
0,027944444
0,024
0,024833333
0,021277778
0,017666667
0,014444444
0,011222222
0,012055556
0,012222222
0,0175
0,023666667
0,023222222
0,020444444
0,019777778
0,014333333
0,009333333
0,0075
0,008666667
0,007777778
0,007944444
0,007388889
0,005611111
0,004833333
0,004055556
0,004777778
0,007166667
0,012277778
0,019166667
0,024944444
0,033166667
0,030944444
0,035611111
0,0405
0,037666667
0,042444444
0,042611111
0,043277778
0,054611111
0,062111111
0,052111111
0,054333333
0,053
0,048277778
0,039111111
0,037222222
0,035388889
0,033777778
0,031333333
0,030944444
0,030555556
0,033777778
0,029277778
0,0245
0,0275
0,027277778
0,026722222
0,023277778
0,020166667
0,017666667
0,019111111
0,019444444
0,019111111
0,023055556
0,022222222
0,028722222
0,058666667
0,087055556
0,112888889
0,142055556
0,157666667
0,167222222
0,158444444
0,179444444
0,222611111
0,256166667
0,283055556
0,308555556
0,322388889
0,342444444
0,374
0,393055556
0,377055556
0,351277778
0,320777778
0,294444444
0,2655
0,234666667
0,217166667
0,252666667
0,298611111
0,307111111
0,255277778
0,206166667
0,149055556
0,102111111
0,067388889
0,052
0,069611111
0,079333333
0,091055556
0,075444444
0,066777778
0,087055556
0,115555556
0,113555556
0,133611111
0,151
0,1875
0,252555556
0,292833333
0,361277778
0,460388889
0,568777778
0,630888889
0,613
0,555388889
0,515888889
0,4655
0,404111111
0,357277778
0,322888889
0,275777778
0,207111111
0,154166667
0,116222222
0,084555556
0,068611111
0,054666667
0,046
0,040055556
0,0315
0,030333333
0,034666667
0,039666667
0,048722222
0,049944444
0,036611111
0,032555556
0,031555556
0,025944444
0,031166667
0,052277778
0,081333333
0,124277778
0,165888889
0,183777778
0,203611111
0,219944444
0,238222222
0,270166667
0,308
0,32
0,337333333
0,336055556
0,3355
0,315888889
0,284444444
0,268111111
0,268666667
0,275833333
0,279888889
0,295388889
0,320388889
0,320555556
0,314666667
0,301888889
0,265111111
0,2075
0,163166667
0,145222222
0,149
0,166388889
0,178944444
0,176222222
0,168444444
0,158833333
0,139888889
0,134333333
0,131222222
0,120166667
0,105166667
0,092833333
0,085388889
0,088666667
0,093555556
0,100111111
0,1065
0,097222222
0,084777778
0,079111111
0,063722222
0,051777778
0,051888889
0,055944444
0,057166667
0,055055556
0,052944444
0,048388889
0,049722222
0,046388889
0,045722222
0,0405
0,034888889
0,030333333
0,0285
0,042833333
0,058833333
0,077833333
0,097666667
0,1225
0,136
0,144833333
0,159333333
0,152166667
0,138944444
0,127
0,1205
0,101611111
0,086888889
0,079222222
0,074833333
0,059888889
0,064777778
0,084166667
0,111722222
0,173944444
0,273166667
0,407666667
0,529555556
0,607611111
0,644833333
0,681888889
0,714777778
0,736
0,758
0,748611111
0,730555556
0,710388889
0,666444444
0,555944444
0,442
0,376888889
0,337055556
0,280222222
0,239666667
0,219111111
0,217
0,197722222
0,175055556
0,162833333
0,174777778
0,207888889
0,240388889
0,281833333
0,342333333
0,394166667
0,381277778
0,395
0,3855
0,355555556
0,284833333
0,201555556
0,136333333
0,071888889
0,041388889
0,029944444
0,025444444
0,015388889
0,012777778
0,015111111
0,017111111
0,012
0,006222222
0,005111111
0,011
0,018388889
0,033388889
0,040166667
0,049055556
0,077777778
0,090555556
0,111222222
0,156166667
0,181888889
0,197833333
0,205166667
0,194
0,174388889
0,146277778
0,125611111
0,119166667
0,114111111
0,105944444
0,095444444
0,093444444
0,093222222
0,090888889
0,079944444
0,070166667
0,063722222
0,060666667
0,056388889
0,058444444
0,088944444
0,117166667
0,125222222
0,150222222
0,180333333
0,186333333
0,185722222
0,1395
0,098722222
0,067166667
0,068555556
0,061333333
0,054222222
0,047777778
0,054722222
0,065888889
0,077833333
0,087777778
0,094777778
0,094722222
0,092666667
0,088777778
0,092722222
0,0985
0,165444444
0,246777778
0,267944444
0,283277778
0,306888889
0,291
0,263277778
0,228277778
0,157666667
0,066277778
0,038166667
0,030055556
0,024277778
0,018444444
0,010166667
0,004055556
0,002333333
0,001611111
0,002611111
0,007111111
0,014777778
0,0285
0,048111111
0,049888889
0,071722222
0,1375
0,186277778
0,203444444
0,234833333
0,280777778
0,328833333
0,331555556
0,310388889
0,297111111
0,297444444
0,300388889
0,300611111
0,302277778
0,287277778
0,271111111
0,273666667
0,291833333
0,304222222
0,301888889
0,311222222
0,316111111
0,328
0,360166667
0,396888889
0,420111111
0,397111111
0,374055556
0,362444444
0,368722222
0,386944444
0,386444444
0,375
0,375444444
0,378222222
0,380388889
0,403666667
0,439888889
0,477777778
0,4955
0,510388889
0,525277778
0,547444444
0,585388889
0,622055556
0,653166667
0,675
0,692222222
0,678222222
0,633611111
0,585833333
0,537
0,479111111
0,422944444
0,353611111
0,290611111
0,216555556
0,146388889
0,108888889
0,096166667
0,093222222
0,093722222
0,092888889
0,091722222
0,0835
0,073222222
0,062111111
0,053222222
0,043611111
0,033777778
0,020444444
0,012277778
0,010277778
0,010777778
0,010277778
0,012666667
0,017444444
0,022388889
0,024166667
0,022166667
0,015277778
0,006888889
0,005222222
0,005888889
0,005666667
0,005611111
0,006111111
0,006611111
0,006444444
0,007333333
0,006388889
0,005944444
0,008111111
0,011
0,009888889
0,003111111
0,002388889
0,003444444
0,0075
0,017888889
0,033555556
0,051444444
0,065833333
0,073666667
0,074
0,070944444
0,077222222
0,086277778
0,093166667
0,092277778
0,092388889
0,093111111
0,098333333
0,105666667
0,126111111
0,1535
0,180611111
0,205
0,230666667
0,273388889
0,344277778
0,392
0,425055556
0,436333333
0,4385
0,405944444
0,359555556
0,283555556
0,185777778
0,108222222
0,082111111
0,073944444
0,075
0,065666667
0,053777778
0,051833333
0,071
0,080722222
0,076888889
0,082
0,104277778
0,106222222
0,119333333
0,182888889
0,290333333
0,393055556
0,463833333
0,516944444
0,544166667
0,558055556
0,553055556
0,508833333
0,460444444
0,411333333
0,398166667
0,398444444
0,395722222
0,396277778
0,368055556
0,3305
0,295222222
0,279722222
0,273
0,264666667
0,251
0,238055556
0,252388889
0,297111111
0,359277778
0,400611111
0,443666667
0,491611111
0,506444444
0,491555556
0,488444444
0,443722222
0,388333333
0,341555556
0,318833333
0,311388889
0,329888889
0,334388889
0,323277778
0,318944444
0,3145
0
0,295222222
0,290111111
0,304444444
0,321222222
0,332444444
0,366555556
0,460333333
0,558777778
0,603333333
0,617333333
0,627555556
0,635
0,615555556
0,568388889
0,497944444
0,409111111
0,268666667
0,194222222
0,203611111
0,215611111
0,217555556
0,202277778
0,161722222
0,129222222
0,102888889
0,093111111
0,089055556
0,090277778
0,084777778
0,076777778
0,087722222
0,124666667
0,147611111
0,148333333
0,151277778
0,145388889
0,140888889
0,138777778
0,129444444
0,109555556
0,082277778
0,072555556
0,072
0,070777778
0,062
0,061166667
0,065
0,065666667
0,066388889
0,067944444
0,069833333
0,076111111
0,082777778
0,095111111
0,149111111
0,229055556
0,263611111
0,282888889
0,301277778
0,3145
0,330833333
0,338777778
0,345388889
0,319111111
0,260388889
0,230666667
0,247555556
0,258444444
0,268777778
0,251222222
0,241777778
0,238333333
0,240555556
0,271444444
0,325944444
0,406111111
0,499388889
0,657055556
0,833277778
0,875166667
0,887444444
0,894666667
0,905777778
0,917166667
0,9165
0,912555556
0,903666667
0,877777778
0,837722222
0,815833333
0,829666667
0,843333333
0,844777778
0,838277778
0,831055556
0,814944444
0,795
0,762944444
0,748055556
0,746777778
0,742722222
0,737666667
0,721111111
0,689388889
0,663833333
0,617
0,556944444
0,550944444
0,555666667
0,550388889
0,4975
0,459444444
0,445111111
0,409777778
0,347111111
0,284444444
0,235
0,206944444
0,185111111
0,158222222
0,126
0,078055556
0,044166667
0,027166667
0,028166667
0,024055556
0,020222222
0,022777778
0,0355
0,054444444
0,0635
0,063722222
0,056888889
0,052722222
0,054
0,053611111
0,0505
0,056944444
0,052611111
0,047333333
0,0455
0,048722222
0,050888889
0,051222222
0,059777778
0,065055556
0,057666667
0,060111111
0,063944444
0,085
0,141555556
0,206833333
0,256777778
0,3575
0,465555556
0,52
0,593111111
0,618
0,646944444
0,729222222
0,788722222
0,782833333
0,729555556
0,618444444
0,489
0,372722222
0,273555556
0,212777778
0,157722222
0,111111111
0,073611111
0,051944444
0,040722222
0,039111111
0,048277778
0,063722222
0,083611111
0,105944444
0,121722222
0,135833333
0,171611111
0,184222222
0,163277778
0,118333333
0,101611111
0,091666667
0,088777778
0,0745
0,069555556
0,058944444
0,044111111
0,032333333
0,025666667
0,019277778
0,0165
0,018666667
0,024166667
0,025222222
0,014777778
0,009388889
0,013777778
0,021833333
0,022444444
0,020888889
0,023444444
0,036888889
0,058055556
0,076944444
0,099666667
0,148777778
0,1815
0,215444444
0,237111111
0,254555556
0,269277778
0,274833333
0,286555556
0,297722222
0,311722222
0,341222222
0,371555556
0,428166667
0,481944444
0,502777778
0,502333333
0,459777778
0,415722222
0,482722222
0,499
0,498388889
0,488833333
0,440944444
0,309722222
0,193777778
0,1695
0,152666667
0,146055556
0,139888889
0,139111111
0,142777778
0,152388889
0,170333333
0,197388889
0,238166667
0,279333333
0,306444444
0,358944444
0,423222222
0,420166667
0,416111111
0,490555556
0,532833333
0,526888889
0,459055556
0,372555556
0,3055
0,316611111
0,286777778
0,246111111
0,264222222
0,310055556
0,324333333
0,328555556
0,3445
0,359166667
0,454333333
0,525222222
0,558055556
0,689944444
0,768111111
0,805444444
0,846388889
0,862333333
0,869611111
0,868722222
0,861944444
0,850555556
0,796333333
0,726166667
0,606333333
0,430555556
0,288055556
0,218055556
0,193611111
0,157166667
0,134277778
0,132777778
0,141333333
0,168888889
0,197555556
0,216611111
0,234222222
0,243722222
0,264166667
0,287777778
0,291333333
0,300222222
0,326944444
0,332166667
0,349055556
0,376388889
0,3815
0,394277778
0,393055556
0,364722222
0,310722222
0,255944444
0,225944444
0,194777778
0,158611111
0,113055556
0,089166667
0,073388889
0,052833333
0,039444444
0,037277778
0,035666667
0,029111111
0,025055556
0,023611111
0,026277778
0,029888889
0,043
0,064166667
0,100555556
0,138833333
0,160111111
0,155444444
0,131222222
0,105833333
0,096722222
0,109277778
0,126055556
0,133722222
0,125611111
0,121222222
0,142
0,177888889
0,195277778
0,202333333
0,188055556
0,168777778
0,166111111
0,183388889
0,220388889
0,264888889
0,297388889
0,316055556
0,300888889
0,2995
0,295222222
0,295888889
0,2875
0,252111111
0,255444444
0,271277778
0,263388889
0,268222222
0,249666667
0,239055556
0,232888889
0,229666667
0,208833333
0,154777778
0,129555556
0,1455
0,188222222
0,205777778
0,206944444
0,207
0,194444444
0,179166667
0,153444444
0,112222222
0,084833333
0,059888889
0,031555556
0,027
0,042444444
0,053388889
0,075111111
0,1025
0,1245
0,135888889
0,145222222
0,154666667
0,153833333
0,152611111
0,158333333
0,170666667
0,195555556
0,247777778
0,302166667
0,346777778
0,374444444
0,393388889
0,407666667
0,412444444
0,390833333
0,321444444
0,245833333
0,203611111
0,176222222
0,154111111
0,124777778
0,105277778
0,102111111
0,099
0,087055556
0,071888889
0,056166667
0,042944444
0,032777778
0,015277778
0,007722222
0,010611111
0,025555556
0,057888889
0,094833333
0,136944444
0,197222222
0,251166667
0,287277778
0,274055556
0,280611111
0,2855
0,333055556
0,412277778
0,471777778
0,4645
0,440055556
0,463444444
0,462944444
0,463444444
0,470888889
0,467555556
0,481333333
0,510166667
0,576333333
0,679333333
0,747388889
0,7635
0,770944444
0,773777778
0,784111111
0,766722222
0,730444444
0,674666667
0,591055556
0,447611111
0,386222222
0,354222222
0,341055556
0,305555556
0,281444444
0,265555556
0,266777778
0,271833333
0,291888889
0,316111111
0,368888889
0,508222222
0,648222222
0,719611111
0,736611111
0,706777778
0,684388889
0,666666667
0,659222222
0,652166667
0,632722222
0,570166667
0,407333333
0,204888889
0,142111111
0,129055556
0,118277778
0,095055556
0,083777778
0,081111111
0,066055556
0,056722222
0,051
0,040055556
0,024055556
0,012
0,013666667
0,019111111
0,024888889
0,043388889
0,068777778
0,103833333
0,129888889
0,163666667
0,182055556
0,178666667
0,180777778
0,201722222
0,243722222
0,280666667
0,307444444
0,317277778
0,323444444
0,315555556
0,301
0,290166667
0,265333333
0,223722222
0,197555556
0,186666667
0,179055556
0,173055556
0,162833333
0,155111111
0,139444444
0,124222222
0,108944444
0,093888889
0,0725
0,054333333
0,041555556
0,032333333
0,025333333
0,020611111
0,017944444
0,016333333
0,014944444
0,013277778
0,011444444
0,012222222
0,014
0,013722222
0,010833333
0,011388889
0,013611111
0,014222222
0,0155
0,015
0,011444444
0,012222222
0,021666667
0,036222222
0,047444444
0,052722222
0,051
0,052666667
0,053388889
0,0675
0,090277778
0,110833333
0,114277778
0,135166667
0,159944444
0,190722222
0,251777778
0,311666667
0,374166667
0,431666667
0,487166667
0,533222222
0,534055556
0,510888889
0,451166667
0,416833333
0,416722222
0,441555556
0,415611111
0,358611111
0,275555556
0,246777778
0,214666667
0,206055556
0,202222222
0,17
0,136666667
0,111055556
0,082333333
0,060722222
0,051055556
0,055166667
0,064722222
0,076388889
0,092333333
0,114388889
0,115833333
0,103777778
0,100944444
0,115
0,134055556
0,168277778
0,190388889
0,176611111
0,134166667
0,085555556
0,0625
0,048555556
0,039722222
0,036111111
0,027722222
0,026944444
0,028611111
0,027722222
0,023388889
0,0165
0,011555556
0,006444444
0,012666667
0,027166667
0,048722222
0,055111111
0,058166667
0,060222222
0,069111111
0,087111111
0,104166667
0,093666667
0,069388889
0,0585
0,0595
0,065055556
0,066055556
0,052611111
0,031166667
0,014888889
0,008666667
0,012055556
0,024388889
0,034944444
0,039111111
0,040111111
0,070555556
0,098833333
0,112722222
0,117166667
0,129277778
0,1255
0,136555556
0,146166667
0,139166667
0,129
0,101333333
0,065055556
0,057166667
0,056333333
0,053777778
0,048555556
0,040944444
0,0355
0,034222222
0,031722222
0,035611111
0,038666667
0,027333333
0,012555556
0,015333333
0,0265
0,026611111
0,022
0,021388889
0,029722222
0,043555556
0,066722222
0,084222222
0,097777778
0,090666667
0,049555556
0,030333333
0,023055556
0,016611111
0,014222222
0,016277778
0,017333333
0,015
0,014166667
0,013611111
0,016111111
0,015222222
0,008388889
0,010833333
0,020277778
0,029444444
0,0415
0,053888889
0,069777778
0,092444444
0,115611111
0,131277778
0,136444444
0,121166667
0,087666667
0,084166667
0,082722222
0,085
0,086
0,083111111
0,076333333
0,073611111
0,074222222
0,080166667
0,091444444
0,101555556
0,105611111
0,136611111
0,188611111
0,232611111
0,244611111
0,2515
0,265388889
0,261111111
0,249777778
0,222333333
0,195222222
0,163333333
0,151166667
0,160888889
0,167833333
0,1795
0,195888889
0,214555556
0,2095
0,180777778
0,1685
0,114111111
0,075888889
0,090833333
0,131055556
0,1745
0,168944444
0,146277778
0,137277778
0,132833333
0,122833333
0,103
0,0755
0,047
0,027277778
0,017666667
0,027333333
0,060611111
0,097833333
0,145055556
0,185333333
0,252888889
0,289333333
0,314055556
0,286555556
0,266555556
0,229055556
0,179888889
0,155555556
0,145444444
0,128888889
0,111166667
0,088055556
0,065944444
0,050611111
0,038777778
0,032
0,028944444
0,032833333
0,020611111
0,014111111
0,027166667
0,061166667
0,076444444
0,0795
0,067111111
0,054555556
0,052111111
0,067055556
0,060444444
0,051055556
0,053222222
0,058833333
0,071555556
0,082277778
0,087611111
0,094666667
0,101388889
0,107111111
0,093833333
0,080444444
0,0675
0,050166667
0,036555556
0,039777778
0,048722222
0,055277778
0,071888889
0,073277778
0,066222222
0,057222222
0,043388889
0,027666667
0,021611111
0,016555556
0,015111111
0,015111111
0,022388889
0,030944444
0,03
0,031166667
0,027055556
0,028722222
0,019222222
0,018166667
0,011944444
0,007055556
0,003833333
0,001666667
0,000833333
0,000555556
0,000388889
0,0005
0,000611111
0,000444444
0,000666667
0,000444444
0,0005
0,001888889
0,004
0,008611111
0,0225
0,059666667
0,114777778
0,183
0,223722222
0,271944444
0,314222222
0,356722222
0,326222222
0,354722222
0,363722222
0,376944444
0,355222222
0,335222222
0,304333333
0,244833333
0,178388889
0,135666667
0,121055556
0,134888889
0,144722222
0,147944444
0,159222222
0,210055556
0,254611111
0,275888889
0,293833333
0,310555556
0,311722222
0,255222222
0,171944444
0,098777778
0,045666667
0,017444444
0,006666667
0,010722222
0,033166667
0,061222222
0,077944444
0,086444444
0,091611111
0,096388889
0,090111111
0,0965
0,123888889
0,137722222
0,134166667
0,148277778
0,162
0,158722222
0,160666667
0,169666667
0,161611111
0,157833333
0,138555556
0,109166667
0,077222222
0,048388889
0,028833333
0,025333333
0,026611111
0,0275
0,028888889
0,046777778
0,060888889
0,086833333
0,123611111
0,150222222
0,142388889
0,138944444
0,175166667
0,2105
0,245944444
0,284111111
0,308888889
0,307944444
0,274555556
0,303277778
0,343888889
0,380722222
0,387166667
0,392555556
0,383777778
0,297277778
0,238055556
0,233388889
0,192722222
0,168611111
0,141944444
0,121111111
0,103388889
0,095222222
0,086111111
0,065166667
0,041333333
0,040222222
0,028277778
0,018833333
0,020611111
0,0205
0,017833333
0,014222222
0,015166667
0,007833333
0,008555556
0,015944444
0,025777778
0,029388889
0,028611111
0,026111111
0,024833333
0,028666667
0,031666667
0,035944444
0,035666667
0,026222222
0,017333333
0,011722222
0,0045
0,004444444
0,014277778
0,029
0,047222222
0,068611111
0,088666667
0,141333333
0,209055556
0,229666667
0,251333333
0,230833333
0,230055556
0,252777778
0,250833333
0,2355
0,203777778
0,14
0,120777778
0,117611111
0,115388889
0,112333333
0,117777778
0,106722222
0,089
0,082055556
0,099222222
0,097555556
0,096666667
0,102611111
0,113222222
0,125888889
0,146333333
0,164722222
0,1945
0,219611111
0,237444444
0,213388889
0,164833333
0,138555556
0,131277778
0,135111111
0,127555556
0,104555556
0,090666667
0,075833333
0,071944444
0,064111111
0,060777778
0,088722222
0,107833333
0,117333333
0,119777778
0,130444444
0,146555556
0,164944444
0,193
0,227611111
0,265
0,288611111
0,2655
0,184222222
0,147333333
0,145944444
0,143222222
0,157333333
0,185277778
0,208944444
0,222
0,221833333
0,2195
0,229722222
0,263944444
0,324777778
0,3805
0,415611111
0,399166667
0,400055556
0,440722222
0,487055556
0,503888889
0,498888889
0,460611111
0,409333333
0,342111111
0,227166667
0,171277778
0,157777778
0,146388889
0,1595
0,159888889
0,14
0,126555556
0,151166667
0,157944444
0,140055556
0,135888889
0,190777778
0,279666667
0,372222222
0,360722222
0,312722222
0,262111111
0,211611111
0,1555
0,110555556
0,071222222
0,051777778
0,0355
0,022111111
0,012444444
0,012222222
0,012
0,009222222
0,008888889
0,007444444
0,010611111
0,011555556
0,011833333
0,012611111
0,015944444
0,019055556
0,020555556
0,024833333
0,0335
0,049833333
0,060555556
0,060277778
0,061388889
0,06
0,056555556
0,050444444
0,038777778
0,030555556
0,041
0,045166667
0,044055556
0,041333333
0,036277778
0,038555556
0,040222222
0,039555556
0,034333333
0,025444444
0,013277778
0,008611111
0,021722222
0,044388889
0,065444444
0,079277778
0,084611111
0,094666667
0,103222222
0,107444444
0,101611111
0,094
0,068888889
0,046333333
0,049055556
0,056611111
0,055666667
0,048944444
0,042444444
0,038
0,028055556
0,025222222
0,024111111
0,017444444
0,007
0,001722222
0,002333333
0,008222222
0,011222222
0,019111111
0,026055556
0,036388889
0,047222222
0,051388889
0,0535
0,046611111
0,031277778
0,025333333
0,032111111
0,044333333
0,055722222
0,069
0,077
0,077166667
0,068166667
0,062444444
0,069722222
0,059666667
0,031666667
0,019944444
0,0215
0,028111111
0,038277778
0,052
0,056277778
0,0515
0,043444444
0,035388889
0,036944444
0,037777778
0,030888889
0,027388889
0,036444444
0,037444444
0,025277778
0,020388889
0,016277778
0,011444444
0,007888889
0,007333333
0,007555556
0,006888889
0,004222222
0,003944444
0,006333333
0,009555556
0,015055556
0,018888889
0,025833333
0,034777778
0,051333333
0,070888889
0,082
0,084222222
0,066666667
0,0445
0,042
0,040555556
0,042111111
0,042111111
0,044666667
0,045111111
0,050277778
0,056611111
0,0625
0,063944444
0,062333333
0,066277778
0,082555556
0,107555556
0,133666667
0,161555556
0,183611111
0,191
0,184444444
0,1805
0,181833333
0,159611111
0,132666667
0,119666667
0,118666667
0,110222222
0,107388889
0,112277778
0,116
0,124055556
0,118
0,1
0,087222222
0,068
0,048833333
0,032833333
0,021333333
0,014555556
0,016666667
0,014555556
0,0155
0,018222222
0,0175
0,014388889
0,016166667
0,018888889
0,020222222
0,019833333
0,023666667
0,027055556
0,026666667
0,024722222
0,032888889
0,042666667
0,050277778
0,058611111
0,066611111
0,071333333
0,080444444
0,094611111
0,103555556
0,114777778
0,1115
0,120277778
0,143833333
0,164333333
0,177944444
0,178111111
0,170222222
0,167611111
0,118388889
0,079722222
0,072055556
0,087333333
0,105277778
0,115722222
0,118833333
0,104222222
0,080722222
0,053833333
0,032555556
0,020222222
0,022444444
0,035555556
0,053
0,075444444
0,116555556
0,219
0,318944444
0,394944444
0,416777778
0,378333333
0,316333333
0,257777778
0,177833333
0,114055556
0,074833333
0,061277778
0,064666667
0,083055556
0,102833333
0,112166667
0,127611111
0,139611111
0,134388889
0,126777778
0,138222222
0,168333333
0,2055
0,233888889
0,241277778
0,252611111
0,261055556
0,240444444
0,198611111
0,146166667
0,137444444
0,129111111
0,130833333
0,137722222
0,111111111
0,082055556
0,089055556
0,092444444
0,107166667
0,135444444
0,155444444
0,164333333
0,157277778
0,1325
0,119611111
0,125944444
0,149
0,202222222
0,279777778
0,374777778
0,468777778
0,566777778
0,628833333
0,720222222
0,782
0,7805
0,781944444
0,763111111
0,7535
0,746777778
0,768444444
0,7795
0,788222222
0,797944444
0,795944444
0,791388889
0,779444444
0,770666667
0,807611111
0,846944444
0,873944444
0,879055556
0,894111111
0,901722222
0,900055556
0,892944444
0,885944444
0,877
0,857111111
0,826277778
0,790777778
0,716666667
0,613944444
0,553444444
0,522833333
0,492833333
0,4445
0,406888889
0,376277778
0,349611111
0,3115
0,280388889
0,310777778
0,355944444
0,349555556
0,368777778
0,431722222
0,515833333
0,5615
0,606111111
0,629833333
0,640444444
0,610055556
0,580888889
0,529777778
0,456388889
0,390555556
0,327166667
0,293
0,271611111
0,255277778
0,236111111
0,220222222
0,176166667
0,143555556
0,134166667
0,162277778
0,202222222
0,181333333
0,135388889
0,106222222
0,107888889
0,124055556
0,133888889
0,131777778
0,128666667
0,146055556
0,174166667
0,149055556
0,095388889
0,059166667
0,041222222
0,034722222
0,028777778
0,031666667
0,032833333
0,031111111
0,025833333
0,027333333
0,021333333
0,015222222
0,0215
0,029833333
0,0445
0,052888889
0,059833333
0,071944444
0,080944444
0,083222222
0,093833333
0,109722222
0,123777778
0,126722222
0,091722222
0,069833333
0,070111111
0,079722222
0,084888889
0,099166667
0,112888889
0,115388889
0,111833333
0,108722222
0,119888889
0,1345
0,165611111
0,217888889
0,273611111
0,300944444
0,322388889
0,326555556
0,3195
0,307277778
0,287833333
0,2585
0,227166667
0,181444444
0,140722222
0,115833333
0,108111111
0,110611111
0,118222222
0,130277778
0,145888889
0,158722222
0,178777778
0,193388889
0,191555556
0,2185
0,266888889
0,317222222
0,354333333
0,358222222
0,334222222
0,344888889
0,347333333
0,338555556
0,342111111
0,331888889
0,319444444
0,284722222
0,211166667
0,147333333
0,139611111
0,1355
0,123944444
0,108833333
0,093722222
0,0825
0,073444444
0,068
0,050111111
0,046888889
0,080888889
0,080388889
0,064611111
0,050611111
0,043444444
0,040166667
0,042
0,049111111
0,056722222
0,053944444
0,043277778
0,036888889
0,029055556
0,035222222
0,047611111
0,063888889
0,084222222
0,081777778
0,079611111
0,091555556
0,087611111
0,074166667
0,051333333
0,030555556
0,0175
0,0125
0,014944444
0,027833333
0,045166667
0,056444444
0,060222222
0,07
0,0785
0,0645
0,062111111
0,064333333
0,062388889
0,059333333
0,054611111
0,061777778
0,081111111
0,097944444
0,126388889
0,148277778
0,161611111
0,189166667
0,2
0,215777778
0,244777778
0,275444444
0,299888889
0,295666667
0,2455
0,227888889
0,242722222
0,278
0,279555556
0,247777778
0,232722222
0,211888889
0,207222222
0,195611111
0,191722222
0,194055556
0,207277778
0,220333333
0,219388889
0,203222222
0,191111111
0,203166667
0,216666667
0,205944444
0,240944444
0,298222222
0,370833333
0,476222222
0,5645
0,652222222
0,700944444
0,704888889
0,6955
0,665333333
0,622388889
0,530444444
0,430277778
0,340166667
0,276777778
0,206166667
0,133277778
0,084277778
0,056833333
0,052222222
0,086444444
0,162944444
0,313555556
0,467111111
0,605444444
0,722888889
0,772944444
0,803055556
0,808
0,807777778
0,806888889
0,801333333
0,775944444
0,740333333
0,682444444
0,629555556
0,599055556
0,583222222
0,574333333
0,540888889
0,529055556
0,511388889
0,467833333
0,420444444
0,382944444
0,3485
0,325777778
0,316666667
0,315111111
0,311555556
0,306388889
0,302277778
0,281722222
0,268222222
0,268111111
0,262833333
0,229722222
0,184611111
0,126722222
0,074333333
0,037666667
0,016222222
0,009388889
0,009222222
0,0105
0,009055556
0,007222222
0,007222222
0,004888889
0,003833333
0,002944444
0,002222222
0,003833333
0,013611111
0,029833333
0,047444444
0,053444444
0,052722222
0,0685
0,088166667
0,094555556
0,096666667
0,089888889
0,088833333
0,076944444
0,052
0,040833333
0,034277778
0,027055556
0,020777778
0,022666667
0,033
0,0575
0,080666667
0,104388889
0,152
0,221444444
0,270833333
0,2875
0,273
0,289388889
0,360944444
0,445055556
0,472055556
0,442055556
0,411055556
0,367555556
0,293055556
0,249333333
0,204444444
0,175722222
0,145166667
0,105666667
0,092388889
0,085888889
0,073388889
0,057666667
0,043611111
0,036333333
0,039444444
0,052555556
0,064944444
0,076722222
0,094333333
0,127388889
0,195055556
0,243111111
0,235611111
0,289388889
0,330388889
0,382611111
0,379333333
0,363944444
0,358777778
0,361777778
0,387833333
0,404333333
0,403944444
0,412388889
0,445777778
0,502
0,562555556
0,616666667
0,674833333
0,717833333
0,7445
0,744833333
0,730333333
0,688388889
0,643777778
0,588444444
0,496555556
0,402222222
0,336722222
0,2865
0,256444444
0,268722222
0,257777778
0,243944444
0,262944444
0,2985
0,307944444
0,305722222
0,321388889
0,3435
0,324611111
0,300444444
0,350277778
0,409944444
0,391166667
0,348
0,318611111
0,318166667
0,358166667
0,392277778
0,428555556
0,459611111
0,462555556
0,460888889
0,466833333
0,433944444
0,396333333
0,371611111
0,347444444
0,330944444
0,333944444
0,339833333
0,356944444
0,342166667
0,310277778
0,298277778
0,295944444
0,2875
0,279388889
0,276111111
0,272666667
0,269444444
0,272222222
0,260944444
0,245111111
0,233555556
0,209277778
0,179833333
0,137555556
0,083666667
0,064166667
0,086611111
0,1035
0,108777778
0,100333333
0,086833333
0,067055556
0,046611111
0,039055556
0,041333333
0,052944444
0,069444444
0,084277778
0,106
0,133833333
0,159333333
0,165333333
0,164166667
0,181
0,160222222
0,121555556
0,087722222
0,063444444
0,042
0,033888889
0,041722222
0,055666667
0,0665
0,095611111
0,129277778
0,134777778
0,156055556
0,194333333
0,264611111
0,288555556
0,331888889
0,391277778
0,457611111
0,593111111
0,708333333
0,797
0,862111111
0,878388889
0,904444444
0,894277778
0,8365
0,753833333
0,653222222
0,542833333
0,455166667
0,409777778
0,379055556
0,354333333
0,336222222
0,325888889
0,298166667
0,295944444
0,295666667
0,356333333
0,444888889
0,497444444
0,527777778
0,560277778
0,587388889
0,604
0,600777778
0,576722222
0,535666667
0,476722222
0,418722222
0,340111111
0,248833333
0,161111111
0,128666667
0,121444444
0,118388889
0,117388889
0,113666667
0,109388889
0,104666667
0,098
0,083888889
0,093666667
0,119833333
0,130222222
0,135833333
0,140277778
0,162333333
0,181888889
0,189833333
0,184055556
0,1745
0,162277778
0,155277778
0,126777778
0,081222222
0,052444444
0,038166667
0,036722222
0,035333333
0,031
0,026555556
0,021222222
0,017333333
0,0185
0,014666667
0,008722222
0,017055556
0,020222222
0,027222222
0,030277778
0,043444444
0,045055556
0,049833333
0,053833333
0,055944444
0,057555556
0,0565
0,0555
0,042666667
0,030666667
0,040111111
0,067777778
0,093222222
0,11
0,130555556
0,152944444
0,18
0,193388889
0,207555556
0,299611111
0,419222222
0,478111111
0,515111111
0,570444444
0,607666667
0,631555556
0,6485
0,663111111
0,667444444
0,674666667
0,638666667
0,570722222
0,492166667
0,407888889
0,348722222
0,279444444
0,238722222
0,209444444
0,211777778
0,216944444
0,215666667
0,210055556
0,2345
0,317166667
0,367555556
0,371222222
0,374055556
0,350833333
0,321
0,299944444
0,317277778
0,353444444
0,387277778
0,399722222
0,412722222
0,387277778
0,325722222
0,256222222
0,246833333
0,252277778
0,269111111
0,269888889
0,256722222
0,251833333
0,2365
0,219
0,218166667
0,294555556
0,339277778
0,344222222
0,34
0,312555556
0,283666667
0,264833333
0,245166667
0,226666667
0,203611111
0,181611111
0,170333333
0,162944444
0,136
0,088388889
0,072944444
0,080777778
0,090166667
0,097
0,096055556
0,095388889
0,091611111
0,089222222
0,088333333
0,095
0,117222222
0,116833333
0,122111111
0,140833333
0,179666667
0,225166667
0,268333333
0,289555556
0,302111111
0,299055556
0,288611111
0,272055556
0,223277778
0,142388889
0,092444444
0,090222222
0,088277778
0,079
0,074777778
0,06
0,050833333
0,042111111
0,027722222
0,032611111
0,039888889
0,037166667
0,035111111
0,029444444
0,024333333
0,020777778
0,021277778
0,015444444
0,018444444
0,028944444
0,026611111
0,036777778
0,044611111
0,046555556
0,058277778
0,059777778
0,063722222
0,067333333
0,070166667
0,073333333
0,075333333
0,073722222
0,071888889
0,074222222
0,065944444
0,056
0,044277778
0,048833333
0,054055556
0,048333333
0,043777778
0,041333333
0,041833333
0,046722222
0,046055556
0,041833333
0,035833333
0,031055556
0,027277778
0,022722222
0,022166667
0,021222222
0,019222222
0,021722222
0,0265
0,031333333
0,024111111
0,023055556
0,046055556
0,073277778
0,089388889
0,098444444
0,101611111
0,104166667
0,116111111
0,140444444
0,155333333
0,151277778
0,131111111
0,094333333
0,064388889
0,049055556
0,051166667
0,056388889
0,056277778
0,058333333
0,061111111
0,0615
0,066166667
0,064333333
0,050944444
0,037055556
0,046222222
0,062888889
0,089666667
0,119666667
0,151333333
0,169166667
0,180444444
0,195222222
0,221555556
0,228611111
0,223
0,199444444
0,187277778
0,167277778
0,183166667
0,183666667
0,207
0,249277778
0,273222222
0,288
0,313222222
0,3285
0,343444444
0,355
0,318666667
0,265777778
0,258166667
0,261611111
0,282833333
0,287888889
0,272277778
0,263388889
0,264
0,265
0,230666667
0,195611111
0,153666667
0,105055556
0,085444444
0,072166667
0,068777778
0,074777778
0,081722222
0,0845
0,0745
0,069722222
0,076888889
0,098055556
0,120666667
0,163944444
0,240055556
0,313166667
0,353611111
0,3385
0,330611111
0,318111111
0,3475
0,354833333
0,327888889
0,276722222
0,235333333
0,182444444
0,170555556
0,142666667
0,129611111
0,106944444
0,082777778
0,067888889
0,056055556
0,046055556
0,039277778
0,056777778
0,085833333
0,120888889
0,141888889
0,155944444
0,191
0,232888889
0,259777778
0,276666667
0,252611111
0,221611111
0,175111111
0,1315
0,103166667
0,080611111
0,055888889
0,045555556
0,036444444
0,026111111
0,020444444
0,020166667
0,021388889
0,025222222
0,022777778
0,031888889
0,052222222
0,078611111
0,119611111
0,142222222
0,187111111
0,244111111
0,271055556
0,276944444
0,278722222
0,263611111
0,226833333
0,188944444
0,158111111
0,136
0,119111111
0,113555556
0,117388889
0,111722222
0,107444444
0,1075
0,101444444
0,102944444
0,102722222
0,108555556
0,127833333
0,149777778
0,170055556
0,172722222
0,182
0,190888889
0,216444444
0,216611111
0,2025
0,193222222
0,188722222
0,169888889
0,145055556
0,135222222
0,130833333
0,125111111
0,115
0,113277778
0,114444444
0,109166667
0,118722222
0,149111111
0,164333333
0,167388889
0,167
0,169555556
0,161166667
0,173555556
0,195222222
0,212222222
0,217833333
0,2325
0,242
0,236388889
0,220722222
0,2345
0,212333333
0,168888889
0,133277778
0,122277778
0,137944444
0,150833333
0,137
0,115388889
0,105611111
0,116833333
0,129888889
0,139555556
0,135777778
0,1275
0,131277778
0,136888889
0,146888889
0,135777778
0,150055556
0,168166667
0,181944444
0,186166667
0,189166667
0,155388889
0,110277778
0,084722222
0,085944444
0,098
0,114277778
0,104277778
0,101777778
0,091333333
0,089555556
0,095944444
0,094277778
0,089611111
0,106055556
0,118944444
0,128166667
0,126777778
0,1315
0,125111111
0,116722222
0,107111111
0,089944444
0,078833333
0,059388889
0,040333333
0,018833333
0,011555556
0,012944444
0,007833333
0,002388889
0,002555556
0,005888889
0,012444444
0,021277778
0,032888889
0,029666667
0,0175
0,020444444
0,037722222
0,0545
0,084055556
0,126666667
0,185888889
0,222555556
0,238833333
0,244111111
0,231
0,177611111
0,125833333
0,096611111
0,0895
0,0905
0,095222222
0,101111111
0,106
0,092722222
0,072388889
0,046166667
0,026777778
0,017611111
0,020444444
0,026333333
0,030888889
0,023777778
0,022388889
0,023722222
0,031388889
0,046666667
0,075111111
0,1015
0,114777778
0,132666667
0,131944444
0,101
0,062944444
0,056722222
0,058333333
0,057111111
0,051333333
0,043888889
0,045944444
0,053944444
0,051388889
0,049666667
0,052277778
0,065833333
0,074111111
0,086944444
0,099111111
0,104277778
0,107444444
0,111888889
0,117666667
0,115277778
0,101777778
0,0795
0,064444444
0,04
0,030555556
0,04
0,050833333
0,0555
0,070388889
0,070722222
0,0735
0,084055556
0,093388889
0,104444444
0,114944444
0,138333333
0,194666667
0,258166667
0,243277778
0,229833333
0,235722222
0,232333333
0,2165
0,205
0,198666667
0,169555556
0,148611111
0,098055556
0,070055556
0,057277778
0,063666667
0,075444444
0,087944444
0,082666667
0,088055556
0,085166667
0,0795
0,088944444
0,13
0,193833333
0,275388889
0,344444444
0,383055556
0,420666667
0,466666667
0,523333333
0,574333333
0,615666667
0,631888889
0,604833333
0,554444444
0,486333333
0,433388889
0,423222222
0,403666667
0,3635
0,3225
0,296833333
0,2715
0,260388889
0,251777778
0,268333333
0,307888889
0,350222222
0,326777778
0,282388889
0,243055556
0,223777778
0,226222222
0,236166667
0,230833333
0,226833333
0,199555556
0,141277778
0,090555556
0,054611111
0,032944444
0,027111111
0,028388889
0,029555556
0,026388889
0,020722222
0,014166667
0,008111111
0,004111111
0,002277778
0,003277778
0,003611111
0,003055556
0,004388889
0,004722222
0,0035
0,003611111
0,004055556
0,005166667
0,006055556
0,009777778
0,016111111
0,020388889
0,02
0,019666667
0,027111111
0,034222222
0,039388889
0,048222222
0,046277778
0,047166667
0,048777778
0,047722222
0,044111111
0,031055556
0,032388889
0,0515
0,091388889
0,136888889
0,143
0,130722222
0,132111111
0,1395
0,135944444
0,117166667
0,101722222
0,083055556
0,066444444
0,067277778
0,078222222
0,084222222
0,082777778
0,067944444
0,057388889
0,063833333
0,066722222
0,0615
0,048444444
0,028277778
0,020833333
0,025611111
0,0335
0,0355
0,036666667
0,036222222
0,028444444
0,020944444
0,017222222
0,014333333
0,014055556
0,014166667
0,014666667
0,023666667
0,044611111
0,052833333
0,054888889
0,048555556
0,046277778
0,042111111
0,047666667
0,043277778
0,026722222
0,011444444
0,009888889
0,014944444
0,029277778
0,051444444
0,082888889
0,106
0,131333333
0,152388889
0,146333333
0,123444444
0,108055556
0,094666667
0,068944444
0,072611111
0,095
0,104333333
0,118611111
0,116388889
0,1225
0,125944444
0,136
0,133944444
0,124
0,107888889
0,122555556
0,173666667
0,250111111
0,329722222
0,394777778
0,429222222
0,421055556
0,408
0,365555556
0,2755
0,201111111
0,120388889
0,084277778
0,080277778
0,082722222
0,071722222
0,053777778
0,046666667
0,046
0,045944444
0,043055556
0,044555556
0,044166667
0,042055556
0,049
0,058944444
0,069388889
0,078111111
0,117666667
0,197833333
0,259333333
0,238333333
0,204722222
0,167888889
0,099944444
0,053166667
0,043444444
0,040111111
0,049611111
0,060055556
0,053777778
0,061388889
0,059888889
0,052777778
0,046888889
0,036111111
0,036055556
0,039444444
0,045555556
0,049555556
0,063722222
0,086166667
0,108388889
0,121166667
0,137777778
0,1325
0,116555556
0,113833333
0,118333333
0,123555556
0,111888889
0,0925
0,094666667
0,114055556
0,111444444
0,099111111
0,091388889
0,078
0,0655
0,066833333
0,068611111
0,075555556
0,096722222
0,112611111
0,118888889
0,133666667
0,156222222
0,181833333
0,209944444
0,238944444
0,246
0,233611111
0,196444444
0,135611111
0,083055556
0,089055556
0,114333333
0,135777778
0,158055556
0,180222222
0,204666667
0,220388889
0,258
0,292888889
0,299111111
0,287944444
0,310666667
0,388555556
0,482666667
0,558277778
0,581888889
0,563388889
0,566722222
0,543777778
0,491111111
0,445666667
0,4155
0,459611111
0,450555556
0,373944444
0,321611111
0,331611111
0,359055556
0,405055556
0,433388889
0,458444444
0,495111111
0,5465
0,592722222
0,636777778
0,673444444
0,713777778
0,748666667
0,7575
0,757333333
0,759388889
0,763
0,786666667
0,782722222
0,750555556
0,635166667
0,495555556
0,323666667
0,236333333
0,208333333
0,1955
0,181555556
0,206444444
0,207611111
0,218722222
0,223833333
0,240277778
0,270388889
0,306055556
0,379333333
0,487611111
0,552777778
0,564611111
0,562055556
0,561555556
0,550611111
0,541388889
0,503666667
0,436611111
0,370888889
0,286388889
0,189055556
0,119
0,094666667
0,084888889
0,073055556
0,065777778
0,063444444
0,058444444
0,052666667
0,042444444
0,025944444
0,015111111
0,016222222
0,025277778
0,032111111
0,026055556
0,021611111
0,020944444
0,023388889
0,021333333
0,021166667
0,026833333
0,023222222
0,029166667
0,041333333
0,045111111
0,058833333
0,073
0,075722222
0,073444444
0,071277778
0,078611111
0,131611111
0,173
0,198333333
0,245722222
0,313
0,377444444
0,4285
0,427833333
0,399055556
0,375277778
0,359555556
0,347444444
0,318222222
0,275666667
0,220833333
0,162222222
0,087277778
0,051833333
0,038111111
0,027166667
0,030444444
0,023222222
0,015444444
0,009555556
0,007277778
0,005333333
0,001833333
0,000666667
0,000277778
0,001333333
0,002166667
0,002055556
0,003333333
0,004666667
0,005444444
0,008055556
0,015888889
0,027277778
0,034
0,031388889
0,0245
0,016722222
0,021333333
0,036666667
0,039
0,034
0,0285
0,047888889
0,061555556
0,044611111
0,029777778
0,014166667
0,033222222
0,043833333
0,043444444
0,041388889
0,033166667
0,019722222
0,010888889
0,008166667
0,005444444
0,006722222
0,009222222
0,007722222
0,004222222
0,004
0,006666667
0,008666667
0,012888889
0,014944444
0,013222222
0,011888889
0,019222222
0,035111111
0,034833333
0,021722222
0,026888889
0,053444444
0,074333333
0,091055556
0,102944444
0,092833333
0,0795
0,087222222
0,095
0,098055556
0,076222222
0,053388889
0,037333333
0,046
0,061333333
0,067888889
0,064722222
0,053833333
0,051888889
0,057444444
0,062555556
0,066388889
0,058222222
0,038277778
0,040555556
0,047777778
0,049944444
0,057833333
0,067222222
0,078666667
0,101944444
0,106277778
0,099944444
0,081833333
0,050333333
0,026611111
0,019277778
0,026
0,026666667
0,023
0,019833333
0,020388889
0,0215
0,017666667
0,012166667
0,013055556
0,0115
0,0055
0,003
0,0035
0,006388889
0,013277778
0,020666667
0,028833333
0,040722222
0,047722222
0,049722222
0,039944444
0,039555556
0,039444444
0,040388889
0,0415
0,053833333
0,052555556
0,047777778
0,050222222
0,056277778
0,059611111
0,067444444
0,056166667
0,039277778
0,0335
0,059111111
0,074388889
0,074555556
0,069055556
0,073333333
0,075166667
0,076277778
0,084222222
0,080333333
0,087944444
0,080944444
0,084055556
0,071888889
0,079222222
0,077888889
0,081666667
0,084833333
0,093333333
0,095666667
0,085722222
0,069722222
0,063
0,054222222
0,0555
0,085611111
0,118388889
0,141055556
0,172388889
0,199444444
0,228666667
0,224611111
0,208166667
0,202611111
0,205055556
0,158777778
0,108888889
0,068888889
0,039
0,0375
0,0385
0,035166667
0,031
0,028944444
0,021222222
0,017388889
0,016777778
0,012611111
0,005777778
0,011333333
0,013388889
0,008944444
0,005611111
0,006
0,005666667
0,005722222
0,008222222
0,010055556
0,012277778
0,011333333
0,007888889
0,003166667
0,006277778
0,011
0,012055556
0,008833333
0,007055556
0,007666667
0,006
0,010388889
0,016388889
0,013611111
0,007333333
0,005833333
0,006222222
0,007444444
0,006055556
0,004888889
0,002833333
0,003333333
0,005166667
0,004833333
0,005388889
0,006833333
0,008333333
0,008555556
0,010833333
0,011944444
0,013166667
0,017388889
0,014111111
0,012888889
0,012777778
0,010944444
0,007944444
0,008
0,004944444
0,004833333
0,004388889
0,003166667
0,004666667
0,008055556
0,014444444
0,024111111
0,038222222
0,055555556
0,072333333
0,0835
0,082
0,061777778
0,055444444
0,0595
0,056722222
0,049888889
0,045888889
0,047611111
0,052722222
0,058
0,056222222
0,051888889
0,041333333
0,056555556
0,072666667
0,077222222
0,085444444
0,095166667
0,093333333
0,087555556
0,084
0,077666667
0,071777778
0,061277778
0,039944444
0,021444444
0,022222222
0,031055556
0,04
0,042
0,041222222
0,035
0,024555556
0,016388889
0,011722222
0,009222222
0,004222222
0,003388889
0,006277778
0,008611111
0,0095
0,011944444
0,016277778
0,018944444
0,019277778
0,016888889
0,015555556
0,013888889
0,009611111
0,005611111
0,0075
0,009166667
0,0085
0,008555556
0,008055556
0,0075
0,010944444
0,019277778
0,021166667
0,015944444
0,0085
0,003666667
0,003166667
0,003444444
0,005333333
0,008777778
0,019
0,042888889
0,075944444
0,0705
0,061611111
0,057055556
0,060166667
0,053611111
0,038611111
0,041611111
0,046722222
0,052277778
0,052222222
0,050055556
0,040944444
0,034611111
0,039222222
0,034277778
0,029111111
0,035
0,07
0,098388889
0,139277778
0,165666667
0,177055556
0,1975
0,222666667
0,239111111
0,257666667
0,287666667
0,276277778
0,241944444
0,234111111
0,244666667
0,248833333
0,217777778
0,200388889
0,206944444
0,212666667
0,206777778
0,178444444
0,154888889
0,137222222
0,1815
0,224833333
0,321555556
0,388611111
0,415666667
0,442611111
0,467888889
0,488444444
0,479611111
0,518888889
0,481611111
0,421611111
0,328333333
0,265722222
0,247833333
0,211111111
0,197722222
0,170888889
0,1415
0,116333333
0,107611111
0,092111111
0,080611111
0,061722222
0,072222222
0,090777778
0,106333333
0,115555556
0,137833333
0,161555556
0,170222222
0,184111111
0,202277778
0,212722222
0,210777778
0,222722222
0,198111111
0,172055556
0,179833333
0,2015
0,221444444
0,2175
0,224277778
0,208777778
0,207388889
0,199666667
0,187166667
0,195944444
0,271666667
0,353555556
0,3725
0,404111111
0,435111111
0,458111111
0,508055556
0,513944444
0,499333333
0,474444444
0,431055556
0,325222222
0,202944444
0,139777778
0,118
0,110222222
0,106
0,096111111
0,073833333
0,057222222
0,044333333
0,039666667
0,031611111
0,026444444
0,030722222
0,050166667
0,054888889
0,039555556
0,028777778
0,029944444
0,03
0,027722222
0,036388889
0,053333333
0,069555556
0,073722222
0,086055556
0,114055556
0,158166667
0,203277778
0,205666667
0,2295
0,247055556
0,287444444
0,345722222
0,368111111
0,371388889
0,386944444
0,400888889
0,394611111
0,413
0,411944444
0,386444444
0,360944444
0,345388889
0,357555556
0,373888889
0,3775
0,380722222
0,397611111
0,403444444
0,381833333
0,361222222
0,330222222
0,272666667
0,243388889
0,210944444
0,167277778
0,145222222
0,118388889
0,100388889
0,091
0,115388889
0,143055556
0,151611111
0,160777778
0,168666667
0,152944444
0,132
0,131388889
0,164222222
0,147166667
0,126111111
0,123444444
0,122166667
0,1165
0,121722222
0,120944444
0,118277778
0,108666667
0,110833333
0,098888889
0,089555556
0,080833333
0,069055556
0,061777778
0,081666667
0,126277778
0,132222222
0,126333333
0,116333333
0,087
0,073277778
0,0665
0,091277778
0,114888889
0,126722222
0,120722222
0,098944444
0,100722222
0,118666667
0,143222222
0,156722222
0,159833333
0,158333333
0,155611111
0,154944444
0,147944444
0,126055556
0,097777778
0,114888889
0,177611111
0,220055556
0,244388889
0,225277778
0,221944444
0,198777778
0,178444444
0,116722222
0,089777778
0,078833333
0,053055556
0,027555556
0,016722222
0,013388889
0,009833333
0,006055556
0,0055
0,003944444
0,002277778
0,011833333
0,024888889
0,029722222
0,023444444
0,025555556
0,053833333
0,066944444
0,081
0,096888889
0,122111111
0,136055556
0,148722222
0,151055556
0,126055556
0,090888889
0,045
0,014777778
0,005611111
0,005888889
0,015388889
0,039444444
0,070777778
0,1085
0,1515
0,194055556
0,251444444
0,309222222
0,391722222
0,498222222
0,521388889
0,5135
0,521333333
0,562944444
0,570166667
0,547944444
0,533833333
0,525055556
0,524777778
0,475055556
0,393444444
0,341222222
0,313222222
0,326944444
0,37
0,400444444
0,434555556
0,450611111
0,478777778
0,505666667
0,521833333
0,562611111
0,6305
0,714388889
0,790444444
0,819555556
0,831111111
0,821611111
0,809555556
0,800666667
0,774777778
0,7375
0,687444444
0,605055556
0,511611111
0,388222222
0,298111111
0,272777778
0,245333333
0,214277778
0,205722222
0,199111111
0,1885
0,184222222
0,174611111
0,155111111
0,139444444
0,172722222
0,239111111
0,268
0,286722222
0,320944444
0,364444444
0,411833333
0,453555556
0,498444444
0,533722222
0,507166667
0,443777778
0,364277778
0,3155
0,311666667
0,318277778
0,320777778
0,321777778
0,332277778
0,349
0,357833333
0,361777778
0,341944444
0,333277778
0,397333333
0,470611111
0,494833333
0,493
0,491111111
0,478166667
0,460444444
0,429944444
0,410666667
0,370777778
0,303055556
0,202111111
0,115944444
0,096111111
0,114611111
0,144
0,172833333
0,233611111
0,319277778
0,405833333
0,469388889
0,502277778
0,509277778
0,472166667
0,442722222
0,411166667
0,3575
0,307222222
0,286222222
0,290111111
0,312444444
0,308666667
0,296166667
0,272888889
0,232722222
0,188833333
0,142444444
0,109944444
0,094555556
0,081777778
0,078388889
0,066166667
0,061388889
0,059444444
0,049166667
0,037444444
0,028166667
0,023111111
0,027
0,04
0,059444444
0,0665
0,095777778
0,1285
0,1595
0,165333333
0,151944444
0,118611111
0,104
0,112611111
0,151222222
0,156222222
0,161611111
0,201666667
0,232444444
0,224722222
0,2175
0,207611111
0,196944444
0,174666667
0,162055556
0,163944444
0,182222222
0,202
0,211555556
0,228888889
0,288111111
0,337333333
0,354611111
0,346388889
0,298
0,232388889
0,155222222
0,092833333
0,055222222
0,041055556
0,037222222
0,036333333
0,034611111
0,026
0,022944444
0,019611111
0,022277778
0,028055556
0,031888889
0,027777778
0,019888889
0,019777778
0,030222222
0,039888889
0,055888889
0,067333333
0,078
0,089277778
0,099666667
0,102722222
0,097555556
0,079833333
0,086722222
0,101111111
0,101944444
0,096222222
0,088666667
0,071722222
0,070111111
0,060611111
0,042666667
0,032944444
0,034777778
0,032388889
0,017388889
0,024388889
0,056555556
0,114055556
0,248833333
0,307333333
0,283333333
0,327111111
0,465
0,473277778
0,448888889
0,440388889
0,396111111
0,351611111
0,303111111
0,294277778
0,285111111
0,270666667
0,252277778
0,202333333
0,161611111
0,129111111
0,102722222
0,081055556
0,118055556
0,197722222
0,233944444
0,270111111
0,321666667
0,329388889
0,311555556
0,278833333
0,249055556
0,195722222
0,138
0,073444444
0,029166667
0,018055556
0,014166667
0,013666667
0,011444444
0,005055556
0,001833333
0,001555556
0,002111111
0,002111111
0,002555556
0,003666667
0,001944444
0,003111111
0,003333333
0,004111111
0,006888889
0,015611111
0,025888889
0,036888889
0,044833333
0,053833333
0,060055556
0,061722222
0,077166667
0,095833333
0,105111111
0,118944444
0,128611111
0,129666667
0,129555556
0,129888889
0,132111111
0,146388889
0,162
0,183111111
0,247611111
0,332166667
0,3855
0,407722222
0,404555556
0,379388889
0,322833333
0,262888889
0,211888889
0,167111111
0,131666667
0,104277778
0,106555556
0,104611111
0,088555556
0,071777778
0,060555556
0,056777778
0,06
0,067611111
0,075444444
0,082277778
0,0795
0,062111111
0,058
0,099833333
0,153333333
0,197277778
0,222111111
0,241277778
0,257833333
0,258444444
0,2385
0,189833333
0,126555556
0,078166667
0,046277778
0,035111111
0,023722222
0,016444444
0,012944444
0,014555556
0,015222222
0,010722222
0,007
0,005333333
0,002222222
0,000666667
0,000277778
0,001333333
0,001888889
0,0025
0,002555556
0,002111111
0,003944444
0,008166667
0,009166667
0,008555556
0,0095
0,009666667
0,013111111
0,016277778
0,012444444
0,013611111
0,013611111
0,014111111
0,015444444
0,016444444
0,021611111
0,026055556
0,023444444
0,018777778
0,006888889
0,002666667
0,006222222
0,007777778
0,008611111
0,009666667
0,011722222
0,0105
0,011611111
0,012388889
0,010333333
0,008055556
0,010833333
0,014277778
0,015277778
0,022111111
0,031722222
0,036277778
0,037722222
0,032111111
0,029
0,025277778
0,021
0,014444444
0,007777778
0,003055556
0,006333333
0,009944444
0,022444444
0,033611111
0,054388889
0,065666667
0,071333333
0,060944444
0,0465
0,035111111
0,030555556
0,030833333
0,028055556
0,026666667
0,026
0,024222222
0,024777778
0,027277778
0,029444444
0,023777778
0,019111111
0,011944444
0,008777778
0,008777778
0,006833333
0,005444444
0,007333333
0,007944444
0,008888889
0,0115
0,014888889
0,024222222
0,033333333
0,048722222
0,061111111
0,068
0,068277778
0,057555556
0,054333333
0,057111111
0,053388889
0,052944444
0,055722222
0,054333333
0,053555556
0,064333333
0,077666667
0,081666667
0,079666667
0,082
0,085444444
0,080777778
0,072944444
0,073722222
0,074555556
0,072777778
0,057833333
0,051222222
0,053166667
0,048833333
0,042222222
0,032444444
0,032166667
0,035777778
0,038666667
0,034166667
0,034111111
0,043944444
0,021166667
0,011555556
0,022166667
0,067888889
0,1075
0,1025
0,084833333
0,069166667
0,061333333
0,069277778
0,076555556
0,058888889
0,043444444
0,036444444
0,036111111
0,053944444
0,064166667
0,061111111
0,056555556
0,074555556
0,099888889
0,112111111
0,129777778
0,1845
0,224166667
0,260833333
0,341611111
0,512888889
0,621833333
0,705277778
0,782388889
0,827833333
0,863777778
0,868777778
0,868333333
0,855777778
0,842666667
0,799666667
0,758277778
0,750166667
0,742944444
0,707555556
0,652944444
0,641444444
0,636388889
0,636388889
0,649333333
0,65
0,652666667
0,697611111
0,794611111
0,844777778
0,856611111
0,843333333
0,8395
0,842111111
0,836666667
0,818388889
0,793611111
0,762166667
0,699777778
0,593388889
0,486722222
0,410722222
0,310833333
0,204333333
0,153
0,1255
0,102277778
0,071555556
0,051611111
0,042055556
0,030222222
0,014611111
0,005222222
0,002888889
0,001888889
0,000888889
0,000833333
0,001388889
0,002722222
0,002888889
0,005055556
0,0065
0,009444444
0,008555556
0,013722222
0,018055556
0,016277778
0,014277778
0,0145
0,020722222
0,028388889
0,0315
0,031444444
0,0335
0,035777778
0,038833333
0,028611111
0,038166667
0,065777778
0,091666667
0,115111111
0,126777778
0,1355
0,153555556
0,163666667
0,158611111
0,120055556
0,079222222
0,090888889
0,115888889
0,127
0,128444444
0,127111111
0,127444444
0,134777778
0,139833333
0,142388889
0,140777778
0,1465
0,155444444
0,1665
0,181944444
0,186944444
0,170111111
0,154388889
0,139722222
0,113833333
0,085555556
0,072888889
0,064944444
0,043111111
0,028611111
0,030222222
0,028277778
0,026444444
0,025111111
0,022444444
0,025166667
0,036444444
0,039166667
0,030944444
0,026
0,033833333
0,038055556
0,048888889
0,087722222
0,191166667
0,284055556
0,386111111
0,455111111
0,515888889
0,560555556
0,588166667
0,576555556
0,512277778
0,384722222
0,280555556
0,247388889
0,236
0,213833333
0,196944444
0,180444444
0,157666667
0,135888889
0,124055556
0,110777778
0,101888889
0,095888889
0,120222222
0,1755
0,226833333
0,269833333
0,284833333
0,284166667
0,283111111
0,3175
0,340277778
0,331
0,283055556
0,246111111
0,219333333
0,191388889
0,163888889
0,1375
0,125166667
0,101833333
0,084277778
0,079888889
0,077611111
0,072277778
0,067444444
0,056666667
0,051222222
0,067166667
0,097833333
0,116388889
0,116222222
0,114777778
0,117611111
0,098944444
0,067555556
0,035444444
0,02
0,010777778
0,008166667
0,007333333
0,010166667
0,017333333
0,013222222
0,010666667
0,013333333
0,014333333
0,01
0,008
0,006277778
0,005333333
0,003833333
0,003333333
0,002222222
0,003277778
0,005055556
0,008833333
0,015555556
0,024111111
0,030111111
0,038111111
0,042111111
0,035944444
0,0315
0,031888889
0,033
0,034222222
0,031666667
0,029722222
0,028944444
0,025555556
0,023444444
0,016777778
0,009166667
0,0055
0,004666667
0,004555556
0,008555556
0,014611111
0,030111111
0,051222222
0,0875
0,132277778
0,166222222
0,196388889
0,196666667
0,160555556
0,110888889
0,094611111
0,089055556
0,077111111
0,065388889
0,066722222
0,070611111
0,071055556
0,082611111
0,093555556
0,092166667
0,090222222
0,095611111
0,123777778
0,166111111
0,190555556
0,201833333
0,208
0,231833333
0,269111111
0,271611111
0,246444444
0,185277778
0,112611111
0,099111111
0,098111111
0,103833333
0,115555556
0,118388889
0,113277778
0,118166667
0,115944444
0,108444444
0,113611111
0,120777778
0,1205
0,120166667
0,171333333
0,256722222
0,288333333
0,319888889
0,349833333
0,358555556
0,341
0,296111111
0,217055556
0,142222222
0,111277778
0,084
0,061277778
0,048166667
0,031888889
0,029333333
0,0265
0,026111111
0,036666667
0,061944444
0,100444444
0,149833333
0,194277778
0,245222222
0,3695
0,518611111
0,575222222
0,596888889
0,602555556
0,579555556
0,549222222
0,528277778
0,473944444
0,394944444
0,307722222
0,280166667
0,261444444
0,232166667
0,221166667
0,229333333
0,260388889
0,283055556
0,344055556
0,388611111
0,455055556
0,5265
0,553333333
0,583944444
0,614111111
0,653444444
0,716777778
0,750444444
0,738166667
0,722777778
0,706722222
0,701388889
0,707722222
0,704666667
0,700666667
0,684777778
0,657666667
0,625333333
0,596777778
0,562388889
0,521888889
0,459166667
0,3885
0,322611111
0,258166667
0,201666667
0,163833333
0,1295
0,118111111
0,140055556
0,192388889
0,255777778
0,293611111
0,347944444
0,352333333
0,348555556
0,346666667
0,3485
0,296
0,217777778
0,158888889
0,122111111
0,096277778
0,091222222
0,082166667
0,082
0,073722222
0,065888889
0,059888889
0,052666667
0,044055556
0,026222222
0,021444444
0,034555556
0,037666667
0,040166667
0,043277778
0,040166667
0,041444444
0,028388889
0,027166667
0,023944444
0,020055556
0,019666667
0,023388889
0,027555556
0,026666667
0,028055556
0,037111111
0,048222222
0,061222222
0,068611111
0,075722222
0,067333333
0,0585
0,035611111
0,022166667
0,032666667
0,030388889
0,029111111
0,048444444
0,082722222
0,107166667
0,117888889
0,078333333
0,036277778
0,018944444
0,020166667
0,032333333
0,040055556
0,062166667
0,084055556
0,093166667
0,110277778
0,120333333
0,134833333
0,160666667
0,196
0,214722222
0,172722222
0,165
0,196666667
0,241888889
0,271055556
0,285111111
0,298
0,312777778
0,2945
0,2515
0,182722222
0,140277778
0,121944444
0,122222222
0,126166667
0,107944444
0,098166667
0,087555556
0,081944444
0,0725
0,066055556
0,065722222
0,0595
0,051222222
0,036166667
0,035166667
0,057166667
0,072111111
0,084333333
0,098277778
0,105444444
0,107333333
0,093444444
0,082388889
0,064777778
0,050444444
0,053611111
0,081388889
0,079277778
0,069388889
0,077222222
0,080333333
0,077555556
0,072555556
0,074
0,066555556
0,061277778
0,069666667
0,102166667
0,144444444
0,203666667
0,260888889
0,262944444
0,239833333
0,219722222
0,234944444
0,222444444
0,184888889
0,158388889
0,143666667
0,160388889
0,153111111
0,125777778
0,094
0,074
0,060611111
0,053222222
0,046
0,038666667
0,038777778
0,0395
0,033277778
0,015666667
0,004111111
0,004777778
0,007055556
0,005833333
0,005111111
0,005222222
0,007444444
0,009166667
0,008388889
0,006722222
0,005944444
0,009666667
0,016944444
0,028111111
0,047166667
0,069888889
0,083111111
0,101111111
0,124222222
0,170833333
0,248333333
0,352833333
0,437833333
0,490222222
0,498277778
0,482388889
0,4915
0,500611111
0,516777778
0,505277778
0,479277778
0,444388889
0,403
0,355277778
0,326666667
0,308222222
0,306
0,288055556
0,261388889
0,275111111
0,293333333
0,293111111
0,279055556
0,266111111
0,234111111
0,192944444
0,176
0,158611111
0,176222222
0,210611111
0,255166667
0,345277778
0,462222222
0,580722222
0,631555556
0,647888889
0,625944444
0,611333333
0,603666667
0,585222222
0,548111111
0,558222222
0,605944444
0,594944444
0,528222222
0,4345
0,398388889
0,390722222
0,453333333
0,522722222
0,564888889
0,536
0,481944444
0,401944444
0,3525
0,314777778
0,327833333
0,362111111
0,377444444
0,328444444
0,256722222
0,1875
0,139555556
0,136055556
0,144833333
0,149611111
0,146277778
0,155222222
0,174666667
0,203111111
0,231388889
0,250222222
0,250944444
0,244333333
0,264388889
0,3265
0,382055556
0,447833333
0,523222222
0,546333333
0,562277778
0,5695
0,540888889
0,491888889
0,437333333
0,369944444
0,342166667
0,3235
0,323444444
0,294
0,268277778
0,249444444
0,234888889
0,2185
0,199277778
0,184833333
0,176444444
0,1815
0,175722222
0,164888889
0,157777778
0,153222222
0,136888889
0,124333333
0,112388889
0,107277778
0,094777778
0,072777778
0,050666667
0,038222222
0,033222222
0,032777778
0,033055556
0,031944444
0,032333333
0,026944444
0,021722222
0,018388889
0,017555556
0,022277778
0,032055556
0,050888889
0,083055556
0,122388889
0,156166667
0,164444444
0,1735
0,187611111
0,17
0,145888889
0,130388889
0,113666667
0,095277778
0,080333333
0,068555556
0,061722222
0,056555556
0,056722222
0,056611111
0,049
0,049055556
0,051444444
0,052944444
0,055166667
0,063666667
0,070777778
0,078555556
0,082888889
0,098
0,145222222
0,187111111
0,221166667
0,244722222
0,256611111
0,273222222
0,261
0,224666667
0,155111111
0,117944444
0,126777778
0,140388889
0,137611111
0,147444444
0,159055556
0,170555556
0,192277778
0,228888889
0,260722222
0,276888889
0,281555556
0,297722222
0,312111111
0,343555556
0,381666667
0,402111111
0,41
0,4
0,380055556
0,365833333
0,326722222
0,279611111
0,244444444
0,224777778
0,220277778
0,2185
0,212
0,198055556
0,168611111
0,136888889
0,122666667
0,114777778
0,115833333
0,120888889
0,1235
0,121944444
0,117611111
0,127277778
0,144722222
0,161833333
0,173444444
0,165833333
0,136333333
0,122388889
0,104944444
0,081722222
0,065
0,063388889
0,069444444
0,070166667
0,071944444
0,070666667
0,069
0,065388889
0,061333333
0,057333333
0,054555556
0,055722222
0,059055556
0,066388889
0,067833333
0,078277778
0,100222222
0,120444444
0,113944444
0,101166667
0,085555556
0,071555556
0,057777778
0,038
0,030111111
0,034
0,036944444
0,038222222
0,038833333
0,035555556
0,031055556
0,026444444
0,024666667
0,018
0,012555556
0,010888889
0,009277778
0,008388889
0,0065
0,003833333
0,003222222
0,003555556
0,002833333
0,001722222
0,001444444
0,002388889
0,002444444
0,001666667
0,001222222
0,000666667
0,000388889
0,000777778
0,000888889
0,001333333
0,001666667
0,002722222
0,005166667
0,006333333
0,009388889
0,016444444
0,019833333
0,018944444
0,013944444
0,008722222
0,011166667
0,014666667
0,018111111
0,020722222
0,024555556
0,020388889
0,019944444
0,014666667
0,005555556
0,002333333
0,001111111
0,0005
0,000611111
0,002333333
0,004666667
0,007777778
0,011333333
0,0155
0,019166667
0,024833333
0,0305
0,041333333
0,053222222
0,067944444
0,090444444
0,123722222
0,158666667
0,188
0,202
0,216777778
0,251833333
0,290944444
0,331444444
0,374388889
0,412277778
0,434666667
0,438611111
0,4555
0,466277778
0,460388889
0,453833333
0,446444444
0,450277778
0,451388889
0,460444444
0,460777778
0,454111111
0,443055556
0,421388889
0,393777778
0,354944444
0,316166667
0,269944444
0,219
0,187944444
0,159166667
0,133888889
0,106666667
0,085555556
0,0795
0,086277778
0,100722222
0,114
0,139722222
0,177944444
0,224222222
0,315333333
0,456777778
0,601666667
0,733666667
0,843166667
0,901444444
0,907166667
0,856222222
0,834388889
0,849166667
0,834777778
0,808444444
0,769444444
0,691
0,611611111
0,562277778
0,5305
0,523944444
0,563611111
0,594722222
0,598722222
0,613277778
0,596611111
0,570555556
0,5335
0,518777778
0,503055556
0,433944444
0,420444444
0,484555556
0,565166667
0,618722222
0,597666667
0,590833333
0,561111111
0,478666667
0,412555556
0,332333333
0,243888889
0,195444444
0,177055556
0,202222222
0,2295
0,264388889
0,297833333
0,314333333
0,343666667
0,372
0,372
0,357333333
0,340944444
0,366388889
0,409166667
0,467055556
0,563833333
0,6525
0,739055556
0,795222222
0,810722222
0,799111111
0,755944444
0,683166667
0,561888889
0,474277778
0,412333333
0,376722222
0,328388889
0,335166667
0,338833333
0,314666667
0,264277778
0,234833333
0,246333333
0,267722222
0,2385
0,216833333
0,212611111
0,261888889
0,285333333
0,334388889
0,389
0,447333333
0,496333333
0,488388889
0,483611111
0,437611111
0,364888889
0,303111111
0,268111111
0,230611111
0,187722222
0,153333333
0,131277778
0,113166667
0,096444444
0,078055556
0,064
0,055666667
0,054444444
0,057333333
0,059666667
0,053333333
0,058888889
0,071944444
0,090333333
0,104166667
0,096333333
0,082222222
0,063777778
0,043666667
0,031611111
0,033166667
0,045388889
0,054555556
0,061
0,062722222
0,065166667
0,071777778
0,066722222
0,062
0,068277778
0,085555556
0,102666667
0,120666667
0,150611111
0,175666667
0,202555556
0,272166667
0,357166667
0,386944444
0,370777778
0,330388889
0,271388889
0,207111111
0,174888889
0,150833333
0,13
0,122888889
0,117722222
0,113555556
0,135388889
0,149833333
0,161666667
0,163277778
0,155666667
0,169722222
0,216166667
0,253666667
0,222722222
0,171611111
0,145888889
0,135333333
0,122888889
0,098388889
0,084722222
0,077611111
0,097222222
0,100833333
0,087388889
0,082111111
0,082777778
0,089333333
0,093666667
0,093111111
0,115777778
0,159611111
0,197277778
0,255166667
0,326
0,383111111
0,437444444
0,475888889
0,491277778
0,486166667
0,466833333
0,505833333
0,562444444
0,559555556
0,530611111
0,477944444
0,414333333
0,325611111
0,269
0,2685
0,2815
0,301166667
0,339555556
0,376
0,383611111
0,383111111
0,364833333
0,400888889
0,454611111
0,493166667
0,539777778
0,573888889
0,567888889
0,561388889
0,588333333
0,630888889
0,655166667
0,620055556
0,602888889
0,618777778
0,602388889
0,574
0,540388889
0,502055556
0,464777778
0,470055556
0,4835
0,499388889
0,559833333
0,597388889
0,603444444
0,617166667
0,622166667
0,604777778
0,589611111
0,595111111
0,564888889
0,548666667
0,646333333
0,731666667
0,742388889
0,759277778
0,758055556
0,797944444
0,8775
0,927222222
0,928666667
0,751277778
0,628722222
0,564833333
0,524277778
0,490111111
0,435111111
0,417222222
0,3975
0,383555556
0,356333333
0,294666667
0,215166667
0,156555556
0,117777778
0,099777778
0,100277778
0,141166667
0,2085
0,241166667
0,223222222
0,188333333
0,137277778
0,099166667
0,092555556
0,121388889
0,164722222
0,202833333
0,232333333
0,2455
0,256333333
0,260055556
0,264888889
0,265444444
0,268833333
0,302166667
0,331111111
0,353777778
0,381277778
0,416888889
0,442777778
0,426166667
0,425166667
0,464666667
0,480277778
0,442888889
0,382277778
0,296388889
0,221166667
0,192666667
0,181333333
0,158222222
0,137555556
0,127333333
0,114555556
0,098611111
0,092333333
0,074777778
0,064333333
0,0625
0,0655
0,079111111
0,0925
0,088166667
0,082944444
0,097166667
0,110555556
0,1075
0,097888889
0,091222222
0,055888889
0,042777778
0,049666667
0,053666667
0,044388889
0,034111111
0,033111111
0,030666667
0,021833333
0,015944444
0,009666667
0,003777778
0,001388889
0
0,001833333
0,003611111
0,005
0,0085
0,015388889
0,021777778
0,034055556
0,051333333
0,0735
0,091
0,112055556
0,145166667
0,176277778
0,186277778
0,184277778
0,180055556
0,161055556
0,128388889
0,104833333
0,081888889
0,064111111
0,061833333
0,062055556
0,072055556
0,083833333
0,114055556
0,142722222
0,149277778
0,146722222
0,132666667
0,122777778
0,095833333
0,073555556
0,056777778
0,042388889
0,037666667
0,053166667
0,070222222
0,086666667
0,104055556
0,103666667
0,1035
0,105333333
0,108
0,107111111
0,111444444
0,108555556
0,091277778
0,087722222
0,100166667
0,110888889
0,116
0,154055556
0,192
0,208388889
0,193055556
0,184777778
0,155
0,134888889
0,101277778
0,084888889
0,084555556
0,080722222
0,073111111
0,062
0,048444444
0,047944444
0,045
0,034944444
0,026388889
0,021055556
0,016444444
0,014111111
0,015
0,015611111
0,0155
0,012055556
0,011277778
0,014388889
0,012333333
0,008166667
0,010555556
0,016722222
0,018833333
0,030777778
0,052555556
0,078444444
0,090111111
0,092444444
0,087388889
0,084666667
0,081444444
0,088444444
0,101111111
0,117777778
0,140611111
0,152888889
0,154166667
0,165166667
0,176666667
0,187833333
0,222166667
0,243388889
0,264944444
0,290555556
0,284944444
0,252611111
0,218444444
0,207388889
0,196166667
0,185611111
0,145166667
0,131222222
0,123222222
0,121611111
0,137944444
0,148388889
0,147055556
0,148055556
0,149333333
0,155611111
0,140888889
0,128333333
0,135111111
0,163944444
0,194888889
0,216166667
0,221666667
0,226
0,191222222
0,135111111
0,132111111
0,1155
0,102888889
0,111277778
0,110277778
0,098722222
0,084111111
0,069222222
0,070722222
0,077444444
0,085833333
0,103277778
0,133277778
0,163666667
0,179833333
0,190333333
0,203611111
0,220611111
0,262111111
0,336722222
0,371444444
0,362222222
0,331722222
0,307222222
0,289111111
0,295166667
0,337555556
0,377777778
0,384111111
0,361333333
0,308666667
0,235055556
0,2025
0,197833333
0,189166667
0,197055556
0,211666667
0,2285
0,264444444
0,298611111
0,316944444
0,338944444
0,348
0,352444444
0,337166667
0,311388889
0,300944444
0,301833333
0,294111111
0,267666667
0,253888889
0,235722222
0,208888889
0,195166667
0,184388889
0,164222222
0,151055556
0,144611111
0,145222222
0,141555556
0,143
0,143166667
0,145055556
0,155777778
0,156388889
0,159722222
0,177555556
0,196777778
0,196888889
0,196555556
0,170166667
0,123444444
0,090222222
0,089055556
0,103611111
0,116166667
0,116611111
0,1075
0,090444444
0,093166667
0,1025
0,117888889
0,122
0,122
0,127388889
0,138444444
0,158611111
0,1985
0,233944444
0,289611111
0,348833333
0,402722222
0,429833333
0,446444444
0,446722222
0,420555556
0,396111111
0,399166667
0,419722222
0,430222222
0,425444444
0,411
0,416166667
0,410166667
0,406611111
0,408777778
0,429111111
0,458166667
0,497944444
0,553833333
0,579
0,595944444
0,606166667
0,616
0,615277778
0,585333333
0,550111111
0,504444444
0,455722222
0,400222222
0,348722222
0,313611111
0,287222222
0,262444444
0,222166667
0,186111111
0,150444444
0,129388889
0,104833333
0,090222222
0,076944444
0,069222222
0,066111111
0,061
0,061166667
0,067611111
0,072611111
0,078722222
0,080055556
0,074222222
0,069611111
0,069777778
0,070166667
0,055888889
0,057333333
0,069277778
0,094111111
0,109555556
0,128
0,152944444
0,178666667
0,182
0,193
0,210277778
0,225388889
0,250777778
0,267944444
0,280833333
0,3055
0,320055556
0,352111111
0,398388889
0,446
0,487111111
0,5015
0,490388889
0,4865
0,488222222
0,473944444
0,485111111
0,537611111
0,593277778
0,630611111
0,656222222
0,658111111
0,650222222
0,639611111
0,625777778
0,601055556
0,538055556
0,404388889
0,293
0,214444444
0,163833333
0,145666667
0,1445
0,169277778
0,262277778
0,344388889
0,390777778
0,4005
0,357166667
0,285388889
0,242166667
0,248111111
0,273388889
0,303111111
0,325333333
0,340833333
0,3775
0,402166667
0,942777778
0,570055556
0,607944444
0,647722222
0,663166667
0,667555556
0,694333333
0,746888889
0,771888889
0,816888889
0,844055556
0,838444444
0,784333333
0,740111111
0,694444444
0,647666667
0,612333333
0,579222222
0,521055556
0,446
0,399777778
0,431277778
0,463222222
0,476555556
0,467944444
0,418277778
0,364666667
0,322277778
0,304611111
0,282444444
0,269444444
0,277888889
0,282555556
0,337555556
0,384833333
0,394777778
0,378611111
0,388666667
0,543277778
0,643333333
0,681444444
0,748555556
0,809222222
0,870055556
0,921277778
0,954166667
0,961388889
0,955055556
0,946611111
0,918833333
0,873722222
0,8195
0,772277778
0,701333333
0,630444444
0,5585
0,495277778
0,469833333
0,431666667
0,373555556
0,319
0,257444444
0,273777778
0,329888889
0,412888889
0,533444444
0,6135
0,642555556
0,675555556
0,700611111
0,7405
0,795722222
0,786222222
0,757444444
0,786388889
0,816111111
0,818944444
0,815833333
0,792222222
0,806055556
0,897777778
0,953444444
0,941722222
0,899555556
0,890388889
0,903833333
0,897277778
0,880166667
0,859055556
0,836777778
0,841666667
0,849222222
0,868888889
0,8745
0,885333333
0,893555556
0,903722222
0,904777778
0,9005
0,878666667
0,874333333
0,861888889
0,824333333
0,806611111
0,824555556
0,826277778
0,797388889
0,750222222
0,667833333
0,544888889
0,4475
0,348055556
0,264666667
0,199166667
0,154944444
0,106111111
0,074444444
0,046388889
0,031722222
0,028111111
0,021388889
0,023666667
0,043333333
0,067722222
0,08
0,095111111
0,106388889
0,118666667
0,138944444
0,177166667
0,220444444
0,247111111
0,228277778
0,224777778
0,233333333
0,266111111
0,307
0,319055556
0,353277778
0,399333333
0,411777778
0,422
0,406333333
0,390055556
0,405055556
0,449777778
0,474555556
0,457277778
0,441944444
0,400333333
0,351611111
0,309888889
0,311055556
0,354166667
0,388833333
0,405666667
0,402555556
0,375611111
0,313111111
0,292777778
0,288722222
0,276944444
0,273166667
0,273444444
0,286722222
0,303722222
0,305777778
0,315888889
0,313777778
0,321388889
0,323055556
0,340944444
0,351444444
0,382222222
0,429666667
0,479388889
0,58
0,672111111
0,714388889
0,703666667
0,669166667
0,638055556
0,621
0,607
0,517888889
0,481388889
0,532055556
0,608055556
0,671333333
0,685166667
0,678555556
0,684111111
0,6885
0,672666667
0,659666667
0,5975
0,577388889
0,5845
0,570388889
0,554833333
0,554722222
0,559277778
0,558277778
0,529222222
0,438444444
0,314555556
0,239944444
0,192388889
0,148222222
0,111222222
0,092333333
0,110388889
0,122
0,158333333
0,219055556
0,356722222
0,510888889
0,547944444
0,504833333
0,424555556
0,347444444
0,295666667
0,235888889
0,169555556
0,173222222
0,228944444
0,273277778
0,258055556
0,304166667
0,374277778
0,487888889
0,595222222
0,542055556
0,415944444
0,343444444
0,294666667
0,251388889
0,203722222
0,157388889
0,150944444
0,123333333
0,097944444
0,091333333
0,082666667
0,073333333
0,109833333
0,153444444
0,171111111
0,262388889
0,386944444
0,4895
0,559166667
0,551277778
0,4795
0,429111111
0,402777778
0,370722222
0,2975
0,209333333
0,152111111
0,141222222
0,163444444
0,203333333
0,241722222
0,242777778
0,232333333
0,191611111
0,119
0,091166667
0,071055556
0,058888889
0,045166667
0,049277778
0,063555556
0,084833333
0,109
0,166388889
0,2035
0,251388889
0,316111111
0,346333333
0,371555556
0,398444444
0,447944444
0,523333333
0,578388889
0,596166667
0,618333333
0,615888889
0,622944444
0,614666667
0,559277778
0,516777778
0,464166667
0,387777778
0,379666667
0,411888889
0,420388889
0,372666667
0,287222222
0,186055556
0,092555556
0,0715
0,070444444
0,065555556
0,070444444
0,073722222
0,087333333
0,109611111
0,120611111
0,123388889
0,129166667
0,13
0,138666667
0,141666667
0,147277778
0,178666667
0,206222222
0,244388889
0,285277778
0,348833333
0,442444444
0,552833333
0,637222222
0,709166667
0,768722222
0,780944444
0,755
0,7345
0,7525
0,769555556
0,793777778
0,792166667
0,816611111
0,825222222
0,815666667
0,784388889
0,760944444
0,734444444
0,728
0,724611111
0,682722222
0,6275
0,633611111
0,695333333
0,765222222
0,793944444
0,791833333
0,773277778
0,725833333
0,662777778
0,613944444
0,557055556
0,469666667
0,410111111
0,363222222
0,314277778
0,274555556
0,248888889
0,239777778
0,2215
0,184
0,149388889
0,106722222
0,080166667
0,102833333
0,117388889
0,112277778
0,152777778
0,218
0,297833333
0,349388889
0,3815
0,343611111
0,294
0,292944444
0,276333333
0,243
0,217333333
0,195444444
0,171666667
0,162
0,151611111
0,149444444
0,154166667
0,154111111
0,151833333
0,136944444
0,118388889
0,094722222
0,068611111
0,049722222
0,029833333
0,021388889
0,019222222
0,022277778
0,027888889
0,019888889
0,021611111
0,025555556
0,031222222
0,032388889
0,039388889
0,040388889
0,048722222
0,056833333
0,074833333
0,097555556
0,122
0,1265
0,133722222
0,137111111
0,145444444
0,144555556
0,130833333
0,101444444
0,072166667
0,065277778
0,058444444
0,042055556
0,023
0,011444444
0,023
0,044611111
0,067611111
0,0965
0,112833333
0,144166667
0,174277778
0,212111111
0,259555556
0,325777778
0,400888889
0,498555556
0,582055556
0,661166667
0,746555556
0,814722222
0,854111111
0,889277778
0,918611111
0,937333333
0,932833333
0,930666667
0,931055556
0,931166667
0,926833333
0,919444444
0,916277778
0,8685
0,791777778
0,729222222
0,665333333
0,581555556
0,481833333
0,376
0,295166667
0,2235
0,188277778
0,167055556
0,1345
0,102555556
0,078944444
0,059222222
0,035444444
0,039222222
0,053888889
0,048555556
0,032722222
0,030555556
0,049055556
0,068055556
0,085722222
0,083666667
0,084055556
0,1055
0,124888889
0,135944444
0,168555556
0,209388889
0,275
0,302944444
0,320055556
0,345055556
0,396055556
0,439222222
0,4385
0,433722222
0,456222222
0,504722222
0,544166667
0,5645
0,551277778
0,506111111
0,443888889
0,424277778
0,4325
0,423611111
0,4025
0,412333333
0,403277778
0,386166667
0,360888889
0,3545
0,347777778
0,348722222
0,351111111
0,348333333
0,339055556
0,346055556
0,361888889
0,368277778
0,385833333
0,430277778
0,4955
0,507
0,481055556
0,4565
0,416
0,3755
0,335888889
0,287555556
0,246166667
0,212444444
0,188333333
0,180555556
0,180444444
0,171555556
0,153388889
0,144333333
0,132111111
0,116166667
0,101333333
0,092
0,091277778
0,083555556
0,063111111
0,060888889
0,044944444
0,027722222
0,016055556
0,010055556
0,014055556
0,018055556
0,015166667
0,012888889
0,015166667
0,019388889
0,024277778
0,028111111
0,028055556
0,039722222
0,065555556
0,084166667
0,089722222
0,097333333
0,096722222
0,091555556
0,088388889
0,087666667
0,078222222
0,068666667
0,053611111
0,050333333
0,055555556
0,068111111
0,086722222
0,105
0,118
0,128611111
0,132833333
0,154277778
0,179166667
0,1945
0,213055556
0,2665
0,321611111
0,342333333
0,359944444
0,386833333
0,425111111
0,472666667
0,554611111
0,629722222
0,678944444
0,727555556
0,770666667
0,776333333
0,788777778
0,822111111
0,818333333
0,776666667
0,687833333
0,603777778
0,545388889
0,480111111
0,522777778
0,582388889
0,622777778
0,610333333
0,594555556
0,5685
0,595722222
0,610833333
0,632166667
0,627222222
0,593166667
0,603333333
0,642
0,6795
0,732166667
0,740555556
0,646888889
0,480222222
0,343777778
0,299166667
0,3065
0,344555556
0,363388889
0,382
0,358888889
0,307611111
0,2455
0,244
0,245555556
0,220833333
0,195666667
0,187722222
0,189166667
0,176333333
0,175055556
0,1685
0,151444444
0,140888889
0,141333333
0,127222222
0,101611111
0,083888889
0,075222222
0,067333333
0,056944444
0,049722222
0,046833333
0,044111111
0,038722222
0,033777778
0,028111111
0,026555556
0,023833333
0,020944444
0,021444444
0,0185
0,013388889
0,008
0,004444444
0,004277778
0,005111111
0,005611111
0,005333333
0,008833333
0,018722222
0,0285
0,038111111
0,046222222
0,056333333
0,064333333
0,069333333
0,093055556
0,111722222
0,1155
0,100944444
0,089388889
0,085444444
0,078111111
0,064055556
0,056
0,054388889
0,056611111
0,066833333
0,076666667
0,091888889
0,102444444
0,111
0,119166667
0,115222222
0,112666667
0,127444444
0,140333333
0,157055556
0,178388889
0,187833333
0,200277778
0,219444444
0,212111111
0,187
0,147944444
0,106111111
0,081333333
0,068111111
0,076666667
0,093666667
0,100722222
0,097777778
0,092333333
0,075555556
0,076666667
0,094333333
0,090722222
0,068944444
0,049444444
0,042
0,038277778
0,035388889
0,029222222
0,021055556
0,012333333
0,010277778
0,009777778
0,007555556
0,009333333
0,0135
0,018055556
0,020166667
0,0265
0,033166667
0,047055556
0,059222222
0,068833333
0,077777778
0,083722222
0,094611111
0,1165
0,1415
0,168277778
0,220277778
0,268222222
0,308833333
0,349555556
0,379888889
0,439166667
0,475
0,518555556
0,592944444
0,560833333
0,438555556
0,368166667
0,289111111
0,213833333
0,127055556
0,124722222
0,123166667
0,129444444
0,1255
0,129888889
0,161277778
0,185611111
0,190222222
0,195111111
0,185666667
0,192444444
0,194166667
0,185444444
0,173222222
0,150111111
0,109277778
0,086111111
0,071722222
0,054055556
0,036222222
0,028444444
0,040166667
0,044055556
0,050055556
0,062611111
0,087888889
0,108333333
0,140666667
0,163111111
0,174666667
0,186722222
0,195333333
0,209555556
0,239833333
0,279
0,2955
0,321333333
0,337722222
0,348666667
0,366388889
0,386888889
0,407
0,415722222
0,410166667
0,414277778
0,462111111
0,503055556
0,524722222
0,537166667
0,538722222
0,546555556
0,567611111
0,584888889
0,607666667
0,658833333
0,665888889
0,657722222
0,671055556
0,677611111
0,707555556
0,756222222
0,788111111
0,826055556
0,855
0,839277778
0,832666667
0,838
0,8285
0,807222222
0,789555556
0,794
0,805611111
0,810222222
0,792222222
0,784333333
0,800444444
0,813388889
0,809222222
0,807222222
0,789777778
0,772555556
0,764
0,760166667
0,756722222
0,738277778
0,6955
0,572388889
0,394611111
0,252611111
0,168555556
0,128444444
0,107333333
0,1105
0,107055556
0,098611111
0,080888889
0,063666667
0,050222222
0,039944444
0,033333333
0,017722222
0,006333333
0,002944444
0,003277778
0,006333333
0,011722222
0,015555556
0,018611111
0,023944444
0,030388889
0,033166667
0,032888889
0,026333333
0,019555556
0,019611111
0,022888889
0,022055556
0,026555556
0,034333333
0,041888889
0,050333333
0,061722222
0,082722222
0,099
0,1035
0,102333333
0,100555556
0,113111111
0,158944444
0,224666667
0,281333333
0,298944444
0,3135
0,355444444
0,382
0,413222222
0,437944444
0,472111111
0,508388889
0,542833333
0,569555556
0,619277778
0,656388889
0,697222222
0,703833333
0,701888889
0,707222222
0,716666667
0,722944444
0,721722222
0,691888889
0,643444444
0,594388889
0,562611111
0,516944444
0,474666667
0,424666667
0,3735
0,321055556
0,257055556
0,212722222
0,188888889
0,193444444
0,222166667
0,243333333
0,243388889
0,227888889
0,2215
0,258444444
0,271722222
0,234333333
0,209444444
0,158166667
0,109277778
0,081444444
0,060333333
0,052944444
0,050944444
0,055944444
0,047
0,042055556
0,038944444
0,035944444
0,038888889
0,044666667
0,054722222
0,062666667
0,066888889
0,067666667
0,075
0,090444444
0,091666667
0,085222222
0,094111111
0,087
0,076
0,069944444
0,075444444
0,076666667
0,062777778
0,053555556
0,065388889
0,074222222
0,079333333
0,079722222
0,071277778
0,051166667
0,039222222
0,036444444
0,044277778
0,047666667
0,031722222
0,02
0,016777778
0,016222222
0,014277778
0,012777778
0,009944444
0,005
0,003166667
0,002722222
0,003055556
0,001944444
0,001055556
0,000722222
0,000666667
0,001111111
0,006
0,017055556
0,019166667
0,021944444
0,028944444
0,035722222
0,040888889
0,042777778
0,050444444
0,058166667
0,059833333
0,066444444
0,073888889
0,082055556
0,093333333
0,095611111
0,096666667
0,104
0,104888889
0,097833333
0,096666667
0,093833333
0,099333333
0,1055
0,117888889
0,115555556
0,114833333
0,114777778
0,121555556
0,118722222
0,114277778
0,115777778
0,123666667
0,125166667
0,125
0,138333333
0,154666667
0,166666667
0,167055556
0,163333333
0,176
0,186055556
0,186833333
0,197222222
0,213833333
0,222666667
0,232388889
0,235111111
0,254388889
0,284
0,298
0,285666667
0,252722222
0,211666667
0,190222222
0,151666667
0,114444444
0,099055556
0,099444444
0,093166667
0,073944444
0,054333333
0,037222222
0,030055556
0,025555556
0,019944444
0,019777778
0,016555556
0,016444444
0,014388889
0,0185
0,022666667
0,020777778
0,015222222
0,016888889
0,021
0,018333333
0,013388889
0,010277778
0,010722222
0,014888889
0,016611111
0,017666667
0,016166667
0,0125
0,012277778
0,012611111
0,007777778
0,006444444
0,005833333
0,003333333
0,001888889
0,001888889
0,003166667
0,006055556
0,008
0,008888889
0,009611111
0,010833333
0,014833333
0,023722222
0,037333333
0,047277778
0,063444444
0,072055556
0,083111111
0,098888889
0,117777778
0,126277778
0,127611111
0,108777778
0,089666667
0,087388889
0,083388889
0,082777778
0,070111111
0,064611111
0,048555556
0,034277778
0,020444444
0,011333333
0,007055556
0,007
0,007777778
0,010166667
0,011944444
0,009611111
0,007333333
0,008555556
0,007333333
0,008
0,014222222
0,019944444
0,021388889
0,024833333
0,026944444
0,028333333
0,036055556
0,044888889
0,039
0,030888889
0,026777778
0,021111111
0,016888889
0,015777778
0,015944444
0,022277778
0,028277778
0,027388889
0,026444444
0,035555556
0,047444444
0,053222222
0,044888889
0,046277778
0,061055556
0,070444444
0,065555556
0,066
0,068722222
0,073611111
0,071833333
0,077166667
0,071055556
0,059777778
0,044666667
0,039055556
0,038666667
0,041222222
0,041166667
0,042611111
0,047111111
0,058166667
0,061555556
0,0555
0,049666667
0,049444444
0,049166667
0,049666667
0,0435
0,037
0,039166667
0,056222222
0,067944444
0,0605
0,047833333
0,043111111
0,045888889
0,045888889
0,047111111
0,049944444
0,044222222
0,035111111
0,032388889
0,028666667
0,021333333
0,016222222
0,013388889
0,014944444
0,017388889
0,019166667
0,021888889
0,029333333
0,042222222
0,054888889
0,064277778
0,072277778
0,076277778
0,095333333
0,104666667
0,113722222
0,116388889
0,120444444
0,157944444
0,181388889
0,182444444
0,1725
0,145055556
0,113388889
0,090555556
0,088333333
0,088611111
0,088111111
0,095611111
0,102
0,103333333
0,110611111
0,127666667
0,128388889
0,123555556
0,1335
0,135388889
0,139666667
0,1225
0,094277778
0,081111111
0,075833333
0,078055556
0,081222222
0,065
0,049333333
0,039611111
0,029333333
0,021888889
0,030277778
0,0415
0,053055556
0,076333333
0,093888889
0,109444444
0,113833333
0,127666667
0,127611111
0,142722222
0,168222222
0,176611111
0,168944444
0,144277778
0,134888889
0,128777778
0,125555556
0,129
0,134
0,144722222
0,183777778
0,269111111
0,332111111
0,387388889
0,445277778
0,502722222
0,546333333
0,580777778
0,624833333
0,689055556
0,734444444
0,782444444
0,8265
0,874
0,902
0,917666667
0,923222222
0,927833333
0,928611111
0,938388889
0,902055556
0,835111111
0,711888889
0,579166667
0,474944444
0,449333333
0,502
0,577833333
0,675944444
0,739
0,709944444
0,641777778
0,532111111
0,472666667
0,381333333
0,298833333
0,214111111
0,120611111
0,066166667
0,043666667
0,055055556
0,103333333
0,198055556
0,326
0,459333333
0,544611111
0,626888889
0,713666667
0,773277778
0,827833333
0,866444444
0,905555556
0,938222222
0,950888889
0,947666667
0,919666667
0,886555556
0,834444444
0,766611111
0,721222222
0,660222222
0,532888889
0,431277778
0,352388889
0,288333333
0,285333333
0,317388889
0,336166667
0,351
0,326944444
0,3065
0,282777778
0,263055556
0,246944444
0,215666667
0,176444444
0,129222222
0,093555556
0,076111111
0,056166667
0,042944444
0,025166667
0,019611111
0,023333333
0,023611111
0,022388889
0,026166667
0,026611111
0,023166667
0,016722222
0,011833333
0,012388889
0,031944444
0,080333333
0,132888889
0,171277778
0,186555556
0,171222222
0,143222222
0,124555556
0,104944444
0,095611111
0,074277778
0,080944444
0,112388889
0,168888889
0,231555556
0,2545
0,276277778
0,293722222
0,320222222
0,3315
0,358777778
0,369388889
0,366611111
0,375944444
0,372555556
0,348
0,342444444
0,326666667
0,312555556
0,299222222
0,313
0,351666667
0,441055556
0,559944444
0,672388889
0,685222222
0,591444444
0,523833333
0,4645
0,408611111
0,394333333
0,379444444
0,3835
0,373444444
0,353333333
0,346111111
0,300444444
0,264222222
0,203611111
0,156833333
0,136222222
0,143111111
0,118222222
0,128777778
0,184444444
0,2885
0,368055556
0,414277778
0,456277778
0,5695
0,712722222
0,804222222
0,750555556
0,599111111
0,4255
0,3225
0,258833333
0,219222222
0,189166667
0,214111111
0,198611111
0,204833333
0,170333333
0,158833333
0,131333333
0,127166667
0,145777778
0,132333333
0,118722222
0,097666667
0,076944444
0,052333333
0,037277778
0,021555556
0,027
0,067
0,106388889
0,120944444
0,101888889
0,116555556
0,126777778
0,119833333
0,114888889
0,133277778
0,103277778
0,080944444
0,082666667
0,068944444
0,060111111
0,032166667
0,028555556
0,038055556
0,037666667
0,043666667
0,056611111
0,056611111
0,059166667
0,066777778
0,0695
0,077
0,072
0,075722222
0,079833333
0,067166667
0,072611111
0,079555556
0,085222222
0,090722222
0,112333333
0,125833333
0,142777778
0,152444444
0,127111111
0,100222222
0,107888889
0,123166667
0,136722222
0,160111111
0,139
0,105722222
0,08
0,069
0,048555556
0,038111111
0,040166667
0,066833333
0,124277778
0,226111111
0,385277778
0,541722222
0,552055556
0,506944444
0,492
0,494722222
0,466611111
0,465444444
0,448833333
0,444444444
0,470666667
0,507722222
0,560222222
0,611777778
0,611611111
0,590166667
0,5455
0,478444444
0,400444444
0,342388889
0,281722222
0,210111111
0,142333333
0,112666667
0,0935
0,087888889
0,080666667
0,084777778
0,094777778
0,092277778
0,092944444
0,105222222
0,121777778
0,137777778
0,148944444
0,173111111
0,195222222
0,211888889
0,240555556
0,273222222
0,296833333
0,313722222
0,3335
0,336611111
0,3295
0,310222222
0,287666667
0,274277778
0,267277778
0,250611111
0,240777778
0,227333333
0,217055556
0,204166667
0,191333333
0,171888889
0,145611111
0,121166667
0,104055556
0,081833333
0,065444444
0,050944444
0,036944444
0,025055556
0,013
0,009666667
0,008333333
0,009055556
0,011833333
0,016833333
0,025666667
0,033777778
0,039
0,043444444
0,044222222
0,0545
0,065111111
0,071833333
0,083888889
0,09
0,101055556
0,108222222
0,118
0,103444444
0,109888889
0,103888889
0,091111111
0,080666667