1953,80
1890,30
1829,10
1746,90
1689,40
1693,10
1771,50
1852,90
1896,40
1950,50
2067,10
2168,90
2208,80
2217,40
2242,10
2293,10
2506,50
2703,90
2651,70
2468,30
2290,10
2137,80
2014,20
1845,60
1729,70
1656,00
1631,20
1640,50
1679,30
1817,80
2220,60
2771,20
3064,50
3097,80
3175,70
3181,00
3075,90
3106,70
3073,30
2977,80
3118,80
3355,80
3192,50
2947,80
2728,70
2541,20
2365,10
2124,50
1952,10
1857,50
1826,80
1836,30
1870,70
2017,00
2440,60
3059,10
3315,00
3276,90
3327,50
3322,50
3226,50
3258,70
3186,80
3032,60
3151,60
3422,50
3234,00
3000,90
2741,10
2580,30
2388,80
2144,10
1976,20
1885,60
1860,40
1862,60
1904,70
2059,40
2523,80
3185,80
3413,60
3355,20
3394,60
3370,50
3258,90
3310,80
3267,60
3148,20
3254,20
3447,10
3262,10
3021,80
2791,30
2620,80
2420,40
2173,40
2000,90
1921,10
1887,40
1891,40
1930,80
2075,30
2522,50
3164,40
3406,40
3349,80
3370,80
3307,30
3128,10
3038,30
2882,60
2815,30
3010,70
3227,90
3068,80
2767,90
2507,50
2367,10
2189,90
2003,50
1858,40
1753,00
1683,50
1653,20
1653,70
1710,00
1852,90
2057,30
2288,70
2427,50
2495,80
2469,40
2385,90
2315,10
2305,60
2327,90
2579,10
2879,00
2776,20
2486,50
2280,50
2162,60
2035,40
1914,50
1786,00
1667,40
1632,50
1618,90
1614,60
1655,30
1765,90
1913,00
2066,50
2190,70
2288,70
2341,10
2314,90
2282,70
2277,20
2282,90
2519,10
2799,50
2758,80
2540,80
2380,30
2232,00
2096,70
1945,10
1835,70
1777,40
1760,90
1770,00
1826,50
1992,80
2489,70
3167,60
3402,00
3311,10
3351,30
3334,50
3231,70
3282,60
3215,20
3073,90
3177,80
3436,60
3232,30
2988,20
2744,80
2591,70
2389,70
2140,00
1982,60
1888,70
1866,90
1863,60
1899,90
2072,00
2559,90
3229,00
3409,20
3302,50
3330,30
3272,10
3149,90
3202,00
3132,80
3009,80
3142,90
3442,80
3252,20
3036,00
2806,20
2659,90
2462,00
2217,70
2028,20
1933,60
1910,10
1918,70
1966,50
2144,90
2628,30
3314,80
3496,10
3382,10
3383,50
3334,10
3218,00
3260,20
3174,60
3026,60
3187,50
3521,00
3340,50
3107,40
2876,80
2735,60
2539,00
2289,40
2112,80
2026,40
1996,00
2008,90
2050,70
2222,20
2709,50
3377,00
3550,10
3433,70
3423,40
3371,90
3245,80
3261,40
3186,20
3034,50
3168,60
3514,50
3345,30
3103,70
2864,00
2687,50
2502,10
2256,30
2087,10
2014,40
1993,20
2002,40
2046,60
2212,40
2697,10
3377,20
3562,50
3455,50
3447,70
3344,30
3153,30
3059,20
2876,90
2771,70
2953,50
3278,30
3159,10
2863,80
2598,20
2464,50
2297,30
2115,90
1968,10
1871,40
1820,00
1798,10
1808,90
1878,10
2041,10
2274,30
2490,40
2597,70
2634,10
2570,00
2440,70
2351,40
2312,30
2327,80
2579,00
2996,40
2882,40
2585,20
2367,10
2239,40
2135,90
1977,70
1834,20
1750,20
1706,60
1692,90
1694,30
1731,00
1838,40
1990,60
2165,30
2299,30
2390,80
2415,70
2353,20
2296,00
2276,60
2292,10
2507,30
2894,60
2846,50
2637,80
2462,80
2310,90
2178,80
2029,00
1920,40
1862,70
1857,70
1875,70
1923,40
2099,50
2616,90
3309,30
3525,80
3460,90
3510,90
3503,20
3366,80
3417,70
3363,00
3196,90
3293,60
3573,00
3371,90
3130,00
2903,80
2743,30
2534,40
2289,60
2137,90
2036,80
2011,70
2022,00
2065,40
2234,00
2724,20
3400,30
3596,10
3531,90
3595,50
3579,80
3446,90
3504,30
3443,90
3277,40
3354,90
3629,60
3421,30
3175,90
2963,80
2801,90
2597,70
2366,90
2202,50
2108,30
2081,90
2087,10
2129,10
2306,90
2804,20
3434,00
3604,90
3522,00
3544,50
3503,10
3390,20
3432,60
3326,10
3166,70
3244,80
3573,90
3392,40
3163,30
2944,90
2783,80
2572,20
2313,70
2125,00
2038,70
1999,50
2005,90
2060,90
2262,20
2751,40
3436,30
3590,00
3518,20
3569,30
3548,30
3435,60
3474,30
3384,40
3206,40
3274,60
3561,40
3383,00
3140,80
2928,60
2759,80
2552,50
2292,90
2134,70
2046,60
2003,40
2004,60
2053,70
2243,60
2741,80
3402,50
3585,30
3519,30
3547,60
3506,50
3330,10
3234,60
3047,30
2914,80
3028,40
3287,90
3154,90
2854,20
2608,50
2463,70
2302,00
2112,30
1969,70
1847,50
1785,00
1766,00
1770,00
1830,30
1985,70
2217,10
2452,10
2604,90
2667,50
2657,90
2559,40
2494,00
2451,10
2451,00
2633,20
2958,50
2852,00
2559,10
2354,00
2237,00
2115,60
1979,20
1834,80
1742,90
1713,30
1687,70
1684,00
1715,50
1832,30
1987,50
2138,30
2256,20
2331,10
2358,80
2326,00
2315,70
2309,90
2327,60
2518,10
2850,00
2829,70
2607,20
2437,10
2300,60
2164,30
2015,60
1899,30
1852,20
1846,50
1853,20
1913,10
2090,60
2592,20
3289,10
3479,90
3420,60
3478,20
3457,20
3345,00
3394,00
3346,60
3206,40
3283,10
3536,80
3345,80
3127,60
2900,40
2736,30
2524,20
2296,20
2132,50
2056,60
2030,20
2030,40
2086,40
2241,70
2692,70
3343,10
3533,80
3453,00
3512,10
3496,00
3391,00
3440,50
3369,90
3209,60
3262,40
3520,30
3319,30
3068,60
2847,00
2671,30
2480,30
2250,80
2101,90
2042,50
2034,00
2049,10
2105,60
2265,10
2693,70
3333,60
3552,00
3471,40
3488,20
3422,80
3319,30
3363,50
3268,70
3099,90
3127,90
3441,70
3283,70
3043,30
2815,10
2663,00
2475,30
2225,00
2057,80
1963,10
1933,40
1938,50
1980,60
2147,10
2629,70
3299,50
3458,00
3401,30
3426,90
3386,10
3252,80
3285,30
3217,90
3085,40
3148,60
3442,20
3275,90
3036,00
2823,70
2667,20
2461,00
2219,80
2040,80
1941,00
1908,80
1902,00
1940,20
2104,20
2584,30
3263,50
3441,10
3365,40
3399,90
3363,00
3194,60
3109,70
2931,20
2805,70
2897,90
3175,70
3073,20
2773,90
2520,90
2365,40
2197,40
2019,00
1845,20
1742,80
1689,70
1674,20
1685,50
1749,90
1908,20
2132,00
2320,50
2455,30
2500,60
2466,40
2354,30
2292,20
2231,20
2228,80
2401,60
2839,90
2774,40
2476,50
2264,80
2149,50
2050,50
1911,30
1771,00
1683,50
1636,00
1615,70
1610,30
1655,10
1785,80
1919,20
2069,60
2198,60
2302,00
2356,80
2310,30
2268,40
2242,70
2251,10
2406,00
2786,30
2762,70
2556,60
2380,60
2242,40
2110,30
1965,70
1856,40
1806,60
1802,90
1810,80
1862,00
2040,40
2542,00
3246,30
3428,90
3377,60
3406,70
3401,40
3281,80
3315,90
3267,80
3075,30
3096,30
3443,30
3290,20
3054,80
2827,10
2674,90
2454,90
2212,60
2037,70
1938,50
1917,20
1917,70
1967,90
2133,20
2612,30
3302,90
3452,90
3397,80
3425,50
3386,20
3240,80
3279,20
3196,90
3015,60
3017,90
3385,10
3250,80
3024,00
2836,90
2668,80
2461,10
2228,60
2023,30
1947,80
1920,90
1918,50
1971,20
2148,60
2637,90
3317,20
3441,60
3400,40
3442,60
3415,50
3269,30
3300,50
3226,40
3056,40
3067,60
3402,30
3278,50
3065,20
2879,80
2704,90
2503,90
2249,40
2043,50
1962,10
1942,10
1951,90
2000,90
2181,20
2675,60
3325,80
3453,80
3389,70
3430,10
3412,30
3294,70
3318,30
3241,90
3083,60
3099,80
3426,30
3323,60
3108,00
2875,30
2710,70
2510,70
2272,00
2116,50
2069,50
2050,40
2054,70
2099,70
2284,10
2739,60
3393,50
3516,00
3456,40
3470,80
3406,30
3212,70
3106,60
2912,90
2790,90
2867,00
3233,50
3221,00
2946,00
2697,20
2544,70
2373,50
2197,90
2061,10
1986,80
1947,20
1929,30
1936,10
1992,20
2150,70
2396,60
2577,90
2709,20
2762,30
2751,20
2686,30
2643,90
2620,40
2615,20
2711,20
3079,40
3072,10
2785,30
2600,20
2472,30
2346,10
2190,60
2056,10
1961,30
1918,60
1895,20
1896,50
1939,30
2051,90
2212,80
2347,10
2455,70
2510,70
2526,10
2459,90
2404,10
2386,40
2380,80
2533,80
2976,30
3024,90
2845,50
2688,00
2545,10
2400,10
2262,40
2147,20
2090,70
2082,60
2101,10
2170,20
2350,30
2832,90
3437,30
3606,00
3621,00
3684,70
3659,10
3506,60
3511,70
3441,50
3249,10
3229,50
3554,10
3430,90
3187,70
2959,60
2779,30
2546,20
2338,50
2181,80
2105,00
2081,40
2088,30
2140,80
2293,40
2727,60
3351,30
3488,10
3454,70
3510,50
3522,00
3461,90
3481,90
3410,90
3220,60
3191,00
3482,50
3370,80
3133,50
2906,10
2741,90
2541,80
2316,60
2161,00
2069,70
2040,70
2046,40
2085,20
2246,20
2684,00
3291,70
3403,90
3377,40
3400,40
3369,60
3261,30
3304,80
3234,60
3067,80
3072,00
3350,10
3263,80
3031,70
2812,60
2654,50
2455,40
2206,80
2048,40
1980,50
1945,10
1940,00
1986,50
2143,90
2610,20
3288,40
3449,70
3403,80
3456,40
3457,20
3302,60
3342,00
3264,40
3091,60
3087,30
3379,30
3287,70
3031,10
2814,70
2643,50
2448,70
2210,60
2065,70
1997,30
1972,60
1977,90
2024,10
2186,90
2651,10
3293,10
3403,30
3333,70
3348,50
3281,50
3098,60
3007,10
2819,40
2666,70
2682,80
3015,90
3098,50
2814,20
2567,30
2414,90
2243,20
2083,20
1965,00
1878,60
1829,40
1815,10
1825,50
1860,80
2019,40
2243,50
2418,00
2533,80
2560,60
2524,10
2429,90
2376,20
2347,30
2317,20
2437,60
2798,60
2840,40
2584,40
2412,30
2304,80
2174,30
2041,60
1921,50
1843,80
1806,40
1795,90
1807,20
1847,90
1968,30
2128,00
2264,20
2390,10
2477,40
2558,00
2511,40
2464,40
2434,20
2400,00
2492,30
2802,70
2800,40
2597,60
2442,50
2303,80
2178,90
2047,00
1945,70
1915,20
1887,90
1894,50
1937,00
2087,30
2504,50
3099,00
3256,60
3277,40
3348,60
3329,60
3201,00
3220,30
3142,10
2951,80
2907,10
3165,30
3171,60
2960,70
2744,20
2612,40
2422,10
2208,70
2051,50
1968,50
1943,50
1955,20
2003,00
2162,60
2560,30
3109,60
3233,10
3208,60
3240,50
3198,20
3036,20
3060,10
2978,90
2789,20
2758,20
3112,50
3148,10
2940,10
2740,80
2578,90
2394,40
2168,70
1997,80
1926,80
1896,50
1907,00
1957,10
2114,50
2539,30
3109,60
3272,50
3260,10
3326,90
3284,10
3133,90
3153,30
3062,60
2871,50
2848,90
3142,10
3188,20
2983,80
2772,60
2585,10
2412,40
2190,40
2021,40
1943,00
1911,70
1926,60
1974,20
2129,50
2563,30
3136,50
3278,30
3257,10
3316,30
3282,10
3119,10
3144,30
3043,60
2853,60
2835,30
3119,20
3191,00
2954,30
2746,60
2596,20
2398,90
2147,40
1991,80
1919,60
1881,70
1884,40
1924,80
2078,90
2501,60
3074,30
3228,10
3244,10
3301,10
3259,30
3089,60
2980,10
2797,80
2657,20
2670,40
2922,10
2992,60
2729,30
2475,00
2337,40
2180,60
2025,20
1900,70
1823,50
1766,10
1744,50
1753,30
1828,60
1972,30
2163,20
2316,60
2439,90
2499,00
2480,80
2399,10
2345,60
2311,40
2307,20
2433,30
2718,20
2777,70
2501,90
2305,80
2225,10
2123,30
2000,40
1868,80
1778,60
1731,90
1711,20
1712,10
1759,00
1864,40
1975,40
2087,00
2180,70
2235,70
2216,60
2134,90
2065,90
2025,90
2011,10
2101,90
2426,70
2671,30
2499,70
2334,10
2194,40
2071,90
1949,70
1824,00
1777,80
1771,50
1798,80
1863,10
2026,80
2522,60
3106,10
3281,70
3270,70
3346,70
3321,80
3184,10
3217,90
3137,70
2941,50
2877,80
3155,30
3182,50
2987,30
2793,60
2652,50
2458,00
2231,10
2049,20
1970,40
1946,30
1956,20
2002,80
2167,70
2595,10
3141,10
3276,50
3227,00
3279,40
3265,20
3137,30
3171,50
3118,70
2955,60
2956,90
3226,20
3212,60
3019,30
2829,20
2694,60
2511,00
2270,80
2113,30
2027,20
1994,10
2003,10
2040,00
2211,70
2646,70
3148,90
3251,50
3208,10
3257,00
3231,70
3117,10
3158,80
3093,10
2943,00
2906,80
3128,20
3196,50
3018,90
2825,40
2668,00
2468,20
2250,20
2105,70
2030,40
2007,90
2014,00
2054,80
2222,50
2643,30
3156,30
3265,80
3223,20
3252,60
3236,90
3096,10
3111,20
3037,00
2850,90
2830,80
3090,10
3214,70
3034,50
2805,00
2601,10
2416,60
2180,30
2050,50
1985,80
1963,90
1978,80
2021,40
2182,80
2626,00
3167,80
3326,50
3281,70
3313,70
3247,40
3063,80
2963,70
2781,20
2630,10
2654,00
2899,30
3082,50
2849,80
2624,20
2471,50
2314,80
2171,60
2029,60
1932,20
1883,00
1861,30
1870,00
1922,80
2068,50
2239,30
2434,90
2561,10
2597,50
2580,80
2488,50
2418,60
2358,50
2341,70
2435,10
2713,50
2830,30
2579,50
2387,10
2248,40
2118,10
1973,90
1897,30
1818,00
1784,70
1766,70
1765,00
1808,90
1930,60
2039,20
2187,30
2275,00
2294,70
2287,10
2226,60
2179,40
2150,00
2139,40
2237,60
2521,70
2755,90
2605,70
2447,30
2304,50
2169,30
2034,60
1948,70
1923,50
1916,60
1936,20
1993,90
2177,50
2676,40
3201,80
3342,90
3286,10
3313,40
3279,40
3141,80
3180,30
3110,80
2928,40
2858,70
3117,40
3234,60
3060,00
2838,20
2677,80
2475,60
2243,20
2089,10
2025,40
2011,30
2024,20
2090,00
2253,10
2734,50
3273,90
3405,50
3373,90
3390,80
3327,30
3185,50
3218,30
3141,30
2977,00
2942,90
3198,70
3228,80
3057,00
2848,00
2678,40
2488,70
2253,40
2096,70
2010,20
1995,10
1995,10
2050,10
2229,20
2706,10
3238,10
3378,40
3326,10
3357,40
3345,10
3240,40
3286,30
3225,00
3048,10
3026,50
3231,10
3258,90
3081,00
2879,90
2709,60
2501,00
2280,70
2096,70
2010,20
1995,10
1995,10
2050,10
2229,20
2706,10
3238,10
3378,40
3326,10
3357,40
3345,10
3240,40
3286,30
3225,00
3048,10
3026,50
3231,10
3258,90
3081,00
2879,90
2709,60
2501,00
2280,70
2135,30
2085,20
2056,60
2064,10
2125,80
2304,20
2772,00
3259,40
3430,10
3383,00
3416,30
3392,50
3277,20
3297,20
3227,90
3050,00
3027,40
3239,10
3309,30
3145,90
2898,60
2728,00
2515,00
2287,50
2171,40
2093,90
2081,10
2087,70
2130,90
2297,40
2753,90
3264,90
3424,00
3397,20
3403,10
3336,50
3148,60
3042,00
2845,90
2705,00
2727,70
2946,50
3082,40
2879,90
2629,30
2472,10
2322,70
2147,30
2034,00
1959,20
1926,60
1912,00
1921,30
1981,20
2136,90
2308,80
2512,30
2587,60
2580,80
2511,10
2418,70
2366,40
2317,10
2275,10
2345,10
2569,00
2731,40
2565,80
2408,60
2289,40
2170,20
2074,50
1971,30
1895,70
1865,50
1857,70
1866,20
1911,00
2014,50
2120,10
2267,10
2351,90
2378,80
2354,30
2280,60
2214,60
2168,80
2149,10
2253,50
2530,20
2733,00
2640,50
2542,20
2418,60
2265,40
2137,10
2058,50
2009,90
2009,10
2019,60
2082,60
2259,70
2704,40
3224,60
3381,60
3316,40
3318,10
3253,80
3107,70
3111,40
3057,80
2875,40
2856,50
3038,80
3130,50
3036,70
2828,90
2694,50
2476,50
2256,50
2152,40
2098,40
2093,00
2103,80
2145,20
2310,20
2740,60
3208,50
3338,30
3269,30
3294,70
3256,10
3112,30
3153,30
3080,50
2886,80
2838,50
3029,10
3105,40
3028,90
2830,80
2653,80
2458,00
2245,60
2091,30
2064,20
2050,50
2070,50
2114,60
2302,50
2716,60
3181,40
3306,00
3256,20
3299,20
3290,70
3177,80
3205,00
3150,00
2995,20
2988,50
3191,10
3184,60
3052,50
2833,10
2655,00
2447,80
2238,10
2116,60
2046,10
2021,70
2031,90
2077,70
2240,70
2673,20
3160,30
3323,50
3280,30
3352,40
3324,30
3206,90
3234,00
3161,80
2994,00
2984,20
3174,60
3185,40
3022,60
2775,60
2649,80
2447,00
2227,10
2094,80
2026,10
2003,90
2011,00
2049,60
2206,90
2645,90
3141,50
3305,90
3280,00
3335,00
3275,90
3083,60
2987,10
2810,40
2695,10
2712,60
2889,20
2906,70
2710,40
2463,10
2310,20
2166,20
2001,50
1889,30
1793,70
1744,30
1720,00
1720,40
1783,30
1919,40
2081,50
2305,50
2445,20
2445,80
2414,20
2352,00
2277,10
2227,60
2214,10
2305,70
2524,20
2600,60
2417,70
2266,50
2155,00
2036,40
1897,20
1752,10
1670,30
1622,10
1603,50
1606,50
1643,20
1732,20
1832,60
2021,90
2146,70
2200,50
2200,90
2160,10
2139,50
2121,30
2105,50
2198,40
2445,80
2579,00
2484,10
2319,50
2206,90
2051,70
1925,10
1812,30
1774,20
1779,70
1809,20
1887,10
2100,60
2577,70
3072,00
3227,40
3230,00
3308,00
3307,30
3213,50
3248,20
3173,40
2968,80
2899,40
3056,60
3021,70
2942,00
2735,20
2586,30
2386,00
2169,20
2042,60
1954,80
1941,60
1948,30
2003,00
2178,40
2597,60
3091,60
3255,30
3223,10
3266,60
3233,20
3125,80
3165,00
3092,10
2929,70
2954,40
3135,90
3092,40
2975,00
2764,30
2579,70
2389,40
2165,80
2049,40
1982,40
1950,90
1959,10
2007,40
2186,80
2615,20
3116,20
3265,30
3210,90
3236,20
3202,10
3109,80
3147,60
3083,00
2929,50
2905,20
3080,90
3074,30
2966,30
2790,60
2622,70
2413,40
2209,20
2062,00
1972,80
1947,90
1952,20
2005,90
2189,70
2604,50
3069,30
3192,10
3137,40
3180,00
3164,10
3010,50
3047,30
2961,80
2769,10
2732,60
2901,20
2926,90
2917,70
2719,10
2563,50
2379,70
2183,90
2062,70
1971,20
1948,10
1959,30
1996,70
2184,00
2580,00
3026,30
3173,00
3148,30
3173,60
3129,60
2957,60
2877,70
2692,20
2551,70
2560,10
2721,20
2753,60
2703,60
2479,10
2324,60
2195,00
2045,80
1942,50
1841,90
1799,10
1791,40
1803,50
1836,70
1942,50
2124,00
2335,30
2416,30
2442,00
2425,20
2367,10
2314,20
2277,60
2259,00
2351,60
2560,80
2627,10
2519,10
2340,50
2226,30
2102,70
1966,90
1855,10
1773,30
1728,00
1714,20
1712,00
1730,60
1813,10
1944,50
2111,60
2234,00
2310,70
2336,90
2270,70
2219,60
2200,60
2211,60
2310,90
2530,90
2623,20
2667,90
2496,00
2389,50
2243,70
2099,90
2005,20
1971,30
1978,70
2003,20
2057,10
2254,30
2664,40
3202,00
3403,80
3421,80
3483,10
3462,90
3321,60
3339,90
3248,00
3063,50
3014,10
3154,30
3077,20
3070,70
2853,40
2697,90
2498,40
2285,40
2157,00
2095,00
2081,20
2094,40
2146,00
2314,50
2689,00
3169,90
3320,50
3234,60
3254,50
3216,50
3086,30
3117,50
3057,90
2883,30
2818,70
2993,60
2935,90
2984,10
2806,10
2634,90
2479,20
2275,80
2132,60
2067,80
2052,70
2071,00
2125,60
2305,30
2664,30
3147,30
3291,20
3223,40
3251,50
3201,80
3080,60
3100,30
3031,20
2864,40
2809,90
2971,60
2927,20
2950,80
2790,30
2643,20
2446,80
2230,00
2112,10
2044,60
2032,60
2053,20
2111,40
2278,20
2643,00
3118,80
3284,60
3253,30
3284,60
3258,90
3117,60
3144,70
3070,80
2903,20
2871,60
3021,00
2951,70
2979,70
2806,30
2654,80
2466,80
2248,20
2099,40
2029,60
2012,10
2014,10
2059,10
2228,70
2586,00
3094,90
3258,40
3238,10
3267,10
3236,70
3065,60
2987,40
2827,20
2683,70
2696,30
2877,60
2890,50
2803,90
2568,00
2408,10
2254,40
2096,20
1962,30
1877,50
1829,30
1810,10
1821,30
1876,00
1971,50
2199,60
2391,90
2501,40
2527,50
2493,80
2397,20
2315,90
2262,50
2231,00
2312,80
2559,60
2610,70
2534,50
2366,80
2232,40
2101,00
1959,40
1867,50
1793,10
0,00
1754,30
1748,40
1768,20
1846,00
1903,80
2048,70
2175,60
2277,90
2320,50
2266,50
2204,00
2162,40
2118,10
2169,00
2369,70
2430,80
2362,50
2410,90
2355,90
2236,30
2095,60
1981,30
1926,80
1918,40
1936,00
1986,30
2151,00
2615,80
3167,50
3339,50
3322,80
3363,90
3289,90
3144,20
3163,10
3085,20
2900,00
2808,80
2947,50
2833,50
2722,50
2746,50
2644,10
2477,80
2284,30
2135,00
2048,90
2022,10
2042,30
2094,00
2259,90
2711,10
3199,20
3332,30
3284,30
3307,30
3257,30
3141,10
3167,70
3067,80
2928,70
2875,00
3000,10
2876,90
2765,50
2791,30
2674,40
2504,10
2287,20
2137,10
2048,00
2019,40
2026,40
2083,70
2259,50
2716,40
3221,80
3377,00
3353,30
3391,70
3349,40
3210,90
3230,80
3150,00
2961,60
2900,00
3044,70
2916,10
2792,30
2797,20
2695,00
2531,70
2321,30
2164,70
2081,40
2063,00
2073,10
2115,20
2268,60
2713,70
3255,40
3425,70
3427,10
3498,30
3481,00
3385,10
3425,20
3313,20
3118,90
3043,60
3179,40
3053,40
2933,00
2834,10
2682,90
2472,80
2244,20
2113,00
2022,70
1989,60
1983,60
2029,70
2191,00
2646,60
3135,10
3294,20
3243,70
3272,10
3204,40
3015,10
2929,80
2756,40
2626,70
2604,30
2725,20
2696,80
2541,80
2486,50
2355,00
2202,60
2045,90
1898,90
1794,50
1742,60
1719,30
1731,60
1781,60
1915,90
2086,20
2308,10
2422,10
2439,90
2390,50
2305,10
2242,60
2195,00
2199,90
2289,20
2508,00
2490,60
2341,50
2319,60
2198,30
2056,50
1911,00
1802,00
1707,30
1649,30
1624,00
1619,80
1657,00
1739,30
1834,10
2019,20
2150,50
2205,10
2213,90
2144,30
2081,90
2027,80
1971,40
2023,50
2239,00
2307,30
2212,50
2242,50
2213,30
2081,10
1924,10
1832,20
1790,80
1776,00
1786,90
1848,00
2053,00
2512,50
2984,10
3168,40
3165,20
3201,20
3158,50
3032,00
3055,10
2975,60
2760,20
2666,40
2798,20
2684,40
2562,50
2570,90
2501,40
2315,70
2147,90
1978,00
1895,00
1868,20
1874,70
1909,10
2082,20
2446,00
2916,60
3084,80
3099,20
3182,50
3179,90
3061,70
3066,00
2979,80
2798,70
2754,80
2820,10
2673,10
2539,90
2558,30
2493,60
2313,60
2099,60
1979,20
1907,80
1880,00
1887,00
1934,70
2091,10
2475,00
2974,10
3147,10
3135,30
3190,70
3159,40
3022,30
3062,90
2983,60
2789,70
2732,00
2894,20
2822,30
2750,80
2686,00
2526,50
2330,00
2145,70
2031,90
1950,10
1907,80
1910,70
1976,20
2138,10
2570,00
3070,00
3273,70
3223,70
3259,40
3220,40
3097,20
3139,10
3073,00
2871,80
2796,70
2904,20
2784,40
2636,60
2615,90
2558,80
2369,60
2128,10
1969,60
1909,20
1871,30
1878,40
1930,20
2065,80
2517,20
2988,80
3183,60
3179,50
3217,60
3180,20
3020,10
2961,40
2778,30
2624,80
2628,70
2748,00
2703,00
2513,50
2436,30
2273,00
2104,30
1961,80
1838,30
1746,50
1680,10
1655,10
1655,70
1692,60
1827,00
2016,40
2238,30
2370,00
2422,20
2403,50
2331,80
2291,50
2252,80
2235,00
2297,90
2484,60
2453,50
2278,70
2232,60
2150,80
2029,90
1892,10
1763,50
1669,80
1625,20
1610,50
1611,10
1632,20
1711,30
1820,30
2002,00
2140,10
2216,30
2228,00
2169,90
2109,20
2070,20
2042,20
2113,50
2324,40
2367,40
2242,20
2218,20
2237,20
2120,10
1990,90
1883,10
1828,30
1814,60
1825,90
1868,00
2047,00
2374,00
2811,00
3050,10
3094,40
3136,20
3090,90
2954,30
2962,40
2875,70
2683,90
2613,00
2743,50
2683,40
2574,00
2534,20
2497,10
2322,50
2118,70
1974,70
1894,70
1862,20
1875,40
1913,00
2068,70
2365,30
2838,10
3101,10
3133,10
3187,60
3136,10
3011,60
3041,00
2966,60
2788,20
2737,60
2850,90
2781,20
2689,20
2608,20
2539,40
2365,50
2136,90
1975,50
1873,70
1854,70
1850,80
1890,40
2063,10
2341,20
2807,00
3031,60
3068,20
3095,70
3036,70
2884,00
2876,10
2754,60
2576,70
2511,30
2625,80
2580,60
2430,90
2357,50
2339,30
2153,50
1967,80
1840,00
1748,00
1701,90
1687,10
1704,00
1756,90
1798,00
1936,00
2121,10
2260,70
2317,90
2318,40
2227,50
2152,90
2114,90
2093,40
2148,90
2335,90
2316,40
2159,00
2096,20
2115,40
2003,40
1888,10
1796,50
1714,30
1677,10
1669,60
1683,20
1738,50
1793,70
1931,40
2115,40
2240,30
2287,30
2279,30
2191,50
2117,80
2062,70
2012,50
2052,40
2238,30
2231,20
2087,70
2067,60
2117,60
2003,00
1873,30
1757,70
1676,80
1648,10
1647,70
1669,50
1714,80
1770,70
1933,50
2115,20
2209,00
2213,70
2176,30
2109,50
2048,80
2013,00
1993,60
2059,40
2260,50
2287,90
2144,00
2096,90
2098,00
2001,90
1866,20
1739,10
1654,10
1618,20
1606,20
1613,00
1647,60
1686,50
1812,80
1993,50
2110,80
2168,50
2189,00
2116,70
2047,20
2025,90
2005,20
2079,00
2255,00
2249,00
2121,40
2076,60
2075,90
1945,90
1815,50
1680,20
1607,30
1566,80
1559,30
1567,70
1618,60
1687,20
1832,80
2021,20
2167,10
2232,20
2241,00
2166,20
2104,40
2058,70
2019,00
2078,90
2302,00
2314,80
2214,40
2175,60
2174,90
2045,30
1891,90
1794,70
1749,30
1738,00
1745,00
1796,10
1990,70
2363,60
2901,10
3116,90
3112,60
3167,80
3137,10
3016,80
3025,50
2960,20
2816,30
2755,80
2921,00
2836,90
2689,20
2602,80
2554,80
2364,80
2147,30
1994,50
1921,30
1881,30
1886,10
1923,20
2082,20
2449,50
2966,70
3156,70
3133,20
3180,60
3156,60
3034,20
3053,90
2977,40
2795,70
2712,20
2860,40
2744,80
2577,50
2494,30
2496,50
2335,90
2138,90
1965,70
1903,10
1896,90
1909,20
1962,00
2101,90
2429,20
2940,10
3107,50
3096,30
3140,80
3116,90
3013,60
3043,20
2944,20
2787,00
2714,20
2837,10
2724,70
2572,70
2495,40
2532,80
2360,50
2125,00
1976,90
1919,50
1890,30
1892,80
1929,70
2081,40
2447,30
2949,20
3127,90
3104,00
3138,00
3081,70
2916,80
2818,50
2627,20
2473,20
2436,40
2565,80
2517,40
2319,40
2196,80
2207,60
2099,80
1962,70
1848,70
1755,30
1708,90
1696,80
1704,80
1743,00
1828,40
2036,30
2240,40
2349,00
2352,60
2300,30
2215,30
2130,40
2072,20
2028,50
2063,70
2244,20
2257,10
2063,10
1971,80
2018,60
1938,20
1817,80
1695,60
1623,60
1586,40
1577,00
1578,80
1590,00
1636,70
1770,20
1947,90
2065,50
2109,00
2083,10
2018,20
1950,40
1900,10
1857,30
1920,20
2144,40
2187,90
2081,70
1987,20
2093,60
2002,70
1883,20
1739,00
1702,20
1715,90
1738,30
1786,40
1930,40
2304,10
2859,50
3073,80
3081,90
3142,40
3135,70
3027,00
3075,30
3026,00
2829,10
2777,30
2932,30
2807,30
2648,30
2533,10
2487,60
2297,40
2089,80
1929,60
1845,20
1818,00
1822,10
1868,60
2037,50
2384,90
2905,60
3082,70
3065,30
3098,20
3053,80
2920,50
2953,90
2873,60
2676,40
2587,70
2707,60
2583,40
2431,30
2328,20
2402,20
2247,90
2018,70
1885,80
1818,90
1795,80
1797,20
1836,90
2000,60
2409,50
2929,10
3113,70
3099,10
3150,30
3117,90
2988,80
3037,80
2978,90
2817,00
2787,40
2965,10
2826,40
2640,00
2512,90
2459,20
2277,00
2049,60
1873,80
1814,30
1788,60
1783,80
1834,90
1985,50
2339,20
2848,80
3053,90
3034,30
3083,10
3072,00
2961,00
3001,40
2935,80
2767,00
2699,50
2828,50
2729,20
2555,30
2434,90
2448,70
2298,20
2065,70
1878,20
1797,30
1757,10
1765,20
1808,00
1972,30
2333,70
2900,20
3097,60
3097,10
3131,80
3073,60
2907,60
2820,20
2618,90
2477,40
2431,40
2551,50
2488,10
2285,80
2124,70
2137,50
2023,20
1858,90
1743,80
1653,10
1604,20
1591,60
1599,30
1625,30
1724,60
1914,00
2120,10
2236,20
2252,70
2207,60
2123,50
2063,10
2024,90
2029,90
2122,40
2328,70
2347,60
2163,20
2049,40
2019,90
1924,60
1785,30
1632,80
1582,30
1546,00
1535,00
1515,20
1498,30
1558,20
1719,00
1898,60
2011,60
2045,30
2036,40
1967,30
1916,20
1875,50
1837,00
1862,20
2036,20
2079,40
1953,30
1904,40
1962,60
1883,60
1736,20
1629,70
1582,80
1586,30
1601,60
1649,90
1793,90
2131,30
2651,00
2853,60
2866,20
2907,80
2879,50
2760,80
2775,60
2717,70
2569,10
2499,80
2638,20
2531,10
2357,60
2204,60
2216,70
2087,40
1890,90
1730,40
1648,40
1622,60
1623,80
1650,20
1733,10
1958,60
2316,90
2498,90
2520,70
2517,40
2477,30
2356,00
2297,60
2252,30
2194,90
2203,60
2354,90
2283,80
2134,90
2033,70
2088,80
2049,90
1886,90
1781,20
1724,00
1708,50
1720,80
1775,10
1885,20
2235,40
2764,60
2948,40
2940,10
2988,60
2973,70
2859,50
2876,40
2779,90
2577,80
2506,70
2630,40
2528,70
2399,20
2276,60
2285,00
2239,60
2025,10
1870,10
1788,40
1763,50
1770,70
1816,40
1921,30
2284,30
2776,80
3005,10
2986,10
3017,00
2990,80
2891,90
2911,80
2829,80
2658,10
2595,10
2751,50
2657,60
2535,10
2439,90
2417,60
2254,10
2034,50
1876,60
1814,20
1788,10
1784,30
1825,70
1963,50
2333,50
2845,30
3072,00
3033,30
3093,80
3043,00
2858,00
2734,40
2543,30
2401,80
2369,50
2488,60
2442,00
2240,00
2066,60
2050,60
2024,80
1872,20
1728,90
1631,90
1592,60
1578,50
1593,70
1608,20
1726,30
1941,60
2137,00
2239,40
2238,90
2199,60
2115,30
2066,20
2027,90
1977,90
2011,40
2175,90
2190,30
2001,40
1880,10
1884,70
1876,20
1749,10
1621,00
1548,50
1513,90
1503,40
1504,20
1474,80
1544,30
1695,50
1868,60
1975,20
2007,90
1993,90
1919,50
1865,80
1821,70
1802,00
1857,40
2066,90
2089,00
1974,90
1916,10
1941,30
1936,60
1815,20
1720,90
1669,90
1668,50
1686,60
1728,00
1854,50
2234,80
2786,00
2974,60
2977,50
3034,20
3034,00
2904,90
2948,00
2887,80
2685,00
2585,90
2725,20
2603,80
2450,70
2325,70
2307,10
2228,10
2030,40
1858,30
1780,30
1752,90
1766,50
1814,80
1944,50
2279,60
2823,20
3018,20
3012,50
3073,00
3034,50
2908,30
2931,70
2831,50
2633,50
2535,20
2637,90
2521,70
2377,80
2247,70
2244,60
2205,90
2003,60
1848,90
1777,20
1760,50
1760,90
1804,30
1902,50
2252,00
2773,30
2952,70
2969,00
3049,00
3018,80
2894,10
2911,40
2799,70
2584,70
2506,70
2608,00
2508,40
2359,70
2243,00
2238,70
2211,50
1989,10
1834,40
1751,50
1732,90
1747,20
1789,40
1876,90
2225,40
2741,30
2924,90
2926,50
2985,20
2963,50
2848,80
2854,40
2718,00
2532,80
2454,90
2514,80
2446,80
2301,50
2162,40
2128,10
2069,50
1842,00
1659,10
1567,10
1518,70
1503,30
1504,80
1489,40
1574,30
1766,40
1981,40
2094,50
2101,30
2072,30
1986,00
1901,30
1817,30
1782,00
1822,90
1972,10
1976,00
1849,30
1754,00
1747,90
1782,70
1665,90
1549,50
1473,10
1430,30
1421,80
1414,70
1403,70
1516,30
1706,50
1928,60
2031,30
2039,80
2007,50
1941,80
1891,30
1843,40
1810,00
1837,30
1977,00
1991,80
1853,20
1764,80
1733,20
1756,30
1667,40
1558,00
1438,20
1375,70
1361,10
1347,60
1317,60
1390,50
1536,60
1701,30
1808,10
1836,00
1823,60
1774,10
1740,30
1704,00
1684,10
1739,70
1914,10
1953,10
1858,10
1809,70
1811,80
1847,20
1717,90
1643,40
1603,90
1593,40
1611,30
1642,80
1740,70
2119,60
2643,50
2900,20
2910,40
2982,90
2965,00
2870,00
2928,30
2825,10
2619,70
2493,80
2599,20
2505,80
2351,10
2227,40
2183,20
2188,90
2003,00
1851,60
1765,20
1722,00
1730,50
1758,60
1851,80
2189,20
2724,90
2933,70
2926,50
3004,60
3003,40
2906,60
2977,50
2903,70
2703,70
2620,10
2754,30
2616,70
2426,40
2287,80
2257,00
2192,00
1993,70
1862,40
1790,30
1754,70
1752,80
1783,30
1857,90
2199,90
2715,70
2945,00
2985,40
3061,30
3062,80
2978,40
3010,20
2921,50
2703,50
2611,80
2730,70
2598,80
2437,70
2312,20
2248,90
2204,70
2002,80
1840,70
1746,30
1706,70
1707,80
1736,80
1848,80
2230,70
2741,90
2971,60
2998,60
3060,20
3040,60
2921,20
2957,30
2876,80
2692,70
2599,80
2703,70
2605,70
2460,10
2322,90
2270,70
2171,70
1955,80
1817,10
1740,80
1707,70
1702,30
1744,10
1847,40
2239,20
2783,40
2982,70
2991,40
3041,80
3000,00
2810,80
2715,00
2533,10
2383,90
2388,00
2525,10
2453,20
2252,20
2074,90
2006,30
1967,10
1832,20
1716,70
1640,40
1609,00
1578,40
1556,20
1545,80
1661,40
1865,50
2061,80
2173,60
2203,70
2184,20
2092,50
2015,50
1960,20
1917,00
1941,80
2096,70
2091,90
1911,90
1792,70
1714,00
1756,30
1660,30
1577,80
1499,30
1450,40
1430,80
1387,50
1351,80
1427,00
1566,90
1752,30
1880,00
1938,20
1948,00
1905,60
1858,10
1845,50
1823,80
1880,60
2081,30
2102,00
1969,50
1898,30
1872,00
1871,90
1784,30
1687,20
1622,90
1601,70
1610,10
1642,90
1745,30
2143,20
2685,80
2907,90
2924,40
2987,90
2973,20
2876,20
2909,50
2825,70
2597,70
2508,30
2630,70
2523,10
2357,70
2217,90
2164,10
2141,70
1958,20
1822,10
1751,40
1725,10
1727,00
1753,30
1864,00
2222,40
2710,90
2937,50
2954,00
2996,60
2967,90
2876,70
2915,20
2826,60
2643,50
2517,10
2640,90
2531,00
2374,70
2216,70
2176,20
2164,40
2000,40
1839,60
1765,70
1743,70
1744,50
1748,00
1843,80
2201,50
2715,30
2943,30
2930,80
2972,10
2941,80
2839,50
2848,20
2752,60
2538,40
2419,00
2521,10
2433,30
2287,50
2149,10
2056,40
2029,10
1883,00
1737,60
1641,90
1599,70
1577,90
1549,80
1536,60
1629,10
1775,50
1945,60
2032,10
2073,90
2067,90
1986,50
1928,10
1887,10
1837,50
1861,60
2028,00
2044,90
1897,80
1802,30
1762,90
1800,40
1721,90
1625,50
1548,50
1497,10
1487,50
1468,80
1548,80
1751,00
1992,70
2206,40
2296,40
2323,10
2294,50
2208,10
2169,60
2132,90
2096,10
2095,30
2218,00
2194,40
2040,20
1895,90
1832,20
1839,80
1777,20
1647,20
1553,10
1499,70
1474,10
1445,10
1438,90
1542,20
1732,30
1917,40
2029,40
2042,60
2019,00
1947,40
1883,00
1853,10
1821,50
1858,50
2012,80
2017,40
1869,60
1777,70
1740,20
1761,40
1671,70
1563,70
1489,20
1459,80
1445,70
1413,70
1383,00
1447,80
1579,20
1722,50
1840,80
1863,30
1878,10
1837,30
1826,00
1808,30
1793,90
1871,50
2106,70
2129,40
2015,80
1937,40
1874,70
1852,70
1755,40
1661,30
1621,50
1612,70
1624,50
1631,80
1735,90
2128,50
2695,40
2942,50
2947,90
3017,10
3032,00
2920,10
2948,40
2854,70
2668,00
2574,10
2700,70
2577,50
2404,00
2256,90
2175,50
2171,10
2015,70
1853,90
1768,20
1728,40
1733,90
1758,80
1861,70
2234,30
2759,40
2962,20
2962,60
3049,10
3032,30
2937,90
2967,30
2912,50
2765,40
2698,30
2838,60
2687,40
2516,70
2351,50
2265,90
2200,70
2025,30
1894,70
1809,80
1779,40
1764,40
1772,90
1883,50
2261,10
2755,50
2945,60
2967,80
3054,50
3055,50
2947,60
2969,30
2863,10
2673,00
2599,60
2717,20
2584,70
2406,00
2271,90
2200,90
2192,50
2046,90
1879,00
1796,30
1767,60
1763,50
1772,00
1872,10
2261,30
2773,20
2964,10
2977,30
3066,80
3077,20
2974,70
2962,10
2889,70
2715,10
2647,60
2736,20
2630,00
2467,30
2329,70
2246,20
2204,40
2046,30
1887,10
1792,70
1751,40
1743,30
1737,30
1849,90
2205,30
2689,10
2893,00
2922,50
2971,60
2927,60
2780,30
2668,30
2474,20
2367,50
2383,90
2465,90
2416,20
2235,20
2070,70
1982,90
1950,70
1835,00
1705,10
1601,30
1547,90
1517,10
1491,10
1490,20
1609,90
1801,80
2004,00
2133,50
2182,30
2177,00
2125,80
2091,50
2066,00
2038,40
2093,90
2259,00
2201,60
1979,70
1847,20
1788,00
1786,70
1703,10
1604,80
1510,60
1461,40
1446,90
1423,60
1410,60
1492,80
1643,80
1823,50
1951,50
2017,70
2052,30
2000,40
1942,20
1916,20
1879,60
1917,60
2108,70
2093,10
1936,00
1842,60
1788,30
1764,50
1675,80
1574,90
1498,70
1459,60
1443,40
1409,00
1406,70
1501,40
1660,30
1843,30
1977,70
2018,40
2023,10
1956,70
1919,10
1882,30
1852,90
1897,40
2099,10
2090,60
1958,00
1878,50
1818,20
1794,10
1683,50
1549,40
1470,20
1431,50
1426,60
1419,40
1457,00
1637,50
1866,40
2055,50
2157,70
2197,70
2182,60
2061,60
2000,60
1947,70
1910,90
1962,70
2143,20
2117,10
1992,70
1869,30
1817,00
1841,10
1782,50
1688,30
1643,70
1616,80
1613,10
1624,20
1743,00
2129,40
2638,60
2871,00
2911,20
2971,40
2956,00
2856,80
2882,30
2777,70
2575,10
2520,00
2661,80
2550,80
2370,90
2226,20
2157,30
2130,00
1982,10
1805,80
1739,00
1729,50
1725,00
1739,90
1851,50
2230,90
2736,20
2946,40
2982,70
3065,00
3053,50
2938,60
2969,90
2881,40
2721,40
2671,80
2773,30
2647,60
2447,70
2289,50
2204,90
2136,30
1991,70
1846,20
1763,60
1736,80
1730,60
1718,70
1842,80
2187,20
2672,00
2895,30
2910,60
2983,10
2944,90
2783,00
2698,60
2503,40
2357,20
2317,10
2429,10
2352,10
2148,60
1956,50
1844,80
1803,30
1733,20
1613,00
1536,30
1489,00
1473,70
1430,10
1424,00
1550,20
1745,90
1937,70
2059,60
2109,50
2084,00
1959,90
1891,10
1830,40
1791,20
1825,60
2003,70
2003,80
1805,60
1693,90
1639,10
1648,70
1607,30
1490,20
1415,30
1376,90
1360,60
1310,10
1286,80
1369,30
1504,50
1657,60
1774,10
1828,60
1851,90
1807,00
1778,80
1748,70
1730,90
1786,70
2004,70
2031,70
1895,40
1826,50
1762,60
1758,50
1738,70
1624,50
1577,20
1562,00
1570,40
1563,60
1699,20
2106,60
2605,90
2825,20
2850,30
2917,30
2918,90
2828,10
2855,80
2813,70
2649,00
2571,60
2728,30
2591,80
2413,40
2257,20
2163,30
2120,50
1980,40
1845,80
1769,00
1749,80
1745,10
1731,70
1836,50
2207,30
2686,00
2883,80
2901,00
2969,70
2967,70
2863,90
2886,40
2803,70
2602,20
2547,50
2668,90
2535,90
2367,30
2198,40
2102,20
2078,30
1981,80
1833,10
1743,70
1726,50
1717,80
1715,50
1825,40
2199,90
2680,40
2869,20
2878,50
2950,20
2929,00
2838,70
2867,40
2765,80
2572,10
2534,10
2639,50
2517,50
2359,40
2231,90
2146,50
2109,00
2000,90
1842,50
1762,80
1733,20
1729,00
1727,90
1848,20
2212,70
2696,10
2883,20
2884,60
2947,80
2944,70
2833,90
2854,80
2802,10
2637,20
2574,30
2663,80
2549,20
2384,70
2202,70
2107,20
2060,50
1968,10
1848,20
1772,50
1738,80
1731,90
1715,70
1826,00
2168,80
2643,80
2850,20
2855,70
2929,40
2890,30
2706,30
2614,90
2437,80
2322,30
2318,70
2412,90
2350,40
2185,20
1992,00
1900,20
1883,30
1794,10
1668,10
1575,40
1516,50
1487,30
1472,10
1488,10
1619,30
1804,10
1998,00
2116,50
2165,60
2145,80
2056,90
1984,50
1923,30
1878,10
1901,60
2044,00
2026,60
1846,50
1734,70
1677,00
1681,00
1645,00
1552,80
1476,90
1426,70
1375,80
1310,00
1315,10
1388,80
1509,80
1701,40
1823,70
1877,40
1870,00
1832,80
1809,60
1772,40
1744,70
1797,40
1984,80
2027,00
1905,10
1829,80
1763,00
1759,00
1756,90
1687,50
1632,30
1612,50
1617,70
1617,00
1716,10
2106,70
2644,70
2883,90
2906,70
2970,40
2970,70
2883,70
2922,80
2852,40
2641,30
2540,10
2645,70
2535,10
2371,90
2239,20
2151,80
2107,10
2022,00
1872,10
1792,90
1764,10
1761,80
1757,30
1869,10
2197,30
2716,70
2936,00
2946,20
3007,80
2997,90
2908,70
2939,50
2822,60
2614,40
2534,90
2632,70
2510,90
2349,60
2215,30
2151,20
2114,70
2024,50
1864,00
1778,00
1746,50
1729,20
1716,20
1845,70
2199,70
2707,60
2945,10
2966,70
3028,90
3027,40
2946,90
2979,80
2899,10
2697,00
2610,10
2727,50
2586,90
2421,50
2284,60
2204,20
2168,40
2027,70
1873,50
1776,90
1733,90
1735,00
1720,10
1830,20
2189,20
2684,00
2902,80
2951,00
3009,80
2999,20
2912,00
2944,20
2848,70
2637,90
2568,00
2697,60
2594,10
2442,70
2327,70
2238,50
2178,00
2031,60
1848,90
1762,80
1726,30
1720,20
1718,90
1828,70
2172,00
2681,40
2886,90
2911,40
3011,20
2968,00
2783,00
2675,60
2488,60
2322,70
2307,70
2411,50
2352,40
2162,70
2024,90
1917,90
1869,10
1780,50
1654,40
1563,60
1521,20
1479,40
1427,10
1450,30
1588,60
1792,80
1992,70
2115,40
2133,80
2096,90
2015,50
1955,60
1886,30
1845,90
1862,10
1956,30
1882,70
1706,90
1606,50
1560,60
1620,30
1626,80
1539,60
1462,60
1410,60
1383,70
1345,40
1342,60
1418,40
1531,30
1653,30
1763,30
1842,60
1861,70
1832,50
1812,60
1789,40
1759,10
1797,60
1960,30
2009,60
1895,10
1831,20
1783,70
1785,10
1754,00
1663,50
1608,10
1581,30
1583,80
1588,60
1713,60
2049,60
2591,60
2823,80
2857,80
2931,00
2947,00
2845,20
2878,80
2804,00
2617,50
2508,90
2621,10
2522,50
2353,30
2220,30
2133,10
2100,20
2011,80
1840,40
1764,00
1731,90
1724,10
1724,10
1823,20
2150,10
2655,90
2869,60
2903,20
2976,10
2966,30
2878,20
2925,80
2846,40
2645,20
2552,70
2633,00
2525,10
2368,10
2244,90
2168,30
2154,20
2063,30
1895,90
1801,60
1761,90
1750,00
1734,50
1841,20
2168,30
2681,10
2897,60
2920,50
2977,20
2969,00
2858,60
2894,10
2830,10
2664,00
2552,80
2631,30
2521,60
2370,60
2248,60
2164,50
2161,20
2061,70
1886,90
1799,10
1761,90
1754,50
1773,10
1875,90
2211,60
2716,10
2953,90
3003,40
3093,60
3077,30
2959,60
2988,90
2903,50
2684,20
2590,50
2674,10
2574,50
2399,40
2250,30
2158,60
2132,00
2043,50
1865,30
1785,30
1737,40
1728,90
1703,80
1816,60
2159,50
2658,50
2881,40
2911,70
2976,10
2938,20
2788,10
2693,20
2517,40
2333,10
2294,20
2369,80
2322,20
2143,30
1995,90
1900,50
1875,50
1838,50
1710,50
1614,80
1560,90
1526,00
1478,50
1484,30
1609,60
1786,90
1958,80
2081,00
2136,00
2123,60
2039,80
1977,00
1930,30
1888,50
1906,40
2035,40
2030,50
1894,00
1802,90
1750,90
1759,50
1686,90
1579,60
1497,90
1440,90
1406,50
1348,80
1325,90
1393,60
1524,80
1685,60
1816,20
1899,10
1897,90
1862,70
1840,70
1827,70
1816,60
1876,50
2059,80
2088,10
1965,10
1887,50
1840,10
1843,50
1816,40
1702,20
1635,10
1612,90
1606,10
1606,90
1718,00
2043,00
2556,80
2808,10
2852,30
2926,30
2926,50
2838,90
2871,00
2808,80
2598,90
2500,00
2600,60
2526,00
2380,00
2264,50
2190,50
2169,00
2079,80
1917,70
1821,60
1764,10
1766,00
1769,80
1855,70
2169,80
2648,40
2879,70
2935,50
3029,90
3013,30
2907,00
2930,80
2859,70
2666,50
2559,80
2624,20
2515,10
2371,00
2243,60
2177,10
2163,90
2108,20
1925,70
1828,10
1788,70
1777,40
1758,30
1851,20
2175,10
2644,20
2874,90
2939,90
2990,60
2965,80
2859,90
2896,10
2817,40
2639,30
2549,70
2600,70
2505,10
2349,90
2245,00
2173,30
2153,20
2100,00
1934,10
1839,60
1794,60
1780,10
1765,60
1855,60
2179,90
2680,70
2901,40
2955,80
3028,90
3009,50
2904,30
2925,20
2839,80
2662,40
2565,70
2610,60
2550,00
2400,20
2262,50
2185,90
2175,40
2109,60
1956,90
1851,20
1798,60
1780,00
1757,20
1844,40
2145,20
2627,90
2857,70
2892,30
2940,10
2871,20
2719,70
2608,40
2456,10
2288,50
2241,80
2316,40
2275,90
2122,40
1989,90
1918,50
1927,20
1894,60
1785,80
1690,30
1625,00
1583,50
1522,70
1507,80
1602,60
1770,60
1938,40
2040,20
2058,50
2051,60
1983,20
1934,90
1911,70
1873,40
1880,20
1979,90
1994,10
1874,10
1796,30
1761,80
1786,40
1760,60
1643,10
1551,80
1498,90
1470,00
1427,00
1401,10
1458,50
1574,60
1716,50
1827,70
1881,30
1893,40
1857,50
1837,30
1789,70
1770,60
1813,30
1976,00
2011,90
1913,90
1835,40
1808,40
1819,10
1733,00
1609,40
1542,60
1506,40
1495,90
1507,20
1573,70
1821,80
2199,80
2462,20
2592,30
2654,80
2651,60
2587,50
2586,60
2492,30
2336,00
2279,20
2405,40
2351,50
2179,00
2050,90
1972,60
1937,80
1813,80
1667,00
1586,30
1549,00
1538,70
1532,10
1583,70
1844,00
2208,10
2442,80
2532,60
2590,20
2573,10
2511,00
2515,00
2459,80
2318,70
2242,80
2360,50
2293,50
2126,10
1998,90
1939,00
1940,30
1817,00
1681,60
1597,50
1556,10
1543,00
1547,40
1609,90
1842,60
2166,30
2408,50
2497,80
2560,90
2559,10
2477,10
2471,30
2409,20
2278,60
2226,00
2345,80
2281,00
2121,90
1971,80
1877,60
1867,00
1755,70
1616,40
1552,30
1523,40
1523,00
1516,90
1578,20
1816,70
2146,70
2361,00
2463,20
2539,30
2540,00
2470,50
2444,20
2376,10
2248,90
2202,60
2305,10
2230,90
2063,90
1914,20
1839,60
1833,30
1721,50
1572,80
1483,20
1447,10
1441,00
1441,90
1492,10
1713,30
2059,50
2270,40
2400,20
2463,60
2453,30
2355,30
2282,30
2173,20
2051,20
2027,80
2146,00
2107,40
1916,30
1753,00
1667,30
1661,80
1589,00
1458,90
1370,70
1327,60
1302,60
1276,80
1266,90
1361,30
1518,60
1687,00
1812,40
1856,80
1852,00
1769,90
1701,00
1656,70
1633,50
1663,90
1807,70
1826,40
1687,70
1590,70
1551,20
1559,10
1473,60
1371,50
1298,20
1264,60
1248,40
1244,60
1217,30
1270,40
1370,30
1501,00
1623,90
1688,10
1710,50
1663,60
1623,20
1598,30
1563,10
1606,60
1776,70
1807,60
1682,40
1589,00
1547,70
1578,00
1527,80
1399,80
1324,10
1298,80
1298,90
1297,60
1350,90
1585,10
1910,60
2137,70
2263,80
2322,90
2326,30
2256,70
2256,70
2204,10
2083,80
2035,60
2162,40
2125,50
1959,60
1822,40
1761,40
1745,80
1638,90
1498,80
1421,00
1388,30
1375,30
1377,70
1416,20
1634,40
1962,60
2194,90
2301,40
2354,00
2335,30
2255,70
2241,20
2191,70
2066,50
2015,10
2128,10
2080,80
1914,10
1785,50
1719,70
1740,80
1636,30
1504,70
1417,50
1394,40
1395,60
1393,80
1430,20
1635,90
1947,90
2161,80
2279,70
2332,40
2322,60
2261,00
2239,50
2164,00
2063,40
2023,80
2139,70
2088,70
1921,90
1800,00
1732,70
1752,00
1637,20
1503,30
1424,80
1384,60
1374,40
1381,20
1423,80
1642,40
1953,10
2165,40
2294,80
2371,20
2364,90
2299,80
2278,70
2219,30
2110,60
2089,50
2217,20
2171,90
1940,60
1829,60
1780,70
1784,00
1657,40
1516,80
1435,90
1400,70
1392,80
1396,90
1429,70
1642,60
1963,10
2209,60
2318,80
2355,50
2331,90
2239,80
2182,00
2093,50
1992,00
1998,20
2111,10
2083,30
1906,90
1769,00
1688,20
1708,70
1623,30
1514,70
1404,00
1359,00
1339,30
1323,10
1291,10
1365,80
1518,70
1696,50
1809,20
1838,10
1817,70
1757,70
1698,80
1664,70
1642,10
1670,00
1812,90
1827,60
1701,70
1621,30
1600,20
1605,50
1512,00
1424,20
1343,70
1298,10
1269,90
1260,70
1227,60
1279,90
1385,30
1533,40
1645,30
1700,60
1708,40
1669,20
1650,10
1644,20
1635,10
1684,50
1862,80
1900,80
1776,10
1669,50
1624,40
1655,80
1585,90
1467,40
1393,30
1369,30
1366,70
1374,00
1420,80
1640,70
2007,80
2235,60
2337,20
2401,00
2405,90
2335,00
2319,60
2258,70
2149,60
2110,70
2227,50
2201,70
2031,10
1892,00
1831,20
1867,50
1761,50
1604,70
1513,30
1478,70
1465,60
1469,40
1511,90
1737,10
2087,60
2306,90
2413,50
2471,70
2479,60
2408,60
2389,30
2337,90
2216,90
2173,70
2265,00
2215,30
2055,30
1932,90
1880,00
1905,10
1777,10
1621,70
1543,20
1517,80
1500,10
1506,70
1540,50
1745,30
2096,00
2331,10
2441,70
2520,00
2507,50
2435,00
2423,20
2339,00
2211,00
2166,30
2257,60
2209,70
2052,60
1931,40
1881,20
1925,40
1803,30
1650,50
1560,10
1512,90
1495,10
1506,50
1540,90
1743,20
2085,00
2311,60
2413,40
2472,70
2466,60
2401,90
2390,10
2331,30
2220,30
2174,00
2268,10
2233,20
2079,00
1946,30
1907,00
1943,90
1803,00
1659,10
1574,10
1532,90
1517,40
1524,10
1554,00
1764,00
2108,10
2342,20
2459,80
2519,40
2504,00
2401,00
2320,80
2225,40
2124,80
2114,30
2203,50
2186,10
2023,70
1889,30
1851,50
1884,10
1773,20
1645,60
1546,90
1497,40
1466,60
1454,40
1417,50
1494,00
1641,90
1821,60
1944,80
1995,60
1994,80
1930,80
1851,50
1810,90
1787,70
1814,00
1944,00
1964,50
1830,10
1718,20
1691,10
1739,90
1640,10
1541,70
1458,00
1410,90
1386,40
1367,90
1320,90
1364,90
1477,20
1623,50
1740,30
1790,50
1799,80
1760,90
1728,30
1707,40
1696,60
1746,00
1928,30
1986,00
1889,40
1810,30
1816,50
1868,60
1760,50
1646,60
1589,30
1561,60
1560,30
1590,70
1666,00
1958,60
2421,20
2700,50
2803,20
2906,60
2906,00
2810,60
2829,10
2732,90
2534,10
2440,60
2568,20
2509,00
2335,10
2188,50
2142,40
2136,80
1965,50
1807,10
1710,30
1672,00
1657,80
1682,50
1760,20
2061,50
2545,30
2783,60
2863,70
2976,90
2959,40
2851,70
2890,60
2788,70
2592,30
2487,10
2615,80
2543,90
2365,50
2211,10
2161,90
2150,70
1988,00
1813,20
1728,40
1685,70
1683,90
1700,20
1758,90
2042,30
2520,40
2760,90
2850,40
2935,00
2931,40
2827,00
2828,30
2741,10
2536,60
2452,00
2568,20
2478,30
2320,30
2179,50
2148,40
2152,40
1977,20
1801,20
1724,80
1685,20
1679,50
1706,10
1787,40
2093,30
2568,10
2816,00
2871,20
2947,40
2940,50
2837,60
2877,00
2795,30
2593,40
2501,40
2582,60
2515,00
2344,30
2199,30
2191,00
2164,40
1969,40
1826,10
1740,20
1688,40
1679,60
1713,30
1807,40
2100,40
2569,30
2792,80
2877,50
2967,90
2944,00
2793,70
2695,10
2509,20
2357,40
2333,20
2466,70
2421,20
2215,70
2054,40
1987,50
1904,80
1765,70
1645,50
1549,40
1475,00
1438,40
1435,40
1417,80
1498,90
1678,10
1876,00
2006,50
2056,70
2038,20
1963,30
1906,80
1879,50
1864,20
1909,60
2059,50
2066,50
1903,00
1779,40
1761,60
1761,30
1619,90
1492,80
1412,00
1369,00
1342,50
1336,90
1304,20
1344,80
1467,00
1623,30
1744,30
1809,00
1849,00
1824,70
1798,60
1786,80
1762,50
1806,50
1998,90
2044,30
1916,40
1804,20
1817,40
1813,40
1699,80
1601,10
1554,20
1537,30
1539,50
1575,50
1662,60
2031,00
2513,20
2742,00
2833,40
2908,30
2907,60
2828,60
2867,50
2809,40
2617,60
2533,60
2692,40
2585,40
2388,50
2254,10
2234,20
2146,50
1938,50
1785,80
1711,50
1682,20
1670,10
1702,60
1806,70
2139,20
2644,80
2852,40
2873,00
2920,70
2896,40
2786,40
2849,10
2771,50
2596,20
2508,80
2620,60
2524,70
2336,70
2190,50
2179,80
2135,20
1946,00
1772,10
1688,20
1665,10
1665,80
1712,10
1834,70
2183,80
2703,40
2915,20
2953,00
3039,80
3014,40
2900,60
2923,30
2823,10
2631,40
2563,50
2688,10
2565,90
2363,00
2224,00
2214,70
2145,30
1952,20
1798,60
1750,80
1720,70
1725,40
1774,20
1893,80
2215,50
2664,70
2854,00
2896,90
2975,00
2984,00
2879,30
2886,70
2790,30
2601,70
2529,80
2642,10
2527,80
2345,50
2204,00
2196,70
2131,30
1911,50
1764,10
1682,80
1646,80
1645,70
1683,50
1785,80
2120,60
2607,30
2827,90
2868,30
2939,60
2899,30
2759,60
2641,10
2442,50
2277,40
2254,90
2365,70
2316,00
2097,90
1937,90
1922,60
1868,10
1728,00
1620,00
1541,60
1496,80
1479,70
1473,30
1447,80
1520,70
1698,20
1894,50
2024,40
2059,90
2044,10
1955,30
1879,90
1818,50
1778,80
1818,50
1973,20
1973,80
1798,40
1701,00
1722,70
1693,40
1590,30
1487,80
1448,60
1415,90
1403,70
1423,00
1424,50
1459,90
1560,50
1698,00
1826,90
1901,70
1926,70
1870,40
1833,20
1811,10
1798,20
1863,60
2075,40
2122,20
2002,90
1919,40
1933,50
1844,50
1723,60
1640,20
1600,90
1590,40
1584,80
1620,30
1751,10
2110,80
2615,90
2829,70
2848,00
2933,80
2944,30
2840,30
2876,20
2816,60
2638,30
2566,10
2721,60
2616,30
2436,70
2321,70
2300,50
2137,50
1939,80
1788,70
1716,80
1690,60
1689,30
1723,10
1863,10
2219,00
2750,40
2957,50
2987,60
3070,00
3057,00
2944,00
2985,30
2881,60
2662,00
2562,20
2674,90
2596,30
2407,40
2289,60
2317,50
2198,00
1981,30
1824,00
1750,70
1715,60
1705,40
1749,10
1871,50
2220,40
2730,90
2927,40
2931,10
3009,20
3004,10
2882,70
2917,30
2846,00
2646,40
2564,70
2634,90
2541,30
2388,10
2293,70
2323,70
2228,60
2029,80
1872,10
1791,60
1762,40
1760,90
1796,80
1910,30
2248,20
2751,60
2973,30
2999,20
3077,00
3070,40
2964,60
2987,00
2913,70
2691,90
2625,20
2721,40
2631,50
2438,30
2310,50
2348,00
2207,20
2010,10
1829,40
1762,40
1741,60
1732,70
1754,20
1849,30
2193,90
2722,70
2930,60
2958,90
3010,80
2973,70
2833,50
2741,30
2552,00
2377,00
2341,00
2444,90
2382,90
2179,00
2016,20
2051,90
1968,30
1800,80
1661,50
1570,90
1520,20
1501,60
1493,10
1508,50
1581,60
1769,50
1973,90
2092,00
2126,00
2112,90
2022,50
1952,50
1898,40
1857,70
1886,60
2017,00
2021,30
1867,60
1794,80
1850,30
1784,40
1657,10
1545,60
1470,30
1424,10
1401,30
1393,20
1397,30
1425,80
1557,40
1733,00
1845,60
1908,10
1933,90
1912,20
1886,20
1868,90
1863,30
1947,90
2152,30
2186,70
2056,10
1989,60
1990,20
1881,40
1763,20
1686,20
1636,20
1620,80
1614,80
1668,90
1825,40
2156,20
2674,60
2905,60
2937,50
3011,00
3019,10
2896,20
2942,90
2867,40
2690,10
2612,50
2734,00
2615,70
2434,80
2314,40
2371,90
2218,50
1991,90
1837,80
1757,50
1730,90
1731,30
1754,90
1891,70
2241,60
2736,80
2943,70
2947,80
3000,70
2985,40
2889,40
2936,00
2871,90
2705,60
2617,90
2735,20
2617,20
2451,70
2342,10
2394,80
2238,40
2008,60
1839,70
1763,60
1737,10
1732,20
1775,00
1914,30
2240,60
2731,30
2931,00
2948,20
3008,90
3007,00
2908,20
2965,80
2894,50
2700,70
2623,70
2728,90
2620,60
2464,00
2385,30
2428,60
2258,20
2017,30
1854,90
1776,10
1748,50
1739,00
1783,80
1921,00
2265,80
2774,00
2977,50
3005,20
3059,80
3050,10
2952,40
3003,20
2905,70
2715,70
2641,60
2758,30
2655,10
2498,60
2421,60
2431,30
2246,90
2011,70
1857,00
1784,20
1757,20
1753,70
1788,40
1934,80
2282,80
2785,50
3004,20
3018,60
3055,40
3011,00
2856,00
2772,70
2593,80
2418,00
2385,30
2485,10
2434,60
2243,80
2152,30
2167,10
2018,00
1838,40
1704,90
1616,30
1572,40
1549,80
1544,50
1580,90
1652,50
1836,50
2035,30
2153,20
2195,00
2188,60
2094,60
2018,50
1969,90
1943,40
1941,10
2050,40
2086,80
1944,50
1896,90
1943,90
1858,10
1735,20
1607,20
1519,90
1466,40
1433,80
1418,30
1436,50
1456,20
1573,80
1748,40
1891,80
1987,00
2038,60
1952,20
1917,40
1871,00
1844,90
1889,80
2097,70
2142,60
2021,90
2006,20
2010,40
1891,60
1755,00
1671,20
1622,60
1605,40
1625,30
1655,50
1812,60
2186,40
2700,70
2926,40
2943,50
3012,10
3017,80
2940,80
2984,50
2920,80
2728,90
2653,00
2779,50
2661,70
2491,90
2404,90
2413,80
2234,00
2005,50
1866,10
1803,80
1776,20
1780,60
1814,60
1972,70
2304,40
2760,20
2962,40
2988,60
3065,40
3048,10
2949,10
2999,90
2942,40
2746,60
2673,20
2805,10
2666,90
2482,70
2416,00
2420,10
2233,00
2011,40
1839,00
1765,40
1739,80
1742,60
1782,60
1927,30
2261,30
2786,30
2976,30
2995,70
3038,10
3038,30
2937,80
2964,80
2892,10
2726,40
2656,80
2779,50
2676,20
2509,30
2470,20
2465,70
2285,00
2025,80
1859,90
1777,40
1747,40
1740,70
1783,70
1938,60
2300,30
2813,40
2993,90
2998,00
3043,50
3039,10
2953,90
2986,40
2911,90
2727,70
2659,80
2771,10
2684,30
2531,40
2487,10
2465,50
2235,20
1990,30
1846,00
1757,50
1729,30
1727,50
1779,70
1928,40
2306,70
2794,90
2995,20
3000,10
3059,90
3022,70
2861,10
2774,70
2579,30
2421,10
2410,90
2546,20
2500,80
2302,60
2218,20
2161,00
2003,70
1810,30
1651,30
1569,90
1528,20
1502,90
1502,40
1545,70
1633,60
1824,30
2042,80
2178,50
2200,30
2170,00
2100,60
2036,10
1992,00
1955,20
1983,10
2139,40
2113,20
1917,60
1898,30
1896,40
1780,50
1652,40
1528,30
1461,70
1409,20
1379,30
1377,30
1399,20
1437,40
1541,70
1709,90
1850,50
1946,70
1998,50
1960,40
1917,60
1894,50
1869,80
1932,60
2143,50
2160,40
2031,60
2045,70
1992,90
1859,50
1752,60
1658,10
1591,10
1572,30
1577,60
1619,20
1780,00
2198,70
2710,30
2914,00
2931,70
3000,20
2999,70
2895,80
2949,90
2895,40
2722,90
2672,30
2815,10
2694,00
2535,00
2507,00
2417,90
2184,80
1960,20
1811,90
1748,00
1725,30
1718,50
1756,90
1911,30
2297,70
2799,60
2957,10
2958,90
3009,60
2990,10
2910,30
2960,70
2894,50
2689,30
2621,10
2755,20
2615,00
2454,00
2473,50
2411,30
2199,20
1985,50
1810,50
1728,40
1702,50
1702,10
1744,90
1902,40
2291,20
2788,70
2977,80
2969,10
3022,30
3017,90
2924,20
2971,40
2896,40
2694,10
2640,40
2774,90
2651,90
2467,60
2460,40
2389,90
2188,70
1980,10
1808,30
1739,60
1724,20
1720,90
1767,30
1923,10
2322,40
2823,70
2998,60
2987,90
3042,70
3024,30
2918,00
2950,60
2870,50
2703,80
2670,90
2796,60
2665,50
2516,70
2518,20
2416,80
2195,30
1983,40
1816,40
1739,80
1715,40
1718,40
1757,00
1920,00
2293,00
2756,80
2941,60
2931,80
2986,20
2944,60
2772,60
2684,40
2498,40
2358,10
2339,00
2491,70
2448,70
2280,60
2231,00
2100,50
1950,60
1790,80
1653,50
1581,50
1545,80
1522,10
1521,70
1545,80
1640,30
1814,30
2022,30
2123,40
2171,40
2146,40
2075,90
2017,30
1967,80
1941,20
1983,90
2164,30
2148,30
1974,30
1967,60
1898,10
1760,20
1622,80
1526,30
1490,00
1454,60
1442,30
1438,10
1439,70
1517,40
1620,70
1811,00
1920,90
1972,90
2013,90
1986,20
1968,40
1962,90
1950,10
2026,60
2254,30
2272,30
2174,60
2155,40
2043,50
1899,20
1788,10
1692,00
1640,90
1614,00
1609,60
1653,20
1822,20
2239,30
2725,10
2925,40
2931,50
2995,30
2996,70
2909,20
2962,30
2896,60
2718,40
2668,20
2816,40
2676,40
2537,90
2534,10
2402,20
2216,40
1975,50
1818,30
1758,20
1731,10
1720,30
1764,60
1916,30
2319,60
2816,20
2980,50
2978,70
3027,30
3019,40
2914,40
2968,60
2914,30
2758,30
2682,70
2813,80
2682,70
2530,50
2551,80
2420,00
2215,00
1977,30
1819,10
1752,80
1723,20
1717,40
1760,00
1915,40
2345,90
2812,10
2978,60
2965,20
3016,60
3004,80
2896,70
2948,40
2872,90
2680,60
2638,30
2789,30
2662,40
2555,90
2574,20
2431,30
2224,60
1990,50
1854,00
1786,80
1764,90
1759,70
1812,10
1966,20
2383,00
2901,70
3097,30
3108,40
3171,00
3151,00
3022,40
3062,40
2972,10
2767,90
2703,70
2830,40
2720,70
2611,30
2601,80
2451,30
2241,80
1995,20
1837,30
1786,30
1751,50
1747,00
1786,10
1937,20
2346,30
2819,80
2980,30
2961,90
3009,70
2966,30
2787,30
2708,00
2525,20
2373,70
2369,00
2506,70
2469,00
2316,80
2278,70
2127,10
1949,00
1783,40
1652,10
1584,50
1541,60
1521,60
1520,40
1563,60
1650,30
1812,80
2012,60
2143,30
2189,60
2180,10
2117,30
2052,70
2007,00
1967,30
2012,00
2182,10
2152,30
2010,80
2009,90
1893,80
1787,80
1664,50
1541,00
1461,30
1415,20
1391,00
1390,70
1424,10
1472,90
1565,40
1745,50
1863,10
1919,80
1936,70
1884,80
1841,70
1813,20
1782,00
1853,80
2084,00
2116,10
2045,80
2106,70
1987,50
1850,80
1738,60
1638,70
1593,20
1580,70
1604,80
1661,50
1835,30
2294,20
2845,20
3047,00
3059,50
3101,40
3084,50
2958,80
3001,30
2937,30
2728,60
2682,10
2823,80
2712,00
2641,90
2575,80
2403,50
2197,40
1992,20
1851,60
1778,40
1751,30
1743,10
1783,70
1921,50
2362,60
2872,40
3028,00
3016,80
3091,90
3116,50
3033,40
3106,70
3043,90
2867,90
2817,40
2963,50
2818,80
2729,70
2607,90
2443,60
2241,90
2045,70
1887,90
1801,10
1747,80
1738,80
1771,00
1927,70
2366,60
2867,10
3020,70
2988,20
3030,20
2998,40
2884,60
2938,70
2861,30
2676,00
2614,40
2744,40
2643,50
2590,60
2576,70
2417,40
2208,30
1981,80
1849,90
1757,60
1728,30
1723,50
1777,60
1933,40
2358,90
2866,70
3030,10
3008,70
3060,10
3050,40
2935,70
2966,20
2884,70
2707,90
2641,30
2795,20
2716,20
2657,90
2588,90
2425,90
2214,50
1972,50
1842,50
1768,90
1736,00
1739,20
1788,70
1931,90
2380,50
2922,30
3097,80
3086,80
3124,10
3067,40
2894,90
2809,90
2627,10
2455,10
2436,40
2590,80
2554,20
2446,90
2320,40
2135,70
1980,70
1791,90
1669,20
1608,50
1578,00
1561,20
1561,80
1576,70
1716,70
1885,80
2097,00
2235,10
2301,50
2288,20
2189,20
2098,50
2026,80
1999,10
2051,00
2238,20
2234,20
2122,10
2064,00
1929,00
1793,90
1679,60
1582,20
1500,50
1452,80
1428,50
1423,80
1435,80
1529,40
1614,40
1776,30
1888,60
1948,40
1996,10
1930,50
1884,60
1869,00
1851,30
1913,50
2126,70
2171,70
2158,40
2157,20
2024,00
1892,20
1777,30
1698,60
1657,00
1641,30
1648,10
1696,60
1838,90
2307,30
2884,20
3067,80
3067,70
3135,30
3133,90
3023,10
3080,80
3019,90
2818,90
2764,00
2903,40
2793,50
2749,60
2604,30
2411,40
2226,80
2007,00
1838,50
1758,30
1727,80
1732,90
1783,70
1931,00
2401,30
2929,80
3099,40
3066,80
3114,10
3086,90
2981,80
3018,00
2959,50
2788,50
2734,60
2882,20
2776,30
2749,80
2613,70
2455,10
2259,10
1998,10
1850,60
1769,30
1738,20
1742,50
1784,30
1944,70
2426,80
2944,30
3090,80
3065,30
3093,20
3072,80
2955,00
2998,80
2918,30
2746,40
2695,80
2848,30
2767,00
2747,00
2634,80
2465,30
2259,10
2029,30
1891,00
1819,70
1789,00
1774,20
1825,20
1995,60
2432,20
2965,80
3108,00
3071,70
3116,70
3091,70
2969,80
2993,50
2904,60
2740,50
2698,50
2847,30
2795,50
2789,00
2655,30
2479,30
2249,70
2058,80
1896,30
1818,60
1791,50
1784,30
1834,60
1992,80
2411,90
2936,70
3070,40
3046,80
3072,00
3014,00
2835,90
2739,40
2522,00
2377,30
2363,20
2506,40
2518,10
2480,60
2320,60
2168,80
2003,50
1841,00
1717,30
1631,40
1589,40
1570,70
1572,50
1619,10
1763,60
1943,10
2114,20
2232,00
2271,50
2259,50
2184,60
2131,60
2097,00
2074,80
2154,10
2356,20
2363,10
2251,80
2102,60
1991,60
1885,40
1767,20
1624,40
1535,40
1488,20
1461,50
1462,20
1496,80
1600,50
1739,30
1933,00
2082,40
2155,10
2181,80
2158,70
2124,80
2091,60
2088,80
2178,90
2367,30
2399,20
2363,00
2244,50
2085,10
1951,80
1821,80
1713,90
1660,00
1642,30
1654,80
1695,20
1854,40
2343,20
2957,80
3143,00
3169,90
3255,80
3204,80
3009,30
3024,20
2937,50
2730,50
2657,00
2780,10
2704,40
2751,00
2610,80
2433,60
2246,50
2046,40
1903,70
1832,50
1794,10
1794,70
1847,60
2001,80
2421,90
2910,10
3056,30
3019,30
3071,80
3062,80
2953,10
2998,00
2926,70
2743,30
2688,00
2850,90
2775,00
2793,70
2622,00
2443,50
2270,80
2052,10
1927,10
1805,40
1773,80
1779,70
1828,50
1979,40
2406,40
2943,50
3066,30
3036,20
3092,80
3059,90
2960,40
3000,10
2924,00
2749,80
2682,30
2833,70
2753,70
2769,20
2604,90
2437,00
2240,60
2038,30
1862,30
1775,20
1746,20
1749,80
1781,20
1948,10
2413,00
2971,60
3099,60
3080,30
3128,40
3102,50
2963,30
2993,10
2909,00
2719,30
2662,00
2797,00
2736,20
2768,50
2615,20
2431,40
2235,30
1990,50
1820,60
1749,90
1718,90
1714,60
1765,20
1929,20
2408,90
2967,90
3106,90
3085,60
3135,90
3072,10
2879,80
2769,60
2586,90
2422,50
2416,30
2565,50
2575,50
2561,90
2338,20
2175,70
2001,90
1820,60
1675,10
1594,70
1545,70
1519,20
1528,70
1569,80
1718,10
1905,40
2074,20
2180,80
2208,20
2170,80
2086,70
2024,00
1976,80
1941,50
1991,40
2213,50
2288,80
2235,80
2062,00
1919,40
1791,40
1662,60
1536,70
1457,10
1412,60
1387,30
1384,60
1411,90
1514,80
1665,20
1812,10
1943,90
1987,80
2004,00
1949,50
1908,80
1875,40
1858,90
1932,50
2136,30
2244,20
2324,20
2211,80
2058,20
1908,40
1770,60
1682,40
1622,70
1608,80
1620,60
1668,10
1857,10
2328,60
2949,50
3120,20
3098,00
3147,40
3107,40
2988,60
3013,70
2941,10
2739,60
2678,90
2804,90
2772,70
2806,40
2604,80
2441,80
2261,20
2024,40
1862,70
1768,10
1739,20
1735,90
1788,20
1949,80
2437,90
3031,00
3106,30
3091,40
3125,40
3137,30
3030,70
3056,60
2993,70
2819,60
2796,60
2994,00
2913,00
2850,10
2658,80
2480,40
2272,60
2044,30
1882,70
1801,20
1779,60
1779,40
1823,90
1974,10
2433,90
3035,20
3142,30
3109,80
3153,30
3127,90
2990,20
3036,40
2972,10
2828,80
2854,30
3066,50
3009,20
2877,10
2665,20
2472,70
2268,50
2050,10
1859,20
1792,80
1755,90
1759,70
1805,00
1974,00
2471,90
3080,60
3195,20
3146,30
3179,20
3133,80
3001,90
3015,20
2919,50
2749,10
2701,50
2859,70
2874,80
2873,60
2689,00
2481,90
2271,20
2022,00
1840,90
1770,30
1730,50
1729,90
1769,40
1928,70
2415,30
3054,00
3149,70
3103,90
3133,40
3094,10
2938,80
2818,30
2659,70
2502,90
2509,10
2655,80
2671,80
2577,60
2347,30
2190,50
2029,00
1842,20
1706,50
1612,50
1557,40
1530,60
1532,60
1583,80
1738,00
1950,20
2100,50
2206,90
2221,20
2195,80
2121,10
2060,70
2023,00
1999,90
2074,50
2268,80
2333,30
2239,60
2086,90
1959,40
1850,00
1696,30
1586,70
1487,00
1434,00
1408,50
1402,40
1432,70
1540,30
1692,10
1811,20
1928,30
1986,20
2005,20
1950,60
1904,60
1873,40
1857,50
1941,90
2201,30
2376,00
2323,00
2217,80
2053,10
1913,00
1772,30
1672,00
1603,80
1588,20
1599,20
1647,00
1798,50
2228,60
2779,40
2967,50
2996,40
3051,00
3016,00
2920,40
2941,50
2862,90
2672,80
2600,70
2787,50
2841,40
2754,20
2532,70
2396,20
2229,00
2016,60
1822,40
1735,80
1696,60
1687,50
1730,40
1889,40
2299,60
2831,10
3002,10
3020,00
3072,60
3045,90
2935,50
2940,50
2858,60
2670,30
2589,70
2742,80
2810,40
2756,10
2548,40
2415,60
2230,10
2013,10
1825,30
1734,70
1690,10
1689,40
1723,10
1880,50
2287,90
2822,70
2979,60
3002,70
3052,10
3015,60
2886,50
2895,20
2803,40
2614,90
2558,70
2740,50
2829,70
2746,70
2553,10
2400,10
2217,60
1998,70
1803,50
1728,00
1687,50
1688,70
1727,30
1871,70
2278,50
2801,20
2960,10
2980,60
3021,70
2981,00
2877,70
2877,60
2801,00
2622,30
2573,70
2765,80
2871,50
2777,10
2550,60
2398,60
2217,30
1994,70
1803,20
1709,80
1677,50
1683,70
1712,60
1852,80
2240,40
2757,20
2928,70
2956,50
2990,90
2923,00
2770,50
2694,80
2544,30
2413,70
2428,10
2620,20
2749,80
2575,50
2345,50
2187,40
2037,10
1855,50
1686,30
1602,70
1558,00
1532,40
1544,50
1577,60
1703,90
1910,50
2061,20
2175,20
2202,40
2175,10
2095,00
2019,10
1969,50
1935,00
2000,10
2255,00
2437,90
2286,00
2081,70
1946,30
1824,50
1693,50
1584,10
1527,50
1495,80
1462,90
1453,80
1493,80
1596,70
1747,90
1847,00
1966,60
2023,40
2048,80
2016,00
2005,80
2003,30
2003,10
2110,70
2365,90
2528,90
2394,80
2224,60
2059,10
1912,40
1770,30
1676,00
1629,30
1620,70
1623,90
1661,60
1843,30
2356,90
3039,90
3177,70
3149,10
3197,20
3165,60
3043,20
3085,60
3006,30
2809,30
2748,60
2978,40
3042,50
2916,20
2690,30
2531,00
2336,40
2070,90
1881,10
1801,70
1776,40
1777,50
1821,80
1984,80
2491,60
3143,40
3245,90
3186,50
3209,30
3188,00
3071,90
3114,20
3035,90
2841,10
2806,80
3044,80
3068,10
2922,00
2704,00
2535,10
2301,20
2057,70
1879,90
1801,90
1776,20
1772,40
1816,60
1984,00
2492,00
3157,60
3264,60
3225,70
3272,60
3255,00
3132,70
3178,20
3118,50
2956,50
2927,60
3155,70
3120,50
2936,20
2728,30
2530,70
2331,30
2084,40
1895,70
1815,70
1786,50
1783,80
1824,30
1992,30
2495,90
3161,30
3296,60
3239,60
3285,90
3254,80
3127,40
3158,90
3063,70
2862,20
2815,20
3012,10
3070,60
2918,30
2687,20
2516,90
2313,60
2038,60
1866,70
1782,60
1750,90
1745,80
1784,20
1947,40
2443,60
3069,00
3227,30
3169,30
3180,30
3110,90
2926,00
2821,80
2663,50
2531,30
2548,70
2752,50
2853,90
2617,20
2377,80
2206,60
2058,20
1878,10
1724,40
1638,70
1600,60
1581,70
1582,30
1620,00
1743,80
1971,60
2165,60
2269,60
2301,20
2262,80
2161,80
2093,80
2051,90
2025,50
2082,90
2341,10
2546,20
2349,00
2161,60
2011,50
1877,00
1730,20
1614,80
1544,40
2943,70
1478,00
1497,80
1565,40
1691,60
1812,10
1945,80
2020,60
2055,40
2063,90
2013,80
1994,10
1979,20
1974,00
2128,10
2606,00
2589,90
2379,90
2222,60
2041,00
1897,10
1762,60
1683,10
1645,90
1643,50
1655,90
1723,10
1920,20
2432,30
3017,30
3145,80
3112,80
3154,00
3131,50
3019,00
3092,90
3032,90
2895,10
2988,70
3317,60
3110,00
2883,00
2669,30
2519,20
2308,50
2091,70
1934,40
1867,80
1829,80
1820,50
1864,00
2035,70
2506,90
3092,00
3204,30
3163,20
3204,40
3161,10
3044,50
3102,40
3045,10
2887,20
2918,90
3296,00
3133,60
2885,40
2667,60
2479,60
2276,20
2050,30
1875,40
1809,40
1787,80
1793,00
1837,90
2022,80
2502,80
3065,70
3171,50
3148,50
3196,50
3162,70
3034,80
3088,60
2999,20
2853,60
2916,40
3301,10
3139,90
2911,90
2707,80
2519,10
2319,30
2085,20
1924,20
1883,60
1882,10
1886,40
1925,20
2089,70
2558,20
3079,70
3187,90
3141,20
3196,90
3172,40
3049,60
3085,90
2997,80
2814,10
2876,70
3273,50
3173,30
2959,60
2716,30
2541,10
2315,90
2062,60
1910,80
1820,30
1794,90
1786,80
1828,50
2014,30
2509,50
3089,90
3189,90
3150,80
3160,50
3109,40
2931,50
2828,40
2664,70
2547,00
2658,60
3007,30
2887,90
2599,90
2375,30
2217,30
2050,50
1860,90
1697,80
1608,40
1564,80
1551,10
1554,10
1606,90
1760,70
1970,00
2171,70
2278,80
2310,60
2290,60
2221,30
2161,90
2127,60
2133,80
2313,10
2710,80
2596,70
2317,70
2145,10
2012,20
1879,10
1729,10
1618,60
1546,30
1503,30
1483,90
1480,90
1508,90
1622,90
1750,40
1897,80
2001,90
2049,50
2080,00
2043,20
2033,10
2048,40
2077,90
2289,10
2679,90
2622,00
2415,30
2261,50
2122,40
1998,90
1868,20
1800,50
1759,00
1746,80
1763,40
1801,80
1971,30
2460,90
3030,30
3129,60
3087,30
3128,30
3118,10
3002,30
3041,90
2978,60
2842,10
2951,00
3357,10
3175,30
2959,20
2731,90
2555,10
2337,60
2082,40
1920,80
1862,20
1863,10
1884,60
1926,20
2090,40
2529,90
3116,30
3198,30
3166,00
3197,80
3169,60
3064,90
3113,80
3044,10
2910,70
3005,60
3351,60
3121,90
2895,60
2671,10
2517,30
2309,80
2078,00
1915,50
1831,40
1814,70
1812,20
1863,90
2032,20
2533,50
3140,80
3247,40
3221,30
3276,60
3239,70
3090,40
3112,50
3037,60
2879,20
2977,40
3364,90
3172,90
2956,60
2734,90
2551,00
2358,20
2140,50
1966,20
1901,40
1867,50
1856,10
1908,50
2086,50
2574,80
3170,80
3262,70
3206,80
3251,10
3226,80
3106,50
3143,80
3061,60
2931,00
3049,60
3418,90
3254,30
3027,00
2787,80
2611,60
2408,40
2188,50
2059,30
1998,90
1972,00
1975,10
2025,70
2171,00
2616,10
3188,90
3281,30
3236,80
3267,80
3220,60
3025,10
2918,30
2729,80
2622,00
2783,90
3180,40
3056,20
2769,20
2526,20
2341,00
2178,00
1998,30
1853,00
1759,70
1706,20
1687,80
1691,60
1742,00
1895,00
2097,10
2269,70
2382,00
2411,00
2405,80
2372,40
2372,20
2403,80
2462,70
2693,90
2934,90
2664,10
2377,50
2244,00
2139,30
2017,60
1894,40
1774,80
1687,50
1635,30
1605,50
1602,80
1643,90
1747,50
1876,60
2003,10
2099,10
2147,20
2174,70
2139,00
2122,30
2121,70
2126,20
2341,10
2756,40
2686,70
2474,60
2305,60
2155,10
1992,80
1846,20
1736,60
1694,60
1682,10
1704,70
1747,30
1929,90
2457,60
3124,30
3250,00
3214,80
3269,90
3247,40
3119,00
3171,50
3107,90
2930,30
3042,80
3393,50
3176,70
2951,30
2753,60
2586,30
2352,20
2107,90
1943,60
1870,00
1848,50
1866,00
1918,50
2095,10
2597,30
3225,10
3286,60
3213,60
3259,60
3234,30
3096,40
3141,40
3086,20
2946,10
3095,70
3446,40
3233,20
3024,50
2783,30
2602,00
2386,10
2150,80
1990,90
1914,90
1899,50
1911,30
1962,50
2126,30
2627,90
3252,80
3318,00
3257,70
3287,80
3248,40
3136,30
3170,20
3092,40
2948,90
3101,10
3466,30
3268,00
3037,60
2818,20
2650,50
2440,30
2205,70
2027,70
1968,70
1950,40
1964,10
2031,80
2204,50
2660,50
3265,80
3363,60
3321,40
3368,60
3361,50
3251,60
3295,40
3232,30
3095,40
3199,70
3440,90
3225,90
3000,10
2775,70
2592,10
2380,00
2133,10
1968,40
1888,80
1846,40
1841,20
1890,10
2073,20
2569,60
3178,10
3271,90
3205,90
3227,70
3155,60
2948,90
2837,20
2663,10
2576,90
2785,10
3128,00
2990,30
2685,80
2442,60
2273,10
2123,80
1942,80
1788,80
1679,30
1638,60
1619,70
1623,40
1680,70
1832,20
2068,40
2239,00
2336,30
2352,20
2326,50
2240,90
2183,80
2157,70
2180,90
2416,90
2764,30
2624,60
2356,80
2183,40
2064,70
1936,40
1796,50
1697,20
1640,20
1602,40
1582,10
1581,80
1630,10
1739,40
1893,80
1998,40
2094,80
2150,80
2179,10
2145,00
2128,70
2138,60
2174,90
2392,50
2726,20
2648,00
2444,30
2286,70
2148,10
1990,10
1873,40
1777,20
1757,10
1744,50
1752,50
1804,20
1967,20
2447,50
3075,10
3184,80
3132,00
3148,10
3126,40
2983,50
3031,70
2970,00
2852,50
3051,30
3376,00
3183,30
2951,60
2723,20
2548,70
2366,50
2128,50
1971,90
1907,80
1876,90
1903,30
1952,70
2107,40
2590,20
3229,60
3292,50
3207,60
3252,20
3222,40
3113,00
3167,60
3129,70
2985,10
3140,00
3389,50
3177,10
2937,30
2732,40
2570,40
2385,20
2202,90
2054,70
1931,20
1865,30
1857,40
1896,20
2062,70
2518,30
3131,80
3259,40
3224,30
3289,00
3271,50
3181,60
3225,80
3196,40
3115,00
3234,20
3389,60
3158,50
2944,00
2752,90
2574,30
2347,30
2103,30
1946,00
1877,50
1864,90
1877,50
1927,80
2105,90
2569,70
3213,10
3301,00
3241,60
3254,40
3227,50
3140,80
3184,20
3110,00
2966,50
3135,40
3406,50
3207,00
2992,80
2785,50
2606,80
2403,60
2154,90
1993,50
1922,60
1892,50
1909,10
1953,30
2127,70
2616,40
3261,90
3365,60
3276,70
3298,60
3225,80
3022,70
2912,90
2741,90
2678,20
2912,20
3170,00
3022,20
2750,30
2518,50
2362,30
2200,90
2022,20
1881,40
1778,60
1723,10
1707,30
1710,80
1771,20
1919,00
2159,40
2343,50
2464,10
2506,50
2490,90
2390,40
2327,30
2299,60
2358,10
2631,60
2884,20
2710,60
2429,10
2252,40
2114,60
1992,30
1839,50
1719,20
1658,20
1646,80
1628,80
1624,80
1644,90
1754,50
1917,40
2054,50
2159,00
2224,20
2281,30
2239,80
2191,60
2190,00
2244,80
2532,60
2795,40
2716,20
2494,80
2320,00
2179,20
2031,50
1877,30
1813,40
1779,70
1769,40
1778,20
1824,50
1979,10
2455,00
3139,70
3294,00
3222,10
3247,50
3195,20
3065,10
3112,90
3063,00
2935,10
3115,30
3414,80
3216,90
2989,80
2754,80
2600,40
2388,50
2144,00
1974,10
1896,20
1878,10
1886,90
1934,50
2125,90
2637,10
3304,10
3386,60
3307,20
3336,90
3284,40
3171,20
3210,50
3163,70
3056,90
3234,40
3475,10
3227,70
2999,10
2793,30
2614,10
2409,20
2161,40
2008,20
1956,50
1927,10
1924,80
1960,90
2121,60
2615,70
3294,10
3403,60
3312,30
3354,60
3298,20
3154,30
3204,90
3146,90
3033,80
3207,80
3460,30
3255,40
3020,50
2812,20
2620,10
2413,70
2153,10
1983,20
1912,30
1898,90
1894,30
1942,10
2109,40
2619,20
3298,70
3422,30
3344,70
3399,90
3374,00
3248,80
3316,30
3264,80
3165,50
3289,30
3446,70
3237,70
3010,00
2785,60
2617,30
2398,20
2126,00
1968,80
1916,50
1890,70
1897,80
1939,20
2087,70
2572,90
3254,30
3376,00
3329,90
3363,20
3306,30
3135,00
3043,70
2892,50
2834,10
3004,40
3151,10
2985,40
2745,60
2543,10
2397,40
2258,50
2100,40
1951,00
1844,40
1783,90
1754,50
1750,70
1810,00
1969,90
2201,90
2423,90
2547,40
2576,40
2573,00
2524,30
2515,90
2515,00
2551,40
2730,40
2900,20
2748,00
2520,60
2364,30
2245,20
2102,90
1955,00
1817,30
1715,00
1672,40
1631,10
1622,30
1679,70
1789,40
1974,50
2121,70
2194,20
2217,00
2211,70
2180,60
2153,40
2185,40
2242,60
2508,20
2785,90
2733,70
2540,80
2376,80
2255,90
2095,70
1954,00
1877,80
1833,00
1828,00
1836,60
1889,60
2029,50
2516,50
3216,20
3417,30
3352,30
3410,90
3398,50
3298,60
3366,90
3338,50
3254,50
3353,60
3495,50
3289,00
3058,00
2855,70
2674,40
2443,00
2195,30
2032,20
1987,70
1962,60
1973,40
2021,40
2177,70
2663,20
3329,70
3532,80
3447,30
3516,70
3511,80
3416,00
3467,80
3434,90
3349,10
3427,20
3578,00
3342,50
3118,70
2900,30
2714,30
2473,50
2217,90
2043,90
1985,20
1972,80
1987,90
2017,10
2149,10
2616,10
3292,00
3460,90
3358,70
3385,20
3351,70
3221,40
3249,40
3199,60
3099,50
3270,90
3472,90
3288,10
3073,70
2825,60
2644,10
2434,90
2169,40
2025,70
1959,70
1943,20
1949,20
1969,30
2107,40
2595,10
3270,00
3448,40
3353,20
3381,20
3337,90
3204,70
3247,00
3195,70
3071,60
3271,00
3481,00
3289,20
3054,40
2881,40
2689,70
2465,70
2205,80
2042,90
2009,10
1981,50
1984,70
1989,10
2130,30
2634,00
3314,60
3501,10
3423,10
3448,10
3383,40
3199,20
3093,80
2944,10
2878,80
3069,60
3213,10
3056,40
2782,10
2546,20
2397,40
2239,00
2063,00
1915,80
1843,10
1808,70
1784,90
1783,90
1842,50
1969,40
2180,50
2375,00
2488,40
2541,10
2527,40
2457,40
2396,50
2379,20
2442,90
2706,70
2904,30
2780,90
2499,70
2329,20
2219,90
2095,20
1948,20
1839,50
1765,20
1719,40
1695,20
1689,80
1736,70
1858,10
2025,70
2192,90
2284,30
2337,90
2381,30
2355,60
2337,60
2337,10
2387,30
2594,10
2823,00
2756,70
2585,30
2426,30
2305,30
2147,30
1991,10
1892,80
1822,50
1797,70
1821,50
1862,90
2025,00
2534,70
3246,30
3425,50
3351,40
3382,00
3344,60
3220,40
3273,20
3223,10
3124,40
3278,80
3474,20
3284,70
3070,20
2842,30
2642,60
2408,70
2162,10
1983,30
1898,50
1875,10
1892,90
1934,70
2132,70
2639,80
3335,60
3484,70
3389,30
3397,10
3346,90
3209,10
3249,00
3189,30
3077,60
3279,00
3502,90
3313,50
3105,50
2875,30
2692,50
2480,60
2227,70
2037,60
1951,20
1915,00
1918,00
1966,60
2135,50
2669,10
3348,00
3517,20
3435,20
3475,70
3453,70
3345,50
3407,40
3371,60
3268,30
3368,70
3510,00
3313,30
3098,60
2867,10
2679,50
2487,00
2234,70
2016,30
1920,40
1889,50
1896,70
1949,10
2146,30
2669,10
3346,60
3531,80
3433,70
3462,80
3423,10
3313,40
3359,50
3310,60
3207,40
3343,30
3500,00
3330,50
3115,20
2877,60
2697,80
2514,80
2268,10
2054,20
1961,00
1930,30
1940,00
1981,20
2154,10
2665,60
3345,40
3551,50
3466,30
3472,70
3398,00
3209,50
3100,30
2937,00
2872,80
3082,90
3229,20
3082,00
2814,20
2585,00
2424,70
2251,10
2070,80
1907,60
1794,70
1741,70
1721,70
1736,30
1806,10
1968,90
2220,40
2456,10
2546,20
2574,10
2551,20
2453,00
2398,10
2398,20
2461,90
2740,60
2968,60
2851,50
2581,80
2397,10
2287,20
2164,80
2014,50
1885,50
1788,10
1739,70
1732,60
1732,20
1767,30
1895,30
2061,00
2227,90
2340,30
2414,00
2424,30
2354,70
2293,70
2303,60
2361,60
2595,20
2893,10
2813,80
2651,70
2490,40
2328,10
2202,50
2027,40
1904,60
1840,90
1836,60
1849,40
1907,60
2086,10
2608,20
3290,40
3505,00
3388,30
3382,30
3340,50
3188,50
3225,10
3175,00
3069,20
3260,70
3511,60
3368,40
3112,40
2898,50
2710,70
2481,00
2230,90
2032,50
1947,80
1924,30
1919,40
1970,40
2156,90
2691,40
3354,50
3520,50
3408,70
3410,30
3355,40
3222,70
3279,70
3231,10
3110,30
3287,30
3493,60
3345,00
3130,70
2897,00
2703,20
2486,90
2234,60
2047,00
1970,60
1946,20
1955,90
1996,70
2173,50
2639,20
3307,10
3514,30
3411,20
3433,40
3385,80
3268,10
3316,30
3252,20
3124,30
3278,30
3456,80
3297,50
3089,30
2871,40
2704,00
2525,00
2281,60
2124,90
2041,10
2007,20
1995,40
2032,10
2195,10
2685,70
3358,20
3561,60
3444,40
3429,60
3376,20
3222,00
3250,20
3219,80
3166,30
3327,20
3484,50
3357,40
3142,60
2935,90
2742,30
2537,10
2288,10
2134,50
2044,10
1993,10
1968,10
2003,80
2141,80
2522,40
3077,30
3300,00
3215,90
3186,00
3065,30
2852,80
2734,50
2630,80
2630,10
2847,40
3046,60
2967,40
2746,00
2533,60
2374,70
2218,80
2032,20
1870,70
1765,10
1715,20
1696,70
1718,40
1781,50
1935,90
2169,00
2440,90
2583,50
2618,90
2600,10
2491,00
2434,90
2430,40
2500,90
2784,30
3040,90
2987,70
2730,60
2534,80
2388,70
2246,20
2086,40
1941,60
1834,80
1793,30
1784,20
1798,20
1851,60
1973,50
2163,70
2405,50
2570,30
2629,30
2612,10
2545,90
2530,90
2548,80
2599,90
2800,30
2969,10
2866,30
2645,30
2477,20
2313,50
2178,80
2024,80
1842,70
1734,10
1680,50
1649,80
1636,70
1668,80
1803,60
2013,80
2258,00
2388,40
2422,80
2400,50
2320,30
2290,00
2370,50
2473,10
2688,80
2881,00
2355,20
2087,80
2050,70
1979,00
1932,00
1884,60
1811,90
1657,50
1568,70
1546,60
1547,20
1584,70
1666,10
1781,60
1928,30
2059,80
2146,70
2206,00
2153,90
2044,80
1994,90
2035,50
2244,90
2410,30
2387,40
2289,50
2175,20
2084,30
1974,20
1834,70
1713,80
1609,70
1558,60
1548,50
1569,20
1634,90
1745,90
1904,80
2082,30
2213,60
2275,90
2267,50
2208,30
2112,80
2098,70
2144,30
2318,70
2478,20
2450,90
2341,70
2247,50
2175,10
2025,50
1897,20
1779,60
1695,50
1663,90
1659,20
1689,60
1795,20
2022,00
2300,00
2546,10
2658,60
2728,30
2735,60
2680,00
2640,70
2629,40
2617,00
2806,40
2994,50
2891,80
2665,40
2483,10
2379,60
2214,90
2045,00
1895,90
1783,40
1736,30
1730,50
1755,90
1872,00
2099,40
2388,50
2653,60
2771,70
2835,20
2834,90
2760,60
2681,60
2634,50
2641,10
2847,30
3042,90
2946,30
2720,40
2533,70
2405,10
2249,00
2085,80
1920,20
1808,30
1742,40
1707,40
1708,10
1757,20
1884,00
2082,70
2280,80
2401,90
2454,40
2432,30
2364,70
2309,20
2313,10
2376,30
2623,30
2868,00
2797,50
2587,00
2442,60
2301,50
2155,60
2020,20
1890,70
1787,80
1734,70
1718,30
1723,70
1770,10
1875,40
2031,10
2206,90
2353,00
2436,50
2442,20
2371,10
2326,20
2350,50
2398,40
2655,60
2926,80
2905,20
2708,20
2519,50
2418,20
2262,20
2075,70
1931,90
1824,20
1782,80
1773,90
1783,00
1855,60
2008,60
2221,50
2431,70
2565,10
2602,60
2553,90
2460,70
2383,30
2371,70
2460,70
2815,60
3064,00
2833,60
2489,30
2331,60
2255,30
2165,20
2082,50