0
0
0
0
0
0
0
0
0
0
1.81153669
0
1.854399607
3.194404764
0.267633437
0
0
0
0
0
0
0
0
0
0
0
0
0
0
0
0
0
0
1.196332791
3.747238482
2.628583868
2.244855863
3.840589223
0
0
0
0
0
0
0
0
0
0
0
0
0
0
0
0
0
0
0
4.343858146
7.130294457
4.584059847
0.626962636
3.483226202
0
0
0
0
0
0
0
0
0
0
0
0
0
0
0
0
0
0
0
0
0.849521712
0
0
2.161133604
0
0
0
0
0
0
0
0
0
0
0
0
0
0
0
0
0
0
0
0
0
0
0
0
0
0
0
0
0
0
0
0
0
0
0
0
0
0
0
0
0
0
0
0
0
0
0
0
0
0
0
0
0
0
0
0
0
0
0
0
0
0
0
0
0
0
0
0
0
0
3.102650582
0
0
0
0
0
0
0
0
0
0
0
0
0
0
0
0
0
0
0
0
0
0.714681551
2.418318704
1.079982757
0.857262148
1.229333372
0
0
0
0
0
0
0
0
0
0
0
0
0
0
0
0
0
0
0
0
0
1.273154522
0
0.662393238
0
0
0
0
0
0
0
0
0
0
0
0
0
0
0
0
0
0
0
0
0
0
0
0.453790435
0
0
0
0
0
0
0
0
0
0
0
0
0
0
0
0
0
0
4.69945694
6.492880807
7.277203947
7.092428876
5.28584903
1.485939698
0
0
0
0
0
0
0
0
0
0
0
0
0
0
0
0
0
0
2.081053977
1.196749651
0
3.831746095
6.11196342
3.532264916
0
0
0
0
0
0
0
0
0
0
0
0
0
0
0
0
0
0
0.467658282
1.244665505
5.607684984
3.493209676
0
0
0
0
0
0
0
0
0
0
0
0
0
0
0
0
0
0
0
0
0
0.509479396
0
0
0
0
0
0
0
0
0
0
0
0
0
0
0
0
0
0
0
0
0
0
4.81172637
3.942619316
0
0
0
2.755134232
1.218285991
0
0
0
0
0
0
0
0
0
0
0
0
0
0
0
0
0
0
0
0
1.221244846
3.706251456
1.408280918
0
0
0
0
0
0
0
0
0
0
0
0
0
0
0
0
0
0
1.413063219
5.497189758
2.04742946
0
0
0
0
0
0
0
0
0
0
0
0
0
0
0
0
0
0
0
0
0
2.030173775
1.466205787
3.462841993
0
0
0
0
0
0
0
0
0
0
0
0
0
0
0
0
0
0
0
0
0
0
0
0
3.855876203
5.954911372
4.782339547
0
0
0
0
0
0
0
0
0
0
0
0
0
0
0
0
0
0
0
0
0
0
0
0
0
0
0
0
0
0
0
0
0
0
0
0
0
0
0
0
0
0
5.570587648
7.122453018
7.072387111
6.866571713
5.223376152
0
0
0
0
0
0
0
0
0
0
0
0
0
0
0
0
0
0
0
0
0
0
0.428275764
0.089774451
0
0
0
0
0
0
0
0
0
0
0
0
0
0
0
0
0
0
0
0
4.085916224
4.388917194
1.505713451
3.226149001
1.147061591
0
0
0
0
0
0
0
0
0
0
0
0
0
0
0
0
0
0
0.989157495
5.73535118
6.585315656
5.786936551
4.724990012
2.267046146
0
0
0
0
0
0
0
0
0
0
0
0
0
0
0
0
0
0
0.221420331
0.560403417
3.508572249
1.511754585
0
0.106557973
0
0
0
0
0
0
0
0
0
0
0
0
0
0
0
0
0
0
5.727543535
7.725143019
8.892430145
8.404106797
5.200617919
1.053097548
0
0
0
0
0
0
0
0
0
0
0
0
0
0
0
0
0
0
0
0
0
0
0
0
0
0
0
0
0
0
0
0
0
0
0
0
0
0
0
0
0
0
0
0
2.274902823
0.701199001
0.009185765
0.983517995
0
0
0
0
0
0
0
0
0
0
0
0
0
0
0
0
0
0
0.6966924
2.292914378
0.068112399
0.62045926
1.593551422
1.714625004
0.532647164
0
0
0
0
0
0
0
0
0
0
0
0
0
0
0
0
0
0
1.876330146
0
3.039396783
0
0
0
0
0
0
0
0
0
0
0
0
0
0
0
0
0
0
0
0
0
0
2.214267004
0.191008849
0.102251903
0
0
0
0
0
0
0
0
0
0
0
0
0
0
0
0
0
0
0
5.172186291
4.30942248
1.008509354
3.278363841
3.245670226
3.783843168
0.164692659
0
0
0
0
0
0
0
0
0
0
0
0
0
0
0
0
0
0
0
0
0
0
0
0
0
0
0
0
0
0
0
0
0
0
0
0
0
0
0
0
0
0
1.251706479
0
0
0
0
0
0
0
0
0
0
0
0
0
0
0
0
0
0
0
0
0
0
5.154836028
4.866616056
0
1.8238861
4.164491525
0.309182632
0.147972271
0
0
0
0
0
0
0
0
0
0
0
0
0
0
0
0
0
1.708483826
1.467258532
1.602732731
0
0
0
0
0
0
0
0
0
0
0
0
0
0
0
0
0
0
0
0
0.258253863
5.644536715
6.667228286
3.289419642
5.709028121
3.02792104
0
0
0
0
0
0
0
0
0
0
0
0
0
0
0
0
0
0
0.057412418
2.816819683
6.829059567
8.153269119
7.534978631
4.027669136
4.906636919
0
0
0
0
0
0
0
0
0
0
0
0
0
0
0
0
0
0
0.356397658
0.863143663
0
0
0
0
0
0
0
0
0
0
0
0
0
0
0
0
0
0
0
0
0
2.35551204
3.927985871
4.43330808
6.839645781
2.876421547
3.922588225
0
0
0
0
0
0
0
0
0
0
0
0
0
0
0
0
0
0
0
0
0
4.638354344
8.875329718
3.303701718
1.777137261
0
0
0
0
0
0
0
0
0
0
0
0
0
0
0
0
0
0
0.61548904
0.071483999
0.091358655
0
0
0
1.086678571
0
0
0
0
0
0
0
0
0
0
0
0
0
0
0
0
0
0.587145387
1.406261605
2.052192577
1.417693816
0
0.749284362
0.6678442
0
0
0
0
0
0
0
0
0
0
0
0
0
0
0
0
0.839033929
4.438701982
5.685193388
1.709206713
0.402013153
0
0
1.981002265
0
0
0
0
0
0
0
0
0
0
0
0
0
0
0
0
0
6.267627247
7.930341979
8.728029898
2.48597237
3.576031123
0
0
0
0
0
0
0
0
0
0
0
0
0
0
0
0
0
0
2.353248297
5.68059665
7.062913774
7.265327342
8.409651894
5.251725037
2.656157373
0
0
0
0
0
0
0
0
0
0
0
0
0
0
0
0
0
1.930736955
4.966043204
6.356357997
4.080860979
4.192485607
2.298379946
1.473200207
0
0
0
0
0
0
0
0
0
0
0
0
0
0
0
0
0
0
0
0
0
0
0
0.150380952
0
0
0
0
0
0
0
0
0
0
0
0
0
0
0
0
0
0
0
0
0
0
0
0
0
0
0
0
0
0
0
0
0
0
0
0
0
0
0
0
0
0
0
0
0
0
0
0
0
0
0
0
0
0
0
0
0
0
0
0
0
0
0
0
0
1.212548836
7.127735215
5.844634868
8.975764073
10.29744549
4.475356263
3.407306104
0
0
0
0
0
0
0
0
0
0
0
0
0
0
0
0
0
3.276727058
5.650950114
4.137607203
8.973355831
8.416930313
4.265030303
0
0
0
0
0
0
0
0
0
0
0
0
0
0
0
0
0
0
0
0.957098059
4.266463305
3.425275238
7.368429401
0.504504587
0.434903765
1.250575463
0
0
0
0
0
0
0
0
0
0
0
0
0
0
0
0
0
0
0
0
0
0
0
0
0
0
0
0
0
0
0
0
0
0
0
0
0
0
0
0
0
0
0.420694435
1.575524219
0.46402734
0.48325303
2.926937027
2.879710226
0
0
0
0
0
0
0
0
0
0
0
0
0
0
0
0
0
0
0
0
0
0
0
0
0
0
0
0
0
0
0
0
0
0
0
0
0
0
0
0
0.764981559
0
0
0.031125428
3.985521539
0.045913937
5.294716532
0.785328953
0
0
0
0
0
0
0
0
0
0
0
0
0
0
0
0
4.489837511
6.747965853
9.21031025
8.209113524
4.876473864
2.22238581
5.603220448
2.933325325
0
0
0
0
0
0
0
0
0
0
0
0
0
0
0
0
1.790035039
6.511301855
7.194146247
8.690198273
3.462963972
0
0
0
0
0
0
0
0
0
0
0
0
0
0
0
0
0
0
0
1.790035039
6.511301855
7.194146247
8.690198273
3.462963972
0
0
0
0
0
0
0
0
0
0
0
0
0
0
0
0
0
0
0
1.289793515
3.633888529
7.391319921
7.611895262
3.87749617
8.308630303
0.62414337
0
0
0
0
0
0
0
0
0
0
0
0
0
0
0
0
0
0
0
0.096842852
1.133832648
1.015239736
0
0
0
0
0
0
0
0
0
0
0
0
0
0
0
0
0
0
0
0.770994231
0
0.223092796
0
0.623733617
0.509997939
0
0
0
0
0
0
0
0
0
0
0
0
0
0
0
0
0
0
0.533045528
4.43461095
7.052643116
4.262038821
0.694342989
3.464116144
0.787226347
0.343914757
0
0
0
0
0
0
0
0
0
0
0
0
0
0
0
0
1.045315784
4.091253093
3.374977898
0
0
0
0
0
0
0
0
0
0
0
0
0
0
0
0
0
0
0
0
0
0.806161169
2.048152069
4.476139523
2.942258899
0
0.045670186
1.32535298
0.973504004
0
0
0
0
0
0
0
0
0
0
0
0
0
0
0
0
1.050198015
2.802705735
1.660298908
2.494848205
2.460982932
8.338870224
1.269223915
0.945203543
0
0
0
0
0
0
0
0
0
0
0
0
0
0
0
0
2.710860151
6.745165364
8.493336474
8.157025502
7.660411366
8.039206892
5.040447367
0
0
0
0
0
0
0
0
0
0
0
0
0
0
0
0
0
0
0
0
0
2.645588761
4.287222645
0
0
0
0
0
0
0
0
0
0
0
0
0
0
0
0
0
0
0
0.020534467
1.158119274
1.37009704
1.15216929
3.280992385
0
0
0
0
0
0
0
0
0
0
0
0
0
0
0
0
0
0
1.546375871
5.877470225
7.00636964
2.962843395
2.605617786
6.539219592
2.595620001
0
0
0
0
0
0
0
0
0
0
0
0
0
0
0
0
0
0
0
3.33433562
0
0.639385471
1.343790266
2.122870975
1.339687337
0.287630081
0
0
0
0
0
0
0
0
0
0
0
0
0
0
0
0.190004656
0.215582699
0.500315221
0.038093335
0
1.077359725
1.399402428
1.725765894
0.393743741
0
0
0
0
0
0
0
0
0
0
0
0
0
0
2.017342542
5.188507373
3.232355462
0
1.696797904
0.867789602
0
0
0
0
0
0
0
0
0
0
0
0
0
0
0
0
0
0
0
0.204605554
0.537050838
3.386913929
6.745425607
6.131295884
4.51110223
0
0
0
0
0
0
0
0
0
0
0
0
0
0
0
0
0
0
0
1.963515934
0
1.674335811
1.732091493
3.9684102
0
0
0
0
0
0
0
0
0
0
0
0
0
0
0
0
0
1.221616643
5.812994166
8.31103981
3.893843627
2.447315652
8.566996081
1.2632064
0.190382125
1.484721521
0
0
0
0
0
0
0
0
0
0
0
0
0
0
0
0
1.659599045
3.645255065
5.679733128
8.398176656
10.62286311
8.95894128
1.413833213
0.836377072
0.320898459
0
0
0
0
0
0
0
0
0
0
0
0
0
0
0
0.719044904
2.166702218
2.816689813
0.243569504
0.132190974
1.384825945
0.73992018
2.582015305
1.209567567
0
0
0
0
0
0
0
0
0
0
0
0
0
0
1.901515484
4.930232883
7.447936765
10.14657424
8.639192722
10.18328287
7.616062488
5.48188355
0
0
0
0
0
0
0
0
0
0
0
0
0
0
0
0
0.150230157
2.314670804
4.943308323
9.553739721
8.419578506
6.382838452
7.019449208
4.412772913
1.611276908
0
0
0
0
0
0
0
0
0
0
0
0
0
0
0
1.209709736
4.368954744
4.197882294
8.684257062
8.793229477
9.568464055
6.652958725
3.390262103
0.794266266
0
0
0
0
0
0
0
0
0
0
0
0
0
0
0
0
0
0
4.179158136
2.714480123
4.366350123
0
0
0
0
0
0
0
0
0
0
0
0
0
0
0
0
0
0
0
0
0
0
0
0
0
0.231229995
0
0
0
0
0
0
0
0
0
0
0
0
0
0
0
0
0
0
0
0
0
0
0
0
0
0
0
0
0
0
0
0
0
0
0
0
0
0
0
0
0
0.788776437
2.004812548
1.990145831
0.732126015
0
0
0
0
0
0
0
0
0
0
0
0
0
0
0
0
0
0
0
0
0.834047821
0.373631908
0.300639208
1.586911575
1.848050351
0.356240966
0
4.340799442
1.127258845
0
0
0
0
0
0
0
0
0
0
0
0
0
0
0.040690356
3.062780912
5.334364954
3.484117752
7.523293929
8.579583736
0.468546238
3.401940068
3.523390924
0
0
0
0
0
0
0
0
0
0
0
0
0
0
0
1.537296638
5.214755943
7.340384303
4.590847059
3.600170644
8.115402726
5.084556079
1.593550282
0.296439508
0
0
0
0
0
0
0
0
0
0
0
0
0
0
0
0
3.461416579
2.246867953
2.753977291
1.113077805
1.546473386
3.026263745
4.354100295
0
0
0
0
0
0
0
0
0
0
0
0
0
0
0
0
0.233647808
1.001394153
0.973940692
1.034687047
0
2.548629052
1.569576095
0.853741148
0.881434743
0
0
0
0
0
0
0
0
0
0
0
0
0
0
0
0
0
0
0.116346339
0.328795591
1.871012011
0.205573889
0
0.181709078
0
0
0
0
0
0
0
0
0
0
0
0
0
0
0
0.684262998
3.89270727
3.507753153
5.814351719
7.986384846
6.334251847
6.857243912
2.410037381
1.932899672
0.514153406
0
0
0
0
0
0
0
0
0
0
0
0
0
0
1.748295696
3.325009902
7.883401836
8.07917799
7.879428727
8.163759031
5.564930224
4.456147686
2.298826068
0
0
0
0
0
0
0
0
0
0
0
0
0
0
0
0.787211912
4.2380814
6.658314629
7.668583355
5.735931849
9.368688539
6.947569654
4.392705566
0.998242629
0
0
0
0
0
0
0
0
0
0
0
0
0
0
0
2.385617914
5.555796292
3.580743051
5.848674188
6.005678058
7.681272739
3.86417042
0.980403469
3.321136349
0
0
0
0
0
0
0
0
0
0
0
0
0
0
0
0
0
0
1.155949631
0
0.405587539
1.712928653
3.036552408
2.590091444
0
0
0
0
0
0
0
0
0
0
0
0
0
0
0
0.229983282
0.457602146
2.111816227
0.253858482
1.057598033
1.035991554
0.959070716
0.285907738
0.28348322
0
0
0
0
0
0
0
0
0
0
0
0
0
0
0
1.612701702
2.696889981
0
0.902463164
3.749056428
4.855865596
2.42868979
0
0
0
0
0
0
0
0
0
0
0
0
0
0
0
0
0
3.232057698
7.046230581
6.629806827
8.288272828
5.684423004
8.567524256
6.796137622
5.495499834
3.417380769
0
0
0
0
0
0
0
0
0
0
0
0
0
0
0
2.461377829
3.431616713
6.109021912
6.754530372
5.168090213
5.409985928
7.152473412
6.467012275
3.185466439
0
0
0
0
0
0
0
0
0
0
0
0
0
0
0
3.308756926
4.508980788
8.928223972
7.22675514
4.849859267
2.717212497
0
0
0
0
0
0
0
0
0
0
0
0
0
0
0
0
0
0
0
2.108328715
1.466262808
0.979404759
0.927443383
3.444217868
4.440716084
1.895998382
3.099816333
0
0
0
0
0
0
0
0
0
0
0
0
0
0
0
0
0
1.110815628
0.488538907
2.490803217
1.196649331
3.01745855
0
0
0
0
0
0
0
0
0
0
0
0
0
0
0
0
0
2.766247658
4.974444092
7.306123598
3.437051453
4.58509104
8.624968612
6.217988242
1.622148039
2.194088682
0
0
0
0
0
0
0
0
0
0
0
0
0
0
0
2.169271492
3.897239916
6.915972045
7.963624851
8.916362971
8.064518037
6.194399388
3.697421902
1.385297302
0
0
0
0
0
0
0
0
0
0
0
0
0
0
0
0.748064815
1.925013276
2.216713802
2.303449237
2.828939692
1.352096659
3.211625611
1.9036073
0
0
0
0
0
0
0
0
0
0
0
0
0
0
0
0
0.454561053
1.104211361
1.936628808
3.886936855
1.344069785
7.771785737
6.679782003
7.402001533
1.444433324
0
0
0
0
0
0
0
0
0
0
0
0
0
0
0
0
1.704339288
4.149630935
5.590126392
4.541997907
0
2.68832905
2.265205852
2.346779603
0.701908694
0
0
0
0
0
0
0
0
0
0
0
0
0
0
1.003372343
3.310310536
2.486797048
5.370464853
7.636989232
8.480486525
8.59164942
3.339581032
0
0
0
0
0
0
0
0
0
0
0
0
0
0
0
0
1.353646727
2.895628017
1.844878307
5.196226453
4.564135756
4.234187406
5.073886746
5.56711065
1.901375664
0
0
0
0
0
0
0
0
0
0
0
0
0
0
0
0.587767119
1.750379342
2.738079632
3.125997873
6.150194254
9.084054311
8.218973675
0.768728242
2.07690206
0
0
0
0
0
0
0
0
0
0
0
0
0
0
0
0
0
0.604016644
0.628177388
5.993658926
1.783636779
0
0
0
0
0
0
0
0
0
0
0
0
0
0
0
0
0
0
0.2756103
0
0.879245995
5.414765565
1.433656682
0
2.135564546
2.314410731
3.124370718
0
0
0
0
0
0
0
0
0
0
0
0
0
0
0
1.005577035
4.18759506
4.315527825
3.019513255
7.041099107
6.404868589
2.88712864
0.572387504
0
0
0
0
0
0
0
0
0
0
0
0
0
0
0
0
1.225376911
4.489813016
5.783484518
9.861313548
5.195276352
7.622579392
3.965695084
6.263653043
0.804379309
0
0
0
0
0
0
0
0
0
0
0
0
0
0
0
1.796335275
4.325032383
4.050712115
5.013080092
4.475334731
1.47196922
0
0.425590574
0
0
0
0
0
0
0
0
0
0
0
0
0
0
0
0
0.575136381
2.327145804
2.144161396
6.707909072
4.963785549
3.019220245
4.292312773
0.608941499
0.51371863
0
0
0
0
0
0
0
0
0
0
0
0
0
0
0
3.447856698
6.496725188
8.389300003
10.08487875
9.15350491
9.829404943
7.037117018
4.502931876
1.783451434
0
0
0
0
0
0
0
0
0
0
0
0
0
0
0
1.025548803
3.258210424
6.248018665
8.826343401
9.210735272
8.962691779
6.801870044
3.799233193
1.283306785
0
0
0
0
0
0
0
0
0
0
0
0
0
0
0
2.330207413
5.631852397
7.387940835
8.082634713
7.926985126
8.041619457
6.684130028
3.685287445
0.467990721
0
0
0
0
0
0
0
0
0
0
0
0
0
0
0
2.502841037
4.513706685
6.579544291
6.551421077
6.384195087
8.355576024
6.967586842
3.689226696
0
0
0
0
0
0
0
0
0
0
0
0
0
0
0
0
2.364637487
3.816771972
6.693956621
6.887066667
6.721659264
8.853390396
4.221390065
3.540770756
0.584728924
0
0
0
0
0
0
0
0
0
0
0
0
0
0
0
0.451937251
3.977369466
3.751517527
5.051895703
5.085588893
0
0
1.899644681
0
0
0
0
0
0
0
0
0
0
0
0
0
0
0
0
0.866893484
1.885893643
1.0178237
2.218124314
6.420149741
4.600936487
0
0
0
0
0
0
0
0
0
0
0
0
0
0
0
0
0
0.613387218
2.578339244
4.891073998
3.728488782
1.636047596
3.831062932
0
0.126961173
0.602241536
0
0
0
0
0
0
0
0
0
0
0
0
0
0
0
0.48749765
1.91544247
4.323275241
8.721061816
3.351376726
1.638840422
0
2.276396587
4.481618026
2.108567587
1.036906485
0
0
0
0
0
0
0
0
0
0
0
0
0
0
3.626463964
6.8771872
4.312181777
6.290246665
6.919445051
6.576759812
3.44008329
2.562226351
0.984851854
0
0
0
0
0
0
0
0
0
0
0
0
0
0
0
3.541661071
6.073007986
8.047254224
9.062160683
9.050632427
9.505204559
6.823808594
4.517554719
2.268044112
0
0
0
0
0
0
0
0
0
0
0
0
0
0
0
0
1.678069346
3.499629153
6.216132238
5.523124738
2.471000539
2.295331328
6.186173533
2.190872055
0
0
0
0
0
0
0
0
0
0
0
0
0
0
0
3.442031582
6.095276899
6.212113284
7.133540191
8.479263345
8.938468216
5.609439443
3.619540092
0.959685245
0
0
0
0
0
0
0
0
0
0
0
0
0
0
0
0
3.292773732
2.634637093
0.970973478
1.328533329
0
1.002583912
2.302305166
0
0
0
0
0
0
0
0
0
0
0
0
0
0
0
0
0.695384595
1.019825853
0.365528149
2.09182041
4.603413491
3.706192476
0.498958938
5.58261517
4.363180512
1.401884871
0
0
0
0
0
0
0
0
0
0
0
0
0
0
0.143242089
1.890591121
2.178725113
1.969072637
4.479739034
4.323700097
0.393295844
4.17744563
0.325431837
0.247614116
0
0
0
0
0
0
0
0
0
0
0
0
0
0.031457339
2.590765303
4.404086419
9.446772519
6.957027078
4.861941071
5.429272041
3.125470986
3.033455992
0
0
0
0
0
0
0
0
0
0
0
0
0
0
0
0
3.377581648
6.280300901
5.808835846
9.370034918
6.709552547
5.988856625
6.280970777
3.542324097
1.332752295
0
0
0
0
0
0
0
0
0
0
0
0
0
0
0
0.523323969
0
2.847720185
3.624528338
5.949571636
2.576601935
0.946088103
0.607350786
0.492168463
0
0
0
0
0
0
0
0
0
0
0
0
0
0
0.218143948
1.513690656
2.236091151
3.86876539
1.985091586
2.436421415
0.458272129
1.078935999
0
1.035413506
0
0
0
0
0
0
0
0
0
0
0
0
0
0
0.953423665
3.271206161
5.968810548
7.310050324
9.295432126
7.319109544
7.502068369
6.298147209
4.368420227
0
0
0
0
0
0
0
0
0
0
0
0
0
0
0
0
3.759615756
6.349969305
8.021169666
8.80986482
8.639177803
9.151089977
7.315367224
5.012802823
2.041365422
0
0
0
0
0
0
0
0
0
0
0
0
0
0
0
2.147748609
4.787540239
6.489277652
8.674683867
7.877694323
8.875456871
6.432776602
3.293676401
1.797008469
0
0
0
0
0
0
0
0
0
0
0
0
0
0
0
3.211764974
6.134824508
8.104039882
8.48954455
8.048006514
8.513517753
6.607409626
3.486193298
1.170543804
0
0
0
0
0
0
0
0
0
0
0
0
0
0
0
2.357805088
4.707046403
6.962661345
6.927941433
6.545897334
8.346280072
6.696449848
1.581766363
0
0
0
0
0
0
0
0
0
0
0
0
0
0
0
0
1.000005645
4.040880816
6.638304412
7.108950527
4.474708908
5.351321965
5.123191875
2.470901722
0
0
0
0
0
0
0
0
0
0
0
0
0
0
0
0
1.229354617
0.092084192
3.015677745
6.665745938
3.790746711
5.350169558
3.438719962
5.642263293
0
0.492980409
0
0
0
0
0
0
0
0
0
0
0
0
0
0
3.662545338
3.170662427
5.623581024
5.307662372
5.465031997
7.173733265
5.045317871
1.323043743
0.603257726
0
0
0
0
0
0
0
0
0
0
0
0
0
0
0
3.650532275
6.012175063
8.351088667
8.406865584
9.06486202
8.735258355
6.331453933
3.93719646
1.102841044
0
0
0
0
0
0
0
0
0
0
0
0
0
0
0
0
0.177410225
0
0.498305549
0.303654643
1.036618717
1.222629204
0.188532741
0.41126478
0
0
0
0
0
0
0
0
0
0
0
0
0
0
0.296207965
1.566085405
2.319332264
1.63204831
0.804124077
2.456154814
1.941624285
0.654747469
0.307142615
1.10449543
0.191796477
0
0
0.092205407
0
0
0
0
0
0
0
0
0
0.008234598
0
0.443949008
1.587859944
1.837937563
0.014569913
2.55497037
5.809855774
5.159974207
5.866016159
2.670254094
0
0
0
0
0
0
0
0
0
0
0
0
0
0
0
3.240978156
5.457178507
5.483502489
3.37332762
5.877163989
6.12569846
5.338304487
3.837991888
0.845921875
0
0
0
0
0
0
0
0
0
0
0
0
0
0
0
3.447733948
6.603821928
6.727636877
7.314548414
6.284849695
6.512922203
3.411993916
4.087243103
0.608361922
0
0
0
0
0
0
0
0
0
0
0
0
0
0
0
1.451670856
3.802886145
5.216606199
6.765071775
4.841053761
6.82548553
4.373719891
2.419376534
0
0
0
0
0
0
0
0
0
0
0
0
0
0
0
0
2.02650192
3.025495909
4.565622547
4.754485503
7.464713538
9.218840813
3.135094523
0
0
0
0
0
0
0
0
0
0
0
0
0
0
0
0
0
4.005199158
2.399010023
6.888782433
3.326219819
2.509758989
4.865399246
4.910312107
0.890877913
1.307274552
0
0
0
0
0
0
0
0
0
0
0
0
0
0
0
4.354386141
6.810356181
6.940212013
8.01972729
8.263275962
9.365921955
7.477068106
3.43412886
2.449892537
0
0
0
0
0
0
0
0
0
0
0
0
0
0
0
0.542317167
0.151163003
3.931645165
5.933238034
7.593171037
10.00339702
3.271322431
0
0
0
0
0
0
0
0
0
0
0
0
0
0
0
0
0
4.464591366
7.105686809
8.842682498
9.460057361
8.784403063
9.065940581
6.742301796
4.614180166
1.71197301
0
0
0
0
0
0
0
0
0
0
0
0
0
0
0
1.946065605
3.158994356
2.278579893
4.840792452
3.304286402
5.465589422
0
0
0
0
0
0
0
0
0
0
0
0
0
0
0
0
0
0.397124188
4.374407082
6.969990274
8.481429772
8.66723047
8.422249624
8.29746204
6.732255472
3.779773462
1.117532399
0
0
0
0
0
0
0
0
0
0
0
0
0
0
0
0.223610978
0
2.037549187
3.220991542
1.517160469
5.365980548
4.024009123
2.96357081
2.810387505
0
0
0
0
0
0
0
0
0
0
0
0
0
0
0
1.096397191
0.609180007
0.287664072
1.171296592
1.527083097
2.942783716
0.51026641
0
0
0.0312038
0
0
0.12562524
0
0
0
0
0
0
0
0
0
0
0.1024335
1.73549104
1.460240542
1.256433041
3.392301276
5.19432111
4.195283619
2.688812359
1.500202907
0
0
0
0
0
0
0
0
0
0
0
0
0
0
0
1.212021551
3.142937859
4.500299959
6.276102932
7.549383097
6.462957371
4.916226753
4.233206114
2.589286937
0
0
0
0
0
0
0
0
0
0
0
0
0
0
0
0
4.937124279
6.694975737
8.044490501
8.302795823
8.140387677
8.608411657
6.075481668
4.645069333
2.939433936
0
0
0
0
0
0
0
0
0
0
0
0
0
0
0
0
1.851660849
4.588931897
5.333338958
0.892276561
2.997647112
5.284623948
1.550214054
0
0
0
0
0
0
0
0
0
0
0
0
0
0
0
0.195181695
4.92930178
2.790000747
5.069764046
2.203757579
4.666424755
6.474654096
9.491523186
3.570110111
1.617878092
0.110683975
0
0
0
0
0
0
0
0
0
0
0
0
0
0
1.944641867
3.437937276
3.454111946
3.622583167
3.609097775
1.237865593
2.61900918
3.767241324
0
0
0
0
0
0
0
0
0
0
0
0
0
0
0
0.367814296
3.153746582
0.872010354
0.344210492
0.874311521
0
0.889994007
1.355268624
1.5766116
1.629341273
0.885063486
0.469052473
0
0.040787776
0
0
0
0
0
0
0
0
0
0.232993235
0.883485529
2.055921757
3.765457356
6.0358287
5.404516345
6.716414025
8.183995312
5.694245588
6.497827068
4.390912498
0
0
0
0
0
0
0
0
0
0
0
0
0
0
0
4.167322897
6.694295877
6.196782244
8.389120969
8.861699935
9.001166717
6.313678661
3.83957196
1.793932282
0
0
0
0
0
0
0
0
0
0
0
0
0
0
0
0
0.210054547
1.601526495
2.881041868
4.974762662
7.376044797
6.507727524
2.801763874
0.09496049
0
0
0
0
0
0
0
0
0
0
0
0
0
0
0.504323408
3.776907477
3.131848268
4.073302258
3.078727541
3.965695925
3.637516364
2.797990495
4.057273062
2.809313056
0
0
0
0
0
0
0
0
0
0
0
0
0
0
0.261001309
3.14839658
5.40158682
6.216961143
9.00939206
5.194563654
4.121947492
4.281173819
4.889430734
2.24245435
0
0
0
0
0
0
0
0
0
0
0
0
0
0
0
2.881811973
2.422392508
0.508062529
5.2364627
5.831289846
9.599273198
5.079146809
5.98031158
0.198445833
0
0
0
0
0
0
0
0
0
0
0
0
0
0
0
3.688355666
0.783155637
3.558834611
4.068262527
5.705665881
5.64003323
5.678067739
1.58012524
0.17846377
0
0
0
0
0
0
0
0
0
0
0
0
0
0
0.050222524
2.044422506
5.571114522
6.169629849
5.045480153
5.087859374
7.42654497
6.137239271
3.660099933
2.383312777
0
0
0
0
0
0
0
0
0
0
0
0
0
0
0
2.156237156
2.407537293
1.622116107
0.746088371
0.78344048
0.639685655
0
0.481440152
0.757530641
0.25595706
0
0
0.01992211
0
0
0
0
0
0
0
0
0
0
1.390434601
4.553366059
6.984536658
6.623524742
7.246454763
7.185058704
8.065663807
5.442200135
4.164790509
2.264048477
0
0
0
0
0
0
0
0
0
0
0
0
0
0
0
2.227398465
3.328671868
6.962323415
6.25678328
3.769387173
1.186655226
1.905519386
3.039316146
0
0
0
0
0
0
0
0
0
0
0
0
0
0
0
0
0.350789445
2.583307175
3.88571971
4.222326642
3.393175327
1.833846026
5.28464506
9.773221869
3.646197232
0
0
0
0
0
0
0
0
0
0
0
0
0
0
0
1.897925875
3.937940936
3.621302401
2.72025204
6.406449237
3.660270975
0
2.33453651
0.91253716
0.76942398
0
0
0
0
0
0
0
0
0
0
0
0
0
0.755960467
2.252454296
2.74559979
5.416881729
3.363984151
2.00915439
4.844696167
4.428865821
0
0
0
0
0
0
0
0
0
0
0
0
0
0
0
0
0.535121475
3.212936133
4.927761511
6.256051163
5.906378255
10.00820066
7.892674531
6.437752418
2.901231601
2.749876168
0.562641149
0
0
0
0
0
0
0
0
0
0
0
0
0
0
2.806061399
5.849763772
7.817572726
8.17720906
7.852489167
7.597393123
7.201754831
3.358452374
1.576451118
0
0
0
0
0
0
0
0
0
0
0
0
0
0
0
0
1.376357599
0.265711523
3.785118889
4.038429119
2.260603779
0
0
0
0.046030198
0
0
0
0
0
0
0
0
0
0
0
0
0
0.20379634
0.645275886
3.179353039
2.450964823
1.662025698
1.100848132
2.75536975
3.98509904
1.345794608
0
0
0
0
0
0
0
0
0
0
0
0
0
0
0
0.029961638
2.831797988
4.885944957
7.067828052
8.619235733
7.725324933
7.716947021
8.221393725
3.655659736
1.637109629
0
0
0
0
0
0
0
0
0
0
0
0
0
0
0
2.970330928
4.83325862
7.513842337
9.188097107
8.98466272
6.714626869
5.451939212
2.504084687
0.630196226
0
0
0
0
0
0
0
0
0
0
0
0
0
0
0
0.867343097
2.964217806
9.413283536
6.401388089
8.215412453
3.128045536
3.340063316
3.348064661
0.405472715
0
0
0
0
0
0
0
0
0
0
0
0
0
0
0
3.398783673
6.488644455
8.591694167
8.80680167
8.467553311
9.044229353
6.593044439
4.881460111
2.195853314
0
0
0
0
0
0
0
0
0
0
0
0
0
0
0
2.972475732
5.469348652
7.209758891
7.689869344
8.221639655
8.297437596
6.230222232
3.82834063
1.514653187
0
0
0
0
0
0
0
0
0
0
0
0
0
0
0
1.923836756
5.181196393
6.934036146
7.783947229
8.123887988
7.983334636
5.430440863
2.217392413
1.131498589
0
0
0
0
0
0
0
0
0
0
0
0
0
0
0
0
0
0
0.762260176
0.455028333
0.952198932
2.211516325
2.011980635
1.392954142
0
0
0
0
0
0
0
0
0
0
0
0
0
0
0.763947332
4.027638459
5.648578153
7.460078559
5.355416153
5.213148403
5.595752025
1.866436761
4.247626667
1.786348273
0
0
0
0
0
0
0
0
0
0
0
0
0
0
0
0
0.245198774
1.695219902
2.470647468
4.095895547
0.687670433
2.639158062
2.713719593
0
0.182779758
0
0
0
0
0
0
0
0
0
0
0
0
0
0.101886568
1.752800617
3.079466346
5.539368048
5.696613074
3.602231753
1.366609059
1.275941938
1.671535643
0
0
0
0
0
0
0
0
0
0
0
0
0
0
0
0.374621731
4.104326423
6.447296418
7.97542794
9.740931885
9.504716053
9.577824023
7.025227053
4.083867633
2.21538296
0
0
0
0
0
0
0
0
0
0
0
0
0
0
0
2.015007131
5.294575439
5.918263729
6.57308611
3.976558213
4.306208982
4.260469315
2.63387769
0.9655259
0
0
0
0
0
0
0
0
0
0
0
0
0
0
0
2.46714165
4.011467195
6.899317505
8.510510582
9.36249718
9.083184294
6.485414089
4.929185144
2.016669761
0
0
0
0
0
0
0
0
0
0
0
0
0
0
0
1.728512365
3.786894581
4.61902119
5.025089459
2.289899298
4.661962102
6.020481855
3.978548253
2.742428578
0
0
0
0
0
0
0
0
0
0
0
0
0
0
0
1.371289607
3.658021851
4.611914494
8.390197489
9.762872451
3.449946873
1.060757434
2.648243356
1.292329856
0
0
0
0
0
0
0
0
0
0
0
0
0
0
0
3.977384014
6.013662766
6.527141006
5.209507778
3.090578649
5.131452037
0.490155164
0
0
0
0
0
0
0
0
0
0
0
0
0
0
0
0
0
3.663828269
3.121182976
5.463834506
6.736410446
8.040227032
5.10115023
7.167798234
1.883737212
0.09076805
0.006590535
0
0
0
0
0
0
0
0
0
0
0
0
0
0
2.033517823
5.710398969
6.240620697
4.218801645
1.92049063
1.276347193
1.015549409
1.17204331
0.052036207
0.197981848
0
0
0
0
0
0
0
0
0
0
0
0
0
0.799027708
3.788587292
4.186379989
4.638462997
3.268809252
3.243870839
4.150058845
0.421233231
1.931135226
3.242301328
1.19603904
0
0
0
0
0
0
0
0
0
0
0
0
0
0.162564908
2.697911681
5.441529449
7.521306129
7.928394334
5.659752126
8.401522592
6.020136084
4.561971617
2.814518164
1.558912469
0
0
0
0
0
0
0
0
0
0
0
0
0
0
2.493416834
3.76436243
5.47149664
6.073335502
7.036311394
5.892940325
3.805498458
1.255479871
0.880530673
1.629714299
0
0
0
0
0
0
0
0
0
0
0
0
0
0
3.197101055
6.640935075
8.302777225
9.073270814
8.687656032
9.134143393
6.669344601
4.959579671
1.853293224
0
0
0
0
0
0
0
0
0
0
0
0
0
0
0
1.704897026
4.144950278
5.195255612
6.400602288
8.816924697
9.918074655
5.904263787
1.475104091
0
0
0
0
0
0
0
0
0
0
0
0
0
0
0
0
1.249158239
5.087257487
2.941809321
0.558854219
3.377209322
4.089464166
3.679972809
1.150599652
0
0
0
0
0
0
0
0
0
0
0
0
0
0
0
0.293172123
2.291263754
2.332720211
2.866181902
4.306765377
5.989499204
5.207468102
0
0.163069603
0
0
0
0
0
0
0
0
0
0
0
0
0
0
0
0.7159424
4.435766541
7.272399416
9.065861236
9.298791992
9.164160677
9.286034403
7.421521871
5.300252285
2.574757177
0
0
0
0
0
0
0
0
0
0
0
0
0
0
0
1.371377165
4.888273382
6.309141598
8.895781399
9.013575053
9.397046267
6.799914244
4.479715063
1.907010876
0
0
0
0
0
0
0
0
0
0
0
0
0
0
0
0
3.291343009
4.086613103
4.45178286
6.576509869
5.317026797
3.052962304
2.995841891
3.996797407
0
0
0
0
0
0
0
0
0
0
0
0
0
0
0
2.080559746
5.0288528
6.907409729
9.256167131
9.162261071
9.343833099
6.613415114
4.24065872
1.521271133
0
0
0
0
0
0
0
0
0
0
0
0
0
0
0
0.820734346
3.738353122
6.141421479
5.908122773
7.270128374
5.861924735
4.043386953
3.735737783
0
0
0
0
0
0
0
0
0
0
0
0
0
0
0
0
1.310287459
2.691599085
1.738370471
3.092841505
7.139052768
4.295345406
2.546131453
0
2.356836347
0.345664112
0
0
0
0
0
0
0
0
0
0
0
0
0
0
2.79111965
2.869215852
5.856505136
6.197093309
6.914425038
5.137148247
3.23136491
3.05460679
2.388666297
1.450938862
0
0
0
0
0
0
0
0
0
0
0
0
0
0
3.165356948
3.938604265
6.053199639
9.14872864
7.197841729
7.060006816
5.498429976
3.219766234
1.510700111
0
0
0
0
0
0
0
0
0
0
0
0
0
0
0
0.038467654
0.033677104
2.582249314
3.599090123
7.220919828
5.014696167
7.345922161
5.16077159
2.513099581
0
0
0
0
0
0
0
0
0
0
0
0
0
0
0
1.09898012
2.228684794
4.289417003
5.064102981
8.089455461
9.262406479
4.006827886
1.605659681
0
0
0
0
0
0
0
0
0
0
0
0
0
0
0
0
0
0
0.139947091
0.447971275
0.624250929
1.421339124
0.787543042
0.134955324
0.047935045
0
0
0
0.01398737
0
0
0
0
0
0
0
0
0
0
1.327339062
4.592917774
7.353945793
7.931044912
8.782508895
7.397036897
9.045913741
8.273190157
5.627450962
2.779596561
0.107742774
0
0
0
0
0
0
0
0
0
0
0
0
0
0
3.163694887
5.940834745
7.37908674
9.186534359
7.089384343
9.067331657
6.372941435
2.216357551
0.765077468
0
0
0
0
0
0
0
0
0
0
0
0
0
0
0
0
0
1.2311239
1.920296037
3.929123242
2.617113721
3.519172577
0.223488241
1.222171234
0
0
0
0
0
0
0
0
0
0
0
0
0
0
0
2.013274596
1.734006768
2.315858987
2.995983681
2.622368406
4.9335904
4.276391001
0
0
0
0
0
0
0
0
0
0
0
0
0
0
0
0
0.417753228
4.076632276
4.991340595
6.196567998
0.861375627
3.556776591
0
0.710697427
0
1.342666825
2.57807023
0
0
0
0
0
0
0
0
0
0
0
0
0
0
0.294660857
1.961347078
5.849576895
5.451304601
8.107982467
2.188766413
0
0
0
0
0
0
0
0
0
0
0
0
0
0
0
0
0
0.178575353
2.977417811
3.291550413
2.089316466
2.063842938
2.753477254
5.600247471
5.741033778
0.539681159
0.223565163
0
0
0
0
0
0
0
0
0
0
0
0
0
0
0
1.341920466
0.264283133
1.439872934
6.357125293
5.461828165
6.385075891
5.336822841
9.177076049
3.472864516
0.648310647
0
0
0
0
0
0
0
0
0
0
0
0
0
0
0.563371231
4.465766973
5.863954547
11.57542527
6.753483546
1.97473834
1.97148401
0
0
0
0
0
0
0
0
0
0
0
0
0
0
0
0
0
4.013709098
6.120107958
4.325659299
6.42178573
7.091321666
3.502956769
2.961383138
2.668129574
0.414878272
0
0
0
0
0
0
0
0
0
0
0
0
0
0
0
3.353036417
3.611810388
4.797354478
5.07727887
6.501357621
8.545313603
5.760589383
3.296265015
1.190272228
0
0
0
0
0
0
0
0
0
0
0
0
0
0
0
2.08321051
5.186525257
7.696301767
7.068961312
8.073360837
8.916312702
6.433432497
5.371093096
2.348539791
0
0
0
0
0
0
0
0
0
0
0
0
0
0
0
1.328206742
3.590412454
8.251629013
5.65640615
6.942371185
5.543377125
4.257646669
4.227032186
2.65799166
0
0
0
0
0
0
0
0
0
0
0
0
0
0
0
2.219454241
2.155712261
0.140067801
1.725379209
0.20928704
4.965811989
7.337639935
5.071662212
4.065952093
0
0
0
0
0
0
0
0
0
0
0
0
0
0
0
0.578531912
2.522512556
1.08957341
5.314267539
1.353258618
2.924007983
4.495960537
3.329176022
1.259427388
0
0
0
0
0
0
0
0
0
0
0
0
0
0
0
0.331808822
0.844756887
3.012039417
7.062287698
5.999989275
1.849121479
3.093191403
0
1.247812528
0.551783406
0
0
0
0
0
0
0
0
0
0
0
0
0
0.065648741
3.764914914
6.776270078
8.883003179
8.644520558
6.919910457
7.525206437
2.78614503
3.571995329
0.366736551
0.058972431
0
0
0
0
0
0
0
0
0
0
0
0
0
0
2.281864752
5.203600995
6.553760578
5.532743148
5.342643275
6.269489164
3.077447148
0
0
0
0
0
0
0
0
0
0
0
0
0
0
0
0
0
1.465611586
2.406353442
7.960519674
7.13935285
4.765844978
6.109858392
3.286646792
4.329728419
0
0
0
0
0
0
0
0
0
0
0
0
0
0
0
0
2.625969133
3.705275407
3.706675487
3.724336974
5.643240583
7.383626152
7.598128521
6.766458888
2.62894363
0.020992447
0
0
0
0
0
0
0
0
0
0
0
0
0
0
0.114224965
1.275711502
3.813464876
6.641343358
6.484914251
3.638077814
0
3.325149027
0.934845548
0
0
0
0
0
0
0
0
0
0
0
0
0
0
0
0.831264718
0.1604869
0.121536774
0.697647413
0.74524686
1.354227157
0.7772485
0
0.663186551
0.24240558
0
0
0
0
0
0
0
0
0
0
0
0
0
0.34029931
0.9453599
1.038508404
0.795341846
0.890491922
1.017715944
2.415438525
2.682228156
1.102981349
0
0.35316645
0
0
0
0
0
0
0
0
0
0
0
0
0
0.013012153
1.229860017
6.08257022
5.05493387
6.753253753
3.264435621
4.240344635
6.824355091
4.038517353
0.133084635
0
0
0
0
0
0
0
0
0
0
0
0
0
0
0
0.025228742
1.095383908
4.045663289
6.914192557
7.075892781
4.464246616
3.692574187
0
0.485878543
0
0
0
0
0
0
0
0
0
0
0
0
0
0
0
2.280657847
3.364299695
4.978575409
8.875779887
10.31673701
5.188952501
2.844588724
0.748273591
0
0.598722861
0
0
0
0
0
0
0
0
0
0
0
0
0
0
3.945186898
4.696325745
9.201427806
7.863832295
2.367803633
2.653323443
5.962060972
0.419602367
0
0
0
0
0
0
0
0
0
0
0
0
0
0
0
0
3.3488007
5.484382209
3.179088279
2.055618716
2.299284413
5.018442123
4.300978191
1.646347885
0.842091996
0
0
0
0
0
0
0
0
0
0
0
0
0
0
0
2.577795267
2.760249011
3.684654845
6.218746639
5.210829713
6.530926565
5.408714468
0
0.903220708
0
0
0
0
0
0
0
0
0
0
0
0
0
0
0
1.530273265
2.560382526
1.26657334
4.769122762
6.970764961
6.873088609
3.69382655
0
2.211828632
0
0
0
0
0
0
0
0
0
0
0
0
0
0
0
0
1.02131529
1.435659766
0.617649382
3.146999652
0.544991929
0.064628163
2.47664306
0.791181312
0
0
0
0
0
0
0
0
0
0
0
0
0
0
0
1.648152581
3.930440018
5.108136559
6.623529254
2.742173661
0.040208348
2.944950606
1.759911051
0
0
0
0
0
0
0
0
0
0
0
0
0
0
0
0
1.868896054
5.390573618
8.797652751
6.997619537
6.262789001
9.830373596
6.660562981
2.831077703
1.910657051
0
0
0
0
0
0
0
0
0
0
0
0
0
0
0
1.378798536
3.991330986
0.480664996
2.461901837
0
2.122933751
4.772290799
0.966785992
3.342306315
0
0
0
0
0
0
0
0
0
0
0
0
0
0
0
2.515378166
4.151244498
9.367016325
7.223343648
9.968729288
9.448540572
7.79114964
2.556625783
0
0
0
0
0
0
0
0
0
0
0
0
0
0
0
0
1.698321104
4.025014182
4.877363073
0.93017015
0
4.226790348
8.564199777
6.52666772
3.19882792
0
0
0
0
0
0
0
0
0
0
0
0
0
0
0
0.826616828
0.481074306
0.597472657
1.148020854
0.447878486
1.152223992
0.828869801
0
0
0
0
0
0
0
0
0
0
0
0
0
0
0
0
0
0.113478632
0.538221291
0.993294069
1.483383544
3.668561327
6.12374672
0.986524179
0
0
0.110089811
0
0
0
0
0
0
0
0
0
0
0
0
0
0
0.925942958
0.841551292
0.29164085
3.952686045
5.841788878
6.669693768
2.678160011
3.987897197
0.294675361
0
0
0
0
0
0
0
0
0
0
0
0
0
0
0
1.254607267
3.250974183
2.06280848
0
0
0
3.508079545
1.367862227
1.172590143
0
0
0
0
0
0
0
0
0
0
0
0
0
0
0
2.027578434
3.97378977
4.928960013
7.462700867
8.085584783
4.825552925
2.237120933
1.97059913
0
0
0
0
0
0
0
0
0
0
0
0
0
0
0
0
2.146204791
4.790585346
5.068975672
6.907308171
9.480080393
9.213145713
6.788266673
1.924553154
1.101059973
0
0
0
0
0
0
0
0
0
0
0
0
0
0
0
0.385913343
0.12435946
0.338707643
0.961787076
4.568240992
2.112401454
1.325657643
0.602702544
0
0
0
0
0
0
0
0
0
0
0
0
0
0
0
0
0.193802542
0.238249271
1.068873571
0.921586288
1.241110734
0.882445194
0.807583733
0.320685932
0
0
0
0
0
0
0
0
0
0
0
0
0
0
0
0.277752533
2.694432742
4.141377883
3.888860546
8.509819544
5.874269435
5.239490598
7.165883863
1.638101517
0
0
0
0
0
0
0
0
0
0
0
0
0
0
0
0
1.585701775
4.684854317
3.07811492
3.447806048
3.742048078
0.205305499
0
0
0
0
0
0
0
0
0
0
0
0
0
0
0
0
0
0
0.891813478
1.361420963
3.584931665
6.374887474
5.319676368
4.248906046
0.063355689
0.725255982
0
0
0
0
0
0
0
0
0
0
0
0
0
0
0
0
2.387395311
6.238034176
8.351306068
9.06580008
5.964814986
9.514976968
6.636336817
4.446273422
1.262366839
0
0
0
0
0
0
0
0
0
0
0
0
0
0
0
1.354893326
2.429130441
6.131872833
5.00103647
7.327000335
5.49015956
2.052835388
2.333197746
0
0
0
0
0
0
0
0
0
0
0
0
0
0
0
0
1.903882308
3.175538042
7.686311891
8.351007531
5.67730954
9.969783822
1.988307943
4.382933559
1.493317187
0
0
0
0
0
0
0
0
0
0
0
0
0
0
0
1.349624724
5.595560648
5.78891362
9.561052501
7.637355009
8.478087975
6.315455158
3.47228074
0.234408715
0
0
0
0
0
0
0
0
0
0
0
0
0
0
0
0.370042549
0.723918444
1.274243162
0
1.037989076
0
0.76516145
0.314281486
0
0
0
0
0
0
0
0
0
0
0
0
0
0
0
0
0
0.750235086
0.239720194
3.058527551
4.098153708
7.270290099
0.535096134
0.122650373
0
0
0
0
0
0
0
0
0
0
0
0
0
0
0
0
0
0.23543331
0.457572243
1.083269236
1.670678465
0.274628104
1.388245217
1.125849363
1.510310972
0
0
0
0
0
0
0
0
0
0
0
0
0
0
0
1.163602857
2.377821989
1.349056639
1.411669246
0.745297479
0.284456993
1.052151515
0
0
0.063990135
0
0
0
0
0
0
0
0
0
0
0
0
0
0
0.212701411
0
0.653225507
4.576763617
3.818573529
2.129163476
2.996407666
6.691416484
0.728774861
0
0
0
0
0
0
0
0
0
0
0
0
0
0
0
0.5020245
0.742869166
0.115935056
1.868016681
0.84690622
1.857567526
1.816993199
2.7707976
2.04827348
0
0
0
0
0
0
0
0
0
0
0
0
0
0
0
0.674497803
0.139937686
0.294594628
1.27817975
0.954554975
1.295019898
4.586555825
2.451268529
1.292158075
0
0
0
0
0
0
0
0
0
0
0
0
0
0
0
0
1.95692798
4.21821824
11.23843375
10.08431754
6.422144893
3.746260102
0.102018822
0
0
0
0
0
0
0
0
0
0
0
0
0
0
0
0
0.730615818
0.923690834
3.975887929
6.637293587
6.018112348
6.990379216
0.220431764
0
0
0
0
0
0
0
0
0
0
0
0
0
0
0
0
0
0.574033681
0
0.466959063
1.697390044
1.388097729
2.195211249
0
0.487171283
1.022090612
0
0
0
0
0
0
0
0
0
0
0
0
0
0
0
0.186946725
5.07182093
5.791644191
4.456843892
3.347201566
0.063072712
0
1.384687718
0.025048472
0
0
0
0
0
0
0
0
0
0
0
0
0
0
0
0
0
0.480394192
1.005585805
1.463048413
3.855306251
2.752795169
0
0
0
0
0
0
0
0
0
0
0
0
0
0
0
0
0
0.296238161
0.752166328
0.842578334
0.445001342
0
1.295691048
1.841869294
0.333214098
0
0.305439294
0
0
0
0
0
0
0
0
0
0
0
0
0
0
1.771672798
2.655557502
4.693708047
4.530345781
6.087119607
2.375733453
2.077785031
1.232423215
0
0
0
0
0
0
0
0
0
0
0
0
0
0
0
0
2.552755332
5.191494981
7.376400158
8.994060921
6.933423521
7.330125149
3.034932401
1.470906269
0.593653996
0
0
0
0
0
0
0
0
0
0
0
0
0
0
0
0
0
0
1.935322508
9.251462507
4.385798743
1.311307055
0.38982858
0
0
0
0
0
0
0
0
0
0
0
0
0
0
0
0
0.244588328
0.659803675
1.512764258
4.501944454
3.869360355
0.013154667
2.472468545
0
0.246472097
0
0
0
0
0
0
0
0
0
0
0
0
0
0
0
0
0
3.70373674
4.020476006
9.199872459
2.486232007
2.616850885
0
0
0
0
0
0
0
0
0
0
0
0
0
0
0
0
0
0
5.551517724
5.43975359
2.628372649
2.036571134
7.192426678
3.992290057
5.114596005
1.016428067
0
0
0
0
0
0
0
0
0
0
0
0
0
0
0
0
1.358263445
4.298470774
10.07456456
9.302210633
9.286227391
2.926351539
0.026088785
0
0
0
0
0
0
0
0
0
0
0
0
0
0
0
0
0
0
0.268047351
2.583870014
3.715069674
4.345497774
2.565796603
3.836867391
1.420538627
0
0
0
0
0
0
0
0
0
0
0
0
0
0
0
0
0
0
0.108626362
0.255068452
0
0.025812724
0.295341689
0.171857308
0
0
0
0
0
0
0
0
0
0
0
0
0
0
0
0
1.557430994
3.317605022
5.340119251
1.589524975
0.954810342
2.429420586
1.08934811
0
0
0
0
0
0
0
0
0
0
0
0
0
0
0
0
0.541366182
1.535898858
2.747932086
2.891760351
0.099879158
3.042896984
4.551247813
1.242955727
0
0
0
0
0
0
0
0
0
0
0
0
0
0
0
0
0
1.835468598
4.950314653
3.526974829
2.431742666
2.676245679
2.563916195
0
0
0
0
0
0
0
0
0
0
0
0
0
0
0
0
0
0
0
1.9065344
0
0.439926033
1.068048293
0
0
0
0
0
0
0
0
0
0
0
0
0
0
0
0
0
0
0
2.825357284
7.428604413
8.953661631
2.220636952
8.827692876
6.372325148
2.921732892
0.095236404
0
0
0
0
0
0
0
0
0
0
0
0
0
0
0
0
4.056602848
5.760835011
6.942350986
8.290654978
7.28788598
1.170268066
0.874997251
0
0
0
0
0
0
0
0
0
0
0
0
0
0
0
0
0
0.865694433
2.320136917
3.020114992
3.611602655
6.129450364
5.241991811
0.643852559
0
0
0
0
0
0
0
0
0
0
0
0
0
0
0
0
0
2.350511857
3.478408623
4.7343002
6.360600631
5.254998919
5.864923397
3.307549674
0
0
0
0
0
0
0
0
0
0
0
0
0
0
0
0
0
0
1.45326385
0.824040021
1.980812975
0.953487375
2.186653755
0
0
0
0
0
0
0
0
0
0
0
0
0
0
0
0
0
0
0
0
1.890151866
5.986920285
4.514171714
0
0
0
0
0
0
0
0
0
0
0
0
0
0
0
0
0
0
0
0
0
3.61352662
4.804834996
1.749989033
0
0
0
0
0
0
0
0
0
0
0
0
0
0
0
0
0
0
0
0
1.537595483
2.18880835
2.334647864
4.652076206
4.823774115
0
0
0
0
0
0
0
0
0
0
0
0
0
0
0
0
0
0
0
0
0
0
0
0
0
0
0
0
0
0
0
0
0
0
0
0
0
0
0
0
0
0
0
0.370581916
0.365858972
1.501869472
2.600622914
4.27413414
1.177459043
0
0
0
0
0
0
0
0
0
0
0
0
0
0
0
0
0
1.672254575
2.685219186
2.124945331
2.508984767
3.292182469
0
0
0
0
0
0
0
0
0
0
0
0
0
0
0
0
0
0
0
0
1.734289781
4.528274419
1.772170931
2.510855611
1.235734211
0
0.004365558
0
0
0
0
0
0
0
0
0
0
0
0
0
0
0
0
0
0
0.665069854
1.058669555
0.038838253
0
0
0
0
0
0
0
0
0
0
0
0
0
0
0
0
0
0
0
0
0.004215145
0.384555047
0.069664469
0
0
0
0
0
0
0
0
0
0
0
0
0
0
0
0
0
0
0
0
0
0.722020359
0.538009547
0.913874495
0.605612136
0.801729518
1.553608172
0
0
0
0
0
0
0
0
0
0
0
0
0
0
0
0
0
0
0
0.641552499
0.263886033
0.20558239
0.219325866
0.15288758
0
0
0
0
0
0
0
0
0
0
0
0
0
0
0
0
0
4.625850781
6.696823701
8.826996342
6.941371241
8.261019897
1.379434665
0
0
0
0
0
0
0
0
0
0
0
0
0
0
0
0
0
0
0
0
0
0.06401245
0.253492252
0
0
0
0
0
0
0
0
0
0
0
0
0
0
0
0
0
0
0
0.453813569
1.506467025
0.137593983
2.285546971
2.773821949
4.332910696
0.394849854
0
0
0
0
0
0
0
0
0
0
0
0
0
0
0
0
0
0
0
3.79442731
7.434748586
3.698982258
0
0.903603903
0
0
0
0
0
0
0
0
0
0
0
0
0
0
0
0
0
0
2.124850759
5.295651546
2.77039865
3.020636984
0
0
0
0
0
0
0
0
0
0
0
0
0
0
0
0
0
0
0
0
0
2.027962255
0
5.607680422
0.991795657
2.307357389
0
0
0
0
0
0
0
0
0
0
0
0
0
0
0
0
0
0
0
0.203939702
3.032899627
4.708401756
1.624351197
1.631436462
0
0
0
0
0
0
0
0
0
0
0
0
0
0
0
0
0
1.247605118
4.889323981
5.167857
8.26582951
6.131605661
0.994750901
1.264154063
0
0
0
0
0
0
0
0
0
0
0
0
0
0
0
0
0
0
0
0
0
0.752102366
0.501005297
0
0
0
0
0
0
0
0
0
0
0
0
0
0
0
0
0
0
0
1.320284295
4.05885824
7.241179188
2.14091991
0.482275864
0
0
0
0
0
0
0
0
0
0
0
0
0
0
0
0
0
0
0
0
0.398555251
0.47477299
0.532490732
1.556744633
0
0
0
0
0
0
0
0
0
0
0
0
0
0
0
0
0
0
0.34851548
3.604439894
8.870934745
8.953106658
7.364512092
5.615008502
1.357999092
0
0
0
0
0
0
0
0
0
0
0
0
0
0
0
0
0
0
0.02555074
0.922755027
6.448094363
3.986862265
4.347075777
0
0
0
0
0
0
0
0
0
0
0
0
0
0
0
0
0
0
0
2.290140908
3.935288247
0
0
2.174079391
2.060820757
0
0
0
0
0
0
0
0
0
0
0
0
0
0
0
0
0
0
5.664799981
7.372611353
8.066875958
3.351841286
5.68394129
0
0
0
0
0
0
0
0
0
0
0
0
0
0
0
0
0
0
0
5.008271345
6.237947262
6.047571067
4.265343801
5.491276831
0
0
0
0
0
0
0
0
0
0
0
0
0
0
0
0
0
0
0
0.605037304
0
0
0
0
0
0
0
0
0
0
0
0
0
0
0
0
0
0
0
0
0
0
0
0
0
0
0
0
0
0
0
0
0
0
0
0
0
0
0
0
0
0
0
0
0
0
0
0
0
0
0
0
0
0
0
0
0
0
0
0
0
0
0
0
0
0
0
0
0
0
0
0
0
0
0
0
0
0
0
0
0
0
0
0
0
0
0
0
0
0
0
0
0
0
0
0
0
0
0
0
0
0
0
0
0
0
0
0
0
0
0
0
0
0
0
0
0
0
0
0
0.508103357
0
0.254562827
0
0
0
0
0
0
0
0
0
0
0
0
0
0
0
0
0
0
0
0
4.920653182
4.099476276
8.453868283
5.356715496
0
0
0
0
0
0
0
0
0
0
0
0
0
0
0
0
0
0
0
0
0.73937139
0.712389822
0
0
0
1.069214638
0
0
0
0
0
0
0
0
0
0
0
0
0
0
0
0
0
0
0
0
0
1.755954782
0
0
0
0
0
0
0
0
0
0
0
0
0
0
0
0
0
0
0
0
0
0
0
0
0
0
0
0
0
0
0
0
0
0
0
0
0
0
0
0
0
0
0
0
0.708186756
1.44798973
0.004359665
0.072749114
0
0
0
0
0
0
0
0
0
0
0
0
0
0
0
0
0
0
0
0
0
0
2.180943129
0
0.774492839
0
0
0
0
0
0
0
0
0
0
0
0
0
0
0
0
0
0
0
5.617556706
7.154014553
6.553474483
7.550287012
2.191910612
0
0
0
0
0
0
0
0
0
0
0
0
0
0
0
0
0
0
0
0
0
0
0
0
0
0
0
0
0
0
0
0
0
0
0
0
0
0
0
0
0
0
0
0.280988203
2.081009318
6.069330648
9.018500863
3.449162142
0
0
0
0
0
0
0
0
0
0
0
0
0
0
0
0
0
0
0
1.376647607
7.08595699
7.102779061
6.77729387
1.277350596
0
0
0
0
0
0
0
0
0
0
0
0
0
0
0
0
0
0
0
0
0
2.107062065
1.914919037
2.258870943
0
0
0
0
0
0
0
0
0
0
0
0
0
0
0
0
0
0
0
0
1.340862932
1.885280544
3.033156539
1.167938832
0
0
0
0
0
0
0
0
0
0
0
0
0
0
0
0
0
0
0
0
0.336712076
0
2.083010352
2.761328918
0.244656161
0
0
0
0
0
0
0
0
0
0
0
0
0
0
0
0
0
0
0
0
0.038745182
0
0.008684925
0
0
0
0
0
0
0
0
0
0
0
0
0
0
0
0
0
0
0
0
0
0.228517904
2.229415421
2.401281018
0
0
0
0
0
0
0
0
0
0
0
0
0
0
0
0
0
0
0
0
1.574797167
0
0
0.164361463
0
0
0
0
0
0
0
0
0
0
0
0
0
0
0
0
0
0
0
1.324851541
5.200993436
3.113611118
1.680136143
0.809410337
0
0
0
0
0
0
0
0
0
0
0
0
0
0
0
0
0
0
0
0
0.473939209
1.266551126
0
0
0
0
0
0
0
0
0
0
0
0
0
0
0
0
0
0
0
0
0
0
0
0
0.150800054
0
0
0
0
0
0
0
0
0
0
0
0
0
0
0
0
0
0
0
0
2.188822089
3.399254511
8.048862891
3.999593451
3.351843719
0
0
0
0
0
0
0
0
0
0
0
0
0
0
0
0
0
0
0
0
1.156061415
0
2.25048384
4.334344549
3.269230612
0
0
0
0
0
0
0
0
0
0
0
0
0
0
0
0
0
0
0
0.536838864
1.136926122
0
3.814186788
2.256531145
0
0
0
0
0
0
0
0
0
0
0
0
0
0
0
0
0
0
0
0
1.032447764
3.542998533
0.806635927
1.034037917
0
0
0
0
0
0
0
0
0
0
0
0
0
0
0
0
0
0
1.544590952
2.32709478
7.913375255
7.450387666
1.654746539
2.243483046
0
0
0
0
0
0
0
0
0
0
0
0
0
0
0
0
0
0
0
0
1.008498025
0
0.624757714
0
0
0
0
0
0
0
0
0
0
0
0
0
0
0
0
0
0
0
0
0.063106138
0.185723533
0
0
0
0
0
0
0
0
0
0
0
0
0
0
0
0
0
0
0
0
0
0
0.099618018
0.409220098
0.218723632
0.215618312
0
0
0
0
0
0
0
0
0
0
0
0
0
0
0
0
0
0
0
0
3.484355144
2.095669614
0
0
0.475008689
0
0
0
0
0
0
0
0
0
