0
0
0
0
0
0
0
0
0
0
0,064260911
0,137305642
0,154050194
0,083839667
0
0
0
0
0
0
0
0
0
0
0
0
0
0
0
0
0
0
0
0
0
0
0
0
0
0
0
0
0
0
0
0
0
0
0
0
0
0
0
0
0
0
0
0
0
0
0
0,036655071
0
0
0
0
0
0
0
0
0
0
0
0
0
0
0
0
0
0
0
0,020728867
0,131327589
0,24489322
0,260869977
0,206669384
0,076536142
0
0
0
0
0
0
0
0
0
0
0
0
0
0
0
0
0
0
0
0
0
0
0
0
0
0
0
0
0
0
0
0
0
0
0
0
0
0
0
0
0
0
0
0
0
0
0
0
0
0
0
0
0
0
0
0
0
0
0
0
0
0
0
0
0
0
0
0,139763848
0,285635295
0,376686857
0,325342585
0,193732207
0
0
0
0
0
0
0
0
0
0
0
0
0
0
0
0
0
0
0,09349555
0,057504005
0
0
0
0
0
0
0
0
0
0
0
0
0
0
0
0
0
0
0
0
0
0
0
0
0,133845828
0,103396305
0
0
0
0
0
0
0
0
0
0
0
0
0
0
0
0
0
0
0
0
0
0
0
0
0
0
0
0
0
0
0
0
0
0
0
0
0
0
0
0
0
0
0
0
0
0
0
0,082490497
0
0
0
0
0
0
0
0
0
0
0
0
0
0
0
0
0
0
0
0
0,018578727
0,032737108
0,064518422
0,053465975
0
0
0
0
0
0
0
0
0
0
0
0
0
0
0
0
0
0
0
0
0
0
0
0
0
0
0
0
0
0
0
0
0
0
0
0
0
0
0
0
0
0
0
0
0,027582143
0,123482184
0,222505537
0,259813075
0,219774022
0,099462544
0
0
0
0
0
0
0
0
0
0
0
0
0
0
0
0
0
0
0
0
0
0
0
0
0
0
0
0
0
0
0
0
0
0
0
0
0
0
0
0
0
0
0
0
0
0
0
0
0
0
0
0
0
0
0
0
0
0
0
0
0
0
0
0
0
0
0
0
0
0
0
0
0
0
0
0
0
0
0
0
0
0
0
0
0
0
0
0
0
0
0
0
0
0
0
0
0
0
0
0
0
0
0
0
0
0
0
0
0
0
0
0
0
0
0
0
0
0
0
0
0
0
0
0
0
0
0
0
0
0
0
0
0
0
0
0
0
0
0
0
0
0
0
0
0
0
0
0
0
0
0
0
0
0
0
0
0
0
0
0
0
0
0
0
0
0
0
0
0
0
0
0
0
0
0
0
0
0
0
0
0
0
0
0
0
0
0
0
0
0
0
0
0
0
0
0
0
0
0
0
0
0
0
0
0
0
0
0
0
0
0
0
0
0
0
0
0
0
0
0
0
0
0
0
0
0
0
0
0
0
0
0
0
0
0
0
0
0
0
0
0
0
0
0
0
0
0
0
0
0
0
0
0
0
0
0
0
0
0
0
0
0
0
0
0
0
0
0
0
0
0
0
0
0
0
0
0
0
0
0
0
0
0
0
0
0
0
0
0
0
0
0
0
0
0
0
0
0
0
0
0
0
0
0
0
0
0
0,098705808
0,177185133
0,08201497
0
0
0
0
0
0
0
0
0
0
0
0
0
0
0
0
0
0
0
0
0
0
0
0
0
0
0
0
0
0
0
0
0
0
0
0
0
0
0
0
0
0
0
0
0
0
0
0
0
0
0
0
0
0
0
0
0
0
0
0
0
0
0
0
0
0
0
0
0
0
0
0
0
0
0
0
0
0
0
0
0
0
0
0
0
0
0
0
0
0
0
0
0
0
0
0
0
0
0
0
0
0
0
0
0
0
0
0
0
0
0
0
0
0
0
0
0
0
0
0
0
0,059085408
0
0
0
0
0
0
0
0
0
0
0
0
0
0
0
0
0
0
0
0,013908768
0,014426951
0,023684718
0,08892354
0
0
0
0
0
0
0
0
0
0
0
0
0
0
0
0
0
0
0
0
0
0,069172583
0,098132332
0,08210976
0,034746644
0
0
0
0
0
0
0
0
0
0
0
0
0
0
0
0
0
0
0
0
0
0
0
0
0
0
0
0
0
0
0
0
0
0
0
0
0
0
0
0
0
0
0
0
0,121766496
0,164949398
0,095260213
0
0
0
0
0
0
0
0
0
0
0
0
0
0
0
0
0
0
0
0
0
0
0
0
0
0
0
0
0
0
0
0
0
0
0
0
0
0
0
0
0
0
0
0
0
0
0
0
0
0
0
0
0
0
0
0
0
0
0
0
0
0
0
0
0
0
0
0
0
0
0,012769715
0,113960587
0,092705638
0
0
0
0
0
0
0
0
0
0
0
0
0
0
0
0
0
0
0
0
0
0
0
0
0
0
0
0
0
0
0
0
0
0
0
0
0
0
0
0
0
0
0
0
0
0
0
0
0
0
0
0
0
0
0
0
0
0
0
0
0
0
0
0
0
0
0
0
0
0
0
0
0
0
0
0
0
0
0
0
0
0
0
0
0
0
0
0
0
0
0
0
0
0
0
0
0
0
0
0
0
0
0
0
0
0
0
0
0
0
0
0
0
0
0
0
0
0
0
0
0
0
0
0
0
0
0
0
0
0
0
0
0
0
0
0
0
0,019545579
0,186733588
0,419070369
0,544532072
0,563714292
0,486091232
0,31319374
0,155355129
0
0
0
0
0
0
0
0
0
0
0
0
0
0
0
0
0
0
0
0
0
0
0
0
0
0
0
0
0
0
0
0
0
0
0
0
0
0
0
0
0,040380295
0,156882818
0,424509702
0,590520742
0,316075339
0,156750113
0
0
0
0
0
0
0
0
0
0
0
0
0
0
0
0
0
0
0,050890863
0,1591941
0,371670916
0,353224894
0,240961038
0,125567552
0
0
0
0
0
0
0
0
0
0
0
0
0
0
0
0
0
0
0
0
0,056906831
0,0198963
0,00914718
0
0
0
0
0
0
0
0
0
0
0
0
0
0
0
0
0
0
0
0
0,013104638
0,07224376
0,126073095
0,125804525
0,120938668
0,207046962
0,126671848
0
0
0
0
0
0
0
0
0
0
0
0
0
0
0
0
0
0,155081819
0,537602965
0,747165006
0,693954962
0,693928105
0,405513901
0,19155837
0
0
0
0
0
0
0
0
0
0
0
0
0
0
0
0
0,061549933
0,324304641
0,529452654
0,620147176
0,635928036
0,552304805
0,379268289
0,180591233
0
0
0
0
0
0
0
0
0
0
0
0
0
0
0
0
0
0
0,080607347
0,120431545
0,167211706
0,14279395
0,075994262
0,025697413
0
0
0
0
0
0
0
0
0
0
0
0
0
0
0
0
0
0
0,019283329
0,10003918
0,136266118
0,15955114
0,172737929
0,109026797
0
0
0
0
0
0
0
0
0
0
0
0
0
0
0
0
0,088282131
0,219647636
0,52187424
0,237479107
0,758795669
0,638150848
0,250289898
0,207339229
0
0
0
0
0
0
0
0
0
0
0
0
0
0
0
0,039776802
0,121379439
0,350227969
0,137354617
0,419288384
0,262778404
0,695199864
0,611248029
0,193730627
0
0
0
0
0
0
0
0
0
0
0
0
0
0
0
0
0,081046538
0,308485865
0,563872274
0,377514684
0,609469148
0,357986483
0
0
0
0
0
0
0
0
0
0
0
0
0
0
0
0
0
0
0
0
0,116128105
0,039015327
0,038604573
0,016978366
0
0
0
0
0
0
0
0
0
0
0
0
0
0
0
0
0
0
0
0
0
0
0
0
0
0
0
0
0
0
0
0
0
0
0
0
0
0
0
0
0
0
0
0
0
0
0
0
0
0
0
0
0
0
0
0
0
0
0
0
0
0
0
0
0
0
0
0
0
0
0
0
0
0
0
0
0
0
0
0
0
0
0
0
0
0
0
0
0
0
0
0
0
0
0
0
0
0
0
0
0
0
0
0
0
0
0
0
0
0
0
0
0
0
0
0
0
0
0,020564566
0,015302173
0
0
0
0
0
0
0
0
0
0
0
0
0
0
0
0
0
0
0
0
0
0
0,003142269
0,07305421
0
0
0
0
0
0
0
0
0
0
0
0
0
0
0
0
0
0
0
0
0
0
0
0
0
0
0
0
0
0
0
0
0
0
0
0
0
0
0
0
0
0
0
0
0
0
0
0
0
0
0
0
0
0
0
0
0
0
0
0
0
0
0
0
0
0
0
0
0,034857231
0,154362999
0,196032431
0,343960808
0,329442227
0,201378554
0
0
0
0
0
0
0
0
0
0
0
0
0
0
0
0
0
0
0
0,05897798
0,017136348
0,080122342
0
0
0
0
0
0
0
0
0
0
0
0
0
0
0
0
0
0
0
0
0,175831224
0,08820788
0,07395471
0
0,078406653
0,10092862
0
0
0
0
0
0
0
0
0
0
0
0
0
0
0
0
0
0
0
0
0
0
0
0
0
0
0
0
0
0
0
0
0
0
0
0
0
0
0
0,028007116
0,098097576
0,269086641
0,436589034
0,161859263
0,711508384
0,345412666
0,152663109
0
0
0
0
0
0
0
0
0
0
0
0
0
0
0
0
0
0,059668363
0,116042794
0
0
0
0
0
0
0
0
0
0
0
0
0
0
0
0
0
0
0
0
0
0
0
0,065921306
0,12880935
0,152100692
0,044882793
0
0
0
0
0
0
0
0
0
0
0
0
0
0
0
0
0
0
0,015243719
0,173101289
0,431715278
0,586509569
0,655746925
0,09026639
0
0
0
0
0
0
0
0
0
0
0
0
0
0
0
0
0
0
0,052096268
0,243047986
0,563524713
0,719176849
0,800891653
0,800891653
0,71181803
0,537125858
0,282848485
0,136934384
0
0
0
0
0
0
0
0
0
0
0
0
0
0
0,111413911
0,199053054
0,147885722
0,042081765
0
0
0
0
0
0
0
0
0
0
0
0
0
0
0
0
0
0
0
0
0,055429696
0,213203535
0,464008455
0,230968653
0,179393727
0,189016433
0,386445428
0,260206451
0,260206451
0,137940731
0
0
0
0
0
0
0
0
0
0
0
0
0
0
0
0
0
0
0
0
0
0
0
0
0
0
0
0
0
0
0
0
0
0
0
0
0
0
0,063986022
0,267637942
0,559564095
0,680787131
0,831777207
0,804866489
0,685697224
0,533177879
0,251173019
0,131961098
0
0
0
0
0
0
0
0
0
0
0
0
0
0
0,084861813
0,235013002
0,513472737
0,731161392
0,342760142
0,453362023
0,2210442
0,130891558
0
0
0
0
0
0
0
0
0
0
0
0
0
0
0
0
0
0
0
0
0
0,053627117
0
0,186081121
0,260302821
0,131292833
0
0
0
0
0
0
0
0
0
0
0
0
0
0
0,098475154
0,290531168
0,551312676
0,644931451
0,874227071
0,355333959
0,336244949
0,137005476
0
0
0
0
0
0
0
0
0
0
0
0
0
0
0
0
0
0
0,032285278
0,029550603
0
0
0
0
0
0
0
0
0
0
0
0
0
0
0
0
0
0
0
0
0
0,017589758
0,088874565
0,154149723
0,766184504
0,373944283
0,211320385
0,164862508
0,109944675
0
0
0
0
0
0
0
0
0
0
0
0
0
0
0
0,038753077
0,041528827
0,071804569
0,501584563
0,257847775
0,257931505
0,281244964
0,25905634
0,111270147
0
0
0
0
0
0
0
0
0
0
0
0
0
0
0
0
0,282657327
0,213002897
0,178706504
0,178706504
0,187540878
0,147133726
0,099615787
0,112127991
0
0
0
0
0
0
0
0
0
0
0
0
0
0
0
0
0
0
0
0
0
0
0
0
0
0
0
0
0
0
0
0
0
0
0
0
0
0
0
0
0
0
0
0
0
0
0
0
0
0
0
0
0
0
0
0
0
0
0
0
0
0
0
0,053592361
0,068744451
0,23422783
0,354438199
0,439756581
0,725989049
0,293415927
0,310078328
0,16861301
0
0
0
0
0
0
0
0
0
0
0
0
0
0
0
0
0
0,054981026
0,326031388
0,428847898
0,181395364
0,19048093
0,188187026
0,098859051
0,060376124
0
0
0
0
0
0
0
0
0
0
0
0
0
0
0
0
0
0
0,028733834
0,1045164
0,139740151
0
0
0
0
0
0
0
0
0
0
0
0
0
0
0
0
0
0,092394412
0,069439573
0,032206287
0
0,175845443
0,458486971
0,137699018
0,088993052
0,122035066
0,057300208
0
0
0
0
0
0
0
0
0
0
0
0
0
0
0,043437254
0,022179146
0
0,136229782
0,271791299
0,381826023
0,383100941
0,387623977
0,204802032
0,161551197
0
0
0
0
0
0
0
0
0
0
0
0
0
0
0
0
0
0
0
0
0
0
0
0
0
0
0
0
0
0
0
0
0
0
0
0
0
0
0
0,253549074
0,178474269
0
0,105706007
0,049938229
0
0
0
0
0
0
0
0
0
0
0
0
0
0
0
0
0
0
0
0,083894961
0,074657731
0,136417781
0,216347384
0,147707202
0,198653358
0,155121315
0,068727073
0
0
0
0
0
0
0
0
0
0
0
0
0
0
0
0,029367344
0,016690838
0
0,062361963
0,087239448
0
0,038674086
0,200286896
0,160500615
0,060529367
0
0
0
0
0
0
0
0
0
0
0
0
0
0,024387739
0,13481742
0,338091762
0,28773488
0,227791628
0,673576816
0,39969857
0,367580753
0,367408552
0
0
0
0
0
0
0
0
0
0
0
0
0
0
0
0
0
0
0,113510337
0
0
0
0
0
0
0
0
0
0
0
0
0
0
0
0
0
0
0
0
0
0,084481075
0,169889507
0,554518138
0,381197254
0,759686689
0,305016572
0,34779188
0,684258004
0,254381641
0,148926826
0
0
0
0
0
0
0
0
0
0
0
0
0
0
0,039779962
0,062861187
0,065463157
0,144198413
0,729518375
0,635847465
0,156762752
0,057884742
0
0
0
0
0
0
0
0
0
0
0
0
0
0
0
0,009760151
0,131653033
0,238923066
0,552868802
0,522627816
0,806330986
0,692139745
0,558494554
0,212228784
0,082923369
0
0
0
0
0
0
0
0
0
0
0
0
0
0
0,041037502
0,170611487
0,491320448
0,71710412
0,753203093
0,659856046
0,210955446
0,591114755
0,416405206
0,240294353
0,162777141
0
0
0
0
0
0
0
0
0
0
0
0
0
0
0
0,053263758
0,077848975
0
0,114573558
0,095475069
0,149732536
0,513491695
0,393372955
0,206050093
0
0
0
0
0
0
0
0
0
0
0
0
0
0
0,19559008
0,147855705
0,195155628
0,551663396
0,22274883
0
0,163017274
0,135095469
0
0
0
0
0
0
0
0
0
0
0
0
0
0
0
0,056390229
0,162538587
0,492508476
0,713205115
0,863635933
0,934179803
0,934179803
0,864763927
0,63571002
0,255151015
0,114410836
0
0
0
0
0
0
0
0
0
0
0
0
0
0,023709995
0,11321017
0,394300312
0,635935935
0,808880821
0,900640145
0,91699764
0,827541699
0,676349406
0,390974783
0,192736918
0
0
0
0
0
0
0
0
0
0
0
0
0
0
0,186476077
0,362414729
0,631705167
0,441683966
0,515322711
0,394545185
0,165658739
0,087263145
0
0
0
0
0
0
0
0
0
0
0
0
0
0
0
0
0,135789011
0,177627484
0,339938576
0,354618299
0,443322243
0,320047016
0,475880831
0,163636565
0
0
0
0
0
0
0
0
0
0
0
0
0
0
0
0
0
0,101615844
0,096511433
0,194319902
0,214789678
0,199043575
0,188896367
0,198351612
0,16215153
0
0
0
0
0
0
0
0
0
0
0
0
0
0
0
0
0,097821107
0,130684601
0,163988865
0,209495689
0,174238762
0,159236756
0,328135713
0,279276504
0,154276109
0
0
0
0
0
0
0
0
0
0
0
0
0
0
0
0
0
0,118403051
0,159318906
0,224613022
0,197253634
0,169338149
0,123720738
0
0
0
0
0
0
0
0
0
0
0
0
0
0
0
0
0
0
0,053755083
0,038598254
0,084272539
0,150651993
0,136133413
0,178711243
0,161773952
0
0
0
0
0
0
0
0
0
0
0
0
0
0
0
0
0,058706251
0,05629544
0,100451514
0,135343501
0,188095396
0,216431115
0,155908067
0
0
0
0
0
0
0
0
0
0
0
0
0
0
0,055026841
0,134959604
0,437059822
0,675763292
0,809588582
0,883372671
0,864139897
0,773361644
0,603652237
0,378432562
0,1975617
0
0
0
0
0
0
0
0
0
0
0
0
0
0,073979987
0,138082915
0,396175563
0,63410018
0,778758322
0,84080432
0,833345972
0,776505493
0,648337551
0,435825979
0,228322448
0
0
0
0
0
0
0
0
0
0
0
0
0
0
0,137711657
0,422278991
0,704337564
0,819787924
0,5742217
0,545260371
0,210789564
0,12280286
0
0
0
0
0
0
0
0
0
0
0
0
0
0
0
0,087980385
0,214280975
0,547310982
0,752405282
0,904049404
0,98270409
1
0,870985273
0,710042308
0,492459501
0,234971927
0
0
0
0
0
0
0
0
0
0
0
0
0
0,129550287
0,225788411
0,550135707
0,760571391
0,932622097
0,97749699
0,907616646
0,886301664
0,711402536
0,482795719
0,244754195
0
0
0
0
0
0
0
0
0
0
0
0
0
0,116064912
0,214186185
0,55396046
0,424757734
0,638351486
0,424141603
0,665709293
0,24883646
0,22722921
0,115590965
0,059306584
0
0
0
0
0
0
0
0
0
0
0
0
0
0,074638773
0,233121953
0,350907293
0,245059101
0,587748151
0,910299187
0,667230664
0,722436025
0,70930769
0,477572822
0,23073168
0,084397345
0
0
0
0
0
0
0
0
0
0
0
0
0,043603136
0,16484671
0,351686146
0,604814987
0,715734413
0,688714687
0,773552802
0,7744691
0,661306325
0,447805783
0,310000916
0,110712469
0
0
0
0
0
0
0
0
0
0
0
0
0,01479189
0,126041499
0,402161515
0,342520008
0,383696535
0,501497673
0,33210739
0,178033499
0,170347656
0
0
0
0
0
0
0
0
0
0
0
0
0
0
0
0
0
0,11724662
0,118815385
0,159410536
0,223132727
0,181074659
0,588800313
0,514180498
0,386644486
0,25860925
0
0
0
0
0
0
0
0
0
0
0
0
0
0
0,115824779
0,178708083
0,245292915
0,330181585
0,847902468
0,674028645
0,365850846
0,548219381
0,385661836
0,218666566
0
0
0
0
0
0
0
0
0
0
0
0
0
0
0
0
0,079134952
0,13248718
0,253596469
0,172933828
0,087790806
0,215036131
0,153854296
0
0
0
0
0
0
0
0
0
0
0
0
0
0
0,091746685
0,202971017
0,398670104
0,657015523
0,690019621
0,565632198
0,505515165
0,335088518
0,372596693
0,229608425
0,216573299
0,139092423
0
0
0
0
0
0
0
0
0
0
0
0
0,073177436
0,05342806
0
0
0
0,169020604
0,234319459
0,241637203
0
0,113957427
0,156031293
0
0
0
0
0
0
0
0
0
0
0
0
0
0
0,08336256
0,27877412
0,297859971
0,619584759
0,345235726
0,326538511
0,233911865
0,18976527
0,325683827
0,193403604
0
0
0
0
0
0
0
0
0
0
0
0
0
0
0,084966081
0,117829575
0,222947888
0,229094982
0,257340651
0,282006439
0,318269714
0,621982932
0,320473568
0,166428113
0
0
0
0
0
0
0
0
0
0
0
0
0
0,076986391
0,113369732
0,329819805
0,310963029
0,24470996
0,24470996
0,241866277
0,25501831
0,148629819
0,118058649
0,080335618
0
0
0
0
0
0
0
0
0
0
0
0
0
0,08551428
0,245491973
0,339744258
0,630341779
0,661450089
0,297883668
0,351092132
0,757138434
0,647730899
0,45437469
0,288260962
0,098086517
0
0
0
0
0
0
0
0
0
0
0
0
0,031184141
0,129727228
0,377931758
0,643476434
0,392235482
0,883595426
0,908758859
0,511826561
0,286442584
0,190321368
0
0
0
0
0
0
0
0
0
0
0
0
0
0
0
0,121954495
0,186815739
0,558521411
0,698496956
0,871633001
0,872738877
0,294093671
0,194732236
0,192943875
0
0
0
0
0
0
0
0
0
0
0
0
0
0
0
0,119690607
0,049671239
0,270636448
0,82485126
0,70159183
0,372389736
0,204255413
0,161647567
0
0,208119662
0,10370753
0
0
0
0
0
0
0
0
0
0
0
0
0,057698323
0,150345507
0,192732179
0,170267085
0,139280422
0,181310053
0,123761813
0
0,052952533
0,039852634
0,039852634
0
0
0
0
0
0
0
0
0
0
0
0
0
0,033579154
0,105867149
0,258198495
0,48745304
0,415574219
0,525337213
0,382186223
0,341578434
0,263678904
0,193511032
0,096484576
0
0
0
0
0
0
0
0
0
0
0
0
0
0,096343972
0,230758537
0,451391983
0,705380248
0,82197598
0,759523968
0,815832046
0,606559112
0,553198985
0,447633582
0,320666306
0,139160355
0
0
0
0
0
0
0
0
0
0
0
0
0,092880998
0,223614574
0,431974369
0,674275098
0,810872979
0,894344547
0,895229248
0,780628833
0,642030895
0,419335779
0,301932756
0
0
0
0
0
0
0
0
0
0
0
0
0
0
0
0
0
0
0,101837019
0
0
0
0
0
0
0
0
0
0
0
0
0
0
0
0
0
0
0
0
0,112120092
0,081292991
0,066706478
0,144400631
0,180813988
0,160145154
0,08228354
0
0
0
0
0
0
0
0
0
0
0
0
0
0
0
0
0
0
0,055420217
0,095403977
0,125058848
0,104301544
0,125956188
0,207925344
0,177720693
0
0
0
0
0
0
0
0
0
0
0
0
0
0
0,077951664
0,168025315
0,303624748
0,441857746
0,809094097
0,897020768
0,399854972
0,607535443
0,657704327
0,421710254
0,327555918
0,148127435
0
0
0
0
0
0
0
0
0
0
0
0
0
0
0,054568692
0,082318297
0
0,072017846
0,080749532
0,083482627
0,059175458
0,0532448
0
0
0
0
0
0
0
0
0
0
0
0
0
0
0
0,064415734
0,333780423
0,577940605
0,318778417
0,536111611
0,412433529
0,56534941
0,524503066
0,389246456
0,213359938
0
0
0
0
0
0
0
0
0
0
0
0
0
0,109617651
0,188833174
0,256474908
0,513528031
0,417435251
0,928061145
0,911277098
0,754773437
0,331410688
0,404392226
0,307880793
0,1419835
0
0
0
0
0
0
0
0
0
0
0
0
0
0,056227507
0,060011185
0
0
0
0
0
0
0
0
0
0
0
0
0
0
0
0
0
0
0
0
0
0,057142225
0,169908465
0,26245928
0,308362639
0,491258835
0,528544256
0,926486061
0,843379433
0,561609967
0,372185939
0,213919195
0,079401942
0
0
0
0
0
0
0
0
0
0
0
0
0,047840223
0,075897893
0,172562569
0,397110818
0,833443921
0,891663586
0,891663586
0,843753851
0,685585056
0,490911274
0,330819834
0,159146706
0
0
0
0
0
0
0
0
0
0
0
0
0,108868815
0,203440224
0,38526372
0,455831287
0,624411121
0,476650205
0,515074678
0,32090012
0
0
0
0
0
0
0
0
0
0
0
0
0
0
0
0
0
0,120248285
0,158968186
0,204661428
0,627333795
0,722655621
0,686957923
0,640626432
0,60568547
0,425223782
0,318870047
0
0
0
0
0
0
0
0
0
0
0
0
0
0
0
0
0
0,16574089
0,15247353
0,341856482
0,776549728
0,634506194
0,427637753
0,314696152
0,140544281
0
0
0
0
0
0
0
0
0
0
0
0
0,130417611
0,249160324
0,453586358
0,697004022
0,826965064
0,493645949
0,398287787
0,358809571
0,2296495
0,210810102
0,216502207
0
0
0
0
0
0
0
0
0
0
0
0
0
0,146059446
0,250962903
0,490438907
0,724736248
0,830707666
0,349926222
0,343028712
0,458971977
0,626998872
0,416310416
0,299054318
0,141079841
0
0
0
0
0
0
0
0
0
0
0
0
0,12818216
0,256103649
0,484294972
0,721777239
0,859687953
0,93769965
0,886037834
0,799139628
0,609311165
0,440543333
0,324010793
0,173685824
0
0
0
0
0
0
0
0
0
0
0
0
0
0
0,231332013
0,363996133
0,408163265
0,484779978
0,358596295
0,333289098
0,340761665
0,179472718
0,209084934
0,150204903
0
0
0
0
0
0
0
0
0
0
0
0
0,123823426
0,250602703
0,468330853
0,702335927
0,833325434
0,885642878
0,885884591
0,78863222
0,642223634
0,436062953
0,317700977
0,144689738
0
0
0
0
0
0
0
0
0
0
0
0
0,126501228
0,239744574
0,446808914
0,674554727
0,822908076
0,898725398
0,882146728
0,805106622
0,66089715
0,475733907
0,339968593
0,171213399
0
0
0
0
0
0
0
0
0
0
0
0
0,150756262
0,274331656
0,52563738
0,760046889
0,901033521
0,935086622
0,912259748
0,820268191
0,664107352
0,436290447
0,328900348
0,166878363
0
0
0
0
0
0
0
0
0
0
0
0
0,141277319
0,264258699
0,489859111
0,715601707
0,83408059
0,834772553
0,822312483
0,77357808
0,637251928
0,437767583
0,325055057
0,162773981
0
0
0
0
0
0
0
0
0
0
0
0
0,176066618
0,285918083
0,460093652
0,378326714
0,634755807
0,899181967
0,725289187
0,763343981
0,598628397
0,413934361
0,305872837
0
0
0
0
0
0
0
0
0
0
0
0
0
0,180128345
0,241439725
0,437238342
0,522394002
0,811722924
0,814309096
0,682420669
0,817380273
0,540092767
0,481271189
0,337706285
0,178284691
0
0
0
0
0
0
0
0
0
0
0
0
0,088612314
0,153832178
0,338019091
0,626978334
0,764672613
0,876772167
0,854006907
0,782620991
0,658873396
0,447172273
0,330453315
0,15399806
0
0
0
0
0
0
0
0
0
0
0
0,06158469
0,123733376
0,174049183
0,181150491
0,435497376
0,775935177
0,90130525
0,68922181
0,777266968
0,598078618
0,393633626
0,292905643
0,144288463
0
0
0
0
0
0
0
0
0
0
0
0
0,12459754
0,257692952
0,470578942
0,707385044
0,833963683
0,936336262
0,91807192
0,82923685
0,668617749
0,43770597
0,308321564
0,140721221
0
0
0
0
0
0
0
0
0
0
0
0
0,115835837
0,162612839
0,288022408
0,603551128
0,695185645
0,457832924
0,545740637
0,575414467
0,564654287
0,403978312
0,293705034
0
0
0
0
0
0
0
0
0
0
0
0
0
0,190913802
0,253904534
0,501282817
0,543182903
0,707623598
0,313773535
0,228115491
0,254907722
0,462659286
0,343170896
0,21790667
0,123692301
0
0
0
0
0
0
0
0
0
0
0
0
0,173245053
0,286294081
0,490754871
0,431192356
0,613091683
0,237597594
0,58721575
0,785914923
0,657510008
0,419027713
0,271867131
0
0
0
0
0
0
0
0
0
0
0
0
0
0
0
0
0,151468762
0,217252623
0,157250917
0,084871292
0,100615815
0,197397398
0,161028276
0,112199083
0
0
0
0
0
0
0
0
0
0
0
0
0
0
0,169098015
0,264862192
0,217634941
0,214287294
0,356166526
0,305912332
0,128117387
0,127474399
0,113297061
0,080176056
0
0
0
0
0
0
0
0
0
0
0
0
0
0
0,094593527
0,153849557
0,244068552
0,639236187
0,625899315
0,725831066
0,563780645
0,259220641
0
0
0
0
0
0
0
0
0
0
0
0
0
0
0
0,089582326
0,175587931
0,198327915
0,284921214
0,339213437
0,320511484
0,313133707
0,174268779
0,157522647
0,116166021
0,078551997
0,063489957
0
0
0
0
0
0
0
0
0
0
0
0
0,069983033
0,073466544
0,079754243
0,184765128
0,269413664
0,299205981
0,193923366
0,125564392
0,193541049
0
0
0
0
0
0
0
0
0
0
0
0
0
0
0,108630261
0,099753232
0,229505736
0,477239479
0,688921644
0,758419671
0,450846944
0,209377202
0,174060242
0,230832788
0,136264538
0
0
0
0
0
0
0
0
0
0
0
0
0
0
0,141165152
0,253618586
0,390745708
0,540907956
0,666860985
0,395448844
0,658250946
0,298259666
0,337508808
0,184736691
0,08470857
0
0
0
0
0
0
0
0
0
0
0
0
0,069027239
0,104344199
0,265197115
0,334535579
0,213310963
0,248395689
0,355755772
0,589312176
0,249356222
0,090541279
0,067712826
0
0
0
0
0
0
0
0
0
0
0
0
0
0
0
0,122251502
0,131621436
0,152983813
0,52868486
0,598702649
0,788837597
0,728099693
0,633236016
0,424487584
0,223222777
0
0
0
0
0
0
0
0
0
0
0
0
0
0
0
0,130019495
0,159042437
0,230845427
0,447630422
0,331958887
0,168243331
0,072970479
0,296493423
0,278123233
0,122346291
0
0
0
0
0
0
0
0
0
0
0
0
0,145824052
0,255763987
0,422618653
0,631130111
0,745733686
0,562666869
0,419643845
0,280434515
0,435451561
0,400131441
0,261966375
0,146667678
0
0
0
0
0
0
0
0
0
0
0
0
0
0
0
0
0,090490725
0
0,0514517
0
0
0
0
0
0
0
0
0
0
0
0
0
0
0
0
0
0
0
0
0
0
0
0
0
0,127763507
0,080310341
0,107319007
0,106186274
0
0
0
0
0
0
0
0
0
0
0
0
0,089449621
0,138049739
0,311801915
0,441892502
0,507627389
0,614308148
0,809849253
0,763184419
0,653206568
0,49184495
0,365308966
0,186305456
0
0
0
0
0
0
0
0
0
0
0
0
0,151324998
0,220830924
0,314168491
0,346504324
0,488145003
0,5810339
0,550679166
0,623834485
0,383277882
0,323124512
0,234287863
0,131191724
0
0
0
0
0
0
0
0
0
0
0
0
0,094533494
0,149086388
0,251571135
0,307571147
0,291714456
0,848567574
0,891606712
0,762541431
0,386372756
0,336256007
0,213999766
0
0
0
0
0
0
0
0
0
0
0
0
0
0,160571707
0,250293057
0,462270649
0,699057793
0,829341119
0,870595056
0,854220183
0,782891141
0,644707116
0,455082451
0,325246216
0,161946153
0
0
0
0
0
0
0
0
0
0
0
0
0,144473303
0,253544335
0,486720002
0,699454329
0,830448575
0,743125397
0,756699243
0,668647766
0,668647766
0,461229545
0,332135827
0,17183585
0
0
0
0
0
0
0
0
0
0
0
0
0,141381587
0,240736703
0,465825253
0,691354572
0,81606744
0,653958564
0,664434376
0,463673533
0,374592011
0,344513746
0,294679786
0,159334705
0
0
0
0
0
0
0
0
0
0
0
0
0
0
0
0,152223918
0,094530334
0,217439043
0,390061645
0,479978894
0,430470377
0,300322916
0,200617079
0
0
0
0
0
0
0
0
0
0
0
0
0
0
0
0
0,162048842
0,198381629
0,36052684
0,236493297
0,147500245
0
0,128286428
0,081939139
0
0
0
0
0
0
0
0
0
0
0
0
0
0
0,08336256
0,073283285
0,094016891
0,094016891
0
0
0,08972451
0,15821461
0
0
0
0
0
0
0
0
0
0
0
0
0
0
0
0
0
0
0,120989222
0,216876625
0,278127972
0,260121141
0
0
0
0
0
0
0
0
0
0
0
0
0
0
0
0
0
0
0,1504166
0,198346872
0,184185332
0
0,186683034
0
0,19764859
0,24372889
0,144057809
0,075604046
0
0
0
0
0
0
0
0
0
0
0
0
0
0,10827954
0,12065588
0
0,13867219
0,280638312
0,460965715
0,345531153
0,145692926
0,270857623
0,351512365
0,192397256
0,099873298
0
0
0
0
0
0
0
0
0
0
0
0
0,135904339
0,145511247
0,166575037
0,211242974
0,630741474
0,32673441
0,320178141
0,348324281
0,265852741
0,255083083
0,282197598
0,152658369
0
0
0
0
0
0
0
0
0
0
0
0
0,109138964
0,209230278
0,17757219
0,197007182
0,25726324
0,51702734
0,432566803
0,339088631
0,365907719
0,265208173
0,167499234
0
0
0
0
0
0
0
0
0
0
0
0
0
0
0,178586437
0,24919034
0
0,153987001
0,130295964
0,298457144
0,342926023
0,295216926
0,337151767
0,277573454
0,129449179
0
0
0
0
0
0
0
0
0
0
0
0
0
0
0,150841572
0,289474266
0,278516609
0,47920636
0,549006133
0,553672932
0,366860353
0,278868909
0,16421636
0
0
0
0
0
0
0
0
0
0
0
0
0
0
0
0
0,138360964
0,198495376
0,313182681
0,376816402
0,391968492
0
0
0
0
0
0
0
0
0
0
0
0
0
0
0
0
0
0,178725461
0,178238876
0,417703821
0,463585062
0,300319756
0,223576658
0,437018746
0,322116585
0,148435501
0,133157025
0
0
0
0
0
0
0
0
0
0
0
0
0
0
0,101813322
0,231308315
0,38087339
0,304607398
0,251019776
0,263859004
0,205302836
0,145040459
0,130381275
0,14853029
0
0
0
0
0
0
0
0
0
0
0
0
0
0,14055218
0,20939458
0,372527181
0,561617866
0,586277335
0,763015378
0,639416287
0,37809606
0,306609035
0,228530985
0,155323532
0
0
0
0
0
0
0
0
0
0
0
0
0
0
0,096996439
0
0,169652534
0,668624068
0,881835502
0,841764853
0,783911707
0,620779106
0,428356573
0,317004275
0
0
0
0
0
0
0
0
0
0
0
0
0
0,149091127
0,131324429
0,242888423
0,324230389
0,381529017
0,83175035
0,846498005
0,803937553
0,660827638
0,450597331
0,324837041
0,14269916
0
0
0
0
0
0
0
0
0
0
0
0
0,117755323
0,214671191
0,440892474
0,568769728
0,796599271
0,840480456
0,805902853
0,710320357
0,672316116
0,447935328
0,336753652
0,160882932
0
0
0
0
0
0
0
0
0
0
0
0
0,091587123
0,175815426
0,337432976
0,509902335
0,593013703
0,765088107
0,766503629
0,675317782
0,505933818
0,385288997
0,259435497
0
0
0
0
0
0
0
0
0
0
0
0
0
0
0
0,152168624
0,293153676
0,409220167
0,659576418
0,42587151
0,457084088
0,589572847
0,428065885
0,225812108
0
0
0
0
0
0
0
0
0
0
0
0
0
0
0,137027593
0
0,098321911
0,101143476
0
0
0
0
0
0
0
0
0
0
0
0
0
0
0
0
0
0
0
0,152159145
0,125749231
0,209086514
0,324094524
0,619521566
0,717778705
0,728949638
0,684692456
0,552222654
0,409343394
0,301531481
0,151443485
0
0
0
0
0
0
0
0
0
0
0
0
0,137522078
0,234218351
0,426252247
0,665075784
0,76720823
0,505927499
0,450412492
0,790864511
0,633068555
0,445210132
0,327732858
0,150454515
0
0
0
0
0
0
0
0
0
0
0
0
0,140713322
0,23503038
0,317512978
0,451363546
0,435593745
0,656745373
0,399325731
0,346221536
0,27743285
0,263550938
0,148936305
0
0
0
0
0
0
0
0
0
0
0
0
0
0,139556891
0,227568872
0,383116739
0,451211883
0,277982628
0,29464345
0,243284959
0,536866767
0,456358949
0
0,248409907
0,113360254
0
0
0
0
0
0
0
0
0
0
0
0
0,107270033
0,210541532
0,381459504
0,679826599
0,872768894
0,629107937
0,376849579
0,574548723
0,422602854
0,428775226
0
0
0
0
0
0
0
0
0
0
0
0
0
0
0
0
0
0
0
0
0,19226929
0
0
0
0
0
0
0
0
0
0
0
0
0
0
0
0
0
0
0,090767194
0,112797836
0,294130007
0,539779962
0,842292514
0,727257647
0,7733964
0,654721619
0,396264033
0,309732346
0,15077364
0
0
0
0
0
0
0
0
0
0
0
0
0
0,146032589
0,208666281
0,143233141
0,122237283
0,504703135
0,633567779
0,554625566
0,33067449
0,281075923
0,198209428
0
0
0
0
0
0
0
0
0
0
0
0
0
0
0,131597739
0,277797789
0,437802339
0,64808162
0,710863816
0,765265047
0,702715085
0,550397958
0,404294277
0,273549643
0
0
0
0
0
0
0
0
0
0
0
0
0
0
0
0
0,247950179
0,593892085
0,609349081
0,858988091
0,563772746
0,612723585
0,359547349
0,25869298
0,130493442
0
0
0
0
0
0
0
0
0
0
0
0
0,123820267
0,216634912
0,369147938
0,585744934
0,646083143
0,784679501
0,670925872
0,387099475
0,514837705
0,396859626
0,280350784
0
0
0
0
0
0
0
0
0
0
0
0
0
0,165538673
0,209186043
0,303913855
0,55477249
0,484967977
0,5537851
0,71521623
0,488487824
0,388592409
0,281962204
0,219729787
0
0
0
0
0
0
0
0
0
0
0
0
0
0
0
0
0
0,132545633
0,121234095
0,341196116
0,413874328
0,33695113
0,215747051
0
0
0
0
0
0
0
0
0
0
0
0
0
0
0
0
0,180635468
0,459223169
0,529782837
0,588789255
0,399655914
0,394011204
0,265710557
0,264257119
0,153960144
0
0
0
0
0
0
0
0
0
0
0
0
0
0
0
0
0
0
0
0
0
0
0
0
0
0
0
0
0
0
0
0
0
0
0
0
0
0,133187042
0,150926883
0,223127988
0,189574111
0
0
0
0
0
0
0
0
0
0
0
0
0
0
0
0
0
0
0
0
0
0
0,123035094
0,145672389
0,200560206
0,325735961
0,272557513
0,362084546
0,330647633
0,170889536
0
0
0
0
0
0
0
0
0
0
0
0
0
0
0
0,096260241
0
0,164360124
0,236496456
0,593328088
0,616045954
0,659480048
0,396205579
0,290655974
0
0
0
0
0
0
0
0
0
0
0
0
0
0
0
0
0
0,16484829
0,106290542
0,143225242
0,106502239
0
0
0
0
0
0
0
0
0
0
0
0
0
0
0
0
0
0
0
0,132327618
0,160476917
0,296861522
0,394605218
0,347562806
0,311054659
0,281347653
0
0
0
0
0
0
0
0
0
0
0
0
0
0
0
0,148609281
0,077656237
0,171262374
0,157006044
0
0,233076138
0,398940254
0,459408008
0,341121864
0,207527228
0
0
0
0
0
0
0
0
0
0
0
0
0
0
0,116208676
0,204040557
0,171887984
0,145656591
0,116748975
0
0,24569893
0,329576512
0,259106894
0,241474481
0,222240127
0
0
0
0
0
0
0
0
0
0
0
0
0
0
0,128349621
0,11841095
0,28746789
0,276821458
0,342526328
0,769134035
0,671238677
0,479342225
0,405724017
0,2708829
0
0
0
0
0
0
0
0
0
0
0
0
0
0,104064571
0,140300988
0,257609221
0,268546341
0,274862476
0,273642852
0,331377512
0,588133628
0,494050384
0,350708235
0,218186299
0
0
0
0
0
0
0
0
0
0
0
0
0
0,096121217
0,139353094
0,319971184
0,554349097
0,743796822
0,842379404
0,815838365
0,729251385
0,580619986
0,376854318
0,244769993
0
0
0
0
0
0
0
0
0
0
0
0
0
0
0,203138478
0,287442613
0,34071743
0,647495505
0,510635374
0,383154655
0,344461612
0,351689306
0,201768771
0,108127877
0
0
0
0
0
0
0
0
0
0
0
0
0
0
0,138714845
0,246964369
0,46477467
0,614420315
0,532544369
0,458973557
0,587640723
0,508341469
0,30682705
0,162031464
0
0
0
0
0
0
0
0
0
0
0
0
0
0,092533437
0,102780174
0,291897716
0,341886499
0,598625237
0,530196751
0,649435529
0,579174447
0,48279098
0,359602643
0,216233637
0
0
0
0
0
0
0
0
0
0
0
0
0
0,114037998
0,169518249
0,366108357
0,523804784
0,622616441
0,859304056
0,621294128
0,482064261
0,591596601
0,342109254
0,226598861
0
0
0
0
0
0
0
0
0
0
0
0
0
0,108066264
0,146613964
0,335135912
0,577566187
0,726590962
0,792376402
0,792769779
0,729978104
0,571613411
0,401052479
0,259710387
0
0
0
0
0
0
0
0
0
0
0
0
0
0,100563681
0,134223406
0,330467533
0,605497471
0,676553204
0,819400868
0,820348762
0,74076988
0,593010544
0,398392055
0,257539709
0
0
0
0
0
0
0
0
0
0
0
0
0
0,114256014
0,153331374
0,343053989
0,603750186
0,755004092
0,823312511
0,823312511
0,701675561
0,601590567
0,388124781
0,242215418
0
0
0
0
0
0
0
0
0
0
0
0
0
0
0,194642186
0,284041252
0,401357385
0,584626419
0,584626419
0,443834106
0,199482766
0,137825404
0,111028434
0
0
0
0
0
0
0
0
0
0
0
0
0
0
0,104446888
0,104214654
0,175929173
0,210808522
0,149835224
0,196511117
0,143673912
0
0
0
0
0
0
0
0
0
0
0
0
0
0
0
0
0
0,094351814
0,168780471
0,327476927
0,53495676
0,711876483
0,78361786
0,308367379
0,248240866
0,234573811
0,149535058
0
0
0
0
0
0
0
0
0
0
0
0
0
0
0
0
0,09376096
0,15453204
0,294897801
0,33623231
0,668930554
0,335902127
0,385747146
0,325036099
0,190940659
0
0
0
0
0
0
0
0
0
0
0
0
0
0
0,142855563
0,204786234
0,124798178
0,085773371
0,282891141
0,360978669
0,263729458
0,293611825
0,261735721
0
0
0
0
0
0
0
0
0
0
0
0
0
0
0
0
0
0
0
0
0
0
0
0
0
0
0
0
0
0
0
0
0
0
0
0
0
0
0
0,120775946
0,075539273
0,184133198
0
0,18842242
0,165881494
0
0
0,141256781
0,078751055
0
0
0
0
0
0
0
0
0
0
0
0
0
0
0,147982091
0,250517392
0,440233688
0,61285471
0,410713101
0,312376971
0,194313582
0,097018557
0,093192223
0
0
0
0
0
0
0
0
0
0
0
0
0
0
0
0,174485214
0,270925556
0,505624173
0,675534217
0,690901163
0,701343798
0,303759033
0,163845101
0
0
0
0
0
0
0
0
0
0
0
0
0
0
0
0
0
0
0
0,107761358
0,174374627
0,314678774
0,464156959
0,289515342
0,24632612
0,159072454
0
0
0
0
0
0
0
0
0
0
0
0
0
0
0,133093832
0,114170703
0,153344013
0,22705385
0,299875826
0,247414618
0,251694361
0,363526925
0,290700209
0,131732024
0
0
0
0
0
0
0
0
0
0
0
0
0
0
0
0
0
0
0
0
0
0
0
0
0
0
0
0
0
0
0
0
0
0
0
0
0
0
0,158426306
0,186488715
0,354716248
0,431419851
0,569082533
0,34609357
0,316298094
0,210960185
0
0
0
0
0
0
0
0
0
0
0
0
0
0
0
0
0,147027878
0,250610602
0,211001261
0,243975342
0,30387436
0,257106837
0,161051973
0
0,129790421
0,072619759
0
0
0
0
0
0
0
0
0
0
0
0
0
0
0
0
0
0
0,242314947
0,361792278
0,265156039
0,300401907
0,24112534
0,123589612
0
0
0
0
0
0
0
0
0
0
0
0
0
0
0,086016664
0,23637323
0,467408236
0,54060779
0,538614052
0,367288485
0,458349527
0,306285171
0,252395803
0,146775106
0
0
0
0
0
0
0
0
0
0
0
0
0
0
0
0
0,20589369
0,113056927
0
0
0
0
0
0
0
0
0
0
0
0
0
0
0
0
0
0
0
0
0,113674638
0,213100846
0,350011533
0,313062615
0,228523086
0,208607828
0,127363811
0
0
0
0
0
0
0
0
0
0
0
0
0
0
0
0
0
0,151285503
0,210334575
0,365416394
0,666952615
0,603686993
0,711132386
0,258356478
0
0,118303522
0
0
0
0
0
0
0
0
0
0
0
0
0
0
0
0,136477815
0,253022993
0,373860552
0,498129489
0,756961493
0,679864514
0,632081165
0,431974369
0,289722299
0
0
0
0
0
0
0
0
0
0
0
0
0
0
0
0,108736109
0,106203652
0,19406397
0,316737285
0,408973715
0,435887592
0,400787068
0,28244563
0,136311933
0
0
0
0
0
0
0
0
0
0
0
0
0
0
0
0
0
0,08891722
0,187033755
0,262070643
0,368833553
0,315061092
0,300266042
0,199527001
0
0
0
0
0
0
0
0
0
0
0
0
0
0
0
0
0
0,102628511
0,244002199
0,194902857
0,121644849
0,330431197
0,348297424
0
0,148365988
0
0
0
0
0
0
0
0
0
0
0
0
0
0
0
0
0
0
0
0,091729307
0,141015068
0,128313285
0,070445921
0
0
0
0
0
0
0
0
0
0
0
0
0
0
0
0,117281376
0,085735455
0,115682594
0,277412312
0,364730751
0,518022629
0,362378393
0,289916617
0,166225896
0
0
0
0
0
0
0
0
0
0
0
0
0
0
0
0
0,093187484
0,183774578
0,225804209
0,432448316
0,308642268
0,166682465
0,139847579
0,099369334
0
0
0
0
0
0
0
0
0
0
0
0
0
0
0
0,106281063
0,21037565
0,349682929
0,536734062
0,63292953
0,610014187
0,488686882
0,374603069
0,189975386
0
0
0
0
0
0
0
0
0
0
0
0
0
0
0
0
0,111131122
0,236965664
0,443932055
0,566501101
0,557497686
0,466692576
0,307678575
0,168436069
0
0
0
0
0
0
0
0
0
0
0
0
0
0
0
0,080507819
0,167864173
0,326361571
0,502036393
0,575994262
0,522109633
0,409627762
0,320476728
0,206160681
0
0
0
0
0
0
0
0
0
0
0
0
0
0
0
0,116805849
0,187760473
0,341384115
0,483546136
0,563919669
0,522703647
0,440236847
0,352085841
0,208988565
0
0
0
0
0
0
0
0
0
0
0
0
0
0
0
0,120140857
0,194580573
0,357373511
0,542479881
0,633597796
0,643223662
0,535925192
0,37504384
0,238749285
0
0
0
0
0
0
0
0
0
0
0
0
0
0
0
0,126224758
0,154054934
0,214928703
0,154817989
0,085539557
0,069139407
0
0
0
0
0
0
0
0
0
0
0
0
0
0
0
0
0
0
0,07457558
0,161023536
0,287193001
0,372588794
0,510407879
0,429405576
0
0
0
0
0
0
0
0
0
0
0
0
0
0
0
0
0
0
0,147225356
0,1192214
0,189913773
0,26237397
0,236475919
0,241705135
0,19603875
0,134788983
0,081670569
0
0
0
0
0
0
0
0
0
0
0
0
0
0
0
0,067444256
0,091154251
0,183752461
0,393936952
0,503330268
0,452482061
0,399039783
0,259471833
0,113993763
0
0
0
0
0
0
0
0
0
0
0
0
0
0
0
0
0
0
0
0,272097785
0,498845149
0,557780474
0,350281683
0,18653295
0
0
0
0
0
0
0
0
0
0
0
0
0
0
0
0,10532843
0,236766606
0,470558405
0,676180365
0,722074245
0,655102357
0,42945771
0,237594434
0,143588601
0
0
0
0
0
0
0
0
0
0
0
0
0
0
0
0,083863364
0,133078034
0,319552531
0,3356067
0,54687653
0,428125918
0,269690133
0,170617806
0
0
0
0
0
0
0
0
0
0
0
0
0
0
0
0
0
0,098320331
0,075893153
0
0
0,099242948
0
0,136231362
0
0
0
0
0
0
0
0
0
0
0
0
0
0
0
0
0
0,203557131
0,459488579
0,665366472
0,729820121
0,63894076
0,174388845
0,075359173
0
0
0
0
0
0
0
0
0
0
0
0
0
0
0
0
0
0
0,028629566
0,01703366
0
0
0
0
0
0
0
0
0
0
0
0
0
0
0
0
0
0
0
0
0
0
0
0,082007071
0,132289702
0,112097974
0
0
0
0
0
0
0
0
0
0
0
0
0
0
0
0
0
0
0
0
0
0,108129457
0,076769956
0,113780487
0,294913599
0,324525816
0,164157907
0
0
0
0
0
0
0
0
0
0
0
0
0
0
0
0
0
0
0
0
0
0
0
0
0
0
0
0
0
0
0
0
0
0
0
0
0
0
0
0
0
0
0
0,049314199
0,053096297
0,435720131
0,3253884
0,128422293
0
0
0
0
0
0
0
0
0
0
0
0
0
0
0
0
0
0
0
0
0,037372311
0
0
0
0
0
0
0
0
0
0
0
0
0
0
0
0
0
0
0
0,111731455
0,402959326
0,569614934
0,586166747
0,550715502
0,43814674
0,249787514
0,113799445
0
0
0
0
0
0
0
0
0
0
0
0
0
0
0
0
0,137931252
0,363259935
0,435922349
0,376862217
0,315517661
0,386774031
0,230208758
0,114873725
0
0
0
0
0
0
0
0
0
0
0
0
0
0
0
0,049070906
0
0
0,058647797
0,045873342
0
0,169900566
0,253989845
0,144100464
0
0
0
0
0
0
0
0
0
0
0
0
0
0
0
0,08094385
0,18026263
0,456289436
0,629019467
0,703395989
0,639768587
0,562651071
0,166538701
0
0
0
0
0
0
0
0
0
0
0
0
0
0
0
0
0
0
0
0,13428028
0,140956615
0
0
0
0
0
0
0
0
0
0
0
0
0
0
0
0
0
0
0
0
0,152508286
0,351747759
0,383508536
0,358877504
0,53657608
0
0,131728864
0
0
0
0
0
0
0
0
0
0
0
0
0
0
0
0
0
0
0
0
0,102437352
0,160015609
0
0
0
0
0
0
0
0
0
0
0
0
0
0
0
0
0
0
0,089356411
0,165886234
0,31875472
0,307964523
0,307735449
0,259162188
0,181441178
0
0
0
0
0
0
0
0
0
0
0
0
0
0
0
0
0
0,070496475
0,159298369
0,440988843
0,611515019
0,640901321
0,604502182
0,461965743
0,23529737
0
0
0
0
0
0
0
0
0
0
0
0
0
0
0
0
0
0
0
0
0
0
0
0
0
0
0
0
0
0
0
0
0
0
0
0
0
0
0
0
0
0
0
0
0
0
0
0
0
0
0
0
0
0
0
0
0
0
0
0
0
0
0
0
0
0
0
0
0
0
0
0
0
0
0
0
0
0
0
0
0
0
0
0
0
0
0
0
0
0,047124563
0,017733522
0
0
0
0,090909378
0,104612769
0
0
0
0
0
0
0
0
0
0
0
0
0
0
0
0
0
0
0
0
0
0
0
0
0
0
0
0
0
0
0
0
0
0
0
0
0
0
0
0
0
0
0
0
0
0
0
0
0
0
0
0
0
0
0
0
0
0
0
0
0
0
0
0
0,009480522
0,123346319
0,350984704
0,250596383
0,218367979
0,456760224
0,33614226
0,172444082
0
0
0
0
0
0
0
0
0
0
0
0
0
0
0
0
0
0
0
0,116319263
0,195727525
0,215318919
0,175230891
0,090053114
0
0
0
0
0
0
0
0
0
0
0
0
0
0
0
0
0
0
0,109047335
0
0
0
0
0
0
0
0
0
0
0
0
0
0
0
0
0
0
0
0
0
0
0
0
0
0
0
0
0
0
0
0
0
0
0
0
0
0
0
0
0
0
0
0
0
0
0
0,137923353
0,069883504
0
0
0
0
0
0
0
0
0
0
0
0
0
0
0
0
0
0
0
0
0
0
0
0
0
0
0
0
0
0
0
0
0
0
0
0
0
0
0
0
0
0
0
0
0
0
0
0
0
0
0
0
0
0
0
0
0
0
0
0
0
0
0
0
0
0
0
0
0
0
0,079981737
0,050864006
0
0
0
0
0
0
0
0
0
0
0
0
0
0
0
0
0
0
0
0
0
0
0
0
0
0
0
0
0
0
0
0
0
0
0
0
0
0
0
0
0
0
0
0
0
0
0,036004183
0,063649519
0,066011356
0,093073737
0,065731727
0
0
0
0
0
0
0
0
0
0
0
0
0
0
0
0
0
0
0
0,076916879
0
0,050600175
0,134002231
0,17192432
0
0
0
0
0
0
0
0
0
0
0
0
0
0
0
0
0
0
0,086207823
0,128054194
0,27850713
0,413452515
0,387875169
0,174000209
0,094626703
0
0
0
0
0
0
0
0
0
0
0
0
0
0
0
0
0
0,041013804
0,121382599
0,24982069
0,388443905
0,371407086
0,199057793
0
0
0
0
0
0
0
0
0
0
0
0
0
0
0
0
0
0
0
0,061665261
0,157961838
0,216462711
0,083550559
0
0
0
0
0
0
0
0
0
0
0
0
0
0
0
0
0
0
0
0,068336856
0,143079898
0,285169247
0,404430142
0,389614555
0,251962931
0,152266573
0
0
0
0
0
0
0
0
0
0
0
0
0
0
0
0
0
0
0
0
0
0
0
0
0
0
0
0
0
0
0
0
0
0
0
0
0
0
0
0
0
0
0
0
0
0
0
0
0
0
0
0
0
0
0
0
0
0
0
0
0
0
0
0
0
0
0
0,125273704
0
0,066390513
0
0
0
0
0
0
0
0
0
0
0
0
0
0
0
0
0
0
0
0
0
0
0
0
0
0
0
0
0
0
0
0
0
0
0
0
0
0
0
0
0
0
0
0
0
0,081296151
0,143588601
0,232294125
0,139888654
0
0
0
0
0
0
0
0
0
0
0
0
0
0
0
0
0
0
0
0
0
0
0
0
0
0
0
0
0
0
0
0
0
0
0
0
0
0
0
0
0
0
0
0,056756748
0
0
0,177014512
0,18510637
0
0
0
0
0
0
0
0
0
0
0
0
0
0
0
0
0
0
0
0,093320189
0,168910016
0,271644375
0,284576813
0,189871118
0
0
0
0
0
0
0
0
0
0
0
0
0
0
0
0
0
0
0
0
0
0
0
0
0
0
0
0
0
0
0
0
0
0
0
0
0
0
0
0
0
0
0
0
0
0
0,049952447
0
0
0
0
0
0
0
0
0
0
0
0
0
0
0
0
0
0
0
0
0
0
0,049731272
0
0
0
0
0
0
0
0
0
0
0
0
0
0
0
0
0
0
0
0
0
0
0
0
0
0
0
0
0
0
0
0
0
0
0
0
0
0
0
0
0
0
0
0
0
0
0
0
0
0
0
0
0
0
0
0
0
0
0
0
0
0
0
0
0
0
0
0
0
0
0
0
0
0
0
0
0
0
0
0
0
0
0
0
0
0
0
0
0
0
0
0
0
0
0
0
0
0
0
0
0
0
0
0
0
0
0
0
0
0
0
0
0
0
0
0
0
0,060469334
0,144936191
0,180468007
0,160796042
0,134002231
0
0
0
0
0
0
0
0
0
0
0
0
0
0
0
0
0
0
0
0
0
0,087683378
0,103328373
0,078155461
0
0
0
0
0
0
0
0
0
0
0
0
0
0
0
0
0
0
0
0
0,026010218
0,05468086
0,095569858
0,056979503
0
0
0
0
0
0
0
0
0
0
0
0
0
0
0
0
0
0
0
0,038705682
0,166838867
0,20706118
0,109813549
0
0
0
0
0
0
0
0
0
0
0
0
0
0
0
0
0
0
0
0
0
0
0
0,007649507
0
0
0
0
0
0
0
0
0
0
0
0
0
0
0
0
0
0
0
0
0
0
0
0
0
0
0
0
0
0
0
0
0
0
0
0
0
0
0
0
0
0
0
0
0,028615348
0,143558585
0
0
0
0
0
0
0
0
0
0
0
0
0
0
0
0
0
0
0
0
0
0
0
0
0
0
0,099075487
0
0
0
0
0
0
0
0
0
0
0
0
0
0
0
0
0
0
0
0,070136276
0,074074776
0,142011937
0,103843395
0,050980913
0
0
0
0
0
0
0
0
0
0
0
0
0
0
0
0
0
0
0
0
0
0,092013675
0,164366443
0,105047221
0
0
0
0
0
0
0
0
0
0
0
0
0
0
0
0
0
0
0
0
0
0
0
0
0
0
0
0
0
0
0
0
0
0
0
0
0
0
0
0
0
0
0
0
0
0
0
0
0
0
0
0
0
0
0
0
0
0
0
0
0
0
0
0
0
0
0
0
0
0
0,008256159
0
0
0
0
0
0
0
0
0
0
0
0
0
0
0
0
0
0
0
0
0,0134443
0,110189547
0,185498166
0,186597723
0,123289446
0
0
0
0
0
0
0
0
0
0
0
0
0
0
0
0
0
0
0
0
0
0
0
0
0
0
0
0
0
0
0
0
0
0
0
0
0
0
0
0
0
0
0
0
0
0
0
0
0
0
0
0
0
0
0
0
0
0
0
0
0
0
0
0
0
0
0
0
0
0
0
0
0
0
0
0
0
0
0
0
0
0
0
0
0
0
0
0
0
0
0
0
0
0
0
0
0
0
0
0
0
0
0
0
0
0
0
0
0
0
0
0
0
0
0
0,010782297
0
0
0
0
0
0
0
0
0
0
0
0
0
0
0
0
0
0
0
0
0
0
0
0,019829948
0,097642587
0,17810617
0,198229965
0,159334705
0
0
0
0
0
0
0
0
0
0
0
0
0
0
0
0
0
0
0
0
0
0
0
0
0
0
0
0
0
0
0
0
0
0
0
0
0
0
0
0
0
0
0
0
0,064488406
0,069163104
0,06229719
0
0
0
0
0
0
0
0
0
0
0
0
0
0
0
0
0
0
0
0
0
0,025667397
0,042498839
0
0
0
0
0
0
0
0
0
0
0
0
0
0
0
0
0
0
0
0
0
0
0
0
0
0
0
0
0
0
0
0
0
0
0
0
0
0
0
0
0
0
0
0
0
0
0
0
0
0,057323905
0
0
0
0
0
0
0
0
0
0
0
0
0
0
0
0
0
0
0
0
0,044073923
0,141199908
0,140681726
0,078570955
0
0
0
0
0
0
0
0
0
0
0
0
0
0
0
0
0
0
0
0,016430167
0,079473034
0,158882875
0,176055559
0,126352724
0
0
0
0
0
0
0
0
0
0
0
0
0
0
0
0
0
0
0
0,072272197
0,131714646
0,041543045
0
0
0
0
0
0
0
0
0
0
0
0
0
0
0
0
0
0
0
0
0
0
0,104287326
0,219630258
0,232325722
0,137945471
0
0
0
0
0
0
0
0
0
0
0
0
0
0
0
0
0
0
0
0,065368368
0,1274665
0,179308416
0,172560989
0
0
0
0
0
0
0
0
0
0
0
0
0
0
0
0
0
0
0
0
0
0
0
0
0
0
0
0
0
0
0
0
0
0
0
0
0
0
0
0
0
0
0
0
0
0
0
0
0
0
0
0
0
0
0
0
0
0
0
0
0
0
0
0
0
0
0
0
0
0
0
0
0
0
0
0
0
0
0
0
0
0
0
0
0
0
0
0
0
0
0
0
0
0
0
0
0
0
0
0
0
0
0
0
0
0
0
0
0
0
0
0
0
0
0
0
0
0
0,111581372
0,204651949
0,166894161
0,041310811
0
0
0
0
0
0
0
0
0
0
0
0
0
0
0
0
0
0
0
0,036326467
0,052772433
0,064573716
0,038645649
0
0
0
0
0
0
0
0
0
0
