2.63
2.63
2.62
2.62
2.62
2.62
2.62
2.62
2.62
2.62
2.62
2.62
2.61
2.61
2.61
2.61
2.61
2.61
2.61
2.61
2.61
2.60
2.60
2.60
2.60
2.61
2.62
2.62
2.63
2.64
2.64
2.65
2.66
2.66
2.67
2.68
2.68
2.69
2.70
2.71
2.71
2.72
2.73
2.73
2.74
2.75
2.75
2.76
2.77
2.76
2.76
2.76
2.76
2.75
2.75
2.75
2.74
2.74
2.74
2.73
2.73
2.73
2.73
2.72
2.72
2.72
2.71
2.71
2.71
2.70
2.70
2.70
2.69
2.69
2.69
2.69
2.69
2.69
2.69
2.69
2.69
2.69
2.69
2.69
2.69
2.69
2.69
2.69
2.69
2.69
2.68
2.68
2.68
2.68
2.68
2.68
2.68
2.68
2.67
2.67
2.66
2.66
2.65
2.65
2.64
2.64
2.63
2.63
2.62
2.62
2.61
2.61
2.60
2.60
2.60
2.59
2.59
2.58
2.58
2.57
2.57
2.56
2.56
2.56
2.56
2.56
2.55
2.55
2.55
2.55
2.55
2.54
2.54
2.54
2.54
2.54
2.53
2.53
2.53
2.53
2.52
2.52
2.52
2.52
2.52
2.52
2.53
2.53
2.53
2.54
2.54
2.55
2.55
2.56
2.56
2.57
2.57
2.57
2.58
2.58
2.59
2.59
2.60
2.60
2.61
2.61
2.61
2.62
2.62
2.62
2.62
2.62
2.62
2.62
2.62
2.62
2.61
2.61
2.61
2.61
2.61
2.61
2.61
2.61
2.61
2.61
2.61
2.60
2.60
2.60
2.60
2.60
2.60
2.60
2.60
2.60
2.60
2.60
2.60
2.60
2.60
2.60
2.60
2.60
2.60
2.60
2.60
2.60
2.60
2.60
2.60
2.60
2.60
2.60
2.60
2.60
2.60
2.60
2.60
2.59
2.59
2.59
2.58
2.58
2.57
2.57
2.57
2.56
2.56
2.56
2.55
2.55
2.55
2.54
2.54
2.54
2.53
2.53
2.52
2.52
2.52
2.52
2.52
2.52
2.53
2.53
2.53
2.53
2.54
2.54
2.54
2.54
2.55
2.55
2.55
2.55
2.56
2.56
2.56
2.56
2.57
2.57
2.57
2.57
2.58
2.57
2.57
2.57
2.57
2.57
2.56
2.56
2.56
2.56
2.55
2.55
2.55
2.55
2.54
2.54
2.54
2.54
2.53
2.53
2.53
2.53
2.53
2.52
2.52
2.52
2.52
2.52
2.52
2.52
2.52
2.53
2.53
2.53
2.53
2.53
2.53
2.53
2.53
2.53
2.53
2.53
2.53
2.53
2.54
2.54
2.54
2.54
2.54
2.54
2.54
2.54
2.54
2.55
2.55
2.55
2.55
2.55
2.55
2.56
2.56
2.56
2.56
2.56
2.56
2.57
2.57
2.57
2.57
2.57
2.57
2.57
2.58
2.58
2.58
2.58
2.58
2.58
2.58
2.58
2.58
2.58
2.58
2.58
2.58
2.58
2.58
2.58
2.58
2.58
2.58
2.58
2.58
2.58
2.58
2.58
2.58
2.58
2.58
2.58
2.58
2.58
2.58
2.58
2.58
2.58
2.58
2.58
2.58
2.58
2.58
2.58
2.58
2.58
2.58
2.58
2.58
2.58
2.58
2.58
2.58
2.58
2.58
2.58
2.58
2.58
2.58
2.58
2.58
2.58
2.58
2.58
2.58
2.58
2.58
2.58
2.58
2.57
2.57
2.57
2.57
2.57
2.57
2.57
2.57
2.57
2.57
2.57
2.57
2.57
2.57
2.57
2.57
2.57
2.57
2.56
2.56
2.56
2.56
2.56
2.56
2.56
2.56
2.56
2.56
2.56
2.56
2.56
2.56
2.55
2.55
2.55
2.54
2.54
2.54
2.53
2.53
2.53
2.52
2.52
2.52
2.52
2.51
2.51
2.51
2.50
2.50
2.50
2.49
2.49
2.49
2.48
2.48
2.48
2.48
2.48
2.48
2.48
2.48
2.49
2.49
2.49
2.49
2.49
2.49
2.49
2.49
2.49
2.49
2.49
2.49
2.49
2.49
2.50
2.50
2.50
2.50
2.50
2.50
2.51
2.51
2.51
2.52
2.52
2.52
2.53
2.53
2.53
2.54
2.54
2.54
2.55
2.55
2.55
2.55
2.56
2.56
2.56
2.57
2.57
2.57
2.57
2.57
2.57
2.57
2.57
2.57
2.56
2.56
2.56
2.56
2.56
2.56
2.56
2.56
2.56
2.55
2.55
2.55
2.55
2.55
2.55
2.55
2.55
2.54
2.54
2.54
2.54
2.54
2.53
2.53
2.53
2.53
2.53
2.52
2.52
2.52
2.52
2.51
2.51
2.51
2.51
2.51
2.50
2.50
2.50
2.50
2.50
2.49
2.49
2.49
2.49
2.49
2.49
2.49
2.49
2.49
2.49
2.49
2.49
2.49
2.49
2.49
2.48
2.48
2.48
2.48
2.48
2.48
2.48
2.48
2.48
2.48
2.48
2.47
2.47
2.47
2.47
2.46
2.46
2.46
2.46
2.45
2.45
2.45
2.45
2.44
2.44
2.44
2.44
2.43
2.43
2.43
2.43
2.42
2.42
2.42
2.42
2.41
2.41
2.40
2.40
2.40
2.39
2.39
2.38
2.38
2.37
2.37
2.37
2.36
2.36
2.35
2.35
2.35
2.34
2.34
2.33
2.33
2.33
2.32
2.32
2.32
2.32
2.32
2.32
2.32
2.31
2.31
2.31
2.31
2.31
2.31
2.31
2.31
2.31
2.30
2.30
2.30
2.30
2.30
2.30
2.30
2.30
2.29
2.30
2.30
2.30
2.30
2.31
2.31
2.31
2.31
2.32
2.32
2.32
2.32
2.32
2.33
2.33
2.33
2.33
2.34
2.34
2.34
2.34
2.34
2.35
2.35
2.35
2.35
2.36
2.36
2.36
2.36
2.36
2.37
2.37
2.37
2.37
2.37
2.38
2.38
2.38
2.38
2.38
2.39
2.39
2.39
2.39
2.39
2.40
2.40
2.39
2.39
2.39
2.39
2.39
2.38
2.38
2.38
2.38
2.37
2.37
2.37
2.37
2.36
2.36
2.36
2.36
2.35
2.35
2.35
2.35
2.35
2.34
2.34
2.34
2.34
2.34
2.33
2.33
2.33
2.33
2.33
2.33
2.33
2.32
2.32
2.32
2.32
2.32
2.32
2.31
2.31
2.31
2.31
2.31
2.31
2.31
2.30
2.30
2.30
2.29
2.29
2.28
2.28
2.28
2.27
2.27
2.27
2.26
2.26
2.25
2.25
2.25
2.24
2.24
2.23
2.23
2.23
2.22
2.22
2.21
2.21
2.21
2.20
2.19
2.19
2.18
2.18
2.17
2.17
2.16
2.16
2.15
2.15
2.14
2.14
2.13
2.12
2.12
2.11
2.11
2.10
2.10
2.09
2.09
2.08
2.08
2.08
2.08
2.08
2.08
2.08
2.08
2.07
2.07
2.07
2.07
2.07
2.07
2.07
2.07
2.07
2.07
2.07
2.07
2.06
2.06
2.06
2.06
2.06
2.06
2.07
2.07
2.07
2.07
2.08
2.08
2.08
2.08
2.09
2.09
2.09
2.09
2.10
2.10
2.10
2.10
2.10
2.11
2.11
2.11
2.11
2.12
2.12
2.12
2.12
2.12
2.12
2.12
2.12
2.12
2.12
2.12
2.12
2.12
2.12
2.12
2.12
2.12
2.12
2.12
2.12
2.12
2.12
2.12
2.12
2.12
2.12
2.12
2.12
2.12
2.12
2.12
2.12
2.12
2.12
2.12
2.12
2.12
2.12
2.12
2.12
2.12
2.12
2.12
2.12
2.12
2.12
2.12
2.12
2.12
2.12
2.13
2.13
2.13
2.13
2.14
2.14
2.14
2.15
2.15
2.15
2.15
2.16
2.16
2.16
2.17
2.17
2.17
2.17
2.18
2.18
2.18
2.19
2.19
2.19
2.19
2.18
2.18
2.18
2.17
2.17
2.17
2.16
2.16
2.16
2.15
2.15
2.15
2.14
2.14
2.14
2.13
2.13
2.13
2.12
2.12
2.12
2.12
2.11
2.11
2.10
2.10
2.09
2.09
2.08
2.08
2.07
2.07
2.06
2.06
2.05
2.05
2.04
2.04
2.03
2.03
2.02
2.02
2.01
2.01
2.00
2.00
2.00
1.99
1.99
1.99
1.99
1.98
1.98
1.98
1.98
1.98
1.97
1.97
1.97
1.97
1.96
1.96
1.96
1.96
1.96
1.95
1.95
1.95
1.95
1.94
1.94
1.94
1.95
1.95
1.95
1.95
1.95
1.95
1.96
1.96
1.96
1.96
1.96
1.97
1.97
1.97
1.97
1.97
1.97
1.98
1.98
1.98
1.98
1.98
1.98
1.98
1.99
1.99
1.99
1.99
1.99
1.99
1.99
1.99
1.99
1.99
1.99
1.99
1.99
1.99
1.99
1.99
1.99
1.99
1.99
1.99
1.99
1.99
1.99
1.99
1.99
2.00
2.00
2.00
2.00
2.00
2.00
2.00
2.00
2.00
2.00
2.00
2.00
2.00
2.00
2.00
2.00
2.00
2.00
2.00
2.00
2.00
2.00
2.00
2.00
2.00
2.00
2.00
2.00
2.01
2.01
2.01
2.01
2.01
2.01
2.01
2.01
2.01
2.02
2.02
2.02
2.02
2.02
2.02
2.02
2.02
2.02
2.03
2.03
2.03
2.03
2.03
2.03
2.03
2.03
2.03
2.04
2.04
2.04
2.04
2.04
2.04
2.04
2.04
2.04
2.05
2.05
2.05
2.05
2.05
2.05
2.05
2.04
2.04
2.03
2.03
2.02
2.02
2.01
2.01
2.00
2.00
2.00
1.99
1.99
1.98
1.98
1.97
1.97
1.96
1.96
1.95
1.95
1.94
1.94
1.94
1.93
1.93
1.93
1.92
1.92
1.91
1.91
1.91
1.90
1.90
1.90
1.89
1.89
1.89
1.88
1.88
1.87
1.87
1.87
1.86
1.86
1.86
1.85
1.86
1.86
1.87
1.87
1.87
1.88
1.88
1.89
1.89
1.90
1.90
1.90
1.91
1.91
1.92
1.92
1.93
1.93
1.94
1.94
1.94
1.95
1.95
1.96
1.96
1.96
1.96
1.96
1.96
1.96
1.96
1.96
1.96
1.96
1.96
1.96
1.96
1.96
1.96
1.96
1.96
1.96
1.96
1.96
1.96
1.96
1.96
1.96
1.96
1.96
1.96
1.96
1.96
1.96
1.96
1.96
1.95
1.95
1.95
1.95
1.95
1.95
1.95
1.95
1.95
1.95
1.95
1.95
1.95
1.95
1.95
1.95
1.94
1.94
1.94
1.94
1.94
1.94
1.94
1.93
1.93
1.93
1.93
1.93
1.93
1.93
1.92
1.92
1.92
1.92
1.92
1.92
1.92
1.91
1.91
1.91
1.91
1.92
1.92
1.92
1.92
1.93
1.93
1.93
1.93
1.93
1.94
1.94
1.94
1.94
1.95
1.95
1.95
1.95
1.96
1.96
1.96
1.96
1.97
1.97
1.97
1.97
1.98
1.98
1.98
1.99
1.99
1.99
2.00
2.00
2.00
2.00
2.01
2.01
2.01
2.02
2.02
2.02
2.03
2.03
2.03
2.04
2.04
2.04
2.04
2.05
2.05
2.06
2.06
2.06
2.07
2.07
2.07
2.08
2.08
2.08
2.09
2.09
2.09
2.10
2.10
2.10
2.11
2.11
2.11
2.12
2.12
2.13
2.13
2.14
2.15
2.15
2.16
2.16
2.17
2.18
2.18
2.19
2.20
2.20
2.21
2.22
2.22
2.23
2.24
2.24
2.25
2.26
2.26
2.27
2.28
2.28
2.28
2.28
2.29
2.29
2.29
2.29
2.29
2.29
2.29
2.30
2.30
2.30
2.30
2.30
2.30
2.30
2.30
2.31
2.31
2.31
2.31
2.31
2.31
2.31
2.32
2.32
2.32
2.32
2.32
2.33
2.33
2.33
2.33
2.33
2.34
2.34
2.34
2.34
2.34
2.35
2.35
2.35
2.35
2.35
2.35
2.36
2.36
2.36
2.36
2.37
2.37
2.37
2.37
2.38
2.38
2.38
2.38
2.39
2.39
2.39
2.40
2.40
2.40
2.40
2.41
2.41
2.41
2.41
2.42
2.42
2.42
























2.42
2.42
2.42
2.41
2.41
2.40
2.40
2.39
2.39
2.38
2.38
2.37
2.37
2.37
2.36
2.36
2.35
2.35
2.34
2.34
2.33
2.33
2.32
2.32
2.31
2.31
2.31
2.31
2.30
2.30
2.30
2.30
2.29
2.29
2.29
2.29
2.28
2.28
2.28
2.28
2.27
2.27
2.27
2.27
2.26
2.26
2.26
2.26
2.25
2.26
2.26
2.26
2.26
2.26
2.26
2.27
2.27
2.27
2.27
2.27
2.27
2.28
2.28
2.28
2.28
2.28
2.28
2.28
2.29
2.29
2.29
2.29
2.29
2.29
2.30
2.30
2.30
2.30
2.31
2.31
2.31
2.31
2.31
2.32
2.32
2.32
2.32
2.32
2.33
2.33
2.33
2.33
2.34
2.34
2.34
2.34
2.34
2.34
2.34
2.34
2.34
2.34
2.34
2.34
2.34
2.34
2.34
2.34
2.34
2.34
2.34
2.34
2.34
2.34
2.34
2.34
2.34
2.34
2.34
2.34
2.34
2.34
2.34
2.35
2.35
2.35
2.35
2.35
2.35
2.35
2.35
2.36
2.36
2.36
2.36
2.36
2.36
2.36
2.36
2.37
2.37
2.37
2.37
2.37
2.37
2.37
2.38
2.38
2.38
2.38
2.38
2.39
2.39
2.39
2.39
2.39
2.40
2.40
2.40
2.40
2.40
2.41
2.41
2.41
2.41
2.42
2.42
2.42
2.42
2.42
2.43
2.43
2.43
2.43
2.43
2.44
2.44
2.44
2.44
2.44
2.45
2.45
2.45
2.45
2.45
2.46
2.46
2.46
2.46
2.46
2.47
2.47
2.47
2.47
2.47
2.47
2.47
2.47
2.47
2.47
2.47
2.47
2.47
2.46
2.46
2.46
2.46
2.46
2.46
2.46
2.46
2.46
2.46
2.46
2.46
2.46
2.46
2.46
2.45
2.45
2.45
2.45
2.45
2.44
2.44
2.44
2.44
2.43
2.43
2.43
2.43
2.43
2.42
2.42
2.42
2.42
2.42
2.41
2.41
2.41
2.41
2.41
2.41
2.41
2.41
2.41
2.41
2.41
2.41
2.41
2.41
2.41
2.41
2.41
2.41
2.41
2.41
2.41
2.41
2.41
2.41
2.41
2.41
2.41
2.41
2.41
2.40
2.40
2.40
2.40
2.39
2.39
2.39
2.39
2.39
2.38
2.38
2.38
2.38
2.37
2.37
2.37
2.37
2.37
2.36
2.36
2.36
2.36
2.35
2.35
2.35
2.35
2.35
2.34
2.34
2.34
2.34
2.33
2.33
2.33
2.33
2.33
2.32
2.32
2.32
2.32
2.31
2.31
2.31
2.31
2.30
2.30
2.30
2.30
2.30
2.29
2.29
2.29
2.29
2.28
2.28
2.28
2.28
2.28
2.27
2.27
2.27
2.27
2.26
2.26
2.26
2.26
2.26
2.25
2.25
2.25
2.25
2.24
2.24
2.24
2.24
2.23
2.23
2.23
2.23
2.22
2.22
2.22
2.22
2.21
2.21
2.21
2.21
2.20
2.20
2.20
2.20
2.20
2.19
2.19
2.19
2.19
2.18
2.18
2.18
2.17
2.17
2.17
2.17
2.16
2.16
2.16
2.15
2.15
2.15
2.15
2.14
2.14
2.14
2.13
2.13
2.13
2.13
2.12
2.12
2.12
2.12
2.11
2.11
2.11
2.11
2.11
2.11
2.10
2.10
2.10
2.10
2.10
2.09
2.09
2.09
2.09
2.09
2.08
2.08
2.08
2.08
2.08
2.08
2.08
2.08
2.09
2.09
2.09
2.10
2.10
2.10
2.11
2.11
2.12
2.12
2.12
2.13
2.13
2.13
2.14
2.14
2.15
2.15
2.15
2.16
2.16
2.16
2.17
2.19
2.20
2.21
2.22
2.23
2.24
2.25
2.27
2.28
2.29
2.30
2.31
2.32
2.33
2.35
2.36
2.37
2.38
2.39
2.40
2.41
2.43
2.44
2.45
2.46
2.47
2.48
2.50
2.51
2.52
2.53
2.55
2.56
2.57
2.58
2.59
2.61
2.62
2.63
2.64
2.65
2.67
2.68
2.69
2.70
2.71
2.73
2.73
2.73
2.73
2.73
2.73
2.73
2.73
2.73
2.73
2.73
2.73
2.73
2.73
2.73
2.73
2.73
2.73
2.73
2.73
2.74
2.74
2.74
2.74
2.74
2.74
2.74
2.75
2.75
2.75
2.75
2.76
2.76
2.76
2.76
2.77
2.77
2.77
2.78
2.78
2.78
2.78
2.79
2.79
2.79
2.79
2.80
2.80
2.80
2.80
2.79
2.79
2.78
2.77
2.77
2.76
2.76
2.75
2.74
2.74
2.73
2.73
2.72
2.72
2.71
2.70
2.70
2.69
2.69
2.68
2.68
2.67
2.66
2.66
2.66
2.66
2.65
2.65
2.65
2.65
2.64
2.64
2.64
2.64
2.63
2.63
2.63
2.63
2.62
2.62
2.62
2.62
2.61
2.61
2.61
2.60
2.60
2.61
2.61
2.61
2.61
2.62
2.62
2.62
2.63
2.63
2.63
2.64
2.64
2.64
2.64
2.65
2.65
2.65
2.66
2.66
2.66
2.67
2.67
2.67
2.67
2.68
2.68
2.68
2.68
2.68
2.68
2.68
2.68
2.68
2.68
2.69
2.69
2.69
2.69
2.69
2.69
2.69
2.69
2.69
2.69
2.70
2.70
2.70
2.70
2.70
2.70
2.70
2.70
2.70
2.70
2.71
2.71
2.71
2.71
2.71
2.71
2.71
2.71
2.71
2.72
2.72
2.72
2.72
2.72
2.72
2.72
2.72
2.72
2.72
2.71
2.71
2.70
2.70
2.69
2.69
2.68
2.68
2.67
2.67
2.66
2.66
2.65
2.65
2.64
2.64
2.63
2.63
2.62
2.62
2.61
2.61
2.60
2.60
2.60
2.59
2.59
2.58
2.58
2.57
2.57
2.56
2.56
2.55
2.55
2.55
2.54
2.54
2.53
2.53
2.52
2.52
2.51
2.51
2.50
2.50
2.50
2.49
2.49
2.48
2.48
2.48
2.47
2.47
2.47
2.46
2.46
2.45
2.45
2.45
2.44
2.44
2.43
2.43
2.43
2.42
2.42
2.42
2.41
2.41
2.40
2.40
2.40
2.39
2.39
2.38
2.38
2.37
2.37
2.37
2.36
2.36
2.35
2.35
2.35
2.34
2.34
2.33
2.33
2.32
2.32
2.32
2.31
2.31
2.30
2.30
2.30
2.30
2.30
2.31
2.31
2.31
2.31
2.31
2.31
2.31
2.31
2.31
2.31
2.31
2.31
2.31
2.31
2.31
2.31
2.31
2.32
2.32
2.32
2.32
2.32
2.32
2.31
2.31
2.31
2.31
2.31
2.31
2.31
2.31
2.31
2.31
2.31
2.31
2.31
2.31
2.31
2.31
2.31
2.31
2.31
2.31
2.31
2.30
2.30
2.30
2.30
2.30
2.29
2.29
2.29
2.29
2.29
2.29
2.28
2.28
2.28
2.28
2.28
2.27
2.27
2.27
2.27
2.27
2.26
2.26
2.26
2.26
2.27
2.27
2.27
2.27
2.28
2.28
2.28
2.29
2.29
2.29
2.29
2.30
2.30
2.30
2.31
2.31
2.31
2.32
2.32
2.32
2.32
2.33
2.33
2.33
2.34
2.34
2.35
2.35
2.35
2.36
2.36
2.36
2.37
2.37
2.37
2.38
2.38
2.38
2.39
2.39
2.40
2.40
2.40
2.41
2.41
2.41
2.42
2.42
2.42
2.41
2.41
2.41
2.41
2.41
2.41
2.41
2.41
2.41
2.40
2.40
2.40
2.40
2.40
2.40
2.40
2.40
2.40
2.40
2.39
2.39
2.39
2.39
2.39
2.38
2.38
2.38
2.38
2.37
2.37
2.37
2.36
2.36
2.36
2.36
2.35
2.35
2.35
2.34
2.34
2.34
2.34
2.33
2.33
2.33
2.32
2.32
2.32
2.32
2.32
2.32
2.32
2.32
2.32
2.32
2.32
2.32
2.32
2.32
2.32
2.32
2.32
2.32
2.32
2.32
2.32
2.32
2.31
2.31
2.31
2.31
2.31
2.30
2.30
2.30
2.29
2.29
2.28
2.28
2.28
2.27
2.27
2.27
2.26
2.26
2.25
2.25
2.25
2.24
2.24
2.24
2.23
2.23
2.23
2.22
2.22
2.22
2.21
2.21
2.21
2.21
2.20
2.20
2.20
2.20
2.19
2.19
2.19
2.19
2.18
2.18
2.18
2.18
2.17
2.17
2.17
2.17
2.16
2.16
2.16
2.16
2.15
2.15
2.15
2.15
2.14
2.14
2.14
2.14
2.14
2.13
2.13
2.13
2.13
2.12
2.12
2.12
2.12
2.12
2.11
2.11
2.11
2.11
2.10
2.10
2.10
2.10
2.09
2.09
2.09
2.09
2.08
2.08
2.08
2.08
2.07
2.07
2.07
2.07
2.06
2.06
2.06
2.06
2.05
2.05
2.05
2.05
2.04
2.04
2.04
2.04
2.04
2.03
2.03
2.03
2.03
2.03
2.03
2.02
2.02
2.02
2.02
2.02
2.01
2.01
2.01
2.01
2.01
2.00
2.00
2.00
2.00
2.00
2.00
2.00
2.00
2.00
2.00
2.00
1.99
1.99
1.99
1.99
1.99
1.99
1.99
1.99
1.99
1.99
1.99
1.99
1.99
1.98
1.98
1.99
1.99
1.99
1.99
1.99
1.99
1.99
1.99
1.99
1.99
2.00
2.00
2.00
2.00
2.00
2.00
2.00
2.00
2.00
2.00
2.01
2.01
2.01
2.01
2.01
2.01
2.01
2.02
2.02
2.02
2.02
2.02
2.02
2.02
2.03
2.03
2.03
2.03
2.03
2.03
2.04
2.04
2.04
2.04
2.04
2.04
2.04
2.05
2.05
2.05
2.05
2.05
2.05
2.05
2.05
2.05
2.05
2.05
2.05
2.05
2.05
2.05
2.05
2.05
2.05
2.05
2.05
2.05
2.05
2.05
2.05
2.05
2.05
2.05
2.05
2.05
2.05
2.05
2.05
2.05
2.05
2.05
2.05
2.04
2.04
2.04
2.04
2.04
2.04
2.04
2.04
2.04
2.04
2.04
2.04
2.04
2.04
2.04
2.03
2.03
2.03
2.03
2.03
2.03
2.02
2.02
2.02
2.02
2.02
2.02
2.01
2.01
2.01
2.01
2.01
2.01
2.00
2.00
2.00
2.00
2.00
2.00
1.99
1.99
1.99
1.99
1.99
1.99
1.98
1.98
1.98
1.98
1.98
1.97
1.97
1.97
1.97
1.97
1.97
1.96
1.96
1.96
1.96
1.96
1.96
1.96
1.96
1.96
1.96
1.96
1.96
1.96
1.96
1.96
1.96
1.96
1.96
1.96
1.96
1.96
1.96
1.96
1.96
1.96
1.96
1.96
1.96
1.96
1.97
1.97
1.97
1.97
1.98
1.98
1.98
1.98
1.99
1.99
1.99
2.00
2.00
2.00
2.00
2.01
2.01
2.01
2.01
2.02
2.02
2.02
2.02
2.03
2.02
2.02
2.02
2.02
2.02
2.01
2.01
2.01
2.01
2.01
2.01
2.00
2.00
2.00
2.00
2.00
1.99
1.99
1.99
1.99
1.99
1.98
1.98
1.98
1.98
1.98
1.98
1.98
1.98
1.98
1.97
1.97
1.97
1.97
1.97
1.97
1.97
1.97
1.97
1.97
1.96
1.96
1.96
1.96
1.96
1.96
1.96
1.96
1.96
1.96
1.96
1.96
1.95
1.95
1.95
1.95
1.95
1.95
1.95
1.95
1.95
1.95
1.95
1.95
1.95
1.95
1.95
1.95
1.94
1.94
1.94
1.94
1.94
1.94
1.94
1.93
1.93
1.93
1.92
1.92
1.92
1.92
1.91
1.91
1.91
1.91
1.90
1.90
1.90
1.90
1.89
1.89
1.89
1.89
1.88
1.88
1.88
1.88
1.88
1.88
1.88
1.88
1.88
1.88
1.88
1.88
1.87
1.87
1.87
1.87
1.87
1.87
1.87
1.87
1.87
1.87
1.87
1.87
1.87
1.87
1.87
1.88
1.88
1.88
1.89
1.89
1.89
1.90
1.90
1.90
1.91
1.91
1.92
1.92
1.92
1.93
1.93
1.93
1.94
1.94
1.95
1.95
1.95
1.96
1.96
1.96
1.96
1.96
1.96
1.96
1.96
1.96
1.96
1.96
1.96
1.96
1.96
1.96
1.96
1.97
1.97
1.97
1.97
1.97
1.97
1.97
1.97
1.97
1.97
1.97
1.98
1.98
1.98
1.98
1.98
1.99
1.99
1.99
1.99
1.99
2.00
2.00
2.00
2.00
2.01
2.01
2.01
2.01
2.01
2.02
2.02
2.02
2.03
2.04
2.05
2.06
2.06
2.07
2.08
2.09
2.10
2.11
2.12
2.13
2.14
2.15
2.15
2.16
2.17
2.18
2.19
2.20
2.21
2.22
2.23
2.24
2.24
2.25
2.26
2.26
2.27
2.28
2.28
2.29
2.30
2.31
2.31
2.32
2.33
2.33
2.34
2.35
2.35
2.36
2.37
2.38
2.38
2.39
2.40
2.40
2.41
2.41
2.41
2.41
2.42
2.42
2.42
2.43
2.43
2.43
2.43
2.44
2.44
2.44
2.44
2.45
2.45
2.45
2.46
2.46
2.46
2.46
2.47
2.47
2.46
2.46
2.45
2.44
2.44
2.43
2.43
2.42
2.41
2.41
2.40
2.39
2.39
2.38
2.37
2.37
2.36
2.36
2.35
2.34
2.34
2.33
2.32
2.32
2.32
2.32
2.32
2.31
2.31
2.31
2.31
2.31
2.31
2.31
2.31
2.31
2.31
2.30
2.30
2.30
2.30
2.30
2.30
2.30
2.30
2.30
2.30
2.30
2.30
2.30
2.31
2.31
2.32
2.32
2.32
2.33
2.33
2.34
2.34
2.35
2.35
2.35
2.36
2.36
2.37
2.37
2.37
2.38
2.38
2.39
2.39
2.40
2.39
2.39
2.39
2.39
2.39
2.38
2.38
2.38
2.38
2.37
2.37
2.37
2.37
2.37
2.36
2.36
2.36
2.36
2.36
2.35
2.35
2.35
2.35
2.35
2.34
2.34
2.33
2.33
2.32
2.32
2.31
2.31
2.30
2.30
2.29
2.29
2.28
2.28
2.27
2.27
2.26
2.26
2.25
2.25
2.24
2.24
2.24
2.23
2.23
2.23
2.22
2.22
2.22
2.22
2.22
2.21
2.21
2.21
2.21
2.21
2.20
2.20
2.20
2.20
2.20
2.19
2.19
2.19
2.19
2.19
2.18
2.18
2.18
2.19
2.19
2.20
2.20
2.20
2.21
2.21
2.21
2.22
2.22
2.22
2.23
2.23
2.23
2.24
2.24
2.24
2.25
2.25
2.25
2.26
2.26
2.26
2.30
2.33
2.36
2.39
2.42
2.45
2.48
2.51
2.54
2.57
2.61
2.64
2.67
2.70
2.73
2.76
2.79
2.82
2.85
2.89
2.92
2.95
2.98
3.01
3.01
3.02
3.02
3.03
3.03
3.04
3.04
3.05
3.05
3.06
3.06
3.07
3.07
3.08
3.08
3.09
3.09
3.10
3.10
3.10
3.11
3.11
3.12
3.12
3.12
3.12
3.12
3.12
3.12
3.12
3.12
3.12
3.12
3.11
3.11
3.11
3.11
3.11
3.11
3.11
3.11
3.11
3.11
3.11
3.10
3.10
3.10
3.10
3.10
3.11
3.11
3.11
3.11
3.11
3.12
3.12
3.12
3.12
3.13
3.13
3.13
3.13
3.13
3.14
3.14
3.14
3.14
3.15
3.15
3.15
3.15
3.15
3.15
3.15
3.14
3.14
3.14
3.14
3.13
3.13
3.13
3.12
3.12
3.12
3.11
3.11
3.11
3.10
3.10
3.10
3.09
3.09
3.09
3.08
3.08
3.08
3.07
3.07
3.06
3.06
3.05
3.05
3.04
3.04
3.04
3.03
3.03
3.02
3.02
3.01
3.01
3.00
3.00
2.99
2.99
2.98
2.98
2.98
2.97
2.97
2.97
2.96
2.96
2.96
2.96
2.96
2.96
2.96
2.96
2.96
2.96
2.96
2.95
2.95
2.95
2.95
2.95
2.95
2.95
2.95
2.95
2.95
2.94
2.94
2.94
2.94
2.94
2.93
2.93
2.93
2.92
2.92
2.92
2.92
2.91
2.91
2.91
2.90
2.90
2.90
2.90
2.89
2.89
2.89
2.89
2.88
2.88
2.88
2.87
2.86
2.85
2.85
2.84
2.83
2.83
2.82
2.81
2.80
2.80
2.79
2.78
2.77
2.77
2.76
2.75
2.75
2.74
2.73
2.72
2.72
2.71
2.70
2.70
2.71
2.71
2.71
2.71
2.72
2.72
2.72
2.72
2.73
2.73
2.73
2.73
2.74
2.74
2.74
2.74
2.75
2.75
2.75
2.75
2.76
2.76
2.76
2.76
2.76
2.76
2.76
2.76
2.76
2.76
2.76
2.76
2.76
2.76
2.76
2.76
2.76
2.76
2.76
2.76
2.76
2.76
2.76
2.76
2.76
2.76
2.76
2.77
2.78
2.78
2.79
2.79
2.80
2.81
2.81
2.82
2.82
2.83
2.84
2.84
2.85
2.85
2.86
2.87
2.87
2.88
2.88
2.89
2.90
2.90
2.91
2.91
2.90
2.90
2.90
2.90
2.90
2.90
2.90
2.90
2.89
2.89
2.89
2.89
2.89
2.89
2.89
2.88
2.88
2.88
2.88
2.88
2.88
2.88
2.88
2.87
2.86
2.85
2.85
2.84
2.83
2.83
2.82
2.81
2.81
2.80
2.79
2.79
2.78
2.77
2.77
2.76
2.75
2.74
2.74
2.73
2.72
2.72
2.71
2.71
2.71
2.71
2.70
2.70
2.70
2.70
2.70
2.70
2.69
2.69
2.69
2.69
2.69
2.69
2.68
2.68
2.68
2.68
2.68
2.68
2.68
2.67
2.67
2.68
2.69
2.70
2.71
2.72
2.73
2.74
2.75
2.76
2.77
2.78
2.79
2.80
2.81
2.82
2.83
2.83
2.84
2.85
2.86
2.87
2.88
2.89
2.90
2.90
2.90
2.89
2.89
2.89
2.88
2.88
2.88
2.87
2.87
2.87
2.86
2.86
2.86
2.86
2.85
2.85
2.85
2.84
2.84
2.84
2.83
2.83
2.83
2.83
2.82
2.82
2.82
2.82
2.81
2.81
2.81
2.81
2.81
2.80
2.80
2.80
2.80
2.80
2.79
2.79
2.79
2.79
2.78
2.78
2.78
2.78
2.78
2.77
2.76
2.76
2.75
2.75
2.74
2.74
2.73
2.73
2.72
2.72
2.71
2.71
2.70
2.70
2.69
2.68
2.68
2.67
2.67
2.66
2.66
2.65
2.65
2.64
2.64
2.63
2.63
2.63
2.62
2.62
2.61
2.61
2.60
2.60
2.60
2.59
2.59
2.58
2.58
2.57
2.57
2.56
2.56
2.56
2.55
2.55
2.54
2.54
2.54
2.54
2.54
2.54
2.54
2.54
2.54
2.54
2.54
2.54
2.54
2.54
2.54
2.54
2.54
2.54
2.54
2.54
2.54
2.54
2.54
2.54
2.54
2.54
2.54
2.54
2.54
2.54
2.54
2.54
2.54
2.53
2.53
2.53
2.53
2.53
2.53
2.53
2.53
2.53
2.53
2.53
2.53
2.53
2.53
2.53
2.53
2.53
2.54
2.54
2.54
2.55
2.55
2.56
2.56
2.57
2.57
2.57
2.58
2.58
2.59
2.59
2.60
2.60
2.61
2.61
2.61
2.62
2.62
2.63
2.63
2.64
2.65
2.66
2.66
2.67
2.68
2.69
2.69
2.70
2.71
2.72
2.73
2.73
2.74
2.75
2.76
2.77
2.77
2.78
2.79
2.80
2.80
2.81
2.82
2.82
2.82
2.81
2.81
2.81
2.81
2.80
2.80
2.80
2.80
2.80
2.79
2.79
2.79
2.79
2.78
2.78
2.78
2.78
2.77
2.77
2.77
2.77
2.77
2.76
2.76
2.76
2.76
2.76
2.76
2.75
2.75
2.75
2.75
2.75
2.75
2.74
2.74
2.74
2.74
2.74
2.74
2.73
2.73
2.73
2.73
2.73
2.73
2.73
2.73
2.74
2.74
2.74
2.75
2.75
2.75
2.76
2.76
2.76
2.77
2.77
2.77
2.78
2.78
2.78
2.79
2.79
2.79
2.80
2.80
2.80
2.81
2.81
2.81
2.80
2.80
2.80
2.80
2.80
2.80
2.80
2.80
2.79
2.79
2.79
2.79
2.79
2.79
2.79
2.79
2.78
2.78
2.78
2.78
2.78
2.78
2.78
2.78
2.78
2.78
2.78
2.78
2.78
2.78
2.78
2.78
2.78
2.78
2.77
2.77
2.77
2.77
2.77
2.77
2.77
2.77
2.77
2.77
2.77
2.77
2.77
2.78
2.78
2.78
2.78
2.78
2.79
2.79
2.79
2.79
2.79
2.80
2.80
2.80
2.80
2.80
2.81
2.81
2.81
2.81
2.81
2.82
2.82
2.82
2.83
2.83
2.84
2.84
2.85
2.86
2.86
2.87
2.87
2.88
2.89
2.89
2.90
2.90
2.91
2.92
2.92
2.93
2.93
2.94
2.95
2.95
2.96
2.96
2.96
2.96
2.96
2.96
2.96
2.96
2.96
2.96
2.96
2.96
2.96
2.96
2.96
2.96
2.96
2.96
2.96
2.96
2.96
2.96
2.96
2.96
2.96
2.96
2.96
2.96
2.96
2.96
2.96
2.96
2.96
2.96
2.96
2.96
2.96
2.96
2.96
2.96
2.96
2.96
2.96
2.96
2.96
2.96
2.96
2.96
2.96
2.96
2.96
2.96
2.96
2.96
2.96
2.96
2.96
2.96
2.96
2.96
2.96
2.95
2.95
2.95
2.95
2.95
2.95
2.95
2.95
2.95
2.95
2.95
2.95
2.95
2.95
2.95
2.95
2.95
2.95
2.95
2.95
2.95
2.95
2.95
2.95
2.95
2.95
2.95
2.95
2.95
2.95
2.95
2.95
2.95
2.95
2.95
2.95
2.95
2.95
2.95
2.95
2.95
2.95
2.95
2.95
2.95
2.95
2.95
2.95
2.95
2.95
2.95
2.95
2.95
2.95
2.95
2.95
2.95
2.95
2.95
2.95
2.95
2.95
2.94
2.94
2.94
2.94
2.94
2.94
2.94
2.94
2.93
2.93
2.93
2.93
2.93
2.93
2.93
2.93
2.93
2.92
2.92
2.92
2.92
2.92
2.92
2.89
2.87
2.85
2.82
2.80
2.78
2.75
2.73
2.70
2.68
2.66
2.63
2.61
2.59
2.56
2.54
2.51
2.49
2.47
2.44
2.42
2.39
2.37
2.35
2.36
2.38
2.39
2.41
2.42
2.44
2.46
2.47
2.49
2.50
2.52
2.53
2.55
2.56
2.58
2.59
2.61
2.63
2.64
2.66
2.67
2.69
2.70
2.72
2.73
2.74
2.75
2.76
2.77
2.77
2.78
2.79
2.80
2.81
2.82
2.83
2.84
2.85
2.86
2.87
2.88
2.89
2.90
2.91
2.92
2.93
2.93
2.94
2.95
2.96
2.97
2.97
2.98
2.99
3.00
3.00
3.01
3.02
3.03
3.03
3.04
3.05
3.06
3.06
3.07
3.08
3.08
3.09
3.10
3.11
3.11
3.12
3.12
3.12
3.12
3.12
3.12
3.12
3.12
3.12
3.12
3.12
3.12
3.12
3.12
3.12
3.12
3.12
3.12
3.12
3.12
3.12
3.12
3.12
3.12
3.12
3.13
3.13
3.13
3.14
3.14
3.14
3.14
3.15
3.15
3.15
3.16
3.16
3.16
3.17
3.17
3.17
3.18
3.18
3.18
3.19
3.19
3.19
3.19
3.20
3.20
3.19
3.19
3.19
3.19
3.19
3.19
3.18
3.18
3.18
3.18
3.18
3.17
3.17
3.17
3.17
3.17
3.17
3.16
3.16
3.16
3.16
3.16
3.16
3.15
3.15
3.14
3.14
3.14
3.13
3.13
3.13
3.12
3.12
3.11
3.11
3.11
3.10
3.10
3.10
3.09
3.09
3.09
3.08
3.08
3.07
3.07
3.07
3.06
3.06
3.06
3.05
3.05
3.04
3.04
3.04
3.03
3.03
3.02
3.02
3.02
3.01
3.01
3.00
3.00
3.00
2.99
2.99
2.98
2.98
2.98
2.97
2.97
2.96
2.96
2.96
2.95
2.95
2.95
2.95
2.94
2.94
2.94
2.93
2.93
2.93
2.92
2.92
2.92
2.91
2.91
2.91
2.90
2.90
2.90
2.89
2.89
2.88
2.87
2.87
2.86
2.86
2.85
2.84
2.84
2.83
2.83
2.82
2.81
2.81
2.80
2.80
2.79
2.78
2.78
2.77
2.77
2.76
2.75
2.75
2.76
2.78
2.79
2.80
2.82
2.83
2.85
2.86
2.88
2.89
2.90
2.92
2.93
2.95
2.96
2.98
2.99
3.00
3.02
3.03
3.05
3.06
3.08
3.09
3.09
3.10
3.11
3.11
3.12
3.12
3.13
3.13
3.14
3.14
3.15
3.15
3.16
3.16
3.17
3.17
3.18
3.18
3.19
3.19
3.20
3.20
3.21
3.21
3.21
3.21
3.21
3.21
3.21
3.20
3.20
3.20
3.20
3.20
3.20
3.19
3.19
3.19
3.19
3.19
3.19
3.19
3.18
3.18
3.18
3.18
3.18
3.18
3.18
3.17
3.17
3.17
3.17
3.17
3.16
3.16
3.16
3.16
3.16
3.15
3.15
3.15
3.15
3.15
3.14
3.14
3.14
3.14
3.14
3.13
3.13
3.13
3.13
3.13
3.13
3.12
3.12
3.12
3.12
3.12
3.11
3.11
3.11
3.11
3.11
3.11
3.10
3.10
3.10
3.10
3.10
3.09
3.09
3.09
3.09
3.09
3.08
3.08
3.08
3.08
3.07
3.07
3.07
3.07
3.06
3.06
3.06
3.06
3.06
3.05
3.05
3.05
3.05
3.04
3.04
3.04
3.04
3.03
3.03
3.03
3.03
3.02
3.02
3.02
3.02
3.01
3.01
3.01
3.01
3.00
3.00
3.00
3.00
3.00
2.99
2.99
2.99
2.99
2.98
2.98
2.98
2.98
2.97
2.97
2.97
2.97
2.97
2.97
2.97
2.96
2.96
2.96
2.96
2.96
2.96
2.96
2.95
2.95
2.95
2.95
2.95
2.95
2.95
2.94
2.94
2.94
2.94
2.94
2.94
2.93
2.93
2.93
2.93
2.93
2.92
2.92
2.92
2.92
2.91
2.91
2.91
2.91
2.91
2.90
2.90
2.90
2.90
2.89
2.89
2.89
2.89
2.89
2.88
2.88
2.88
2.88
2.87
2.87
2.87
2.87
2.86
2.86
2.86
2.86
2.85
2.85
2.85
2.85
2.84
2.84
2.84
2.84
2.83
2.83
2.83
2.83
2.83
2.83
2.83
2.83
2.83
2.84
2.84
2.84
2.84
2.84
2.84
2.85
2.85
2.85
2.85
2.85
2.85
2.85
2.86
2.86
2.86
2.86
2.86
2.86
2.87
2.87
2.87
2.87
2.88
2.88
2.88
2.88
2.89
2.89
2.89
2.89
2.90
2.90
2.90
2.90
2.90
2.91
2.91
2.91
2.91
2.92
2.92
2.92
2.92
2.92
2.92
2.92
2.92
2.92
2.92
2.92
2.92
2.92
2.92
2.92
2.92
2.92
2.92
2.92
2.92
2.92
2.92
2.92
2.92
2.92
2.92
2.92
2.92
2.92
2.91
2.91
2.91
2.91
2.91
2.91
2.91
2.90
2.90
2.90
2.90
2.90
2.90
2.89
2.89
2.89
2.89
2.89
2.89
2.88
2.88
2.88
2.88
2.88
2.88
2.89
2.89
2.89
2.89
2.89
2.89
2.89
2.89
2.89
2.89
2.90
2.90
2.90
2.90
2.90
2.90
2.90
2.90
2.90
2.90
2.90
2.91
2.91
2.92
2.92
2.93
2.93
2.94
2.94
2.95
2.95
2.95
2.96
2.96
2.97
2.97
2.98
2.98
2.99
2.99
3.00
3.00
3.00
3.01
3.01
3.01
3.01
3.01
3.01
3.01
3.01
3.01
3.01
3.01
3.01
3.01
3.01
3.01
3.01
3.01
3.01
3.01
3.01
3.01
3.01
3.01
3.01
3.01
3.01
3.01
3.01
3.01
3.02
3.02
3.02
3.02
3.03
3.03
3.03
3.03
3.04
3.04
3.04
3.04
3.05
3.05
3.05
3.05
3.05
3.06
3.06
3.06
3.06
3.06
3.06
3.06
3.06
3.06
3.05
3.05
3.05
3.05
3.05
3.05
3.04
3.04
3.04
3.04
3.04
3.04
3.03
3.03
3.03
3.03
3.03
3.02
3.02
3.02
3.02
3.02
3.02
3.02
3.02
3.02
3.01
3.01
3.01
3.01
3.01
3.01
3.01
3.01
3.01
3.01
3.00
3.00
3.00
3.00
3.00
3.00
3.00
3.00
3.00
3.00
3.01
3.01
3.01
3.01
3.01
3.02
3.02
3.02
3.02
3.02
3.03
3.03
3.03
3.03
3.03
3.04
3.04
3.04
3.04
3.04
3.05
3.04
3.04
3.04
3.04
3.04
3.04
3.03
3.03
3.03
3.03
3.03
3.03
3.02
3.02
3.02
3.02
3.02
3.01
3.01
3.01
3.01
3.01
3.01
3.00
3.00
3.00
2.99
2.99
2.98
2.98
2.97
2.97
2.96
2.96
2.96
2.95
2.95
2.94
2.94
2.93
2.93
2.93
2.92
2.92
2.91
2.91
2.90
2.90
2.90
2.90
2.89
2.89
2.89
2.89
2.88
2.88
2.88
2.88
2.87
2.87
2.87
2.87
2.86
2.86
2.86
2.86
2.85
2.85
2.85
2.85
2.84
2.84
2.84
2.84
2.84
2.84
2.84
2.84
2.84
2.84
2.83
2.83
2.83
2.83
2.83
2.83
2.83
2.83
2.83
2.83
2.83
2.83
2.83
2.83
2.83
2.83
2.83
2.82
2.82
2.82
2.82
2.82
2.82
2.82
2.82
2.82
2.82
2.82
2.82
2.82
2.82
2.82
2.82
2.82
2.81
2.81
2.81
2.81
2.81
2.81
2.82
2.82
2.82
2.83
2.83
2.83
2.84
2.84
2.84
2.85
2.85
2.85
2.86
2.86
2.87
2.87
2.87
2.88
2.88
2.88
2.89
2.89
2.89
2.90
2.90
2.90
2.90
2.90
2.90
2.90
2.90
2.90
2.90
2.90
2.90
2.89
2.89
2.89
2.89
2.89
2.89
2.89
2.89
2.89
2.89
2.89
2.89
2.89
2.90
2.90
2.91
2.92
2.92
2.93
2.93
2.94
2.94
2.95
2.95
2.96
2.97
2.97
2.98
2.98
2.99
2.99
3.00
3.01
3.01
3.02
3.02
3.03
3.02
3.02
3.02
3.02
3.01
3.01
3.01
3.00
3.00
3.00
3.00
2.99
2.99
2.99
2.98
2.98
2.98
2.97
2.97
2.97
2.97
2.96
2.96
2.96
2.96
2.96
2.95
2.95
2.95
2.95
2.95
2.95
2.95
2.95
2.95
2.95
2.95
2.95
2.95
2.95
2.95
2.95
2.95
2.94
2.94
2.94
2.94
2.94
2.94
2.94
2.94
2.94
2.94
2.94
2.94
2.94
2.94
2.94
2.94
2.94
2.95
2.95
2.95
2.95
2.95
2.95
2.95
2.95
2.95
2.95
2.95
2.95
2.95
2.95
2.95
2.95
2.95
2.95
2.95
2.95
2.95
2.95
2.95
2.95
2.95
2.95
2.95
2.95
2.95
2.95
2.95
2.95
2.95
2.95
2.95
2.95
2.94
2.93
2.92
2.92
2.91
2.90
2.89
2.88
2.87
2.86
2.86
2.85
2.84
2.83
2.82
2.81
2.80
2.80
2.79
2.78
2.77
2.76
2.75
2.75
2.74
2.73
2.73
2.72
2.72
2.71
2.70
2.70
2.69
2.69
2.68
2.67
2.67
2.66
2.66
2.65
2.64
2.64
2.63
2.63
2.62
2.61
2.61
2.60
2.59
2.58
2.56
2.55
2.54
2.53
2.52
2.50
2.49
2.48
2.47
2.45
2.44
2.43
2.42
2.41
2.39
2.38
2.37
2.36
2.34
2.33
2.32
2.31
2.32
2.32
2.33
2.34
2.35
2.35
2.36
2.37
2.38
2.38
2.39
2.40
2.41
2.41
2.42
2.43
2.44
2.44
2.45
2.46
2.47
2.47
2.48
2.49
2.50
2.51
2.52
2.54
2.55
2.56
2.57
2.58
2.60
2.61
2.62
2.63
2.64
2.66
2.67
2.68
2.69
2.70
2.71
2.73
2.74
2.75
2.76
2.77
2.78
2.79
2.79
2.80
2.81
2.81
2.82
2.83
2.83
2.84
2.84
2.85
2.86
2.86
2.87
2.88
2.88
2.89
2.90
2.90
2.91
2.92
2.92
2.93
2.93
2.93
2.92
2.92
2.92
2.92
2.92
2.92
2.92
2.92
2.92
2.91
2.91
2.91
2.91
2.91
2.91
2.91
2.91
2.90
2.90
2.90
2.90
2.90
2.90
2.91
2.91
2.92
2.92
2.92
2.93
2.93
2.94
2.94
2.94
2.95
2.95
2.95
2.96
2.96
2.97
2.97
2.97
2.98
2.98
2.99
2.99
2.99
2.99
3.00
3.00
3.00
3.00
3.00
3.00
3.00
3.00
3.00
3.00
3.00
3.00
3.00
3.00
3.00
3.00
3.00
3.00
3.00
3.00
3.00
3.00
3.01
3.00
3.00
2.99
2.99
2.98
2.98
2.97
2.97
2.96
2.96
2.95
2.95
2.94
2.94
2.93
2.93
2.92
2.92
2.91
2.91
2.90
2.90
2.89
2.89
2.89
2.88
2.88
2.88
2.88
2.87
2.87
2.87
2.87
2.86
2.86
2.86
2.86
2.85
2.85
2.85
2.85
2.84
2.84
2.84
2.84
2.83
2.83
2.83
2.83
2.82
2.82
2.82
2.81
2.81
2.81
2.81
2.80
2.80
2.80
2.80
2.79
2.79
2.79
2.78
2.78
2.78
2.78
2.77
2.77
2.77
2.76
2.76
2.76
2.76
2.77
2.77
2.77
2.77
2.77
2.77
2.77
2.77
2.77
2.77
2.77
2.78
2.78
2.78
2.78
2.78
2.78
2.78
2.78
2.78
2.78
2.79
2.78
2.78
2.78
2.78
2.78
2.78
2.77
2.77
2.77
2.77
2.77
2.77
2.77
2.76
2.76
2.76
2.76
2.76
2.76
2.75
2.75
2.75
2.75
2.75
2.75
2.75
2.74
2.74
2.74
2.74
2.74
2.74
2.73
2.73
2.73
2.73
2.73
2.73
2.72
2.72
2.72
2.72
2.72
2.72
2.71
2.71
2.71
2.71
2.71
2.70
2.70
2.70
2.70
2.70
2.69
2.69
2.69
2.69
2.68
2.68
2.68
2.68
2.67
2.67
2.67
2.67
2.66
2.66
2.66
2.66
2.65
2.65
2.65
2.65
2.65
2.64
2.64
2.64
2.64
2.63
2.63
2.63
2.63
2.62
2.62
2.62
2.62
2.61
2.61
2.61
2.61
2.61
2.60
2.60
2.60
2.60
2.59
2.59
2.59
2.59
2.58
2.58
2.58
2.58
2.58
2.57
2.57
2.57
2.57
2.56
2.56
2.56
2.56
2.55
2.55
2.55
2.55
2.55
2.54
2.54
2.54
2.53
2.53
2.53
2.52
2.52
2.51
2.51
2.51
2.50
2.50
2.49
2.49
2.49
2.48
2.48
2.47
2.47
2.47
2.46
2.46
2.46
2.45
2.45
2.45
2.45
2.45
2.46
2.46
2.46
2.46
2.46
2.46
2.47
2.47
2.47
2.47
2.47
2.48
2.48
2.48
2.48
2.48
2.48
2.49
2.49
2.49
2.49
2.49
2.49
2.48
2.48
2.48
2.48
2.48
2.47
2.47
2.47
2.47
2.46
2.46
2.46
2.46
2.45
2.45
2.45
2.45
2.44
2.44
2.44
2.44
2.44
2.43
2.43
2.43
2.43
2.43
2.43
2.43
2.43
2.43
2.43
2.43
2.42
2.42
2.42
2.42
2.42
2.42
2.42
2.42
2.42
2.42
2.42
2.42
2.41
2.41
2.41
2.41
2.41
2.41
2.41
2.41
2.41
2.41
2.41
2.42
2.42
2.42
2.42
2.42
2.42
2.42
2.42
2.42
2.42
2.42
2.42
2.42
2.42
2.41
2.41
2.41
2.41
2.41
2.41
2.41
2.40
2.40
2.40
2.40
2.40
2.40
2.40
2.40
2.39
2.39
2.39
2.39
2.39
2.39
2.39
2.38
2.38
2.38
2.38
2.38
2.37
2.37
2.37
2.36
2.36
2.36
2.36
2.35
2.35
2.35
2.35
2.34
2.34
2.34
2.34
2.33
2.33
2.33
2.33
2.32
2.32
2.32
2.31
2.31
2.31
2.30
2.30
2.30
2.29
2.29
2.29
2.28
2.28
2.28
2.27
2.27
2.27
2.26
2.26
2.26
2.25
2.25
2.25
2.24
2.24
2.24
2.24
2.24
2.24
2.25
2.25
2.25
2.25
2.25
2.25
2.26
2.26
2.26
2.26
2.26
2.26
2.26
2.27
2.27
2.27
2.27
2.27
2.27
2.28
2.27
2.27
2.27
2.27
2.26
2.26
2.26
2.26
2.26
2.25
2.25
2.25
2.25
2.25
2.24
2.24
2.24
2.24
2.23
2.23
2.23
2.23
2.23
2.22
2.22
2.22
2.22
2.22
2.22
2.22
2.21
2.21
2.21
2.21
2.21
2.21
2.21
2.20
2.20
2.20
2.20
2.20
2.20
2.20
2.19
2.19
2.19
2.19
2.19
2.19
2.19
2.19
2.19
2.19
2.19
2.19
2.18
2.18
2.18
2.18
2.18
2.18
2.18
2.18
2.18
2.18
2.18
2.18
2.18
2.18
2.18
2.18
2.17
2.17
2.16
2.16
2.16
2.15
2.15
2.15
2.14
2.14
2.14
2.13
2.13
2.13
2.12
2.12
2.12
2.11
2.11
2.11
2.10
2.10
2.10
2.09
2.09
2.08
2.07
2.07
2.06
2.05
2.05
2.04
2.04
2.03
2.02
2.02
2.01
2.00
2.00
1.99
1.98
1.98
1.97
1.96
1.96
1.95
1.95
1.94
1.94
1.94
1.94
1.94
1.94
1.94
1.94
1.94
1.94
1.94
1.94
1.94
1.94
1.94
1.94
1.94
1.94
1.94
1.94
1.94
1.94
1.94
1.94
1.94
1.94
1.94
1.95
1.95
1.95
1.95
1.95
1.96
1.96
1.96
1.96
1.97
1.97
1.97
1.97
1.98
1.98
1.98
1.98
1.99
1.99
1.99
1.99
2.00
2.00
2.00
2.00
2.00
2.00
2.00
2.01
2.01
2.01
2.01
2.01
2.01
2.01
2.02
2.02
2.02
2.02
2.02
2.02
2.02
2.03
2.03
2.03
2.03
2.03
2.03
2.02
2.02
2.02
2.02
2.02
2.01
2.01
2.01
2.01
2.01
2.00
2.00
2.00
2.00
2.00
1.99
1.99
1.99
1.99
1.99
1.98
1.98
1.98
1.98
1.98
1.98
1.98
1.97
1.97
1.97
1.97
1.97
1.97
1.97
1.97
1.96
1.96
1.96
1.96
1.96
1.96
1.96
1.96
1.95
1.95
1.95
1.95
1.94
1.94
1.94
1.93
1.93
1.93
1.92
1.92
1.92
1.91
1.91
1.91
1.90
1.90
1.89
1.89
1.89
1.88
1.88
1.88
1.87
1.87
1.87
1.86
1.86
1.85
1.85
1.84
1.84
1.83
1.83
1.83
1.82
1.82
1.81
1.81
1.80
1.80
1.79
1.79
1.79
1.78
1.78
1.77
1.77
1.76
1.76
1.76
1.76
1.76
1.75
1.75
1.75
1.75
1.75
1.75
1.75
1.75
1.74
1.74
1.74
1.74
1.74
1.74
1.74
1.74
1.74
1.73
1.73
1.73
1.73
1.73
1.74
1.74
1.74
1.74
1.75
1.75
1.75
1.75
1.76
1.76
1.76
1.77
1.77
1.77
1.77
1.78
1.78
1.78
1.78
1.79
1.79
1.79
1.79
1.79
1.79
1.79
1.79
1.79
1.79
1.79
1.79
1.79
1.79
1.79
1.79
1.79
1.79
1.79
1.79
1.79
1.79
1.79
1.79
1.79
1.79
1.79
1.79
1.80
1.80
1.81
1.81
1.81
1.82
1.82
1.83
1.83
1.84
1.84
1.85
1.85
1.85
1.86
1.86
1.87
1.87
1.88
1.88
1.89
1.89
1.89
1.90
1.90
1.90
1.90
1.90
1.90
1.90
1.90
1.90
1.90
1.90
1.90
1.90
1.90
1.90
1.90
1.89
1.89
1.89
1.89
1.89
1.89
1.89
1.89
1.89
1.89
1.88
1.88
1.87
1.87
1.86
1.86
1.85
1.85
1.84
1.84
1.83
1.83
1.82
1.82
1.81
1.81
1.80
1.79
1.79
1.78
1.78
1.77
1.77
1.77
1.77
1.76
1.76
1.76
1.76
1.76
1.76
1.75
1.75
1.75
1.75
1.75
1.75
1.75
1.74
1.74
1.74
1.74
1.74
1.74
1.73
1.73
1.73
1.73
1.73
1.73
1.73
1.73
1.73
1.73
1.73
1.72
1.72
1.72
1.72
1.72
1.72
1.72
1.72
1.72
1.72
1.72
1.72
1.72
1.72
1.72
1.71
1.72
1.72
1.73
1.73
1.74
1.74
1.75
1.75
1.75
1.76
1.76
1.77
1.77
1.78
1.78
1.78
1.79
1.79
1.80
1.80
1.81
1.81
1.82
1.82
1.82
1.82
1.82
1.83
1.83
1.83
1.83
1.83
1.83
1.83
1.84
1.84
1.84
1.84
1.84
1.84
1.84
1.85
1.85
1.85
1.85
1.85
1.85
1.85
1.85
1.85
1.85
1.85
1.84
1.84
1.84
1.84
1.84
1.83
1.83
1.83
1.83
1.83
1.82
1.82
1.82
1.82
1.82
1.81
1.81
1.81
1.81
1.81
1.81
1.81
1.81
1.81
1.81
1.81
1.81
1.81
1.81
1.81
1.81
1.81
1.81
1.81
1.81
1.81
1.80
1.80
1.80
1.80
1.80
1.80
1.80
1.80
1.80
1.80
1.80
1.80
1.79
1.79
1.79
1.79
1.78
1.78
1.78
1.78
1.77
1.77
1.77
1.77
1.76
1.76
1.76
1.76
1.76
1.75
1.75
1.75
1.74
1.74
1.74
1.73
1.73
1.72
1.72
1.71
1.71
1.71
1.70
1.70
1.69
1.69
1.68
1.68
1.68
1.67
1.67
1.66
1.66
1.65
1.65
1.65
1.65
1.66
1.67
1.68
1.69
1.70
1.71
1.72
1.73
1.74
1.75
1.76
1.77
1.78
1.79
1.80
1.80
1.81
1.82
1.83
1.84
1.85
1.86
1.87
1.87
1.87
1.87
1.88
1.88
1.88
1.88
1.88
1.88
1.88
1.88
1.89
1.89
1.89
1.89
1.89
1.89
1.89
1.90
1.90
1.90
1.90
1.90
1.90
1.90
1.90
1.90
1.89
1.89
1.89
1.89
1.88
1.88
1.88
1.88
1.88
1.87
1.87
1.87
1.87
1.86
1.86
1.86
1.86
1.86
1.85
1.85
1.85
1.85
1.85
1.85
1.85
1.84
1.84
1.84
1.84
1.84
1.84
1.84
1.84
1.84
1.84
1.84
1.84
1.84
1.84
1.84
1.83
1.83
1.83
1.83
1.83
1.84
1.85
1.86
1.87
1.88
1.89
1.90
1.91
1.92
1.93
1.94
1.95
1.96
1.97
1.98
1.99
2.00
2.01
2.02
2.03
2.04
2.05
2.06
2.07
2.08
2.09
2.09
2.10
2.11
2.12
2.12
2.13
2.14
2.15
2.15
2.16
2.17
2.18
2.19
2.19
2.20
2.21
2.22
2.22
2.23
2.24
2.25
2.25
2.25
2.24
2.23
2.22
2.21
2.20
2.19
2.18
2.18
2.17
2.16
2.15
2.14
2.13
2.12
2.12
2.11
2.10
2.09
2.08
2.07
2.06
2.05
2.05
2.04
2.04
2.04
2.04
2.04
2.03
2.03
2.03
2.03
2.03
2.03
2.02
2.02
2.02
2.02
2.02
2.02
2.01
2.01
2.01
2.01
2.01
2.01
2.00
2.02
2.03
2.04
2.05
2.06
2.07
2.08
2.10
2.11
2.12
2.13
2.14
2.15
2.17
2.18
2.19
2.20
2.21
2.22
2.23
2.25
2.26
2.27
2.28
2.28
2.28
2.28
2.28
2.28
2.28
2.29
2.29
2.29
2.29
2.29
2.29
2.29
2.29
2.29
2.29
2.29
2.29
2.29
2.29
2.30
2.30
2.30
2.30
2.29
2.29
2.29
2.28
2.28
2.28
2.27
2.27
2.27
2.26
2.26
2.25
2.25
2.25
2.24
2.24
2.24
2.23
2.23
2.23
2.22
2.22
2.22
2.21
2.20
2.20
2.19
2.18
2.17
2.16
2.15
2.15
2.14
2.13
2.12
2.11
2.10
2.10
2.09
2.08
2.07
2.06
2.05
2.05
2.04
2.03
2.02
2.01
2.01
2.01
2.00
2.00
2.00
1.99
1.99
1.99
1.99
1.98
1.98
1.98
1.97
1.97
1.97
1.97
1.96
1.96
1.96
1.95
1.95
1.95
1.94
1.94
1.94
1.94
1.94
1.94
1.94
1.94
1.94
1.94
1.94
1.94
1.94
1.93
1.93
1.93
1.93
1.93
1.93
1.93
1.93
1.93
1.93
1.93
1.93
1.93
1.93
1.93
1.93
1.93
1.93
1.93
1.93
1.93
1.94
1.94
1.94
1.94
1.94
1.94
1.94
1.94
1.94
1.94
1.94
1.94
1.95
1.95
1.95
1.95
1.95
1.95
1.95
1.94
1.94
1.94
1.94
1.94
1.94
1.94
1.94
1.94
1.94
1.94
1.94
1.94
1.94
1.93
1.93
1.93
1.93
1.93
1.93
1.93
1.93
1.93
1.93
1.93
1.93
1.93
1.92
1.92
1.92
1.92
1.92
1.92
1.92
1.92
1.92
1.92
1.92
1.92
1.91
1.91
1.91
1.91
1.91
1.91
1.91
1.91
1.90
1.90
1.90
1.90
1.90
1.89
1.89
1.89
1.89
1.88
1.88
1.88
1.88
1.88
1.87
1.87
1.87
1.87
1.86
1.86
1.86
1.86
1.86
1.85
1.85
1.85
1.84
1.84
1.84
1.84
1.83
1.83
1.83
1.82
1.82
1.82
1.82
1.81
1.81
1.81
1.80
1.80
1.80
1.80
1.79
1.79
1.79
1.79
1.78
1.78
1.78
1.78
1.78
1.78
1.78
1.77
1.77
1.77
1.77
1.77
1.77
1.76
1.76
1.76
1.76
1.76
1.76
1.76
1.75
1.75
1.75
1.75
1.75
1.76
1.76
1.76
1.76
1.76
1.76
1.76
1.76
1.76
1.76
1.76
1.76
1.77
1.77
1.77
1.77
1.77
1.77
1.77
1.77
1.77
1.77
1.77
1.77
1.77
1.77
1.77
1.78
1.78
1.78
1.78
1.78
1.78
1.78
1.78
1.78
1.78
1.78
1.78
1.78
1.78
1.78
1.78
1.78
1.78
1.79
1.79
1.79
1.79
1.79
1.79
1.79
1.79
1.79
1.79
1.79
1.79
1.79
1.79
1.80
1.80
1.80
1.80
1.80
1.80
1.80
1.80
1.80
1.80
1.80
1.80
1.80
1.80
1.80
1.80
1.80
1.80
1.80
1.80
1.80
1.80
1.80
1.80
1.80
1.80
1.80
1.80
1.80
1.80
1.80
1.80
1.80
1.80
1.80
1.80
1.80
1.80
1.80
1.80
1.80
1.80
1.79
1.79
1.79
1.79
1.79
1.79
1.79
1.79
1.79
1.79
1.79
1.79
1.79
1.79
1.79
1.79
1.79
1.79
1.79
1.80
1.80
1.80
1.80
1.80
1.80
1.80
1.80
1.81
1.81
1.81
1.81
1.81
1.81
1.81
1.81
1.82
1.82
1.82
1.82
1.82
1.82
1.82
1.82
1.82
1.82
1.82
1.82
1.82
1.82
1.81
1.81
1.81
1.81
1.81
1.81
1.81
1.81
1.81
1.81
1.81
1.81
1.81
1.81
1.81
1.80
1.80
1.80
1.79
1.79
1.79
1.79
1.78
1.78
1.78
1.77
1.77
1.77
1.77
1.76
1.76
1.76
1.75
1.75
1.75
1.75
1.74
1.74
1.74
1.74
1.74
1.74
1.74
1.74
1.74
1.74
1.73
1.73
1.73
1.73
1.73
1.73
1.73
1.73
1.73
1.73
1.73
1.73
1.73
1.73
1.73
1.73
1.73
1.73
1.74
1.74
1.74
1.75
1.75
1.75
1.75
1.76
1.76
1.76
1.77
1.77
1.77
1.78
1.78
1.78
1.79
1.79
1.79
1.80
1.80
1.80
1.81
1.81
1.81
1.81
1.81
1.81
1.81
1.81
1.81
1.81
1.81
1.81
1.81
1.81
1.81
1.81
1.81
1.81
1.81
1.81
1.81
1.81
1.81
1.81
1.81
1.81
1.81
1.81
1.81
1.81
1.81
1.81
1.81
1.81
1.81
1.81
1.81
1.81
1.81
1.81
1.81
1.81
1.81
1.82
1.82
1.82
1.82
1.82
1.82
1.82
1.82
1.82
1.82
1.82
1.82
1.82
1.82
1.82
1.82
1.82
1.82
1.82
1.82
1.82
1.82
1.82
1.82
1.82
1.82
1.82
1.82
1.82
1.82
1.81
1.81
1.81
1.80
1.80
1.80
1.79
1.79
1.78
1.78
1.78
1.77
1.77
1.77
1.76
1.76
1.76
1.75
1.75
1.74
1.74
1.74
1.73
1.73
1.72
1.72
1.71
1.71
1.70
1.70
1.69
1.69
1.68
1.68
1.67
1.67
1.66
1.66
1.65
1.65
1.64
1.64
1.63
1.63
1.62
1.62
1.61
1.61
1.60
1.60
1.60
1.60
1.59
1.59
1.59
1.59
1.58
1.58
1.58
1.58
1.57
1.57
1.57
1.57
1.56
1.56
1.56
1.56
1.55
1.55
1.55
1.55
1.55
1.55
1.56
1.56
1.57
1.57
1.57
1.58
1.58
1.58
1.59
1.59
1.59
1.60
1.60
1.61
1.61
1.61
1.62
1.62
1.62
1.63
1.63
1.64
1.64
1.64
1.64
1.65
1.65
1.65
1.66
1.66
1.66
1.66
1.67
1.67
1.67
1.68
1.68
1.68
1.68
1.69
1.69
1.69
1.69
1.70
1.70
1.70
1.70
1.70
1.70
1.69
1.69
1.69
1.69
1.69
1.68
1.68
1.68
1.68
1.68
1.67
1.67
1.67
1.67
1.67
1.66
1.66
1.66
1.66
1.66
1.65
1.65
1.64
1.64
1.64
1.63
1.63
1.62
1.62
1.61
1.61
1.61
1.60
1.60
1.59
1.59
1.58
1.58
1.58
1.57
1.57
1.56
1.56
1.55
1.55
1.55
1.54
1.54
1.54
1.54
1.53
1.53
1.53
1.53
1.52
1.52
1.52
1.51
1.51
1.51
1.51
1.50
1.50
1.50
1.50
1.49
1.49
1.49
1.49
1.49
1.49
1.49
1.49
1.49
1.49
1.49
1.49
1.49
1.49
1.49
1.49
1.49
1.49
1.49
1.49
1.49
1.49
1.49
1.49
1.49
1.49
1.49
1.49
1.50
1.51
1.52
1.52
1.53
1.54
1.55
1.56
1.56
1.57
1.58
1.59
1.59
1.60
1.61
1.62
1.63
1.63
1.64
1.65
1.66
1.66
1.67
1.68
1.69
1.70
1.71
1.72
1.73
1.74
1.75
1.76
1.77
1.77
1.78
1.79
1.80
1.81
1.82
1.83
1.84
1.85
1.86
1.87
1.88
1.89
1.90
1.91
1.91
1.90
1.90
1.90
1.90
1.90
1.89
1.89
1.89
1.89
1.89
1.89
1.88
1.88
1.88
1.88
1.88
1.87
1.87
1.87
1.87
1.87
1.86
1.86
1.86
1.86
1.86
1.86
1.86
1.86
1.86
1.86
1.87
1.87
1.87
1.87
1.87
1.87
1.87
1.87
1.87
1.87
1.87
1.87
1.87
1.87
1.87
1.87
1.88
1.89
1.90
1.91
1.92
1.92
1.93
1.94
1.95
1.96
1.97
1.98
1.99
2.00
2.01
2.02
2.03
2.04
2.04
2.05
2.06
2.07
2.08
2.09
2.09
2.09
2.10
2.10
2.10
2.10
2.10
2.11
2.11
2.11
2.11
2.11
2.12
2.12
2.12
2.12
2.12
2.13
2.13
2.13
2.13
2.13
2.14
2.14
2.14
2.14
2.15
2.15
2.15
2.15
2.16
2.16
2.16
2.16
2.17
2.17
2.17
2.17
2.18
2.18
2.18
2.18
2.19
2.19
2.19
2.19
2.20
2.20
2.19
2.19
2.18
2.18
2.17
2.17
2.16
2.16
2.15
2.14
2.14
2.13
2.13
2.12
2.12
2.11
2.10
2.10
2.09
2.09
2.08
2.08
2.07
2.06
2.06
2.06
2.06
2.06
2.06
2.06
2.06
2.06
2.06
2.06
2.06
2.06
2.06
2.06
2.06
2.06
2.06
2.06
2.06
2.06
2.06
2.06
2.06
2.06
2.07
2.07
2.07
2.07
2.07
2.08
2.08
2.08
2.08
2.08
2.09
2.09
2.09
2.09
2.10
2.10
2.10
2.10
2.10
2.11
2.11
2.11
2.11
2.12
2.12
2.13
2.13
2.14
2.15
2.15
2.16
2.16
2.17
2.18
2.18
2.19
2.19
2.20
2.21
2.21
2.22
2.22
2.23
2.24
2.24
2.25
2.25
2.26
2.26
2.26
2.26
2.26
2.26
2.25
2.25
2.25
2.25
2.25
2.25
2.25
2.25
2.25
2.25
2.25
2.25
2.25
2.24
2.24
2.24
2.24
2.24
2.24
2.24
2.24
2.24
2.23
2.23
2.23
2.23
2.23
2.22
2.22
2.22
2.22
2.22
2.22
2.21
2.21
2.21
2.21
2.21
2.20
2.20
2.20
2.20
2.20
2.20
2.20
2.20
2.21
2.21
2.21
2.22
2.22
2.22
2.22
2.23
2.23
2.23
2.23
2.24
2.24
2.24
2.25
2.25
2.25
2.25
2.26
2.26
2.26
2.26
2.26
2.26
2.26
2.26
2.25
2.25
2.25
2.25
2.25
2.25
2.25
2.25
2.24
2.24
2.24
2.24
2.24
2.24
2.24
2.24
2.23
2.23
2.23
2.23
2.23
2.23
2.23
2.23
2.23
2.23
2.23
2.23
2.23
2.23
2.23
2.23
2.23
2.23
2.23
2.23
2.23
2.23
2.23
2.23
2.23
2.23
2.23
2.24
2.25
2.26
2.26
2.27
2.28
2.28
2.29
2.30
2.30
2.31
2.32
2.32
2.33
2.34
2.35
2.35
2.36
2.37
2.37
2.38
2.39
2.39
2.40
2.40
2.41
2.41
2.41
2.41
2.41
2.42
2.42
2.42
2.42
2.42
2.43
2.43
2.43
2.43
2.44
2.44
2.44
2.44
2.44
2.45
2.45
2.45
2.45
2.45
2.44
2.44
2.44
2.43
2.43
2.42
2.42
2.42
2.41
2.41
2.40
2.40
2.40
2.39
2.39
2.38
2.38
2.38
2.37
2.37
2.36
2.36
2.36
2.35
2.35
2.34
2.34
2.33
2.33
2.32
2.32
2.31
2.31
2.30
2.30
2.29
2.29
2.29
2.28
2.28
2.27
2.27
2.26
2.26
2.25
2.25
2.24
2.24
2.24
2.23
2.23
2.22
2.22
2.22
2.21
2.21
2.20
2.20
2.20
2.19
2.19
2.19
2.18
2.18
2.17
2.17
2.17
2.16
2.16
2.16
2.15
2.15
2.15
2.14
2.14
2.14
2.14
2.13
2.13
2.13
2.13
2.12
2.12
2.12
2.12
2.11
2.11
2.11
2.11
2.11
2.10
2.10
2.10
2.10
2.09
2.09
2.09
2.10
2.10
2.10
2.10
2.10
2.10
2.10
2.10
2.10
2.10
2.10
2.10
2.10
2.10
2.10
2.11
2.11
2.11
2.11
2.11
2.11
2.11
2.11
2.10
2.10
2.09
2.09
2.08
2.08
2.07
2.07
2.07
2.06
2.06
2.05
2.05
2.04
2.04
2.03
2.03
2.03
2.02
2.02
2.01
2.01
2.00
2.00
2.00
2.00
2.00
2.00
2.00
2.00
2.00
1.99
1.99
1.99
1.99
1.99
1.99
1.99
1.99
1.99
1.99
1.99
1.98
1.98
1.98
1.98
1.98
1.98
1.97
1.97
1.97
1.96
1.96
1.96
1.96
1.95
1.95
1.95
1.94
1.94
1.94
1.93
1.93
1.93
1.92
1.92
1.92
1.91
1.91
1.91
1.90
1.90
1.90
1.90
1.89
1.89
1.89
1.88
1.88
1.88
1.88
1.87
1.87
1.87
1.87
1.86
1.86
1.86
1.85
1.85
1.85
1.85
1.84
1.84
1.84
1.83
1.83
1.83
1.82
1.82
1.82
1.81
1.81
1.81
1.80
1.80
1.79
1.79
1.79
1.78
1.78
1.78
1.77
1.77
1.77
1.76
1.76
1.75
1.75
1.75
1.75
1.75
1.75
1.75
1.75
1.75
1.75
1.75
1.75
1.76
1.76
1.76
1.76
1.76
1.76
1.76
1.76
1.76
1.76
1.76
1.76
1.76
1.76
1.76
1.76
1.76
1.76
1.77
1.77
1.77
1.77
1.77
1.77
1.77
1.77
1.77
1.77
1.77
1.77
1.78
1.78
1.78
1.78
1.78
1.78
1.78
1.78
1.78
1.78
1.78
1.77
1.77
1.77
1.77
1.77
1.76
1.76
1.76
1.76
1.76
1.75
1.75
1.75
1.75
1.75
1.74
1.74
1.74
1.74
1.74
1.73
1.73
1.74
1.74
1.74
1.74
1.74
1.74
1.74
1.74
1.74
1.74
1.74
1.74
1.74
1.74
1.74
1.74
1.74
1.74
1.74
1.74
1.74
1.75
1.75
1.74
1.74
1.74
1.74
1.74
1.74
1.74
1.74
1.73
1.73
1.73
1.73
1.73
1.73
1.73
1.73
1.72
1.72
1.72
1.72
1.72
1.72
1.72
1.72
1.71
1.71
1.71
1.71
1.70
1.70
1.70
1.70
1.69
1.69
1.69
1.69
1.68
1.68
1.68
1.68
1.68
1.67
1.67
1.67
1.67
1.66
1.66
1.66
1.66
1.65
1.65
1.65
1.65
1.64
1.64
1.64
1.64
1.63
1.63
1.63
1.63
1.63
1.62
1.62
1.62
1.62
1.61
1.61
1.61
1.61
1.60
1.60
1.60
1.60
1.60
1.59
1.59
1.59
1.59
1.59
1.59
1.58
1.58
1.58
1.58
1.58
1.58
1.57
1.57
1.57
1.57
1.57
1.56
1.56
1.56
1.56
1.56
1.57
1.57
1.58
1.58
1.59
1.59
1.60
1.60
1.60
1.61
1.61
1.62
1.62
1.63
1.63
1.64
1.64
1.64
1.65
1.65
1.66
1.66
1.67
1.67
1.67
1.67
1.67
1.66
1.66
1.66
1.66
1.66
1.66
1.66
1.66
1.66
1.66
1.66
1.66
1.66
1.66
1.66
1.66
1.66
1.66
1.66
1.66
1.65
1.65
1.65
1.65
1.65
1.64
1.64
1.64
1.64
1.64
1.64
1.63
1.63
1.63
1.63
1.63
1.63
1.62
1.62
1.62
1.62
1.62
1.61
1.61
1.61
1.61
1.61
1.61
1.61
1.61
1.61
1.61
1.61
1.61
1.61
1.61
1.61
1.61
1.61
1.61
1.61
1.61
1.61
1.61
1.61
1.61
1.61
1.61
1.60
1.60
1.60
1.60
1.60
1.59
1.59
1.59
1.59
1.58
1.58
1.58
1.58
1.58
1.57
1.57
1.57
1.57
1.57
1.56
1.56
1.56
1.56
1.56
1.55
1.55
1.54
1.54
1.53
1.53
1.53
1.52
1.52
1.51
1.51
1.50
1.50
1.50
1.49
1.49
1.48
1.48
1.47
1.47
1.47
1.46
1.46
1.45
1.45
1.45
1.45
1.45
1.45
1.45
1.45
1.44
1.44
1.44
1.44
1.44
1.44
1.44
1.44
1.44
1.44
1.44
1.43
1.43
1.43
1.43
1.43
1.43
1.44
1.44
1.45
1.45
1.46
1.46
1.47
1.47
1.48
1.48
1.49
1.49
1.50
1.51
1.51
1.52
1.52
1.53
1.53
1.54
1.54
1.55
1.55
1.56
1.57
1.57
1.58
1.59
1.60
1.60
1.61
1.62
1.63
1.63
1.64
1.65
1.66
1.66
1.67
1.68
1.69
1.69
1.70
1.71
1.72
1.72
1.73
1.74
1.75
1.76
1.78
1.79
1.80
1.81
1.83
1.84
1.85
1.87
1.88
1.89
1.90
1.92
1.93
1.94
1.95
1.97
1.98
1.99
2.00
2.02
2.03
2.04
2.06
2.08
2.10
2.12
2.14
2.16
2.18
2.20
2.22
2.24
2.25
2.27
2.29
2.31
2.33
2.35
2.37
2.39
2.41
2.43
2.45
2.47
2.49
2.51
2.50
2.50
2.49
2.49
2.48
2.48
2.47
2.47
2.46
2.46
2.45
2.45
2.44
2.44
2.43
2.43
2.42
2.42
2.41
2.41
2.40
2.40
2.39
2.39
2.41
2.44
2.47
2.50
2.52
2.55
2.58
2.61
2.63
2.66
2.69
2.72
2.75
2.77
2.80
2.83
2.86
2.88
2.91
2.94
2.97
3.00
3.02
3.05
3.04
3.02
3.01
2.99
2.98
2.96
2.95
2.93
2.92
2.91
2.89
2.88
2.86
2.85
2.83
2.82
2.81
2.79
2.78
2.76
2.75
2.73
2.72
2.70
2.72
2.73
2.74
2.75
2.77
2.78
2.79
2.80
2.81
2.83
2.84
2.85
2.86
2.88
2.89
2.90
2.91
2.93
2.94
2.95
2.96
2.97
2.99
3.00
3.00
3.00
3.00
2.99
2.99
2.99
2.99
2.99
2.99
2.99
2.99
2.99
2.99
2.99
2.98
2.98
2.98
2.98
2.98
2.98
2.98
2.98
2.98
2.98
2.97
2.97
2.97
2.96
2.96
2.96
2.95
2.95
2.95
2.94
2.94
2.94
2.93
2.93
2.93
2.92
2.92
2.92
2.91
2.91
2.91
2.90
2.90
2.90
2.89
2.89
2.88
2.88
2.88
2.87
2.87
2.86
2.86
2.86
2.85
2.85
2.84
2.84
2.84
2.83
2.83
2.82
2.82
2.82
2.81
2.81
2.80
2.80
2.80
2.80
2.80
2.80
2.80
2.80
2.79
2.79
2.79
2.79
2.79
2.79
2.79
2.79
2.79
2.79
2.79
2.79
2.79
2.79
2.79
2.79
2.78
2.78
2.78
2.77
2.77
2.76
2.75
2.75
2.74
2.74
2.73
2.72
2.72
2.71
2.71
2.70
2.69
2.69
2.68
2.68
2.67
2.67
2.66
2.65
2.65
2.64
2.64
2.63
2.63
2.62
2.62
2.61
2.61
2.60
2.59
2.59
2.58
2.58
2.57
2.57
2.56
2.56
2.55
2.55
2.54
2.54
2.53
2.53
2.52
2.52
2.51
2.51
2.50
2.50
2.50
2.49
2.49
2.48
2.48
2.48
2.47
2.47
2.46
2.46
2.46
2.45
2.45
2.44
2.44
2.43
2.43
2.43
2.42
2.42
2.43
2.44
2.44
2.45
2.46
2.47
2.48
2.49
2.50
2.50
2.51
2.52
2.53
2.54
2.55
2.56
2.57
2.57
2.58
2.59
2.60
2.61
2.62
