0.442
0.389
0.429
0.487
0.508
0.491
0.472
0.506
0.488
0.501
0.552
0.568
0.593
0.628
0.589
0.613
0.661
0.595
0.545
0.524
0.479
0.498
0.480
0.511
0.437
0.391
0.362
0.308
0.277
0.278
0.220
0.179
0.177
0.195
0.234
0.250
0.228
0.194
0.129
0.087
0.063
0.059
0.075
0.056
0.076
0.127
0.059
0.065
0.059
0.042
0.030
0.038
0.056
0.038
0.042
0.048
0.038
0.037
0.035
0.048
0.027
0.105
0.105
0.142
0.097
0.100
0.102
0.085
0.134
0.088
0.079
0.000
0.013
0.017
0.017
0.120
0.017
0.111
0.010
0.030
0.019
0.015
0.008
0.047
0.084
0.058
0.010
0.020
0.045
0.043
0.029
0.028
0.028
0.017
0.074
0.083
0.018
0.005
0.011
0.056
0.040
0.047
0.037
0.036
0.044
0.104
0.152
0.108
0.138
0.138
0.216
0.255
0.215
0.232
0.280
0.322
0.324
0.284
0.298
0.414
0.487
0.503
0.520
0.540
0.497
0.487
0.544
0.529
0.520
0.582
0.597
0.539
0.469
0.511
0.578
0.613
0.657
0.689
0.690
0.731
0.719
0.756
0.752
0.806
0.776
0.733
0.775
0.738
0.728
0.749
0.815
0.799
0.829
0.804
0.853
0.828
0.891
0.873
0.855
0.792
0.666
0.692
0.587
0.536
0.497
0.406
0.277
0.317
0.279
0.241
0.178
0.159
0.137
0.118
0.103
0.122
0.068
0.051
0.073
0.036
0.040
0.024
0.018
0.000
0.017
0.027
0.044
0.042
0.069
0.071
0.044
0.119
0.169
0.179
0.211
0.231
0.285
0.351
0.417
0.442
0.410
0.421
0.391
0.497
0.555
0.593
0.565
0.635
0.572
0.540
0.385
0.425
0.484
0.301
0.240
0.269
0.257
0.198
0.241
0.170
0.117
0.138
0.134
0.142
0.136
0.178
0.233
0.168
0.148
0.195
0.159
0.205
0.264
0.262
0.263
0.255
0.216
0.108
0.155
0.192
0.207
0.122
0.111
0.115
0.149
0.172
0.166
0.181
0.181
0.208
0.221
0.204
0.249
0.234
0.274
0.319
0.357
0.353
0.249
0.257
0.226
0.226
0.191
0.226
0.257
0.221
0.219
0.286
0.252
0.251
0.244
0.222
0.231
0.212
0.223
0.234
0.243
0.272
0.242
0.171
0.136
0.153
0.119
0.099
0.077
0.082
0.089
0.090
0.059
0.091
0.142
0.161
0.220
0.201
0.132
0.153
0.106
0.100
0.119
0.108
0.105
0.152
0.124
0.094
0.055
0.079
0.069
0.067
0.086
0.072
0.109
0.068
0.062
0.052
0.063
0.062
0.028
0.043
0.022
0.034
0.029
0.059
0.045
0.071
0.080
0.078
0.080
0.085
0.091
0.123
0.113
0.136
0.176
0.198
0.241
0.231
0.258
0.262
0.220
0.226
0.239
0.240
0.283
0.281
0.266
0.266
0.235
0.210
0.231
0.215
0.207
0.176
0.126
0.098
0.070
0.065
0.059
0.061
0.054
0.078
0.035
0.027
0.018
0.032
0.024
0.029
0.019
0.028
0.054
0.039
0.020
0.022
0.022
0.006
0.045
0.000
0.000
0.000
0.002
0.000
0.000
0.000
0.000
0.000
0.016
0.009
0.022
0.012
0.000
0.000
0.000
0.000
0.000
0.000
0.000
0.000
0.028
0.000
0.000
0.000
0.019
0.002
0.006
0.018
0.041
0.021
0.015
0.016
0.002
0.000
0.000
0.000
0.000
0.016
0.036
0.001
0.002
0.001
0.033
0.033
0.046
0.073
0.102
0.141
0.073
0.051
0.141
0.109
0.104
0.151
0.123
0.152
0.199
0.227
0.250
0.236
0.238
0.268
0.229
0.150
0.074
0.128
0.143
0.091
0.128
0.117
0.106
0.196
0.133
0.105
0.146
0.168
0.187
0.193
0.220
0.251
0.307
0.310
0.378
0.450
0.466
0.405
0.497
0.540
0.526
0.537
0.594
0.572
0.495
0.581
0.585
0.588
0.527
0.501
0.562
0.597
0.622
0.617
0.548
0.605
0.508
0.535
0.518
0.529
0.533
0.436
0.421
0.383
0.379
0.387
0.354
0.336
0.324
0.300
0.264
0.262
0.258
0.265
0.253
0.242
0.213
0.263
0.193
0.249
0.261
0.223
0.264
0.227
0.232
0.270
0.254
0.272
0.285
0.343
0.430
0.538
0.506
0.606
0.651
0.604
0.608
0.591
0.635
0.566
0.586
0.578
0.653
0.667
0.642
0.628
0.627
0.630
0.693
0.682
0.718
0.694
0.668
0.621
0.616
0.658
0.691
0.659
0.664
0.607
0.638
0.657
0.630
0.636
0.664
0.622
0.587
0.601
0.564
0.611
0.611
0.648
0.637
0.626
0.651
0.649
0.714
0.721
0.656
0.735
0.745
0.729
0.731
0.782
0.792
0.769
0.747
0.805
0.774
0.797
0.821
0.707
0.685
0.730
0.688
0.649
0.587
0.597
0.483
0.489
0.550
0.435
0.455
0.492
0.457
0.419
0.425
0.401
0.469
0.576
0.576
0.636
0.618
0.697
0.657
0.637
0.639
0.535
0.561
0.558
0.641
0.660
0.674
0.682
0.685
0.572
0.530
0.664
0.649
0.691
0.642
0.597
0.643
0.669
0.671
0.642
0.645
0.591
0.577
0.531
0.560
0.567
0.542
0.496
0.450
0.457
0.366
0.331
0.265
0.221
0.194
0.200
0.192
0.176
0.130
0.083
0.050
0.055
0.060
0.020
0.008
0.007
0.000
0.000
0.000
0.004
0.000
0.000
0.000
0.000
0.000
0.000
0.000
0.000
0.000
0.019
0.015
0.017
0.000
0.000
0.000
0.004
0.000
0.000
0.008
0.000
0.000
0.000
0.000
0.000
0.000
0.000
0.000
0.000
0.000
0.000
0.000
0.000
0.006
0.020
0.026
0.025
0.041
0.049
0.033
0.022
0.034
0.070
0.049
0.049
0.040
0.030
0.067
0.072
0.052
0.046
0.021
0.021
0.024
0.032
0.029
0.023
0.042
0.047
0.052
0.055
0.070
0.041
0.027
0.031
0.038
0.048
0.035
0.022
0.013
0.010
0.019
0.009
0.064
0.000
0.017
0.025
0.004
0.078
0.008
0.021
0.033
0.035
0.027
0.033
0.026
0.033
0.030
0.037
0.054
0.080
0.086
0.072
0.060
0.027
0.031
0.041
0.050
0.025
0.018
0.002
0.015
0.010
0.000
0.019
0.063
0.071
0.070
0.013
0.009
0.015
0.011
0.015
0.029
0.016
0.027
0.011
0.009
0.006
0.006
0.002
0.000
0.014
0.043
0.042
0.065
0.064
0.068
0.024
0.021
0.011
0.022
0.033
0.052
0.034
0.042
0.040
0.053
0.033
0.020
0.022
0.024
0.027
0.052
0.027
0.031
0.052
0.069
0.056
0.080
0.093
0.070
0.100
0.075
0.079
0.095
0.084
0.082
0.160
0.083
0.057
0.034
0.030
0.063
0.029
0.007
0.028
0.023
0.003
0.000
0.014
0.013
0.012
0.007
0.016
0.040
0.047
0.037
0.057
0.091
0.117
0.073
0.018
0.039
0.081
0.142
0.017
0.122
0.064
0.055
0.067
0.108
0.057
0.019
0.017
0.008
0.025
0.034
0.035
0.056
0.087
0.104
0.086
0.130
0.098
0.135
0.056
0.043
0.034
0.051
0.140
0.124
0.099
0.083
0.105
0.104
0.085
0.094
0.030
0.037
0.029
0.033
0.037
0.044
0.078
0.161
0.216
0.235
0.272
0.244
0.236
0.169
0.115
0.107
0.140
0.141
0.144
0.137
0.125
0.124
0.104
0.086
0.078
0.066
0.050
0.037
0.049
0.061
0.126
0.271
0.391
0.478
0.496
0.501
0.490
0.372
0.279
0.300
0.258
0.311
0.348
0.396
0.397
0.369
0.261
0.228
0.172
0.224
0.157
0.107
0.073
0.142
0.160
0.242
0.305
0.389
0.303
0.263
0.216
0.163
0.091
0.057
0.091
0.087
0.104
0.099
0.162
0.109
0.059
0.035
0.040
0.035
0.076
0.047
0.063
0.132
0.203
0.285
0.410
0.427
0.457
0.474
0.492
0.372
0.428
0.444
0.416
0.445
0.543
0.584
0.585
0.568
0.596
0.606
0.647
0.732
0.749
0.756
0.757
0.828
0.872
0.896
0.936
0.956
0.941
0.929
0.941
0.933
0.935
0.861
0.876
0.799
0.786
0.679
0.677
0.667
0.700
0.733
0.710
0.678
0.635
0.675
0.689
0.689
0.653
0.638
0.664
0.641
0.583
0.582
0.557
0.544
0.519
0.527
0.540
0.495
0.467
0.417
0.413
0.393
0.356
0.363
0.386
0.420
0.365
0.341
0.391
0.460
0.445
0.376
0.348
0.349
0.344
0.416
0.376
0.441
0.479
0.512
0.502
0.472
0.444
0.481
0.501
0.521
0.537
0.606
0.643
0.653
0.694
0.693
0.596
0.599
0.588
0.479
0.413
0.411
0.363
0.478
0.394
0.375
0.320
0.327
0.311
0.229
0.191
0.187
0.222
0.238
0.253
0.202
0.186
0.179
0.139
0.193
0.229
0.180
0.204
0.208
0.256
0.134
0.175
0.147
0.081
0.038
0.004
0.000
0.000
0.000
0.007
0.040
0.074
0.076
0.106
0.109
0.147
0.183
0.253
0.337
0.443
0.511
0.564
0.648
0.722
0.769
0.782
0.834
0.885
0.859
0.856
0.843
0.840
0.770
0.800
0.803
0.699
0.750
0.724
0.654
0.723
0.751
0.659
0.455
0.310
0.337
0.376
0.354
0.471
0.485
0.591
0.782
0.799
0.865
0.899
0.932
0.922
0.964
0.977
0.976
0.937
0.944
0.869
0.844
0.710
0.636
0.486
0.496
0.500
0.434
0.419
0.449
0.441
0.316
0.258
0.267
0.140
0.062
0.049
0.136
0.022
0.103
0.096
0.081
0.072
0.065
0.106
0.110
0.096
0.117
0.207
0.331
0.379
0.470
0.544
0.666
0.753
0.871
0.925
0.901
0.815
0.806
0.785
0.764
0.684
0.640
0.619
0.605
0.667
0.579
0.449
0.384
0.385
0.415
0.510
0.708
0.765
0.760
0.786
0.900
0.940
0.970
0.967
0.910
0.928
0.927
0.874
0.886
0.798
0.793
0.759
0.752
0.735
0.701
0.658
0.643
0.669
0.631
0.587
0.554
0.526
0.522
0.559
0.668
0.650
0.596
0.581
0.569
0.538
0.475
0.491
0.438
0.413
0.485
0.347
0.350
0.339
0.382
0.358
0.394
0.373
0.415
0.455
0.549
0.398
0.376
0.459
0.549
0.562
0.557
0.544
0.604
0.479
0.468
0.361
0.228
0.173
0.111
0.201
0.120
0.113
0.141
0.116
0.082
0.061
0.088
0.085
0.040
0.033
0.017
0.047
0.081
0.041
0.022
0.002
0.078
0.074
0.076
0.049
0.000
0.006
0.004
0.015
0.000
0.010
0.008
0.030
0.031
0.053
0.049
0.045
0.064
0.080
0.109
0.146
0.153
0.163
0.241
0.243
0.146
0.185
0.197
0.135
0.159
0.120
0.075
0.107
0.125
0.111
0.114
0.114
0.119
0.084
0.113
0.069
0.096
0.071
0.140
0.115
0.151
0.201
0.243
0.226
0.249
0.260
0.274
0.233
0.191
0.246
0.188
0.180
0.296
0.262
0.255
0.187
0.245
0.229
0.313
0.301
0.257
0.264
0.368
0.362
0.379
0.364
0.304
0.298
0.228
0.195
0.129
0.125
0.174
0.246
0.331
0.416
0.510
0.569
0.526
0.438
0.395
0.356
0.323
0.245
0.186
0.161
0.142
0.162
0.120
0.099
0.098
0.118
0.093
0.080
0.096
0.082
0.051
0.078
0.058
0.058
0.071
0.063
0.063
0.061
0.092
0.022
0.027
0.015
0.025
0.041
0.042
0.061
0.055
0.031
0.043
0.026
0.031
0.024
0.011
0.009
0.017
0.019
0.017
0.032
0.025
0.030
0.021
0.011
0.017
0.017
0.020
0.015
0.022
0.017
0.032
0.028
0.023
0.015
0.013
0.017
0.023
0.069
0.051
0.059
0.088
0.155
0.167
0.200
0.247
0.287
0.378
0.396
0.371
0.415
0.459
0.483
0.464
0.451
0.456
0.355
0.246
0.326
0.444
0.402
0.325
0.243
0.206
0.106
0.094
0.135
0.134
0.105
0.221
0.202
0.189
0.157
0.208
0.184
0.150
0.072
0.204
0.208
0.187
0.221
0.269
0.284
0.326
0.333
0.422
0.310
0.361
0.185
0.128
0.143
0.090
0.031
0.004
0.045
0.070
0.049
0.116
0.060
0.123
0.045
0.078
0.081
0.094
0.173
0.160
0.105
0.084
0.081
0.122
0.111
0.075
0.050
0.052
0.061
0.057
0.053
0.039
0.031
0.030
0.025
0.032
0.032
0.028
0.038
0.036
0.025
0.035
0.046
0.042
0.044
0.037
0.047
0.041
0.052
0.032
0.022
0.030
0.041
0.032
0.016
0.023
0.042
0.023
0.024
0.037
0.070
0.054
0.055
0.044
0.045
0.086
0.121
0.155
0.205
0.286
0.305
0.239
0.234
0.164
0.088
0.085
0.068
0.063
0.059
0.049
0.058
0.090
0.105
0.108
0.100
0.149
0.162
0.131
0.090
0.061
0.080
0.070
0.161
0.187
0.174
0.124
0.057
0.040
0.020
0.011
0.013
0.000
0.012
0.019
0.022
0.012
0.003
0.008
0.000
0.002
0.012
0.024
0.033
0.040
0.036
0.026
0.017
0.067
0.062
0.176
0.125
0.065
0.042
0.024
0.023
0.032
0.043
0.044
0.079
0.130
0.118
0.086
0.095
0.144
0.094
0.066
0.049
0.137
0.148
0.184
0.185
0.187
0.168
0.163
0.204
0.197
0.106
0.081
0.067
0.059
0.060
0.062
0.106
0.077
0.051
0.068
0.099
0.103
0.102
0.101
0.095
0.151
0.281
0.366
0.416
0.421
0.460
0.469
0.425
0.433
0.378
0.333
0.349
0.356
0.443
0.446
0.387
0.376
0.346
0.247
0.272
0.288
0.307
0.328
0.347
0.491
0.603
0.698
0.646
0.635
0.647
0.717
0.703
0.619
0.564
0.533
0.498
0.470
0.429
0.368
0.361
0.262
0.234
0.202
0.188
0.170
0.152
0.182
0.152
0.201
0.296
0.326
0.328
0.380
0.314
0.279
0.325
0.299
0.225
0.231
0.199
0.206
0.163
0.101
0.079
0.075
0.070
0.137
0.163
0.144
0.190
0.287
0.348
0.411
0.570
0.629
0.677
0.670
0.647
0.627
0.622
0.505
0.401
0.275
0.295
0.296
0.237
0.199
0.179
0.181
0.161
0.164
0.179
0.153
0.152
0.136
0.128
0.162
0.297
0.319
0.336
0.369
0.294
0.261
0.275
0.293
0.221
0.165
0.115
0.120
0.145
0.152
0.170
0.131
0.148
0.144
0.173
0.318
0.310
0.364
0.385
0.486
0.591
0.642
0.619
0.597
0.563
0.518
0.485
0.406
0.379
0.308
0.337
0.373
0.326
0.316
0.373
0.287
0.334
0.295
0.295
0.319
0.303
0.276
0.215
0.317
0.316
0.337
0.373
0.398
0.421
0.352
0.262
0.286
0.316
0.314
0.310
0.322
0.283
0.318
0.270
0.251
0.272
0.314
0.318
0.284
0.273
0.307
0.289
0.324
0.390
0.364
0.400
0.430
0.400
0.354
0.310
0.317
0.305
0.388
0.328
0.354
0.348
0.363
0.370
0.389
0.407
0.425
0.506
0.582
0.549
0.597
0.584
0.613
0.576
0.573
0.610
0.555
0.593
0.557
0.547
0.588
0.576
0.587
0.522
0.596
0.610
0.641
0.584
0.559
0.509
0.478
0.514
0.466
0.416
0.403
0.518
0.483
0.435
0.441
0.537
0.534
0.533
0.487
0.435
0.440
0.423
0.456
0.375
0.364
0.379
0.361
0.339
0.308
0.305
0.283
0.270
0.283
0.297
0.300
0.242
0.293
0.370
0.406
0.427
0.343
0.376
0.430
0.359
0.292
0.242
0.222
0.169
0.122
0.128
0.074
0.082
0.057
0.079
0.100
0.072
0.073
0.081
0.087
0.102
0.118
0.163
0.155
0.175
0.259
0.247
0.200
0.180
0.143
0.085
0.071
0.055
0.037
0.058
0.028
0.036
0.028
0.016
0.008
0.015
0.024
0.030
0.041
0.046
0.093
0.134
0.078
0.116
0.138
0.157
0.174
0.165
0.134
0.130
0.150
0.060
0.113
0.158
0.136
0.091
0.109
0.091
0.058
0.060
0.084
0.084
0.157
0.197
0.251
0.357
0.438
0.435
0.484
0.494
0.473
0.413
0.357
0.347
0.346
0.285
0.230
0.210
0.198
0.164
0.171
0.189
0.185
0.127
0.156
0.190
0.224
0.358
0.446
0.484
0.597
0.645
0.688
0.641
0.601
0.555
0.498
0.438
0.359
0.323
0.306
0.288
0.248
0.184
0.197
0.165
0.190
0.197
0.242
0.221
0.268
0.281
0.350
0.398
0.416
0.420
0.466
0.432
0.474
0.476
0.400
0.390
0.394
0.344
0.312
0.273
0.248
0.189
0.129
0.093
0.133
0.132
0.146
0.118
0.112
0.092
0.120
0.099
0.101
0.095
0.108
0.099
0.119
0.101
0.118
0.119
0.125
0.093
0.076
0.086
0.065
0.050
0.044
0.039
0.029
0.031
0.031
0.024
0.018
0.018
0.026
0.026
0.022
0.034
0.055
0.049
0.038
0.053
0.042
0.022
0.007
0.028
0.035
0.031
0.043
0.040
0.011
0.008
0.018
0.022
0.028
0.025
0.023
0.054
0.051
0.143
0.227
0.120
0.145
0.248
0.312
0.305
0.483
0.334
0.405
0.320
0.116
0.064
0.078
0.086
0.075
0.058
0.088
0.114
0.109
0.117
0.299
0.290
0.422
0.488
0.551
0.638
0.708
0.820
0.323
0.317
0.509
0.619
0.582
0.333
0.118
0.066
0.081
0.088
0.076
0.062
0.093
0.647
0.657
0.610
0.624
0.625
0.627
0.743
0.624
0.592
0.557
0.525
0.406
0.383
0.323
0.266
0.261
0.279
0.253
0.265
0.142
0.115
0.107
0.063
0.054
0.058
0.043
0.022
0.051
0.059
0.073
0.134
0.147
0.208
0.195
0.278
0.247
0.305
0.310
0.180
0.148
0.094
0.105
0.069
0.025
0.085
0.080
0.115
0.165
0.118
0.106
0.225
0.167
0.208
0.340
0.467
0.527
0.501
0.481
0.441
0.356
0.396
0.333
0.252
0.097
0.128
0.068
0.001
0.063
0.064
0.046
0.015
0.019
0.025
0.020
0.020
0.020
0.029
0.093
0.131
0.143
0.090
0.146
0.125
0.064
0.152
0.078
0.056
0.009
0.025
0.015
0.025
0.035
0.026
0.010
0.000
0.000
0.000
0.000
0.000
0.003
0.002
0.026
0.024
0.013
0.050
0.053
0.027
0.018
0.037
0.040
0.062
0.000
0.000
0.025
0.000
0.000
0.000
0.000
0.000
0.004
0.000
0.000
0.000
0.006
0.000
0.000
0.000
0.000
0.000
0.000
0.007
0.000
0.004
0.018
0.030
0.007
0.000
0.016
0.000
0.000
0.000
0.000
0.000
0.003
0.000
0.000
0.005
0.002
0.016
0.055
0.086
0.087
0.084
0.111
0.139
0.123
0.137
0.164
0.151
0.050
0.026
0.030
0.028
0.021
0.018
0.009
0.008
0.012
0.022
0.031
0.021
0.022
0.031
0.049
0.071
0.081
0.120
0.126
0.168
0.156
0.108
0.091
0.071
0.042
0.010
0.002
0.003
0.000
0.009
0.022
0.021
0.021
0.031
0.035
0.040
0.055
0.077
0.081
0.166
0.210
0.218
0.268
0.301
0.270
0.236
0.206
0.183
0.102
0.108
0.081
0.074
0.103
0.112
0.123
0.082
0.087
0.067
0.069
0.077
0.053
0.093
0.149
0.210
0.252
0.296
0.320
0.379
0.383
0.404
0.393
0.298
0.221
0.122
0.109
0.086
0.097
0.057
0.039
0.044
0.049
0.025
0.017
0.032
0.036
0.077
0.086
0.113
0.093
0.118
0.120
0.198
0.191
0.180
0.159
0.122
0.074
0.066
0.047
0.027
0.010
0.010
0.037
0.030
0.038
0.042
0.008
0.019
0.040
0.066
0.059
0.034
0.001
0.031
0.019
0.028
0.068
0.056
0.060
0.066
0.045
0.031
0.017
0.035
0.068
0.084
0.043
0.030
0.016
0.011
0.033
0.040
0.036
0.010
0.030
0.040
0.027
0.011
0.012
0.029
0.025
0.058
0.027
0.009
0.004
0.004
0.004
0.012
0.011
0.009
0.006
0.016
0.005
0.003
0.000
0.000
0.000
0.008
0.000
0.000
0.000
0.000
0.023
0.031
0.039
0.041
0.045
0.059
0.114
0.124
0.186
0.273
0.351
0.407
0.458
0.421
0.447
0.394
0.444
0.494
0.536
0.591
0.666
0.700
0.720
0.680
0.594
0.485
0.468
0.481
0.544
0.483
0.395
0.327
0.159
0.149
0.157
0.148
0.142
0.171
0.236
0.015
0.186
0.242
0.324
0.311
0.446
0.399
0.637
0.614
0.567
0.612
0.693
0.571
0.566
0.507
0.312
0.213
0.186
0.124
0.091
0.067
0.048
0.015
0.062
0.056
0.096
0.226
0.243
0.268
0.336
0.358
0.329
0.339
0.261
0.283
0.279
0.276
0.273
0.219
0.159
0.143
0.157
0.135
0.108
0.112
0.094
0.096
0.063
0.036
0.042
0.051
0.053
0.075
0.077
0.104
0.087
0.113
0.094
0.109
0.108
0.110
0.095
0.062
0.044
0.019
0.004
0.006
0.000
0.003
0.003
0.002
0.005
0.000
0.000
0.001
0.005
0.012
0.023
0.058
0.074
0.095
0.093
0.107
0.185
0.185
0.155
0.103
0.028
0.043
0.006
0.005
0.071
0.094
0.000
0.000
0.005
0.004
0.001
0.012
0.022
0.013
0.022
0.060
0.079
0.081
0.127
0.115
0.118
0.056
0.066
0.062
0.044
0.025
0.004
0.007
0.012
0.009
0.008
0.020
0.020
0.012
0.023
0.018
0.014
0.034
0.042
0.034
0.092
0.113
0.137
0.147
0.141
0.183
0.195
0.175
0.098
0.083
0.107
0.108
0.100
0.103
0.080
0.031
0.028
0.041
0.027
0.026
0.042
0.085
0.075
0.087
0.104
0.122
0.206
0.182
0.255
0.264
0.254
0.214
0.121
0.051
0.022
0.053
0.036
0.068
0.060
0.075
0.080
0.109
0.076
0.106
0.182
0.214
0.217
0.229
0.234
0.296
0.293
0.232
0.208
0.213
0.166
0.106
0.045
0.023
0.016
0.001
0.020
0.023
0.024
0.057
0.039
0.063
0.004
0.001
0.002
0.002
0.015
0.009
0.003
0.016
0.052
0.000
0.004
0.007
0.006
0.000
0.016
0.000
0.012
0.009
0.057
0.116
0.102
0.078
0.038
0.049
0.061
0.020
0.011
0.062
0.065
0.122
0.088
0.112
0.146
0.245
0.194
0.228
0.158
0.069
0.009
0.000
0.000
0.000
0.005
0.008
0.073
0.022
0.000
0.001
0.000
0.011
0.000
0.001
0.044
0.020
0.011
0.036
0.081
0.149
0.110
0.092
0.055
0.016
0.019
0.009
0.031
0.006
0.015
0.016
0.016
0.023
0.029
0.031
0.019
0.015
0.006
0.027
0.040
0.071
0.251
0.229
0.320
0.233
0.371
0.334
0.211
0.181
0.185
0.119
0.041
0.068
0.030
0.052
0.031
0.022
0.049
0.069
0.060
0.047
0.034
0.022
0.151
0.196
0.204
0.243
0.204
0.190
0.252
0.270
0.275
0.247
0.152
0.092
0.043
0.035
0.048
0.034
0.074
0.041
0.103
0.063
0.092
0.115
0.086
0.177
0.254
0.291
0.387
0.421
0.506
0.595
0.577
0.492
0.449
0.430
0.377
0.376
0.364
0.391
0.384
0.363
0.333
0.309
0.356
0.353
0.313
0.312
0.259
0.264
0.280
0.287
0.219
0.234
0.243
0.259
0.192
0.201
0.147
0.103
0.053
0.007
0.017
0.017
0.000
0.029
0.000
0.012
0.009
0.011
0.025
0.023
0.004
0.029
0.080
0.089
0.120
0.155
0.236
0.249
0.263
0.258
0.299
0.240
0.209
0.089
0.069
0.073
0.058
0.083
0.064
0.075
0.051
0.013
0.040
0.066
0.088
0.168
0.231
0.238
0.319
0.383
0.429
0.491
0.486
0.496
0.503
0.507
0.469
0.369
0.311
0.326
0.295
0.227
0.255
0.246
0.196
0.194
0.181
0.186
0.243
0.375
0.433
0.485
0.505
0.482
0.412
0.451
0.405
0.288
0.310
0.280
0.179
0.096
0.016
0.002
0.000
0.000
0.017
0.035
0.013
0.009
0.012
0.000
0.000
0.020
0.064
0.069
0.103
0.108
0.113
0.120
0.100
0.061
0.051
0.081
0.031
0.002
0.001
0.000
0.000
0.007
0.000
0.000
0.006
0.010
0.004
0.000
0.000
0.013
0.079
0.098
0.109
0.138
0.150
0.167
0.161
0.159
0.183
0.146
0.117
0.071
0.084
0.086
0.084
0.086
0.066
0.070
0.076
0.089
0.106
0.105
0.102
0.148
0.206
0.217
0.253
0.307
0.257
0.324
0.325
0.244
0.188
0.222
0.241
0.255
0.226
0.240
0.214
0.195
0.186
0.122
0.042
0.009
0.026
0.047
0.034
0.043
0.082
0.115
0.123
0.116
0.147
0.143
0.125
0.064
0.093
0.032
0.023
0.014
0.021
0.028
0.015
0.003
0.043
0.017
0.058
0.081
0.104
0.151
0.185
0.215
0.203
0.201
0.217
0.307
0.331
0.320
0.313
0.397
0.471
0.539
0.507
0.430
0.440
0.440
0.482
0.480
0.503
0.564
0.547
0.635
0.604
0.612
0.658
0.778
0.804
0.868
0.862
0.894
0.888
0.909
0.856
0.869
0.862
0.829
0.857
0.716
0.663
0.617
0.663
0.664
0.633
0.601
0.570
0.601
0.513
0.602
0.644
0.696
0.719
0.698
0.739
0.726
0.717
0.654
0.594
0.560
0.509
0.453
0.406
0.306
0.219
0.157
0.167
0.137
0.140
0.144
0.133
0.091
0.068
0.043
0.096
0.162
0.150
0.104
0.034
0.000
0.047
0.064
0.083
0.070
0.093
0.074
0.089
0.036
0.000
0.000
0.000
0.000
0.001
0.000
0.006
0.005
0.008
0.004
0.025
0.040
0.059
0.058
0.096
0.173
0.165
0.177
0.171
0.151
0.127
0.124
0.102
0.080
0.056
0.047
0.060
0.034
0.068
0.053
0.088
0.101
0.097
0.135
0.202
0.380
0.430
0.660
0.566
0.634
0.630
0.594
0.646
0.631
0.629
0.635
0.503
0.406
0.375
0.316
0.328
0.353
0.402
0.413
0.448
0.458
0.509
0.539
0.645
0.663
0.670
0.743
0.730
0.713
0.747
0.672
0.635
0.635
0.585
0.565
0.560
0.383
0.270
0.266
0.230
0.151
0.136
0.123
0.107
0.105
0.085
0.093
0.084
0.088
0.101
0.101
0.090
0.077
0.075
0.066
0.079
0.128
0.116
0.107
0.126
0.096
0.057
0.044
0.022
0.036
0.070
0.099
0.045
0.012
0.035
0.040
0.042
0.048
0.060
0.076
0.056
0.066
0.055
0.076
0.066
0.035
0.024
0.050
0.034
0.019
0.013
0.011
0.000
0.000
0.002
0.004
0.004
0.008
0.008
0.007
0.022
0.002
0.022
0.042
0.025
0.019
0.027
0.045
0.095
0.078
0.092
0.072
0.059
0.074
0.034
0.031
0.032
0.041
0.012
0.018
0.029
0.022
0.046
0.053
0.072
0.119
0.129
0.071
0.126
0.156
0.196
0.189
0.264
0.357
0.431
0.478
0.500
0.455
0.422
0.392
0.338
0.315
0.321
0.388
0.392
0.400
0.404
0.468
0.516
0.538
0.553
0.569
0.603
0.608
0.643
0.638
0.536
0.491
0.483
0.495
0.484
0.407
0.311
0.293
0.254
0.280
0.214
0.235
0.183
0.209
0.179
0.142
0.240
0.259
0.293
0.272
0.269
0.197
0.172
0.137
0.130
0.084
0.022
0.016
0.040
0.019
0.000
0.000
0.000
0.000
0.000
0.000
0.004
0.009
0.015
0.028
0.086
0.184
0.193
0.223
0.312
0.331
0.280
0.297
0.325
0.261
0.260
0.293
0.284
0.255
0.262
0.273
0.309
0.305
0.294
0.326
0.335
0.313
0.356
0.334
0.358
0.319
0.313
0.321
0.242
0.213
0.204
0.220
0.225
0.229
0.205
0.193
0.243
0.262
0.326
0.371
0.317
0.325
0.336
0.315
0.335
0.337
0.349
0.391
0.355
0.358
0.340
0.295
0.304
0.279
0.338
0.334
0.359
0.327
0.300
0.290
0.278
0.269
0.266
0.255
0.226
0.178
0.166
0.187
0.176
0.158
0.145
0.120
0.096
0.128
0.220
0.172
0.191
0.098
0.144
0.201
0.164
0.238
0.391
0.286
0.186
0.120
0.160
0.150
0.151
0.107
0.169
0.216
0.186
0.190
0.169
0.150
0.251
0.216
0.281
0.319
0.345
0.332
0.368
0.360
0.353
0.278
0.168
0.094
0.048
0.032
0.014
0.010
0.000
0.000
0.000
0.009
0.000
0.000
0.000
0.012
0.012
0.020
0.022
0.023
0.032
0.033
0.039
0.063
0.060
0.048
0.055
0.043
0.017
0.000
0.000
0.000
0.000
0.001
0.002
0.006
0.009
0.019
0.008
0.016
0.028
0.074
0.083
0.164
0.122
0.146
0.192
0.223
0.217
0.232
0.201
0.185
0.131
0.184
0.124
0.110
0.137
0.083
0.051
0.051
0.021
0.014
0.041
0.048
0.034
0.089
0.216
0.303
0.348
0.452
0.460
0.506
0.496
0.466
0.447
0.414
0.426
0.393
0.250
0.187
0.160
0.185
0.148
0.097
0.120
0.057
0.079
0.070
0.063
0.077
0.103
0.141
0.132
0.136
0.087
0.117
0.100
0.150
0.120
0.107
0.090
0.047
0.035
0.039
0.051
0.104
0.088
0.113
0.140
0.092
0.109
0.090
0.105
0.158
0.207
0.239
0.323
0.398
0.402
0.422
0.448
0.421
0.359
0.336
0.276
0.166
0.104
0.084
0.049
0.089
0.053
0.038
0.019
0.022
0.006
0.015
0.030
0.054
0.065
0.062
0.057
0.067
0.099
0.157
0.194
0.243
0.227
0.279
0.327
0.282
0.238
0.188
0.205
0.233
0.269
0.429
0.354
0.374
0.329
0.400
0.374
0.370
0.394
0.495
0.521
0.504
0.497
0.447
0.428
0.451
0.455
0.483
0.455
0.329
0.221
0.114
0.086
0.059
0.051
0.087
0.049
0.051
0.275
0.345
0.390
0.419
0.414
0.489
0.493
0.547
0.512
0.470
0.468
0.381
0.290
0.279
0.234
0.196
0.183
0.166
0.159
0.132
0.124
0.069
0.043
0.041
0.020
0.019
0.054
0.087
0.066
0.056
0.044
0.016
0.026
0.000
0.004
0.000
0.015
0.010
0.027
0.017
0.005
0.006
0.010
0.030
0.039
0.063
0.103
0.143
0.191
0.202
0.172
0.199
0.277
0.448
0.418
0.504
0.450
0.458
0.436
0.494
0.425
0.404
0.326
0.195
0.048
0.022
0.001
0.007
0.003
0.015
0.024
0.024
0.040
0.030
0.047
0.085
0.113
0.150
0.224
0.197
0.195
0.207
0.282
0.230
0.376
0.309
0.274
0.144
0.120
0.087
0.079
0.049
0.015
0.003
0.024
0.038
0.014
0.012
0.023
0.066
0.078
0.067
0.065
0.083
0.067
0.037
0.029
0.052
0.022
0.007
0.000
0.000
0.000
0.000
0.000
0.000
0.000
0.000
0.002
0.007
0.014
0.020
0.020
0.021
0.026
0.021
0.013
0.015
0.022
0.059
0.051
0.041
0.032
0.011
0.027
0.009
0.009
0.000
0.000
0.011
0.017
0.007
0.002
0.003
0.050
0.092
0.061
0.103
0.187
0.245
0.310
0.310
0.325
0.341
0.316
0.251
0.194
0.174
0.130
0.101
0.018
0.005
0.020
0.036
0.021
0.022
0.000
0.000
0.000
0.006
0.000
0.035
0.048
0.014
0.010
0.027
0.061
0.062
0.077
0.065
0.097
0.077
0.062
0.023
0.030
0.034
0.050
0.061
0.073
0.074
0.070
0.065
0.053
0.049
0.046
0.051
0.090
0.157
0.217
0.199
0.239
0.215
0.134
0.120
0.101
0.067
0.035
0.009
0.009
0.005
0.000
0.000
0.000
0.000
0.000
0.000
0.000
0.000
0.000
0.000
0.000
0.015
0.024
0.019
0.029
0.022
0.048
0.060
0.067
0.038
0.016
0.012
0.019
0.046
0.065
0.019
0.019
0.026
0.021
0.025
0.037
0.059
0.038
0.051
0.145
0.065
0.107
0.140
0.160
0.184
0.227
0.174
0.121
0.155
0.138
0.070
0.065
0.052
0.025
0.035
0.167
0.171
0.097
0.005
0.016
0.024
0.020
0.025
0.002
0.008
0.035
0.024
0.015
0.011
0.002
0.019
0.027
0.005
0.005
0.005
0.005
0.000
0.000
0.019
0.021
0.062
0.033
0.000
0.033
0.061
0.064
0.071
0.115
0.107
0.106
0.142
0.129
0.172
0.173
0.198
0.200
0.159
0.116
0.037
0.013
0.006
0.000
0.004
0.000
0.000
0.000
0.004
0.000
0.000
0.029
0.020
0.030
0.018
0.056
0.092
0.122
0.123
0.196
0.176
0.141
0.143
0.087
0.077
0.055
0.092
0.087
0.132
0.153
0.242
0.198
0.260
0.304
0.320
0.307
0.358
0.447
0.462
0.573
0.657
0.807
0.759
0.807
0.805
0.897
0.918
0.940
0.817
0.702
0.648
0.656
0.658
0.660
0.655
0.700
0.729
0.765
0.715
0.774
0.783
0.805
0.854
0.829
0.841
0.863
0.877
0.857
0.891
0.876
0.799
0.711
0.652
0.531
0.470
0.395
0.407
0.447
0.437
0.368
0.313
0.310
0.382
0.399
0.401
0.360
0.307
0.239
0.193
0.151
0.166
0.146
0.208
0.207
0.182
0.120
0.132
0.078
0.077
0.087
0.055
0.074
0.112
0.110
0.120
0.139
0.157
0.258
0.334
0.405
0.453
0.435
0.392
0.387
0.394
0.368
0.318
0.354
0.327
0.273
0.274
0.204
0.148
0.146
0.103
0.092
0.070
0.047
0.038
0.021
0.007
0.008
0.000
0.011
0.019
0.034
0.037
0.042
0.045
0.052
0.051
0.072
0.109
0.118
0.094
0.083
0.069
0.058
0.075
0.064
0.067
0.067
0.099
0.099
0.132
0.162
0.132
0.197
0.233
0.281
0.332
0.349
0.298
0.343
0.384
0.389
0.416
0.421
0.296
0.197
0.179
0.178
0.196
0.187
0.234
0.224
0.221
0.212
0.256
0.387
0.519
0.576
0.542
0.633
0.678
0.660
0.614
0.671
0.740
0.716
0.652
0.542
0.465
0.472
0.453
0.389
0.378
0.263
0.277
0.264
0.209
0.197
0.167
0.173
0.207
0.238
0.253
0.294
0.280
0.278
0.350
0.388
0.380
0.355
0.334
0.296
0.260
0.272
0.238
0.220
0.200
0.160
0.141
0.158
0.195
0.169
0.172
0.201
0.232
0.242
0.221
0.268
0.241
0.271
0.310
0.298
0.301
0.264
0.223
0.178
0.161
0.124
0.083
0.056
0.046
0.029
0.034
0.038
0.022
0.031
0.010
0.056
0.068
0.073
0.135
0.091
0.062
0.021
0.048
0.076
0.077
0.052
0.058
0.033
0.035
0.012
0.022
0.030
0.044
0.036
0.041
0.052
0.026
0.036
0.032
0.062
0.080
0.108
0.131
0.101
0.181
0.175
0.177
0.228
0.229
0.235
0.195
0.175
0.144
0.089
0.070
0.092
0.121
0.158
0.140
0.148
0.142
0.135
0.146
0.133
0.141
0.139
0.141
0.154
0.188
0.179
0.155
0.154
0.092
0.079
0.072
0.053
0.044
0.027
0.029
0.040
0.030
0.037
0.036
0.041
0.010
0.007
0.046
0.052
0.048
0.030
0.042
0.030
0.032
0.051
0.047
0.035
0.058
0.047
0.050
0.056
0.020
0.017
0.007
0.000
0.014
0.018
0.021
0.007
0.009
0.017
0.012
0.015
0.024
0.018
0.045
0.038
0.037
0.068
0.076
0.101
0.091
0.124
0.109
0.103
0.077
0.037
0.023
0.038
0.047
0.031
0.034
0.034
0.043
0.031
0.054
0.082
0.101
0.106
0.097
0.124
0.176
0.151
0.252
0.248
0.177
0.185
0.176
0.158
0.109
0.071
0.035
0.038
0.038
0.043
0.044
0.057
0.099
0.123
0.138
0.147
0.204
0.319
0.356
0.412
0.446
0.481
0.463
0.505
0.537
0.541
0.485
0.456
0.361
0.244
0.203
0.215
0.237
0.208
0.183
0.145
0.145
0.134
0.211
0.270
0.335
0.303
0.304
0.312
0.333
0.324
0.317
0.269
0.240
0.196
0.133
0.067
0.000
0.000
0.017
0.005
0.018
0.026
0.021
0.019
0.049
0.082
0.055
0.008
0.064
0.073
0.099
0.052
0.060
0.037
0.054
0.062
0.075
0.079
0.080
0.073
0.125
0.108
0.101
0.083
0.099
0.116
0.114
0.096
0.110
0.087
0.075
0.090
0.144
0.145
0.174
0.211
0.259
0.353
0.367
0.412
0.382
0.373
0.339
0.313
0.344
0.284
0.219
0.222
0.245
0.196
0.189
0.140
0.117
0.086
0.097
0.131
0.188
0.197
0.238
0.295
0.312
0.304
0.372
0.368
0.375
0.337
0.316
0.310
0.245
0.174
0.101
0.113
0.107
0.121
0.107
0.109
0.106
0.106
0.163
0.213
0.296
0.336
0.136
0.445
0.475
0.467
0.497
0.566
0.555
0.530
0.527
0.410
0.315
0.235
0.186
0.152
0.173
0.161
0.141
0.132
0.123
0.097
0.099
0.146
0.225
0.280
0.300
0.310
0.302
0.239
0.235
0.184
0.143
0.123
0.100
0.072
0.032
0.009
0.033
0.015
0.102
0.114
0.234
0.231
0.251
0.275
0.257
0.247
0.293
0.358
0.323
0.395
0.345
0.219
0.227
0.109
0.084
0.093
0.230
0.302
0.264
0.183
0.165
0.149
0.162
0.233
0.290
0.299
0.324
0.352
0.337
0.384
0.443
0.462
0.434
0.522
0.499
0.464
0.465
0.432
0.354
0.231
0.128
0.058
0.021
0.003
0.000
0.000
0.017
0.037
0.057
0.082
0.101
0.101
0.085
0.102
0.162
0.131
0.139
0.093
0.148
0.168
0.181
0.152
0.209
0.268
0.229
0.141
0.089
0.021
0.015
0.029
0.038
0.028
0.018
0.016
0.010
0.020
0.036
0.056
0.068
0.096
0.166
0.163
0.262
0.230
0.248
0.288
0.326
0.244
0.241
0.161
0.056
0.018
0.011
0.014
0.018
0.018
0.014
0.012
0.017
0.009
0.011
0.017
0.011
0.015
0.052
0.046
0.100
0.116
0.104
0.078
0.067
0.087
0.125
0.146
0.072
0.125
0.112
0.121
0.113
0.158
0.280
0.235
0.253
0.345
0.317
0.360
0.449
0.439
0.524
0.523
0.414
0.483
0.517
0.683
0.675
0.682
0.686
0.660
0.614
0.496
0.470
0.467
0.442
0.430
0.444
0.462
0.453
0.443
0.466
0.480
0.500
0.484
0.464
0.470
0.481
0.501
0.555
0.587
0.643
0.688
0.715
0.639
0.567
0.537
0.492
0.488
0.465
0.428
0.353
0.352
0.323
0.318
0.327
0.346
0.349
0.363
0.356
0.397
0.367
0.275
0.351
0.345
0.324
0.275
0.284
0.251
0.220
0.130
0.131
0.166
0.162
0.150
0.130
0.146
0.133
0.187
0.202
0.241
0.238
0.283
0.291
0.377
0.401
0.420
0.520
0.504
0.518
0.474
0.419
0.382
0.319
0.234
0.154
0.109
0.093
0.080
0.103
0.098
0.114
0.136
0.176
0.291
0.368
0.303
0.328
0.340
0.344
0.314
0.272
0.352
0.347
0.428
0.316
0.384
0.357
0.325
0.326
0.310
0.310
0.303
0.247
0.239
0.195
0.197
0.201
0.241
0.364
0.473
0.505
0.490
0.485
0.495
0.521
0.566
0.697
0.690
0.660
0.602
0.540
0.419
0.325
0.326
0.327
0.362
0.370
0.398
0.361
0.346
0.432
0.469
0.545
0.618
0.717
0.767
0.788
0.760
0.764
0.752
0.760
0.783
0.747
0.676
0.610
0.538
0.440
0.367
0.310
0.242
0.255
0.260
0.232
0.167
0.153
0.098
0.191
0.286
0.254
0.126
0.233
0.238
0.235
0.247
0.284
0.278
0.228
0.127
0.083
0.050
0.056
0.094
0.130
0.128
0.152
0.200
0.216
0.242
0.298
0.382
0.441
0.434
0.495
0.520
0.567
0.596
0.552
0.544
0.536
0.523
0.407
0.361
0.262
0.232
0.160
0.104
0.090
0.099
0.077
0.073
0.067
0.053
0.031
0.067
0.109
0.134
0.085
0.106
0.174
0.196
0.202
0.351
0.297
0.318
0.226
0.219
0.060
0.013
0.031
0.017
0.000
0.000
0.000
0.014
0.010
0.002
0.035
0.024
0.013
0.030
0.032
0.054
0.021
0.037
0.196
0.064
0.036
0.020
0.028
0.027
0.015
0.009
0.008
0.000
0.000
0.003
0.000
0.000
0.000
0.002
0.000
0.000
0.003
0.016
0.000
0.004
0.016
0.062
0.056
0.093
0.087
0.083
0.071
0.043
0.000
0.000
0.003
0.005
0.014
0.001
0.000
0.002
0.003
0.000
0.000
0.000
0.000
0.006
0.000
0.006
0.008
0.000
0.007
0.003
0.013
0.019
0.005
0.000
0.009
0.000
0.000
0.000
0.000
0.000
0.006
0.005
0.007
0.007
0.005
0.014
0.014
0.067
0.050
0.074
0.077
0.039
0.040
0.068
0.043
0.075
0.050
0.032
0.000
0.002
0.012
0.014
0.011
0.016
0.016
0.020
0.044
0.022
0.022
0.021
0.025
0.050
0.122
0.129
0.152
0.238
0.222
0.227
0.250
0.197
0.134
0.150
0.160
0.154
0.158
0.160
0.129
0.140
0.126
0.089
0.090
0.063
0.070
0.103
0.171
0.211
0.221
0.230
0.232
0.249
0.209
0.233
0.162
0.088
0.063
0.013
0.000
0.021
0.011
0.017
0.000
0.000
0.000
0.005
0.007
0.017
0.001
0.012
0.062
0.024
0.114
0.091
0.139
0.150
0.144
0.161
0.162
0.164
0.211
0.193
0.157
0.161
0.123
0.129
0.164
0.132
0.127
0.165
0.194
0.210
0.247
0.320
0.381
0.442
0.403
0.461
0.527
0.535
0.437
0.444
0.345
0.309
0.298
0.244
0.208
0.189
0.148
0.095
0.093
0.102
0.110
0.037
0.032
0.050
0.024
0.005
0.077
0.074
0.071
0.136
0.117
0.126
0.144
0.150
0.114
0.165
0.195
0.178
0.102
0.070
0.052
0.054
0.062
0.089
0.085
0.089
0.093
0.078
0.087
0.116
0.201
0.255
0.239
0.291
0.285
0.318
0.305
0.350
0.305
0.272
0.238
0.232
0.120
0.033
0.014
0.010
0.005
0.000
0.000
0.000
0.006
0.000
0.000
0.000
0.015
0.025
0.031
0.032
0.018
0.025
0.038
0.023
0.031
0.027
0.028
0.000
0.014
0.026
0.024
0.014
0.020
0.009
0.012
0.028
0.028
0.030
0.028
0.056
0.051
0.064
0.092
0.143
0.066
0.085
0.108
0.077
0.085
0.087
0.066
0.030
0.010
0.007
0.011
0.029
0.034
0.012
0.000
0.009
0.004
0.015
0.018
0.021
0.061
0.061
0.094
0.100
0.099
0.131
0.124
0.144
0.144
0.131
0.163
0.120
0.068
0.049
0.030
0.048
0.053
0.029
0.020
0.020
0.012
0.014
0.000
0.003
0.046
0.100
0.119
0.190
0.185
0.246
0.199
0.263
0.254
0.235
0.171
0.124
0.136
0.121
0.071
0.127
0.076
0.098
0.113
0.090
0.077
0.082
0.107
0.133
0.209
0.314
0.383
0.384
0.334
0.374
0.389
0.374
0.398
0.389
0.304
0.279
0.230
0.135
0.115
0.082
0.099
0.095
0.080
0.088
0.123
0.119
0.135
0.197
0.386
0.467
0.463
0.480
0.494
0.493
0.524
0.493
0.502
0.458
0.408
0.282
0.146
0.099
0.049
0.049
0.046
0.034
0.032
0.037
0.012
0.007
0.014
0.050
0.088
0.102
0.075
0.092
0.125
0.130
0.110
0.095
0.078
0.059
0.036
0.005
0.000
0.000
0.000
0.000
0.000
0.000
0.000
0.000
0.000
0.000
0.000
0.014
0.028
0.065
0.046
0.047
0.069
0.100
0.143
0.218
0.237
0.253
0.269
0.238
0.123
0.065
0.041
0.042
0.046
0.033
0.031
0.028
0.016
0.023
0.025
0.060
0.176
0.235
0.346
0.365
0.410
0.457
0.515
0.517
0.562
0.531
0.483
0.372
0.233
0.138
0.131
0.150
0.185
0.176
0.175
0.198
0.196
0.208
0.235
0.261
0.350
0.402
0.372
0.378
0.359
0.350
0.362
0.342
0.260
0.231
0.207
0.078
0.062
0.086
0.093
0.128
0.117
0.120
0.118
0.069
0.068
0.049
0.028
0.021
0.014
0.032
0.035
0.043
0.060
0.106
0.085
0.074
0.050
0.040
0.027
0.022
0.031
0.028
0.015
0.023
0.016
0.007
0.012
0.018
0.020
0.022
0.015
0.030
0.057
0.069
0.107
0.119
0.169
0.170
0.161
0.208
0.169
0.154
0.170
0.197
0.177
0.151
0.170
0.202
0.228
0.226
0.202
0.185
0.173
0.149
0.175
0.215
0.272
0.328
0.421
0.506
0.567
0.599
0.673
0.717
0.699
0.637
0.553
0.478
0.397
0.414
0.386
0.342
0.176
0.194
0.196
0.194
0.196
0.224
0.275
0.396
0.376
0.562
0.618
0.609
0.616
0.617
0.660
0.641
0.612
0.548
0.446
0.353
0.296
0.304
0.295
0.226
0.240
0.227
0.197
0.161
0.114
0.146
0.114
0.158
0.218
0.282
0.346
0.361
0.380
0.340
0.374
0.461
0.460
0.494
0.413
0.343
0.276
0.197
0.158
0.171
0.142
0.147
0.190
0.154
0.174
0.180
0.200
0.240
0.345
0.396
0.495
0.619
0.645
0.636
0.655
0.616
0.586
0.447
0.343
0.221
0.196
0.132
0.120
0.104
0.066
0.056
0.032
0.037
0.039
0.023
0.000
0.002
0.043
0.031
0.021
0.044
0.036
0.036
0.037
0.029
0.010
0.056
0.050
0.032
0.019
0.000
0.014
0.009
0.025
0.004
0.001
0.000
0.015
0.051
0.058
0.039
0.038
0.102
0.150
0.131
0.136
0.164
0.172
0.176
0.181
0.279
0.237
0.098
0.048
0.034
0.031
0.050
0.047
0.045
0.055
0.073
0.083
0.080
0.098
0.081
0.105
0.093
0.093
0.113
0.144
0.110
0.110
0.157
0.154
0.119
0.104
0.057
0.039
0.012
0.013
0.007
0.004
0.025
0.011
0.000
0.000
0.000
0.000
0.002
0.009
0.021
0.022
0.022
0.019
0.015
0.020
0.044
0.041
0.022
0.011
0.011
0.000
0.000
0.000
0.000
0.000
0.000
0.000
0.000
0.006
0.006
0.005
0.002
0.001
0.000
0.000
0.000
0.005
0.048
0.067
0.069
0.070
0.057
0.018
0.000
0.000
0.000
0.000
0.000
0.003
0.007
0.005
0.009
0.013
0.009
0.007
0.009
0.011
0.010
0.003
0.094
0.102
0.065
0.065
0.106
0.120
0.097
0.067
0.048
0.023
0.022
0.019
0.028
0.040
0.029
0.021
0.023
0.028
0.018
0.020
0.028
0.033
0.054
0.067
0.110
0.153
0.159
0.132
0.148
0.181
0.194
0.158
0.113
0.059
0.046
0.045
0.039
0.036
0.027
0.035
0.028
0.028
0.030
0.029
0.031
0.041
0.058
0.100
0.142
0.190
0.232
0.219
0.215
0.199
0.213
0.186
0.123
0.072
0.065
0.072
0.059
0.051
0.033
0.035
0.035
0.030
0.036
0.033
0.023
0.026
0.063
0.076
0.080
0.097
0.113
0.168
0.157
0.160
0.168
0.107
0.042
0.033
0.028
0.031
0.022
0.017
0.000
0.002
0.002
0.004
0.002
0.006
0.007
0.027
0.054
0.128
0.175
0.194
0.254
0.283
0.319
0.278
0.273
0.320
0.248
0.227
0.218
0.221
0.211
0.173
0.129
0.064
0.044
0.072
0.021
0.016
0.032
0.039
0.042
0.065
0.088
0.038
0.048
0.058
0.055
0.034
0.018
0.045
0.003
0.021
0.000
0.006
0.038
0.009
0.003
0.000
0.021
0.003
0.014
0.022
0.010
0.045
0.208
0.281
0.337
0.376
0.412
0.341
0.347
0.236
0.221
0.184
0.105
0.057
0.031
0.027
0.025
0.017
0.021
0.008
0.000
0.001
0.000
0.000
0.001
0.000
0.013
0.017
0.022
0.035
0.032
0.004
0.009
0.008
0.005
0.000
0.000
0.000
0.000
0.000
0.000
0.000
0.000
0.002
0.005
0.008
0.006
0.000
0.000
0.000
0.000
0.000
0.005
0.030
0.010
0.051
0.005
0.030
0.030
0.006
0.029
0.000
0.006
0.007
0.004
0.006
0.018
0.009
0.005
0.011
0.014
0.025
0.037
0.075
0.116
0.158
0.213
0.331
0.453
0.475
0.496
0.403
0.467
0.434
0.399
0.447
0.436
0.420
0.343
0.419
0.418
0.282
0.280
0.179
0.276
0.235
0.154
0.111
0.137
0.172
0.234
0.259
0.245
0.218
0.209
0.242
0.273
0.158
0.143
0.044
0.026
0.029
0.024
0.067
0.081
0.074
0.060
0.077
0.051
0.100
0.109
0.105
0.161
0.180
0.174
0.186
0.186
0.165
0.173
0.089
0.092
0.069
0.026
0.032
0.062
0.007
0.048
0.046
0.064
0.052
0.079
0.121
0.085
0.136
0.158
0.121
0.136
0.222
0.418
0.488
0.512
0.522
0.544
0.507
0.498
0.472
0.334
0.230
0.167
0.173
0.152
0.139
0.134
0.112
0.113
0.123
0.124
0.097
0.096
0.107
0.149
0.254
0.277
0.220
0.202
0.164
0.221
0.227
0.155
0.100
0.066
0.025
0.042
0.035
0.017
0.031
0.010
0.009
0.005
0.005
0.011
0.010
0.000
0.000
0.019
0.028
0.039
0.060
0.057
0.058
0.080
0.103
0.076
0.048
0.021
0.018
0.003
0.000
0.000
0.013
0.020
0.030
0.024
0.016
0.011
0.007
0.015
0.047
0.107
0.135
0.140
0.166
0.159
0.166
0.232
0.174
0.136
0.104
0.034
0.024
0.020
0.011
0.009
0.005
0.000
0.000
0.000
0.000
0.002
0.007
0.000
0.000
0.021
0.012
0.076
0.110
0.115
0.180
0.153
0.179
0.213
0.164
0.083
0.038
0.031
0.047
0.076
0.048
0.022
0.019
0.018
0.037
0.041
0.054
0.053
0.086
0.151
0.368
0.470
0.370
0.444
0.485
0.409
0.335
0.285
0.301
0.162
0.057
0.037
0.045
0.063
0.072
0.043
0.039
0.040
0.019
0.136
0.055
0.052
0.083
0.188
0.250
0.337
0.308
0.424
0.405
0.470
0.492
0.433
0.346
0.191
0.159
0.131
0.124
0.148
0.120
0.096
0.073
0.065
0.056
0.050
0.062
0.062
0.079
0.239
0.415
0.309
0.343
0.397
0.359
0.331
0.201
0.208
0.141
0.112
0.121
0.100
0.101
0.060
0.055
0.024
0.027
0.026
0.017
0.016
0.010
0.024
0.030
0.037
0.089
0.087
0.094
0.085
0.078
0.076
0.191
0.159
0.045
0.013
0.000
0.002
0.004
0.005
0.014
0.019
0.019
0.013
0.013
0.014
0.018
0.030
0.072
0.201
0.199
0.327
0.249
0.170
0.230
0.187
0.158
0.207
0.160
0.103
0.013
0.001
0.000
0.000
0.000
0.006
0.016
0.005
0.000
0.005
0.010
0.006
0.025
0.043
0.138
0.163
0.174
0.226
0.269
0.317
0.356
0.300
0.106
0.089
0.078
0.161
0.227
0.119
0.058
0.065
0.086
0.071
0.053
0.099
0.015
0.041
0.035
0.196
0.247
0.314
0.443
0.377
0.347
0.339
0.328
0.197
0.190
0.126
0.144
0.144
0.176
0.221
0.257
0.285
0.272
0.205
0.181
0.223
0.206
0.196
0.304
0.355
0.354
0.314
0.492
0.508
0.548
0.621
0.610
0.609
0.662
0.700
0.603
0.554
0.405
0.409
0.322
0.439
0.464
0.404
0.411
0.314
0.273
0.235
0.203
0.452
0.306
0.203
0.326
0.268
0.344
0.368
0.373
0.359
0.314
0.219
0.169
0.094
0.087
0.082
0.109
0.084
0.063
0.047
0.046
0.036
0.043
0.031
0.047
0.069
0.047
0.071
0.066
0.062
0.096
0.196
0.237
0.206
0.214
0.146
0.099
0.046
0.065
0.058
0.001
0.016
0.034
0.057
0.007
0.005
0.005
0.033
0.056
0.090
0.135
0.210
0.155
0.207
0.201
0.204
0.205
0.189
0.095
0.052
0.016
0.025
0.023
0.027
0.043
0.013
0.034
0.045
0.025
0.082
0.033
0.023
0.052
0.122
0.208
0.176
0.199
0.199
0.202
0.236
0.247
0.215
0.104
0.108
0.108
0.142
0.135
0.092
0.056
0.061
0.064
0.059
0.076
0.053
0.079
0.100
0.085
0.099
0.382
0.446
0.555
0.589
0.511
0.468
0.395
0.267
0.128
0.091
0.051
0.055
0.019
0.010
0.012
0.010
0.014
0.020
0.008
0.018
0.015
0.019
0.011
0.074
0.195
0.258
0.239
0.160
0.147
0.125
0.139
0.126
0.065
0.007
0.011
0.005
0.038
0.038
0.023
0.011
0.000
0.000
0.012
0.011
0.020
0.011
0.027
0.054
0.091
0.136
0.218
0.197
0.194
0.163
0.185
0.146
0.114
0.046
0.007
0.010
0.008
0.007
0.015
0.005
0.027
0.021
0.028
0.051
0.032
0.093
0.115
0.247
0.327
0.452
0.502
0.477
0.417
0.393
0.345
0.372
0.336
0.219
0.169
0.138
0.119
0.160
0.119
0.144
0.153
0.123
0.086
0.098
0.084
0.089
0.094
0.215
0.265
0.333
0.346
0.352
0.324
0.352
0.320
0.225
0.188
0.138
0.159
0.162
0.110
0.085
0.080
0.081
0.100
0.073
0.137
0.076
0.089
0.090
0.064
0.115
0.217
0.284
0.234
0.262
0.236
0.220
0.231
0.211
0.135
0.087
0.073
0.080
0.085
0.074
0.050
0.048
0.040
0.038
0.031
0.029
0.037
0.038
0.063
0.102
0.199
0.236
0.199
0.267
0.222
0.246
0.230
0.199
0.183
0.059
0.064
0.048
0.043
0.023
0.024
0.014
0.025
0.026
0.015
0.030
0.077
0.047
0.051
0.072
0.123
0.187
0.198
0.163
0.129
0.087
0.060
0.044
0.060
0.026
0.025
0.037
0.066
0.038
0.048
0.003
0.003
0.005
0.039
0.005
0.013
0.023
0.012
0.043
0.070
0.111
0.073
0.058
0.017
0.022
0.034
0.018
0.020
0.003
0.000
0.001
0.000
0.000
0.000
0.000
0.000
0.000
0.000
0.000
0.000
0.000
0.000
0.000
0.007
0.013
0.016
0.112
0.140
0.062
0.069
0.047
0.041
0.034
0.064
0.085
0.073
0.110
0.108
0.116
0.133
0.150
0.142
0.127
0.130
0.160
0.174
0.187
0.177
0.210
0.237
0.197
0.194
0.177
0.168
0.187
0.177
0.297
0.264
0.299
0.273
0.292
0.367
0.340
0.274
0.262
0.199
0.178
0.140
0.109
0.145
0.204
0.304
0.421
0.406
0.396
0.274
0.247
0.268
0.137
0.105
0.014
0.042
0.025
0.031
0.054
0.074
0.058
0.094
0.207
0.339
0.398
0.444
0.467
0.604
0.742
0.868
0.829
0.854
0.904
0.895
0.687
0.635
0.538
0.483
0.335
0.266
0.268
0.151
0.145
0.134
0.136
0.128
0.121
0.146
0.232
0.300
0.390
0.459
0.560
0.643
0.701
0.764
0.702
0.771
0.714
0.572
0.442
0.342
0.282
0.266
0.176
0.208
0.162
0.159
0.171
0.111
0.076
0.060
0.036
0.050
0.072
0.036
0.039
0.057
0.126
0.161
0.211
0.154
0.174
0.193
0.182
0.053
0.009
0.016
0.019
0.005
0.001
0.006
0.001
0.008
0.008
0.040
0.032
0.043
0.043
0.040
0.085
0.170
0.480
0.590
0.599
0.537
0.477
0.422
0.336
0.229
0.183
0.123
0.119
0.117
0.114
0.112
0.098
0.085
0.087
0.090
0.056
0.078
0.056
0.040
0.090
0.132
0.304
0.439
0.352
0.413
0.427
0.493
0.465
0.477
0.581
0.642
0.718
0.686
0.747
0.825
0.866
0.805
0.745
0.687
0.576
0.445
0.359
0.367
0.321
0.408
0.480
0.486
0.489
0.528
0.358
0.375
0.293
0.176
0.108
0.082
0.111
0.089
0.071
0.174
0.119
0.203
0.214
0.193
0.218
0.172
0.158
0.168
0.258
0.334
0.265
0.225
0.246
0.237
0.147
0.150
0.114
0.011
0.006
0.009
0.005
0.005
0.012
0.014
0.022
0.014
0.034
0.006
0.000
0.001
0.002
0.006
0.020
0.139
0.193
0.261
0.261
0.253
0.337
0.244
0.237
0.109
0.082
0.065
0.126
0.095
0.070
0.092
0.126
0.126
0.117
0.105
0.093
0.104
0.064
0.081
0.111
0.123
0.172
0.186
0.191
0.258
0.250
0.216
0.140
0.098
0.063
0.084
0.080
0.065
0.062
0.087
0.131
0.111
0.114
0.090
0.106
0.129
0.056
0.044
0.048
0.045
0.058
0.075
0.066
0.072
0.083
0.049
0.033
0.005
0.000
0.000
0.005
0.020
0.008
0.003
0.011
0.026
0.019
0.012
0.008
0.023
0.009
0.043
0.039
0.043
0.070
0.086
0.142
0.194
0.257
0.241
0.165
0.122
0.092
0.119
0.155
0.163
0.155
0.124
0.199
0.174
0.173
0.201
0.165
0.148
0.135
0.113
0.176
0.241
0.331
0.392
0.331
0.340
0.377
0.274
0.184
0.066
0.021
0.000
0.000
0.000
0.000
0.000
0.000
0.000
0.000
0.000
0.000
0.006
0.031
0.031
0.000
0.060
0.122
0.208
0.320
0.303
0.249
0.252
0.153
0.101
0.120
0.171
0.240
0.266
0.296
0.255
0.212
0.230
0.217
0.244
0.222
0.192
0.183
0.182
0.243
0.327
0.324
0.347
0.405
0.392
0.356
0.297
0.245
0.189
0.173
0.205
0.134
0.128
0.103
0.122
0.092
0.030
0.024
0.019
0.007
0.007
0.009
0.017
0.013
0.009
0.031
0.072
0.054
0.026
0.004
0.003
0.000
0.000
0.002
0.014
0.006
0.004
0.002
0.021
0.031
0.023
0.042
0.066
0.070
0.106
0.115
0.134
0.153
0.171
0.186
0.200
0.199
0.189
0.171
0.136
0.139
0.122
0.130
0.140
0.181
0.187
0.190
0.191
0.126
0.121
0.135
0.111
0.104
0.107
0.145
0.168
0.204
0.205
0.232
0.217
0.233
0.185
0.122
0.120
0.089
0.067
0.070
0.046
0.050
0.027
0.025
0.006
0.000
0.011
0.012
0.015
0.022
0.009
0.018
0.019
0.034
0.063
0.080
0.054
0.050
0.026
0.035
0.029
0.010
0.032
0.002
0.009
0.008
0.000
0.003
0.034
0.069
0.063
0.091
0.099
0.106
0.117
0.094
0.098
0.103
0.093
0.091
0.099
0.185
0.167
0.215
0.175
0.086
0.018
0.013
0.000
0.000
0.000
0.000
0.000
0.001
0.000
0.000
0.000
0.000
0.000
0.000
0.000
0.000
0.000
0.047
0.090
0.095
0.154
0.134
0.127
0.025
0.006
0.025
0.018
0.038
0.016
0.015
0.035
0.040
0.022
0.023
0.020
0.024
0.035
0.045
0.043
0.078
0.126
0.175
0.274
0.171
0.200
0.227
0.226
0.120
0.104
0.107
0.153
0.141
0.150
0.150
0.185
0.180
0.158
0.149
0.154
0.159
0.166
0.179
0.231
0.246
0.270
0.213
0.321
0.409
0.383
0.241
0.105
0.042
0.018
0.006
0.002
0.000
0.001
0.000
0.000
0.002
0.001
0.000
0.000
0.018
0.000
0.000
0.002
0.012
0.025
0.050
0.029
0.051
0.066
0.051
0.117
0.128
0.117
0.159
0.263
0.232
0.262
0.359
0.333
0.349
0.312
0.234
0.239
0.197
0.107
0.082
0.065
0.107
0.164
0.215
0.214
0.271
0.174
0.149
0.119
0.005
0.027
0.015
0.000
0.002
0.004
0.005
0.010
0.009
0.005
0.005
0.010
0.007
0.017
0.019
0.012
0.005
0.000
0.015
0.025
0.028
0.018
0.003
0.000
0.000
0.000
0.000
0.001
0.004
0.002
0.009
0.021
0.023
0.023
0.011
0.015
0.029
0.053
0.080
0.077
0.091
0.191
0.220
0.244
0.266
0.270
0.282
0.245
0.187
0.114
0.091
0.197
0.232
0.221
0.308
0.334
0.280
0.248
0.293
0.290
0.284
0.280
0.289
0.308
0.401
0.520
0.595
0.574
0.595
0.544
0.648
0.498
0.382
0.369
0.351
0.272
0.258
0.215
0.182
0.144
0.145
0.135
0.144
0.099
0.106
0.118
0.118
0.166
0.188
0.140
0.153
0.160
0.166
0.214
0.201
0.190
0.234
0.199
0.212
0.196
0.188
0.199
0.145
0.110
0.081
0.101
0.121
0.118
0.127
0.116
0.121
0.245
0.354
0.446
0.488
0.488
0.652
0.581
0.659
0.780
0.917
0.970
0.914
0.706
0.566
0.484
0.439
0.401
0.330
0.410
0.406
0.351
0.358
0.291
0.262
0.225
0.229
0.224
0.252
0.345
0.297
0.194
0.354
0.383
0.412
0.504
0.445
0.495
0.551
0.588
0.611
0.536
0.465
0.417
0.294
0.243
0.293
0.301
0.318
0.200
0.203
0.238
0.300
0.391
0.344
0.479
0.590
0.518
0.428
0.519
0.493
0.679
0.767
0.799
0.720
0.712
0.806
0.815
0.801
0.790
0.721
0.708
0.673
0.731
0.724
0.734
0.792
0.822
0.804
0.795
0.688
0.476
0.380
0.232
0.253
0.299
0.340
0.354
0.286
0.265
0.300
0.282
0.238
0.241
0.261
0.234
0.179
0.136
0.114
0.170
0.162
0.244
0.224
0.340
0.322
0.220
0.220
0.297
0.392
0.435
0.529
0.518
0.532
0.503
0.517
0.509
0.479
0.496
0.505
0.558
0.567
0.631
0.559
0.691
0.804
0.813
0.789
0.800
0.907
0.823
0.828
0.655
0.497
0.360
0.367
0.398
0.569
0.568
0.643
0.703
0.715
0.768
0.793
0.784
0.748
0.776
0.740
0.709
0.719
0.774
0.765
0.729
0.753
0.704
0.685
0.661
0.638
0.618
0.607
0.554
0.542
0.487
0.444
0.398
0.418
0.369
0.374
0.402
0.414
0.461
0.508
0.624
0.728
0.710
0.676
0.727
0.775
0.853
0.827
0.829
0.885
0.914
0.803
0.780
0.755
0.689
0.591
0.599
0.513
0.510
0.496
0.425
0.368
0.236
0.173
0.195
0.243
0.269
0.452
0.527
0.602
0.704
0.720
0.653
0.629
0.558
0.435
0.412
0.391
0.301
0.332
0.321
0.479
0.494
0.475
0.486
0.477
0.566
0.608
0.681
0.726
0.694
0.692
0.677
0.728
0.821
0.814
0.911
0.826
0.837
0.946
0.984
0.904
0.904
0.753
0.598
0.495
0.493
0.667
0.875
0.956
0.967
0.989
0.931
0.923
0.979
1.012
0.973
0.947
0.860
0.836
0.619
0.862
0.897
0.919
0.917
0.951
0.974
0.891
0.895
0.671
0.518
0.463
0.372
0.357
0.236
0.208
0.295
0.330
0.503
0.611
0.665
0.646
0.590
0.455
0.517
0.445
0.470
0.367
0.403
0.457
0.388
0.408
0.456
0.486
0.439
0.396
0.396
0.401
0.394
0.454
0.447
0.515
0.713
0.622
0.587
0.578
0.389
0.257
0.201
0.071
0.075
0.039
0.076
0.106
0.163
0.249
0.295
0.356
0.402
0.510
0.369
0.423
0.393
0.356
0.449
0.493
0.419
0.453
0.540
0.511
0.594
0.551
0.394
0.533
0.606
0.511
0.500
0.475
0.313
0.360
0.277
0.256
0.242
0.162
0.126
0.061
0.037
0.034
0.026
0.030
0.055
0.053
0.097
0.069
0.014
0.026
0.053
0.074
0.154
0.246
0.365
0.407
0.433
0.495
0.498
0.510
0.421
0.513
0.554
0.483
0.429
0.369
0.359
0.307
0.267
0.222
0.212
0.193
0.167
0.180
0.197
0.189
0.261
0.187
0.173
0.202
0.207
0.260
0.319
0.277
0.328
0.420
0.376
0.500
0.470
0.363
0.347
0.435
0.329
0.193
0.165
0.184
0.259
0.219
0.239
0.162
0.201
0.143
0.177
0.234
0.224
0.207
0.297
0.213
0.192
0.317
0.386
0.229
0.171
0.167
0.090
0.118
0.163
0.175
0.111
0.080
0.095
0.059
0.050
0.062
0.072
0.028
0.024
0.027
0.029
0.022
0.011
0.000
0.000
0.000
0.010
0.029
0.011
0.004
0.027
0.012
0.025
0.018
0.001
0.009
0.000
0.013
0.015
0.019
0.003
0.032
0.023
0.021
0.027
0.014
0.020
0.024
0.029
0.020
0.027
0.020
0.023
0.047
0.043
0.045
0.093
0.112
0.086
0.108
0.043
0.071
0.083
0.070
0.075
0.090
0.107
0.075
0.053
0.055
0.052
0.030
0.034
0.027
0.040
0.047
0.046
0.033
0.025
0.074
0.054
0.078
0.091
0.097
0.121
0.095
0.056
0.058
0.048
0.048
0.064
0.078
0.116
0.125
0.109
0.147
0.148
0.123
0.094
0.081
0.105
0.120
0.103
0.130
0.217
0.264
0.224
0.175
0.155
0.154
0.144
0.125
0.150
0.181
0.200
0.152
0.137
0.158
0.112
0.073
0.104
0.133
0.112
0.105
0.123
0.136
0.190
0.217
0.200
0.194
0.150
0.086
0.031
0.005
0.015
0.009
0.009
0.022
0.047
0.057
0.065
0.054
0.052
0.123
0.106
0.090
0.101
0.146
0.140
0.195
0.226
0.218
0.178
0.097
0.122
0.119
0.096
0.051
0.066
0.070
0.051
0.038
0.068
0.046
0.066
0.083
0.124
0.108
0.121
0.185
0.236
0.290
0.307
0.248
0.223
0.246
0.180
0.184
0.199
0.172
0.089
0.132
0.099
0.067
0.039
0.047
0.049
0.045
0.054
0.046
0.021
0.014
0.010
0.005
0.004
0.014
0.007
0.003
0.000
0.000
0.001
0.177
0.205
0.235
0.355
0.358
0.480
0.466
0.387
0.527
0.415
0.300
0.326
0.278
0.450
0.361
0.351
0.311
0.294
0.237
0.237
0.217
0.189
0.341
0.313
0.359
0.306
0.388
0.425
0.379
0.387
0.394
0.399
0.416
0.438
0.446
0.396
0.370
0.334
0.322
0.207
0.289
0.221
0.310
0.306
0.237
0.244
0.205
0.223
0.223
0.139
0.078
0.084
0.078
0.061
0.040
0.032
0.022
0.004
0.011
0.000
0.006
0.001
0.000
0.000
0.000
0.000
0.007
0.000
0.000
0.004
0.000
0.010
0.031
0.053
0.076
0.064
0.034
0.051
0.112
0.115
0.173
0.261
0.158
0.174
0.240
0.277
0.216
0.146
0.158
0.172
0.209
0.234
0.334
0.365
0.412
0.508
0.552
0.488
0.504
0.533
0.590
0.525
0.492
0.530
0.553
0.571
0.456
0.350
0.385
0.426
0.404
0.392
0.393
0.347
0.386
0.388
0.408
0.441
0.421
0.386
0.468
0.336
0.373
0.318
0.255
0.145
0.105
0.036
0.096
0.034
0.081
0.069
0.031
0.080
0.048
0.091
0.086
0.095
0.069
0.102
0.106
0.137
0.271
0.288
0.318
0.319
0.288
0.376
0.265
0.136
0.267
0.300
0.245
0.245
0.244
0.251
0.238
0.257
0.217
0.232
0.231
0.303
0.264
0.366
0.415
0.325
0.330
0.423
0.463
0.358
0.354
0.389
0.427
0.267
0.268
0.213
0.191
0.141
0.119
0.139
0.091
0.078
0.075
0.117
0.098
0.074
0.047
0.043
0.045
0.078
0.089
0.113
0.201
0.252
0.296
0.361
0.451
0.565
0.604
0.608
0.673
0.522
0.463
0.400
0.414
0.366
0.307
0.298
0.303
0.254
0.303
0.246
0.228
0.207
0.217
0.214
0.197
0.220
0.178
0.214
0.330
0.334
0.384
0.301
0.230
0.255
0.234
0.155
0.120
0.081
0.022
0.005
0.000
0.000
0.000
0.000
0.007
0.009
0.028
0.048
0.064
0.129
0.082
0.110
0.192
0.273
0.423
0.546
0.606
0.741
0.743
0.603
0.466
0.380
0.342
0.280
0.204
0.192
0.215
0.161
0.112
0.134
0.139
0.140
0.099
0.068
0.067
0.096
0.079
0.054
0.086
0.099
0.083
0.086
0.101
0.119
0.126
0.189
0.237
0.217
0.200
0.184
0.143
0.103
0.127
0.149
0.159
0.205
0.249
0.238
0.197
0.149
0.189
0.262
0.317
0.516
0.596
0.651
0.632
0.675
0.790
0.787
0.703
0.735
0.715
0.750
0.785
0.721
0.709
0.827
0.831
0.769
0.807
0.768
0.677
0.759
0.753
0.672
0.625
0.619
0.617
0.564
0.566
0.469
0.426
0.408
0.361
0.348
0.270
0.295
0.200
0.169
0.157
0.132
0.131
0.167
0.125
0.074
0.046
0.039
0.044
0.051
0.045
0.041
0.023
0.024
0.006
0.003
0.000
0.000
0.001
0.001
0.008
0.010
0.022
0.022
0.004
0.001
0.008
0.011
0.006
0.013
0.008
0.003
0.000
0.000
0.000
0.000
0.000
0.000
0.000
0.000
0.000
0.000
0.000
0.000
0.000
0.000
0.000
0.000
0.000
0.000
0.000
0.000
0.002
0.000
0.000
0.000
0.000
0.000
0.000
0.016
0.000
0.000
0.000
0.010
0.008
0.023
0.008
0.014
0.019
0.025
0.053
0.047
0.055
0.064
0.070
0.081
0.059
0.095
0.063
0.097
0.102
0.139
0.089
0.187
0.146
0.147
0.184
0.154
0.114
0.114
0.102
0.124
0.123
0.127
0.103
0.081
0.079
0.084
0.060
0.019
0.040
0.014
0.007
0.000
0.002
0.003
0.021
0.031
0.050
0.068
0.126
0.070
0.000
0.014
0.050
0.064
0.086
0.043
0.025
0.022
0.018
0.005
0.009
0.002
0.013
0.006
0.020
0.041
0.008
0.015
0.006
0.000
0.013
0.004
0.012
0.023
0.010
0.001
0.003
0.000
0.000
0.002
0.004
0.004
0.004
0.014
0.012
0.009
0.007
0.015
0.001
0.000
0.000
0.000
0.000
0.000
0.018
0.014
0.024
0.026
0.029
0.036
0.012
0.013
0.011
0.012
0.033
0.032
0.093
0.131
0.119
0.160
0.186
0.239
0.216
0.215
0.273
0.232
0.273
0.310
0.352
0.340
0.408
0.382
0.369
0.364
0.341
0.282
0.156
0.138
0.165
0.109
0.096
0.064
0.092
0.084
0.121
0.148
0.091
0.025
0.014
0.006
0.090
0.099
0.084
0.064
0.049
0.020
0.029
0.018
0.057
0.058
0.061
0.052
0.088
0.129
0.200
0.191
0.239
0.250
0.278
0.294
0.343
0.366
0.471
0.615
0.663
0.710
0.651
0.586
0.561
0.664
0.603
0.649
0.730
0.702
0.697
0.755
0.724
0.631
0.606
0.475
0.422
0.365
0.354
0.207
0.308
0.214
0.191
0.163
0.053
0.036
0.059
0.099
0.105
0.081
0.066
0.142
0.133
0.170
0.200
0.219
0.163
0.122
0.071
0.023
0.050
0.091
0.129
0.090
0.065
0.045
0.045
0.050
0.028
0.043
0.075
0.100
0.084
0.050
0.031
0.050
0.029
0.044
0.046
0.032
0.028
0.031
0.016
0.027
0.011
0.027
0.006
0.003
0.015
0.014
0.002
0.000
0.000
0.000
0.015
0.030
0.053
0.051
0.052
0.081
0.087
0.078
0.101
0.106
0.106
0.125
0.102
0.099
0.145
0.185
0.168
0.183
0.168
0.172
0.208
0.227
0.262
0.399
0.361
0.273
0.383
0.235
0.199
0.221
0.213
0.235
0.261
0.342
0.331
0.320
0.252
0.224
0.234
0.247
0.252
0.257
0.178
0.111
0.109
0.106
0.104
0.105
0.144
0.170
0.125
0.101
0.104
0.191
0.225
0.237
0.252
0.301
0.248
0.206
0.131
0.095
0.114
0.174
0.197
0.177
0.177
0.099
0.053
0.027
0.007
0.031
0.008
0.000
0.016
0.011
0.011
0.000
0.003
0.026
0.020
0.051
0.030
0.031
0.034
0.011
0.021
0.054
0.116
0.193
0.185
0.168
0.152
0.133
0.146
0.119
0.074
0.035
0.052
0.042
0.011
0.016
0.023
0.000
0.000
0.000
0.000
0.000
0.000
0.000
0.051
0.033
0.001
0.000
0.000
0.017
0.007
0.002
0.000
0.000
0.000
0.003
0.001
0.000
0.018
0.012
0.053
0.057
0.030
0.029
0.040
0.037
0.077
0.080
0.118
0.141
0.209
0.208
0.161
0.070
0.032
0.029
0.085
0.065
0.048
0.028
0.020
0.012
0.013
0.081
0.057
0.049
0.027
0.007
0.011
0.028
0.060
0.056
0.077
0.177
0.207
0.215
0.170
0.086
0.056
0.074
0.042
0.010
0.147
0.143
0.069
0.083
0.092
0.087
0.075
0.086
0.079
0.141
0.138
0.092
0.109
0.157
0.150
0.157
0.194
0.180
0.140
0.104
0.099
0.085
0.077
0.058
0.084
0.059
0.047
0.060
0.027
0.039
0.041
0.040
0.038
0.032
0.039
0.022
0.017
0.007
0.015
0.083
0.029
0.047
0.089
0.046
0.110
0.125
0.104
0.093
0.135
0.172
0.190
0.214
0.204
0.254
0.292
0.339
0.345
0.324
0.298
0.345
0.312
0.285
0.328
0.355
0.360
0.377
0.376
0.335
0.238
0.243
0.178
0.127
0.112
0.109
0.088
0.079
0.088
0.087
0.027
0.000
0.015
0.005
0.017
0.001
0.002
0.000
0.026
0.026
0.030
0.071
0.101
0.104
0.110
0.111
0.084
0.132
0.147
0.209
0.200
0.185
0.150
0.157
0.260
0.182
0.207
0.160
0.127
0.084
0.046
0.048
0.035
0.038
0.133
0.199
0.315
0.342
0.307
0.333
0.297
0.362
0.312
0.310
0.319
0.345
0.331
0.336
0.342
0.406
0.424
0.422
0.399
0.393
0.396
0.439
0.539
0.564
0.746
0.657
0.630
0.766
0.731
0.676
0.622
0.542
0.626
0.678
0.619
0.585
0.591
0.615
0.615
0.597
0.600
0.598
0.588
0.577
0.510
0.412
0.335
0.312
0.284
0.285
0.221
0.153
0.084
0.090
0.087
0.071
0.027
0.004
0.031
0.020
