0,000
0,000
0,000
0,000
0,000
0,000
0,000
0,000
0,000
0,001
0,010
0,013
0,011
0,004
0,001
0,000
0,000
0,000
0,000
0,000
0,000
0,000
0,000
0,000
0,000
0,000
0,000
0,000
0,000
0,000
0,000
0,000
0,000
0,000
0,008
0,038
0,029
0,021
0,006
0,002
0,000
0,000
0,000
0,000
0,000
0,000
0,000
0,000
0,000
0,000
0,000
0,000
0,000
0,000
0,000
0,000
0,000
0,000
0,007
0,008
0,009
0,019
0,013
0,009
0,000
0,000
0,000
0,000
0,000
0,000
0,000
0,000
0,000
0,000
0,000
0,000
0,000
0,000
0,000
0,000
0,000
0,001
0,008
0,016
0,026
0,015
0,002
0,000
0,000
0,000
0,000
0,000
0,000
0,000
0,000
0,000
0,000
0,000
0,000
0,000
0,000
0,000
0,000
0,000
0,000
0,001
0,008
0,035
0,038
0,020
0,006
0,000
0,000
0,000
0,000
0,000
0,000
0,000
0,000
0,000
0,000
0,000
0,000
0,000
0,000
0,000
0,000
0,000
0,000
0,002
0,016
0,042
0,054
0,088
0,060
0,009
0,000
0,000
0,000
0,000
0,000
0,000
0,000
0,000
0,000
0,000
0,000
0,000
0,000
0,000
0,000
0,000
0,000
0,001
0,017
0,032
0,028
0,018
0,007
0,001
0,000
0,000
0,000
0,000
0,000
0,000
0,000
0,000
0,000
0,000
0,000
0,000
0,000
0,000
0,000
0,000
0,000
0,008
0,018
0,025
0,032
0,037
0,009
0,001
0,000
0,000
0,000
0,000
0,000
0,000
0,000
0,000
0,000
0,000
0,000
0,000
0,000
0,000
0,000
0,000
0,000
0,009
0,088
0,240
0,251
0,199
0,099
0,022
0,000
0,000
0,000
0,000
0,000
0,000
0,000
0,000
0,000
0,000
0,000
0,000
0,000
0,000
0,000
0,000
0,000
0,064
0,232
0,348
0,375
0,325
0,201
0,044
0,000
0,000
0,000
0,000
0,000
0,000
0,000
0,000
0,000
0,000
0,000
0,000
0,000
0,000
0,000
0,000
0,000
0,056
0,197
0,307
0,352
0,302
0,156
0,031
0,000
0,000
0,000
0,000
0,000
0,000
0,000
0,000
0,000
0,000
0,000
0,000
0,000
0,000
0,000
0,000
0,000
0,058
0,214
0,321
0,319
0,195
0,117
0,031
0,000
0,000
0,000
0,000
0,000
0,000
0,000
0,000
0,000
0,000
0,000
0,000
0,000
0,000
0,000
0,000
0,001
0,047
0,182
0,293
0,320
0,264
0,125
0,040
0,000
0,000
0,000
0,000
0,000
0,000
0,000
0,000
0,000
0,000
0,000
0,000
0,000
0,000
0,000
0,000
0,000
0,006
0,048
0,084
0,093
0,089
0,051
0,011
0,000
0,000
0,000
0,000
0,000
0,000
0,000
0,000
0,000
0,000
0,000
0,000
0,000
0,000
0,000
0,000
0,000
0,002
0,019
0,036
0,038
0,034
0,018
0,003
0,000
0,000
0,000
0,000
0,000
0,000
0,000
0,000
0,000
0,000
0,000
0,000
0,000
0,000
0,000
0,000
0,000
0,001
0,009
0,020
0,022
0,016
0,008
0,001
0,000
0,000
0,000
0,000
0,000
0,000
0,000
0,000
0,000
0,000
0,000
0,000
0,000
0,000
0,000
0,000
0,000
0,008
0,038
0,077
0,095
0,133
0,068
0,026
0,000
0,000
0,000
0,000
0,000
0,000
0,000
0,000
0,000
0,000
0,000
0,000
0,000
0,000
0,000
0,000
0,000
0,001
0,006
0,016
0,026
0,033
0,026
0,007
0,000
0,000
0,000
0,000
0,000
0,000
0,000
0,000
0,000
0,000
0,000
0,000
0,000
0,000
0,000
0,000
0,000
0,000
0,002
0,006
0,010
0,003
0,002
0,002
0,000
0,000
0,000
0,000
0,000
0,000
0,000
0,000
0,000
0,000
0,000
0,000
0,000
0,000
0,000
0,000
0,000
0,000
0,002
0,009
0,015
0,022
0,013
0,007
0,000
0,000
0,000
0,000
0,000
0,000
0,000
0,000
0,000
0,000
0,000
0,000
0,000
0,000
0,000
0,000
0,000
0,009
0,039
0,043
0,073
0,084
0,017
0,009
0,000
0,000
0,000
0,000
0,000
0,000
0,000
0,000
0,000
0,000
0,000
0,000
0,000
0,000
0,000
0,000
0,000
0,007
0,013
0,011
0,017
0,008
0,004
0,000
0,000
0,000
0,000
0,000
0,000
0,000
0,000
0,000
0,000
0,000
0,000
0,000
0,000
0,000
0,000
0,000
0,000
0,000
0,004
0,008
0,012
0,008
0,007
0,002
0,000
0,000
0,000
0,000
0,000
0,000
0,000
0,000
0,000
0,000
0,000
0,000
0,000
0,000
0,000
0,000
0,000
0,001
0,018
0,047
0,021
0,017
0,023
0,015
0,000
0,000
0,000
0,000
0,000
0,000
0,000
0,000
0,000
0,000
0,000
0,000
0,000
0,000
0,000
0,000
0,001
0,032
0,060
0,086
0,090
0,071
0,025
0,008
0,000
0,000
0,000
0,000
0,000
0,000
0,000
0,000
0,000
0,000
0,000
0,000
0,000
0,000
0,000
0,000
0,000
0,002
0,016
0,020
0,021
0,020
0,009
0,003
0,000
0,000
0,000
0,000
0,000
0,000
0,000
0,000
0,000
0,000
0,000
0,000
0,000
0,000
0,000
0,000
0,003
0,042
0,131
0,160
0,162
0,154
0,148
0,047
0,002
0,000
0,000
0,000
0,000
0,000
0,000
0,000
0,000
0,000
0,000
0,000
0,000
0,000
0,000
0,000
0,000
0,004
0,008
0,020
0,025
0,039
0,022
0,004
0,000
0,000
0,000
0,000
0,000
0,000
0,000
0,000
0,000
0,000
0,000
0,000
0,000
0,000
0,000
0,000
0,001
0,016
0,028
0,067
0,088
0,090
0,044
0,014
0,002
0,000
0,000
0,000
0,000
0,000
0,000
0,000
0,000
0,000
0,000
0,000
0,000
0,000
0,000
0,000
0,000
0,024
0,077
0,099
0,100
0,121
0,138
0,059
0,005
0,000
0,000
0,000
0,000
0,000
0,000
0,000
0,000
0,000
0,000
0,000
0,000
0,000
0,000
0,000
0,002
0,035
0,066
0,098
0,090
0,072
0,036
0,014
0,003
0,000
0,000
0,000
0,000
0,000
0,000
0,000
0,000
0,000
0,000
0,000
0,000
0,000
0,000
0,000
0,006
0,082
0,169
0,159
0,127
0,102
0,094
0,030
0,002
0,000
0,000
0,000
0,000
0,000
0,000
0,000
0,000
0,000
0,000
0,000
0,000
0,000
0,000
0,000
0,005
0,048
0,092
0,180
0,229
0,246
0,211
0,106
0,014
0,000
0,000
0,000
0,000
0,000
0,000
0,000
0,000
0,000
0,000
0,000
0,000
0,000
0,000
0,000
0,000
0,010
0,030
0,045
0,067
0,062
0,047
0,018
0,002
0,000
0,000
0,000
0,000
0,000
0,000
0,000
0,000
0,000
0,000
0,000
0,000
0,000
0,000
0,000
0,006
0,060
0,101
0,164
0,181
0,174
0,101
0,027
0,003
0,000
0,000
0,000
0,000
0,000
0,000
0,000
0,000
0,000
0,000
0,000
0,000
0,000
0,000
0,000
0,000
0,008
0,037
0,065
0,070
0,042
0,019
0,007
0,000
0,000
0,000
0,000
0,000
0,000
0,000
0,000
0,000
0,000
0,000
0,000
0,000
0,000
0,000
0,000
0,000
0,004
0,010
0,010
0,009
0,011
0,012
0,006
0,001
0,000
0,000
0,000
0,000
0,000
0,000
0,000
0,000
0,000
0,000
0,000
0,000
0,000
0,000
0,000
0,002
0,030
0,067
0,085
0,097
0,094
0,060
0,028
0,006
0,000
0,000
0,000
0,000
0,000
0,000
0,000
0,000
0,000
0,000
0,000
0,000
0,000
0,000
0,000
0,000
0,002
0,012
0,039
0,048
0,035
0,025
0,010
0,001
0,000
0,000
0,000
0,000
0,000
0,000
0,000
0,000
0,000
0,000
0,000
0,000
0,000
0,000
0,000
0,032
0,182
0,298
0,367
0,292
0,225
0,179
0,104
0,026
0,000
0,000
0,000
0,000
0,000
0,000
0,000
0,000
0,000
0,000
0,000
0,000
0,000
0,000
0,000
0,012
0,121
0,187
0,249
0,229
0,180
0,196
0,096
0,019
0,000
0,000
0,000
0,000
0,000
0,000
0,000
0,000
0,000
0,000
0,000
0,000
0,000
0,000
0,000
0,000
0,002
0,009
0,020
0,024
0,019
0,017
0,004
0,000
0,000
0,000
0,000
0,000
0,000
0,000
0,000
0,000
0,000
0,000
0,000
0,000
0,000
0,000
0,000
0,001
0,014
0,031
0,054
0,047
0,071
0,065
0,048
0,016
0,000
0,000
0,000
0,000
0,000
0,000
0,000
0,000
0,000
0,000
0,000
0,000
0,000
0,000
0,000
0,061
0,228
0,389
0,484
0,537
0,487
0,368
0,192
0,060
0,001
0,000
0,000
0,000
0,000
0,000
0,000
0,000
0,000
0,000
0,000
0,000
0,000
0,000
0,000
0,004
0,034
0,094
0,241
0,275
0,253
0,219
0,116
0,032
0,000
0,000
0,000
0,000
0,000
0,000
0,000
0,000
0,000
0,000
0,000
0,000
0,000
0,000
0,000
0,034
0,120
0,314
0,447
0,387
0,312
0,262
0,137
0,036
0,000
0,000
0,000
0,000
0,000
0,000
0,000
0,000
0,000
0,000
0,000
0,000
0,000
0,000
0,000
0,005
0,025
0,039
0,051
0,061
0,065
0,066
0,045
0,021
0,001
0,000
0,000
0,000
0,000
0,000
0,000
0,000
0,000
0,000
0,000
0,000
0,000
0,000
0,002
0,051
0,078
0,112
0,127
0,121
0,095
0,074
0,042
0,010
0,000
0,000
0,000
0,000
0,000
0,000
0,000
0,000
0,000
0,000
0,000
0,000
0,000
0,000
0,002
0,098
0,279
0,427
0,521
0,529
0,532
0,393
0,272
0,108
0,006
0,000
0,000
0,000
0,000
0,000
0,000
0,000
0,000
0,000
0,000
0,000
0,000
0,000
0,000
0,009
0,020
0,037
0,058
0,102
0,143
0,141
0,113
0,042
0,001
0,000
0,000
0,000
0,000
0,000
0,000
0,000
0,000
0,000
0,000
0,000
0,000
0,000
0,002
0,044
0,121
0,148
0,160
0,160
0,112
0,083
0,044
0,007
0,000
0,000
0,000
0,000
0,000
0,000
0,000
0,000
0,000
0,000
0,000
0,000
0,000
0,000
0,003
0,090
0,251
0,330
0,383
0,421
0,379
0,278
0,173
0,068
0,002
0,000
0,000
0,000
0,000
0,000
0,000
0,000
0,000
0,000
0,000
0,000
0,000
0,000
0,005
0,109
0,239
0,398
0,376
0,443
0,508
0,447
0,142
0,074
0,004
0,000
0,000
0,000
0,000
0,000
0,000
0,000
0,000
0,000
0,000
0,000
0,000
0,000
0,000
0,016
0,065
0,155
0,306
0,373
0,359
0,363
0,284
0,126
0,013
0,000
0,000
0,000
0,000
0,000
0,000
0,000
0,000
0,000
0,000
0,000
0,000
0,000
0,000
0,012
0,041
0,098
0,108
0,163
0,250
0,148
0,084
0,021
0,001
0,000
0,000
0,000
0,000
0,000
0,000
0,000
0,000
0,000
0,000
0,000
0,000
0,000
0,003
0,060
0,248
0,443
0,505
0,334
0,251
0,221
0,139
0,040
0,002
0,000
0,000
0,000
0,000
0,000
0,000
0,000
0,000
0,000
0,000
0,000
0,000
0,000
0,006
0,055
0,195
0,314
0,363
0,392
0,276
0,238
0,262
0,082
0,010
0,000
0,000
0,000
0,000
0,000
0,000
0,000
0,000
0,000
0,000
0,000
0,000
0,000
0,000
0,018
0,058
0,126
0,177
0,249
0,223
0,149
0,108
0,044
0,002
0,000
0,000
0,000
0,000
0,000
0,000
0,000
0,000
0,000
0,000
0,000
0,000
0,000
0,001
0,020
0,071
0,114
0,135
0,175
0,141
0,062
0,046
0,022
0,000
0,000
0,000
0,000
0,000
0,000
0,000
0,000
0,000
0,000
0,000
0,000
0,000
0,000
0,000
0,000
0,000
0,000
0,000
0,000
0,000
0,000
0,000
0,000
0,000
0,000
0,000
0,000
0,000
0,000
0,000
0,000
0,000
0,000
0,000
0,000
0,000
0,000
0,000
0,004
0,015
0,030
0,034
0,041
0,047
0,040
0,025
0,008
0,000
0,000
0,000
0,000
0,000
0,000
0,000
0,000
0,000
0,000
0,000
0,000
0,000
0,000
0,000
0,008
0,039
0,070
0,134
0,137
0,151
0,116
0,068
0,026
0,003
0,000
0,000
0,000
0,000
0,000
0,000
0,000
0,000
0,000
0,000
0,000
0,000
0,000
0,007
0,068
0,161
0,242
0,321
0,329
0,304
0,264
0,184
0,093
0,010
0,000
0,000
0,000
0,000
0,000
0,000
0,000
0,000
0,000
0,000
0,000
0,000
0,000
0,012
0,093
0,193
0,264
0,392
0,403
0,308
0,269
0,214
0,075
0,009
0,000
0,000
0,000
0,000
0,000
0,000
0,000
0,000
0,000
0,000
0,000
0,000
0,000
0,025
0,182
0,354
0,494
0,566
0,606
0,575
0,492
0,346
0,182
0,032
0,000
0,000
0,000
0,000
0,000
0,000
0,000
0,000
0,000
0,000
0,000
0,000
0,000
0,024
0,167
0,369
0,513
0,604
0,646
0,631
0,531
0,382
0,193
0,037
0,000
0,000
0,000
0,000
0,000
0,000
0,000
0,000
0,000
0,000
0,000
0,000
0,000
0,031
0,186
0,333
0,394
0,383
0,301
0,274
0,213
0,132
0,033
0,003
0,000
0,000
0,000
0,000
0,000
0,000
0,000
0,000
0,000
0,000
0,000
0,000
0,000
0,002
0,024
0,054
0,055
0,069
0,071
0,073
0,075
0,041
0,014
0,001
0,000
0,000
0,000
0,000
0,000
0,000
0,000
0,000
0,000
0,000
0,000
0,000
0,000
0,000
0,010
0,027
0,042
0,066
0,104
0,087
0,072
0,041
0,018
0,002
0,000
0,000
0,000
0,000
0,000
0,000
0,000
0,000
0,000
0,000
0,000
0,000
0,000
0,002
0,020
0,053
0,109
0,136
0,136
0,127
0,105
0,064
0,025
0,003
0,000
0,000
0,000
0,000
0,000
0,000
0,000
0,000
0,000
0,000
0,000
0,000
0,000
0,004
0,020
0,066
0,082
0,082
0,100
0,084
0,070
0,055
0,017
0,006
0,000
0,000
0,000
0,000
0,000
0,000
0,000
0,000
0,000
0,000
0,000
0,000
0,000
0,004
0,027
0,050
0,040
0,059
0,072
0,085
0,081
0,073
0,066
0,019
0,000
0,000
0,000
0,000
0,000
0,000
0,000
0,000
0,000
0,000
0,000
0,000
0,000
0,012
0,030
0,112
0,130
0,162
0,228
0,200
0,124
0,085
0,022
0,006
0,000
0,000
0,000
0,000
0,000
0,000
0,000
0,000
0,000
0,000
0,000
0,000
0,000
0,014
0,080
0,174
0,277
0,251
0,278
0,300
0,180
0,103
0,051
0,013
0,000
0,000
0,000
0,000
0,000
0,000
0,000
0,000
0,000
0,000
0,000
0,000
0,000
0,044
0,135
0,249
0,474
0,441
0,373
0,327
0,368
0,385
0,191
0,061
0,001
0,000
0,000
0,000
0,000
0,000
0,000
0,000
0,000
0,000
0,000
0,000
0,002
0,071
0,235
0,322
0,432
0,471
0,505
0,590
0,467
0,374
0,222
0,080
0,002
0,000
0,000
0,000
0,000
0,000
0,000
0,000
0,000
0,000
0,000
0,000
0,002
0,067
0,174
0,280
0,322
0,243
0,317
0,182
0,165
0,147
0,076
0,014
0,000
0,000
0,000
0,000
0,000
0,000
0,000
0,000
0,000
0,000
0,000
0,000
0,000
0,007
0,032
0,069
0,087
0,101
0,096
0,089
0,065
0,047
0,024
0,005
0,000
0,000
0,000
0,000
0,000
0,000
0,000
0,000
0,000
0,000
0,000
0,000
0,000
0,010
0,026
0,064
0,077
0,104
0,117
0,119
0,088
0,072
0,042
0,014
0,000
0,000
0,000
0,000
0,000
0,000
0,000
0,000
0,000
0,000
0,000
0,000
0,003
0,075
0,175
0,294
0,408
0,524
0,548
0,567
0,490
0,287
0,149
0,050
0,003
0,000
0,000
0,000
0,000
0,000
0,000
0,000
0,000
0,000
0,000
0,000
0,006
0,120
0,321
0,502
0,630
0,701
0,711
0,722
0,628
0,489
0,288
0,101
0,005
0,000
0,000
0,000
0,000
0,000
0,000
0,000
0,000
0,000
0,000
0,000
0,009
0,107
0,271
0,361
0,497
0,528
0,516
0,568
0,543
0,386
0,215
0,078
0,007
0,000
0,000
0,000
0,000
0,000
0,000
0,000
0,000
0,000
0,000
0,000
0,017
0,112
0,260
0,390
0,440
0,492
0,471
0,397
0,338
0,241
0,109
0,030
0,001
0,000
0,000
0,000
0,000
0,000
0,000
0,000
0,000
0,000
0,000
0,000
0,001
0,030
0,095
0,169
0,267
0,333
0,523
0,386
0,389
0,299
0,135
0,032
0,001
0,000
0,000
0,000
0,000
0,000
0,000
0,000
0,000
0,000
0,000
0,006
0,082
0,254
0,389
0,480
0,589
0,583
0,461
0,383
0,296
0,186
0,074
0,007
0,000
0,000
0,000
0,000
0,000
0,000
0,000
0,000
0,000
0,000
0,000
0,011
0,095
0,240
0,360
0,513
0,574
0,684
0,571
0,479
0,460
0,298
0,091
0,011
0,000
0,000
0,000
0,000
0,000
0,000
0,000
0,000
0,000
0,000
0,000
0,026
0,180
0,391
0,556
0,596
0,584
0,517
0,581
0,482
0,363
0,316
0,082
0,010
0,000
0,000
0,000
0,000
0,000
0,000
0,000
0,000
0,000
0,000
0,000
0,022
0,147
0,289
0,538
0,710
0,802
0,790
0,708
0,576
0,357
0,194
0,085
0,010
0,000
0,000
0,000
0,000
0,000
0,000
0,000
0,000
0,000
0,000
0,000
0,002
0,011
0,031
0,041
0,047
0,031
0,028
0,028
0,036
0,037
0,023
0,005
0,001
0,000
0,000
0,000
0,000
0,000
0,000
0,000
0,000
0,000
0,000
0,000
0,004
0,029
0,066
0,121
0,143
0,191
0,147
0,232
0,321
0,255
0,153
0,047
0,003
0,000
0,000
0,000
0,000
0,000
0,000
0,000
0,000
0,000
0,000
0,000
0,005
0,044
0,093
0,255
0,359
0,424
0,375
0,214
0,129
0,069
0,039
0,016
0,001
0,000
0,000
0,000
0,000
0,000
0,000
0,000
0,000
0,000
0,000
0,000
0,000
0,006
0,049
0,093
0,177
0,275
0,288
0,443
0,544
0,446
0,268
0,244
0,133
0,015
0,000
0,000
0,000
0,000
0,000
0,000
0,000
0,000
0,000
0,000
0,000
0,010
0,059
0,090
0,188
0,318
0,293
0,380
0,419
0,349
0,293
0,210
0,115
0,010
0,000
0,000
0,000
0,000
0,000
0,000
0,000
0,000
0,000
0,000
0,000
0,050
0,144
0,149
0,123
0,151
0,118
0,232
0,295
0,250
0,402
0,343
0,178
0,026
0,000
0,000
0,000
0,000
0,000
0,000
0,000
0,000
0,000
0,000
0,000
0,023
0,076
0,123
0,221
0,364
0,432
0,463
0,545
0,433
0,206
0,114
0,011
0,001
0,000
0,000
0,000
0,000
0,000
0,000
0,000
0,000
0,000
0,000
0,000
0,009
0,053
0,157
0,229
0,314
0,404
0,466
0,426
0,367
0,379
0,251
0,135
0,018
0,000
0,000
0,000
0,000
0,000
0,000
0,000
0,000
0,000
0,000
0,000
0,007
0,028
0,033
0,070
0,087
0,092
0,119
0,089
0,112
0,077
0,039
0,015
0,002
0,000
0,000
0,000
0,000
0,000
0,000
0,000
0,000
0,000
0,000
0,000
0,005
0,030
0,059
0,099
0,094
0,110
0,087
0,093
0,050
0,036
0,041
0,024
0,007
0,000
0,000
0,000
0,000
0,000
0,000
0,000
0,000
0,000
0,000
0,000
0,003
0,033
0,120
0,202
0,261
0,238
0,336
0,315
0,183
0,107
0,116
0,059
0,016
0,000
0,000
0,000
0,000
0,000
0,000
0,000
0,000
0,000
0,000
0,003
0,064
0,168
0,360
0,456
0,575
0,665
0,635
0,614
0,637
0,506
0,331
0,140
0,026
0,000
0,000
0,000
0,000
0,000
0,000
0,000
0,000
0,000
0,000
0,000
0,011
0,074
0,154
0,224
0,324
0,330
0,338
0,328
0,315
0,288
0,142
0,065
0,013
0,000
0,000
0,000
0,000
0,000
0,000
0,000
0,000
0,000
0,000
0,002
0,063
0,194
0,408
0,601
0,665
0,774
0,464
0,331
0,251
0,287
0,223
0,127
0,038
0,000
0,000
0,000
0,000
0,000
0,000
0,000
0,000
0,000
0,000
0,002
0,040
0,141
0,293
0,400
0,491
0,585
0,527
0,434
0,472
0,328
0,294
0,151
0,036
0,000
0,000
0,000
0,000
0,000
0,000
0,000
0,000
0,000
0,000
0,006
0,107
0,279
0,486
0,641
0,710
0,669
0,902
0,729
0,614
0,568
0,365
0,178
0,045
0,000
0,000
0,000
0,000
0,000
0,000
0,000
0,000
0,000
0,000
0,014
0,134
0,275
0,440
0,548
0,545
0,720
0,543
0,496
0,332
0,238
0,133
0,063
0,013
0,000
0,000
0,000
0,000
0,000
0,000
0,000
0,000
0,000
0,000
0,000
0,001
0,007
0,031
0,066
0,086
0,079
0,110
0,113
0,102
0,080
0,048
0,021
0,003
0,000
0,000
0,000
0,000
0,000
0,000
0,000
0,000
0,000
0,000
0,001
0,033
0,095
0,177
0,249
0,212
0,171
0,212
0,185
0,136
0,106
0,073
0,040
0,004
0,000
0,000
0,000
0,000
0,000
0,000
0,000
0,000
0,000
0,000
0,004
0,065
0,166
0,239
0,270
0,412
0,406
0,375
0,243
0,217
0,149
0,093
0,035
0,010
0,000
0,000
0,000
0,000
0,000
0,000
0,000
0,000
0,000
0,000
0,003
0,039
0,127
0,161
0,262
0,352
0,387
0,374
0,459
0,554
0,399
0,289
0,155
0,081
0,004
0,000
0,000
0,000
0,000
0,000
0,000
0,000
0,000
0,000
0,008
0,124
0,310
0,419
0,444
0,610
0,688
0,564
0,498
0,282
0,206
0,157
0,075
0,036
0,001
0,000
0,000
0,000
0,000
0,000
0,000
0,000
0,000
0,000
0,012
0,087
0,205
0,289
0,379
0,397
0,457
0,514
0,488
0,556
0,392
0,334
0,211
0,064
0,002
0,000
0,000
0,000
0,000
0,000
0,000
0,000
0,000
0,000
0,018
0,121
0,236
0,390
0,615
0,675
0,655
0,686
0,630
0,553
0,439
0,399
0,204
0,067
0,003
0,000
0,000
0,000
0,000
0,000
0,000
0,000
0,000
0,000
0,023
0,135
0,253
0,523
0,726
0,797
0,805
0,779
0,836
0,742
0,635
0,441
0,244
0,074
0,003
0,000
0,000
0,000
0,000
0,000
0,000
0,000
0,000
0,000
0,012
0,060
0,116
0,110
0,126
0,148
0,188
0,174
0,158
0,133
0,134
0,091
0,022
0,007
0,000
0,000
0,000
0,000
0,000
0,000
0,000
0,000
0,000
0,000
0,008
0,067
0,230
0,429
0,651
0,798
0,854
0,781
0,608
0,605
0,428
0,305
0,151
0,064
0,003
0,000
0,000
0,000
0,000
0,000
0,000
0,000
0,000
0,000
0,000
0,039
0,110
0,188
0,287
0,261
0,251
0,205
0,169
0,092
0,049
0,033
0,008
0,001
0,000
0,000
0,000
0,000
0,000
0,000
0,000
0,000
0,000
0,000
0,019
0,085
0,201
0,334
0,311
0,292
0,382
0,357
0,338
0,222
0,257
0,090
0,053
0,020
0,000
0,000
0,000
0,000
0,000
0,000
0,000
0,000
0,000
0,000
0,002
0,022
0,049
0,082
0,107
0,207
0,194
0,254
0,209
0,190
0,202
0,135
0,067
0,032
0,001
0,000
0,000
0,000
0,000
0,000
0,000
0,000
0,000
0,000
0,014
0,105
0,219
0,332
0,459
0,475
0,397
0,325
0,301
0,205
0,100
0,056
0,038
0,027
0,001
0,000
0,000
0,000
0,000
0,000
0,000
0,000
0,000
0,000
0,015
0,086
0,191
0,306
0,524
0,621
0,760
0,757
0,751
0,662
0,587
0,415
0,256
0,092
0,010
0,000
0,000
0,000
0,000
0,000
0,000
0,000
0,000
0,000
0,007
0,040
0,110
0,147
0,246
0,460
0,528
0,488
0,300
0,352
0,249
0,200
0,139
0,046
0,003
0,000
0,000
0,000
0,000
0,000
0,000
0,000
0,000
0,000
0,032
0,151
0,322
0,435
0,476
0,787
0,943
0,873
0,560
0,459
0,683
0,505
0,305
0,120
0,015
0,000
0,000
0,000
0,000
0,000
0,000
0,000
0,000
0,002
0,062
0,179
0,357
0,569
0,754
0,863
0,933
0,950
0,920
0,818
0,678
0,494
0,283
0,094
0,013
0,000
0,000
0,000
0,000
0,000
0,000
0,000
0,000
0,002
0,067
0,194
0,347
0,494
0,650
0,741
0,704
0,607
0,393
0,205
0,279
0,229
0,194
0,016
0,000
0,000
0,000
0,000
0,000
0,000
0,000
0,000
0,000
0,000
0,008
0,033
0,086
0,227
0,329
0,433
0,576
0,497
0,690
0,545
0,497
0,307
0,166
0,150
0,025
0,000
0,000
0,000
0,000
0,000
0,000
0,000
0,000
0,001
0,031
0,070
0,173
0,372
0,322
0,408
0,539
0,483
0,720
0,641
0,359
0,326
0,276
0,110
0,017
0,000
0,000
0,000
0,000
0,000
0,000
0,000
0,000
0,004
0,072
0,200
0,398
0,620
0,798
0,920
0,991
1,000
0,945
0,859
0,728
0,528
0,326
0,135
0,021
0,000
0,000
0,000
0,000
0,000
0,000
0,000
0,000
0,001
0,018
0,072
0,187
0,316
0,444
0,563
0,527
0,457
0,551
0,438
0,440
0,302
0,239
0,072
0,021
0,000
0,000
0,000
0,000
0,000
0,000
0,000
0,000
0,000
0,016
0,064
0,198
0,368
0,579
0,814
0,930
0,938
0,901
0,821
0,678
0,502
0,306
0,128
0,021
0,000
0,000
0,000
0,000
0,000
0,000
0,000
0,000
0,006
0,077
0,200
0,390
0,599
0,772
0,887
0,947
0,950
0,913
0,827
0,695
0,509
0,314
0,135
0,024
0,000
0,000
0,000
0,000
0,000
0,000
0,000
0,000
0,004
0,068
0,189
0,367
0,549
0,724
0,824
0,881
0,825
0,745
0,584
0,402
0,307
0,211
0,094
0,018
0,000
0,000
0,000
0,000
0,000
0,000
0,000
0,000
0,008
0,081
0,195
0,387
0,594
0,760
0,864
0,921
0,929
0,892
0,803
0,672
0,498
0,311
0,137
0,028
0,000
0,000
0,000
0,000
0,000
0,000
0,000
0,000
0,008
0,083
0,206
0,389
0,588
0,749
0,855
0,915
0,923
0,885
0,798
0,635
0,300
0,222
0,125
0,028
0,000
0,000
0,000
0,000
0,000
0,000
0,000
0,000
0,005
0,059
0,167
0,344
0,549
0,713
0,823
0,911
0,917
0,913
0,831
0,690
0,508
0,303
0,144
0,029
0,000
0,000
0,000
0,000
0,000
0,000
0,000
0,000
0,003
0,043
0,144
0,293
0,477
0,653
0,786
0,861
0,913
0,876
0,801
0,662
0,474
0,297
0,134
0,029
0,000
0,000
0,000
0,000
0,000
0,000
0,000
0,000
0,002
0,025
0,064
0,159
0,322
0,323
0,293
0,376
0,333
0,290
0,174
0,131
0,178
0,080
0,055
0,020
0,000
0,000
0,000
0,000
0,000
0,000
0,000
0,000
0,006
0,045
0,160
0,171
0,221
0,223
0,234
0,228
0,232
0,251
0,414
0,414
0,195
0,112
0,054
0,014
0,000
0,000
0,000
0,000
0,000
0,000
0,000
0,000
0,001
0,019
0,046
0,128
0,186
0,207
0,471
0,569
0,722
0,671
0,550
0,401
0,208
0,106
0,037
0,006
0,000
0,000
0,000
0,000
0,000
0,000
0,000
0,000
0,006
0,014
0,061
0,094
0,279
0,300
0,335
0,537
0,379
0,316
0,279
0,248
0,183
0,135
0,071
0,014
0,000
0,000
0,000
0,000
0,000
0,000
0,000
0,000
0,008
0,069
0,186
0,311
0,511
0,669
0,787
0,855
0,785
0,787
0,843
0,699
0,522
0,311
0,129
0,027
0,000
0,000
0,000
0,000
0,000
0,000
0,000
0,000
0,009
0,067
0,153
0,337
0,540
0,659
0,735
0,755
0,738
0,440
0,410
0,394
0,386
0,220
0,112
0,028
0,000
0,000
0,000
0,000
0,000
0,000
0,000
0,000
0,007
0,055
0,186
0,390
0,618
0,734
0,912
0,876
0,831
0,753
0,654
0,516
0,381
0,195
0,105
0,031
0,001
0,000
0,000
0,000
0,000
0,000
0,000
0,000
0,017
0,092
0,224
0,400
0,628
0,750
0,775
0,779
0,776
0,662
0,642
0,495
0,337
0,265
0,147
0,041
0,001
0,000
0,000
0,000
0,000
0,000
0,000
0,000
0,016
0,098
0,227
0,412
0,635
0,796
0,910
0,983
0,979
0,940
0,852
0,714
0,539
0,350
0,140
0,029
0,001
0,000
0,000
0,000
0,000
0,000
0,000
0,000
0,006
0,039
0,093
0,176
0,332
0,557
0,750
0,955
0,984
0,962
0,872
0,738
0,558
0,362
0,179
0,049
0,002
0,000
0,000
0,000
0,000
0,000
0,000
0,000
0,022
0,106
0,240
0,433
0,642
0,807
0,913
0,969
0,969
0,927
0,841
0,689
0,517
0,326
0,174
0,060
0,003
0,000
0,000
0,000
0,000
0,000
0,000
0,000
0,020
0,102
0,179
0,269
0,384
0,501
0,583
0,734
0,738
0,647
0,539
0,446
0,320
0,206
0,085
0,016
0,003
0,000
0,000
0,000
0,000
0,000
0,000
0,000
0,002
0,045
0,110
0,381
0,595
0,769
0,904
0,949
0,703
0,609
0,423
0,287
0,138
0,071
0,020
0,005
0,000
0,000
0,000
0,000
0,000
0,000
0,000
0,000
0,001
0,013
0,037
0,135
0,217
0,372
0,425
0,726
0,864
0,693
0,697
0,598
0,411
0,310
0,140
0,044
0,001
0,000
0,000
0,000
0,000
0,000
0,000
0,000
0,003
0,015
0,075
0,218
0,363
0,305
0,392
0,297
0,256
0,238
0,157
0,130
0,095
0,043
0,022
0,003
0,000
0,000
0,000
0,000
0,000
0,000
0,000
0,000
0,001
0,036
0,079
0,127
0,170
0,228
0,335
0,372
0,408
0,397
0,495
0,461
0,439
0,275
0,108
0,032
0,002
0,000
0,000
0,000
0,000
0,000
0,000
0,000
0,008
0,053
0,082
0,096
0,164
0,207
0,500
0,227
0,126
0,149
0,217
0,265
0,271
0,188
0,183
0,063
0,004
0,000
0,000
0,000
0,000
0,000
0,000
0,000
0,009
0,062
0,156
0,277
0,320
0,360
0,377
0,483
0,466
0,413
0,258
0,164
0,121
0,073
0,057
0,029
0,003
0,000
0,000
0,000
0,000
0,000
0,000
0,000
0,006
0,048
0,089
0,115
0,132
0,164
0,150
0,153
0,143
0,137
0,117
0,121
0,113
0,074
0,060
0,022
0,002
0,000
0,000
0,000
0,000
0,000
0,000
0,000
0,001
0,015
0,041
0,047
0,064
0,100
0,101
0,117
0,141
0,152
0,163
0,131
0,106
0,050
0,037
0,012
0,002
0,000
0,000
0,000
0,000
0,000
0,000
0,000
0,020
0,111
0,183
0,331
0,481
0,536
0,496
0,358
0,308
0,231
0,308
0,298
0,150
0,100
0,049
0,012
0,001
0,000
0,000
0,000
0,000
0,000
0,000
0,000
0,003
0,027
0,074
0,129
0,203
0,364
0,407
0,364
0,378
0,391
0,363
0,286
0,209
0,152
0,119
0,046
0,005
0,000
0,000
0,000
0,000
0,000
0,000
0,000
0,015
0,064
0,176
0,285
0,433
0,452
0,362
0,407
0,394
0,401
0,298
0,253
0,226
0,161
0,108
0,026
0,003
0,000
0,000
0,000
0,000
0,000
0,000
0,000
0,001
0,011
0,060
0,107
0,193
0,259
0,386
0,344
0,417
0,314
0,321
0,279
0,224
0,110
0,115
0,033
0,002
0,000
0,000
0,000
0,000
0,000
0,000
0,000
0,025
0,082
0,203
0,326
0,427
0,539
0,681
0,638
0,642
0,591
0,625
0,457
0,388
0,269
0,125
0,056
0,004
0,000
0,000
0,000
0,000
0,000
0,000
0,000
0,030
0,093
0,203
0,348
0,490
0,543
0,643
0,682
0,610
0,617
0,647
0,549
0,384
0,235
0,134
0,050
0,005
0,000
0,000
0,000
0,000
0,000
0,000
0,000
0,023
0,087
0,183
0,290
0,358
0,419
0,415
0,286
0,483
0,528
0,345
0,391
0,345
0,189
0,147
0,039
0,003
0,000
0,000
0,000
0,000
0,000
0,000
0,000
0,027
0,100
0,225
0,352
0,452
0,538
0,604
0,638
0,532
0,451
0,509
0,338
0,216
0,153
0,082
0,033
0,006
0,000
0,000
0,000
0,000
0,000
0,000
0,000
0,023
0,095
0,173
0,298
0,416
0,606
0,686
0,751
0,721
0,723
0,592
0,508
0,452
0,307
0,165
0,053
0,007
0,000
0,000
0,000
0,000
0,000
0,000
0,001
0,027
0,109
0,195
0,317
0,460
0,554
0,658
0,669
0,685
0,652
0,588
0,447
0,336
0,203
0,125
0,075
0,008
0,000
0,000
0,000
0,000
0,000
0,000
0,000
0,020
0,084
0,159
0,301
0,329
0,433
0,479
0,495
0,493
0,569
0,539
0,436
0,448
0,293
0,131
0,052
0,006
0,000
0,000
0,000
0,000
0,000
0,000
0,001
0,027
0,112
0,220
0,312
0,458
0,573
0,708
0,709
0,668
0,477
0,330
0,310
0,250
0,186
0,094
0,039
0,003
0,000
0,000
0,000
0,000
0,000
0,000
0,000
0,002
0,012
0,035
0,071
0,143
0,201
0,345
0,399
0,349
0,331
0,412
0,351
0,277
0,157
0,112
0,044
0,003
0,000
0,000
0,000
0,000
0,000
0,000
0,000
0,031
0,083
0,175
0,284
0,467
0,511
0,576
0,619
0,546
0,514
0,434
0,383
0,328
0,236
0,121
0,052
0,007
0,000
0,000
0,000
0,000
0,000
0,000
0,001
0,035
0,112
0,217
0,350
0,554
0,687
0,766
0,799
0,765
0,687
0,672
0,617
0,442
0,295
0,151
0,049
0,006
0,000
0,000
0,000
0,000
0,000
0,000
0,000
0,014
0,062
0,135
0,259
0,462
0,574
0,641
0,736
0,721
0,722
0,663
0,572
0,438
0,319
0,163
0,043
0,003
0,000
0,000
0,000
0,000
0,000
0,000
0,001
0,021
0,050
0,105
0,176
0,246
0,344
0,310
0,290
0,278
0,265
0,218
0,197
0,196
0,144
0,072
0,020
0,004
0,000
0,000
0,000
0,000
0,000
0,000
0,000
0,018
0,094
0,190
0,279
0,410
0,489
0,444
0,456
0,492
0,455
0,362
0,237
0,110
0,097
0,056
0,021
0,005
0,000
0,000
0,000
0,000
0,000
0,000
0,000
0,005
0,039
0,106
0,219
0,340
0,423
0,484
0,446
0,496
0,406
0,350
0,346
0,194
0,125
0,057
0,021
0,001
0,000
0,000
0,000
0,000
0,000
0,000
0,000
0,022
0,082
0,204
0,371
0,535
0,671
0,718
0,766
0,744
0,543
0,575
0,420
0,341
0,191
0,132
0,056
0,010
0,000
0,000
0,000
0,000
0,000
0,000
0,000
0,005
0,025
0,080
0,174
0,386
0,503
0,576
0,657
0,726
0,704
0,620
0,536
0,410
0,268
0,119
0,035
0,004
0,000
0,000
0,000
0,000
0,000
0,000
0,000
0,007
0,037
0,085
0,144
0,246
0,379
0,585
0,747
0,770
0,773
0,710
0,591
0,455
0,310
0,154
0,055
0,010
0,000
0,000
0,000
0,000
0,000
0,000
0,000
0,012
0,066
0,186
0,363
0,539
0,677
0,768
0,782
0,747
0,784
0,685
0,570
0,434
0,299
0,162
0,054
0,007
0,000
0,000
0,000
0,000
0,000
0,000
0,000
0,018
0,076
0,179
0,316
0,517
0,639
0,742
0,771
0,781
0,750
0,651
0,530
0,392
0,219
0,122
0,046
0,005
0,000
0,000
0,000
0,000
0,000
0,000
0,000
0,006
0,010
0,035
0,058
0,113
0,178
0,359
0,500
0,524
0,599
0,594
0,425
0,362
0,240
0,164
0,064
0,009
0,000
0,000
0,000
0,000
0,000
0,000
0,000
0,016
0,070
0,152
0,169
0,226
0,320
0,411
0,581
0,669
0,680
0,605
0,470
0,444
0,296
0,148
0,042
0,004
0,000
0,000
0,000
0,000
0,000
0,000
0,000
0,012
0,065
0,127
0,222
0,295
0,417
0,295
0,326
0,469
0,307
0,303
0,385
0,296
0,166
0,079
0,023
0,004
0,000
0,000
0,000
0,000
0,000
0,000
0,000
0,015
0,069
0,184
0,377
0,506
0,594
0,628
0,682
0,673
0,547
0,542
0,325
0,208
0,183
0,074
0,026
0,003
0,000
0,000
0,000
0,000
0,000
0,000
0,000
0,025
0,109
0,209
0,355
0,497
0,700
0,853
0,932
0,962
0,909
0,841
0,694
0,503
0,302
0,128
0,034
0,003
0,000
0,000
0,000
0,000
0,000
0,000
0,000
0,004
0,033
0,084
0,125
0,222
0,328
0,476
0,652
0,823
0,887
0,803
0,664
0,515
0,344
0,178
0,059
0,008
0,000
0,000
0,000
0,000
0,000
0,000
0,000
0,023
0,100
0,222
0,402
0,603
0,754
0,879
0,915
0,939
0,928
0,847
0,734
0,570
0,372
0,187
0,061
0,008
0,000
0,000
0,000
0,000
0,000
0,000
0,000
0,025
0,099
0,217
0,397
0,597
0,767
0,875
0,929
0,936
0,899
0,822
0,704
0,541
0,355
0,180
0,059
0,007
0,000
0,000
0,000
0,000
0,000
0,000
0,000
0,022
0,094
0,208
0,377
0,567
0,732
0,846
0,906
0,911
0,878
0,815
0,650
0,400
0,220
0,148
0,068
0,009
0,000
0,000
0,000
0,000
0,000
0,000
0,000
0,021
0,082
0,193
0,359
0,549
0,710
0,822
0,839
0,862
0,760
0,599
0,488
0,390
0,265
0,150
0,054
0,006
0,000
0,000
0,000
0,000
0,000
0,000
0,000
0,008
0,067
0,167
0,308
0,397
0,502
0,668
0,684
0,823
0,764
0,464
0,327
0,246
0,149
0,073
0,018
0,002
0,000
0,000
0,000
0,000
0,000
0,000
0,000
0,000
0,011
0,040
0,056
0,121
0,180
0,171
0,210
0,249
0,229
0,259
0,185
0,144
0,075
0,039
0,010
0,001
0,000
0,000
0,000
0,000
0,000
0,000
0,000
0,010
0,077
0,185
0,347
0,475
0,503
0,581
0,686
0,714
0,688
0,595
0,402
0,271
0,184
0,106
0,056
0,001
0,000
0,000
0,000
0,000
0,000
0,000
0,000
0,008
0,035
0,085
0,231
0,515
0,621
0,585
0,729
0,702
0,621
0,363
0,258
0,263
0,154
0,147
0,065
0,005
0,000
0,000
0,000
0,000
0,000
0,000
0,000
0,007
0,038
0,106
0,197
0,298
0,293
0,431
0,526
0,470
0,544
0,663
0,514
0,431
0,333
0,159
0,056
0,004
0,000
0,000
0,000
0,000
0,000
0,000
0,000
0,017
0,053
0,183
0,305
0,414
0,435
0,580
0,623
0,433
0,549
0,357
0,503
0,364
0,260
0,141
0,062
0,004
0,000
0,000
0,000
0,000
0,000
0,000
0,000
0,015
0,060
0,175
0,327
0,534
0,562
0,772
0,729
0,689
0,749
0,490
0,384
0,281
0,158
0,077
0,011
0,000
0,000
0,000
0,000
0,000
0,000
0,000
0,000
0,001
0,051
0,118
0,170
0,402
0,504
0,617
0,500
0,507
0,570
0,539
0,533
0,427
0,259
0,172
0,061
0,006
0,000
0,000
0,000
0,000
0,000
0,000
0,000
0,011
0,048
0,143
0,213
0,276
0,286
0,360
0,396
0,384
0,257
0,355
0,424
0,272
0,189
0,072
0,029
0,002
0,000
0,000
0,000
0,000
0,000
0,000
0,000
0,007
0,074
0,191
0,375
0,557
0,623
0,697
0,728
0,657
0,678
0,654
0,591
0,392
0,223
0,126
0,050
0,003
0,000
0,000
0,000
0,000
0,000
0,000
0,000
0,006
0,083
0,196
0,368
0,553
0,672
0,620
0,796
0,875
0,807
0,644
0,390
0,326
0,291
0,128
0,033
0,002
0,000
0,000
0,000
0,000
0,000
0,000
0,000
0,011
0,070
0,214
0,368
0,516
0,551
0,547
0,475
0,771
0,407
0,400
0,373
0,151
0,095
0,063
0,030
0,006
0,000
0,000
0,000
0,000
0,000
0,000
0,000
0,011
0,061
0,145
0,267
0,452
0,556
0,593
0,441
0,372
0,538
0,336
0,463
0,233
0,203
0,089
0,028
0,001
0,000
0,000
0,000
0,000
0,000
0,000
0,000
0,003
0,031
0,108
0,252
0,282
0,405
0,570
0,743
0,710
0,687
0,724
0,538
0,410
0,237
0,100
0,018
0,000
0,000
0,000
0,000
0,000
0,000
0,000
0,000
0,003
0,043
0,152
0,271
0,420
0,601
0,649
0,521
0,325
0,464
0,291
0,221
0,177
0,140
0,093
0,055
0,001
0,000
0,000
0,000
0,000
0,000
0,000
0,000
0,008
0,084
0,199
0,345
0,472
0,609
0,674
0,690
0,807
0,653
0,565
0,445
0,313
0,299
0,178
0,040
0,002
0,000
0,000
0,000
0,000
0,000
0,000
0,000
0,005
0,063
0,129
0,168
0,180
0,250
0,271
0,347
0,443
0,484
0,590
0,530
0,452
0,302
0,097
0,011
0,000
0,000
0,000
0,000
0,000
0,000
0,000
0,000
0,004
0,055
0,172
0,286
0,421
0,596
0,591
0,682
0,691
0,682
0,598
0,413
0,480
0,229
0,120
0,051
0,003
0,000
0,000
0,000
0,000
0,000
0,000
0,000
0,005
0,069
0,181
0,353
0,552
0,706
0,822
0,842
0,834
0,781
0,759
0,689
0,520
0,328
0,154
0,038
0,001
0,000
0,000
0,000
0,000
0,000
0,000
0,000
0,005
0,070
0,185
0,350
0,537
0,681
0,795
0,828
0,786
0,751
0,647
0,492
0,407
0,263
0,154
0,033
0,001
0,000
0,000
0,000
0,000
0,000
0,000
0,000
0,003
0,059
0,151
0,277
0,297
0,347
0,525
0,583
0,388
0,420
0,370
0,255
0,261
0,252
0,139
0,031
0,000
0,000
0,000
0,000
0,000
0,000
0,000
0,000
0,002
0,053
0,147
0,293
0,469
0,632
0,744
0,739
0,696
0,635
0,546
0,481
0,426
0,241
0,110
0,023
0,001
0,000
0,000
0,000
0,000
0,000
0,000
0,000
0,002
0,040
0,117
0,271
0,443
0,582
0,696
0,818
0,818
0,768
0,626
0,539
0,351
0,192
0,078
0,014
0,001
0,000
0,000
0,000
0,000
0,000
0,000
0,000
0,000
0,018
0,089
0,171
0,292
0,323
0,358
0,438
0,287
0,452
0,309
0,290
0,223
0,152
0,070
0,017
0,000
0,000
0,000
0,000
0,000
0,000
0,000
0,000
0,003
0,048
0,124
0,250
0,381
0,388
0,494
0,671
0,610
0,490
0,485
0,348
0,298
0,193
0,108
0,023
0,000
0,000
0,000
0,000
0,000
0,000
0,000
0,000
0,000
0,019
0,079
0,157
0,270
0,441
0,563
0,579
0,488
0,367
0,426
0,408
0,309
0,198
0,075
0,012
0,000
0,000
0,000
0,000
0,000
0,000
0,000
0,000
0,000
0,004
0,041
0,042
0,063
0,172
0,257
0,202
0,272
0,250
0,154
0,176
0,090
0,027
0,004
0,001
0,000
0,000
0,000
0,000
0,000
0,000
0,000
0,000
0,001
0,034
0,101
0,231
0,323
0,412
0,475
0,540
0,459
0,292
0,236
0,174
0,116
0,106
0,038
0,017
0,000
0,000
0,000
0,000
0,000
0,000
0,000
0,000
0,001
0,045
0,143
0,291
0,365
0,361
0,243
0,219
0,271
0,205
0,269
0,265
0,214
0,104
0,062
0,016
0,000
0,000
0,000
0,000
0,000
0,000
0,000
0,000
0,001
0,039
0,146
0,286
0,365
0,561
0,518
0,504
0,385
0,372
0,262
0,161
0,110
0,061
0,026
0,003
0,000
0,000
0,000
0,000
0,000
0,000
0,000
0,000
0,000
0,024
0,086
0,243
0,377
0,545
0,679
0,770
0,717
0,635
0,646
0,521
0,378
0,247
0,110
0,020
0,000
0,000
0,000
0,000
0,000
0,000
0,000
0,000
0,001
0,002
0,009
0,018
0,049
0,122
0,291
0,386
0,410
0,472
0,404
0,393
0,231
0,197
0,086
0,011
0,000
0,000
0,000
0,000
0,000
0,000
0,000
0,000
0,000
0,014
0,075
0,175
0,209
0,320
0,369
0,486
0,492
0,524
0,424
0,457
0,276
0,183
0,075
0,013
0,000
0,000
0,000
0,000
0,000
0,000
0,000
0,000
0,000
0,032
0,116
0,261
0,298
0,385
0,427
0,421
0,436
0,537
0,510
0,392
0,271
0,188
0,067
0,015
0,000
0,000
0,000
0,000
0,000
0,000
0,000
0,000
0,000
0,021
0,101
0,268
0,417
0,564
0,676
0,563
0,595
0,517
0,424
0,325
0,326
0,179
0,084
0,008
0,000
0,000
0,000
0,000
0,000
0,000
0,000
0,000
0,000
0,000
0,004
0,025
0,070
0,140
0,177
0,240
0,253
0,147
0,128
0,185
0,096
0,045
0,014
0,002
0,000
0,000
0,000
0,000
0,000
0,000
0,000
0,000
0,000
0,007
0,060
0,135
0,199
0,332
0,397
0,334
0,317
0,258
0,131
0,103
0,068
0,029
0,013
0,000
0,000
0,000
0,000
0,000
0,000
0,000
0,000
0,000
0,000
0,002
0,017
0,053
0,113
0,214
0,324
0,437
0,478
0,459
0,472
0,419
0,194
0,113
0,064
0,006
0,000
0,000
0,000
0,000
0,000
0,000
0,000
0,000
0,000
0,010
0,077
0,193
0,392
0,554
0,645
0,648
0,606
0,615
0,594
0,491
0,337
0,181
0,049
0,004
0,000
0,000
0,000
0,000
0,000
0,000
0,000
0,000
0,000
0,016
0,087
0,207
0,345
0,457
0,388
0,323
0,537
0,439
0,344
0,298
0,169
0,085
0,032
0,003
0,000
0,000
0,000
0,000
0,000
0,000
0,000
0,000
0,000
0,019
0,100
0,238
0,418
0,453
0,467
0,559
0,530
0,492
0,524
0,461
0,319
0,187
0,077
0,007
0,000
0,000
0,000
0,000
0,000
0,000
0,000
0,000
0,000
0,018
0,114
0,266
0,438
0,547
0,687
0,689
0,672
0,585
0,629
0,481
0,303
0,134
0,049
0,002
0,000
0,000
0,000
0,000
0,000
0,000
0,000
0,000
0,000
0,011
0,060
0,140
0,175
0,205
0,275
0,207
0,174
0,106
0,060
0,052
0,065
0,050
0,016
0,000
0,000
0,000
0,000
0,000
0,000
0,000
0,000
0,000
0,000
0,011
0,085
0,214
0,391
0,475
0,564
0,589
0,566
0,387
0,356
0,292
0,155
0,112
0,059
0,007
0,000
0,000
0,000
0,000
0,000
0,000
0,000
0,000
0,000
0,013
0,105
0,215
0,343
0,406
0,531
0,600
0,552
0,620
0,548
0,360
0,261
0,194
0,048
0,002
0,000
0,000
0,000
0,000
0,000
0,000
0,000
0,000
0,000
0,014
0,102
0,228
0,378
0,550
0,652
0,675
0,607
0,462
0,377
0,366
0,267
0,162
0,029
0,000
0,000
0,000
0,000
0,000
0,000
0,000
0,000
0,000
0,000
0,010
0,080
0,153
0,205
0,292
0,305
0,408
0,525
0,525
0,417
0,323
0,124
0,067
0,025
0,000
0,000
0,000
0,000
0,000
0,000
0,000
0,000
0,000
0,000
0,005
0,044
0,105
0,142
0,203
0,259
0,410
0,497
0,462
0,460
0,369
0,251
0,148
0,025
0,000
0,000
0,000
0,000
0,000
0,000
0,000
0,000
0,000
0,000
0,002
0,026
0,067
0,141
0,253
0,439
0,612
0,635
0,589
0,559
0,398
0,294
0,138
0,032
0,000
0,000
0,000
0,000
0,000
0,000
0,000
0,000
0,000
0,000
0,007
0,053
0,106
0,081
0,074
0,126
0,352
0,365
0,453
0,373
0,215
0,143
0,063
0,016
0,000
0,000
0,000
0,000
0,000
0,000
0,000
0,000
0,000
0,000
0,002
0,050
0,184
0,365
0,501
0,670
0,643
0,623
0,519
0,460
0,394
0,215
0,116
0,022
0,000
0,000
0,000
0,000
0,000
0,000
0,000
0,000
0,000
0,000
0,008
0,072
0,154
0,281
0,433
0,419
0,354
0,381
0,348
0,323
0,271
0,227
0,154
0,037
0,000
0,000
0,000
0,000
0,000
0,000
0,000
0,000
0,000
0,000
0,006
0,083
0,201
0,341
0,444
0,438
0,552
0,650
0,455
0,476
0,310
0,157
0,071
0,015
0,000
0,000
0,000
0,000
0,000
0,000
0,000
0,000
0,000
0,000
0,002
0,056
0,179
0,327
0,420
0,453
0,465
0,555
0,641
0,534
0,429
0,288
0,119
0,016
0,000
0,000
0,000
0,000
0,000
0,000
0,000
0,000
0,000
0,000
0,000
0,015
0,034
0,062
0,087
0,146
0,110
0,155
0,152
0,136
0,107
0,055
0,033
0,006
0,000
0,000
0,000
0,000
0,000
0,000
0,000
0,000
0,000
0,000
0,001
0,030
0,079
0,132
0,215
0,135
0,282
0,395
0,582
0,503
0,440
0,326
0,127
0,027
0,000
0,000
0,000
0,000
0,000
0,000
0,000
0,000
0,000
0,000
0,002
0,020
0,055
0,061
0,065
0,076
0,083
0,096
0,123
0,114
0,141
0,102
0,049
0,007
0,000
0,000
0,000
0,000
0,000
0,000
0,000
0,000
0,000
0,000
0,003
0,051
0,159
0,271
0,355
0,341
0,286
0,278
0,303
0,186
0,162
0,083
0,044
0,012
0,000
0,000
0,000
0,000
0,000
0,000
0,000
0,000
0,000
0,000
0,001
0,047
0,127
0,216
0,457
0,485
0,320
0,378
0,404
0,300
0,347
0,156
0,053
0,014
0,000
0,000
0,000
0,000
0,000
0,000
0,000
0,000
0,000
0,000
0,000
0,065
0,167
0,299
0,379
0,532
0,362
0,250
0,260
0,304
0,251
0,251
0,078
0,016
0,000
0,000
0,000
0,000
0,000
0,000
0,000
0,000
0,000
0,000
0,000
0,035
0,092
0,214
0,259
0,352
0,397
0,331
0,409
0,297
0,216
0,103
0,069
0,004
0,000
0,000
0,000
0,000
0,000
0,000
0,000
0,000
0,000
0,000
0,001
0,047
0,199
0,388
0,466
0,574
0,503
0,568
0,467
0,368
0,244
0,101
0,028
0,001
0,000
0,000
0,000
0,000
0,000
0,000
0,000
0,000
0,000
0,000
0,000
0,032
0,158
0,356
0,462
0,558
0,473
0,591
0,449
0,483
0,421
0,230
0,055
0,009
0,000
0,000
0,000
0,000
0,000
0,000
0,000
0,000
0,000
0,000
0,000
0,011
0,045
0,092
0,117
0,143
0,130
0,165
0,118
0,089
0,049
0,032
0,013
0,000
0,000
0,000
0,000
0,000
0,000
0,000
0,000
0,000
0,000
0,000
0,000
0,040
0,151
0,279
0,263
0,303
0,383
0,274
0,241
0,174
0,103
0,073
0,025
0,002
0,000
0,000
0,000
0,000
0,000
0,000
0,000
0,000
0,000
0,000
0,000
0,044
0,144
0,291
0,356
0,281
0,221
0,241
0,156
0,130
0,130
0,092
0,028
0,006
0,000
0,000
0,000
0,000
0,000
0,000
0,000
0,000
0,000
0,000
0,000
0,043
0,206
0,389
0,519
0,568
0,537
0,684
0,603
0,513
0,350
0,189
0,051
0,001
0,000
0,000
0,000
0,000
0,000
0,000
0,000
0,000
0,000
0,000
0,000
0,001
0,009
0,016
0,053
0,126
0,196
0,243
0,204
0,272
0,158
0,129
0,039
0,002
0,000
0,000
0,000
0,000
0,000
0,000
0,000
0,000
0,000
0,000
0,000
0,029
0,179
0,310
0,450
0,557
0,683
0,665
0,405
0,260
0,178
0,130
0,057
0,001
0,000
0,000
0,000
0,000
0,000
0,000
0,000
0,000
0,000
0,000
0,000
0,014
0,079
0,109
0,120
0,115
0,095
0,154
0,231
0,271
0,173
0,146
0,045
0,004
0,000
0,000
0,000
0,000
0,000
0,000
0,000
0,000
0,000
0,000
0,000
0,035
0,193
0,382
0,529
0,480
0,369
0,419
0,416
0,471
0,371
0,141
0,052
0,002
0,000
0,000
0,000
0,000
0,000
0,000
0,000
0,000
0,000
0,000
0,000
0,000
0,005
0,017
0,043
0,106
0,119
0,146
0,186
0,176
0,063
0,025
0,006
0,000
0,000
0,000
0,000
0,000
0,000
0,000
0,000
0,000
0,000
0,000
0,000
0,003
0,029
0,067
0,045
0,050
0,045
0,036
0,024
0,014
0,015
0,005
0,000
0,000
0,000
0,000
0,000
0,000
0,000
0,000
0,000
0,000
0,000
0,000
0,000
0,002
0,031
0,145
0,307
0,413
0,469
0,438
0,363
0,318
0,204
0,145
0,028
0,001
0,000
0,000
0,000
0,000
0,000
0,000
0,000
0,000
0,000
0,000
0,000
0,010
0,055
0,132
0,235
0,288
0,359
0,366
0,314
0,259
0,179
0,074
0,023
0,000
0,000
0,000
0,000
0,000
0,000
0,000
0,000
0,000
0,000
0,000
0,000
0,000
0,018
0,044
0,126
0,145
0,132
0,175
0,173
0,104
0,091
0,064
0,017
0,000
0,000
0,000
0,000
0,000
0,000
0,000
0,000
0,000
0,000
0,000
0,000
0,001
0,019
0,047
0,135
0,189
0,242
0,239
0,221
0,197
0,103
0,049
0,009
0,000
0,000
0,000
0,000
0,000
0,000
0,000
0,000
0,000
0,000
0,000
0,000
0,005
0,049
0,117
0,185
0,316
0,410
0,395
0,237
0,290
0,171
0,081
0,013
0,000
0,000
0,000
0,000
0,000
0,000
0,000
0,000
0,000
0,000
0,000
0,000
0,002
0,032
0,092
0,110
0,138
0,131
0,141
0,089
0,050
0,036
0,020
0,004
0,000
0,000
0,000
0,000
0,000
0,000
0,000
0,000
0,000
0,000
0,000
0,000
0,001
0,017
0,051
0,155
0,198
0,272
0,240
0,161
0,097
0,068
0,019
0,004
0,000
0,000
0,000
0,000
0,000
0,000
0,000
0,000
0,000
0,000
0,000
0,000
0,002
0,046
0,132
0,233
0,337
0,399
0,237
0,256
0,185
0,112
0,048
0,006
0,000
0,000
0,000
0,000
0,000
0,000
0,000
0,000
0,000
0,000
0,000
0,000
0,002
0,031
0,079
0,132
0,184
0,221
0,324
0,327
0,229
0,117
0,043
0,004
0,000
0,000
0,000
0,000
0,000
0,000
0,000
0,000
0,000
0,000
0,000
0,000
0,003
0,058
0,174
0,265
0,347
0,504
0,561
0,515
0,438
0,247
0,100
0,010
0,000
0,000
0,000
0,000
0,000
0,000
0,000
0,000
0,000
0,000
0,000
0,000
0,000
0,006
0,028
0,045
0,064
0,081
0,065
0,047
0,039
0,026
0,007
0,001
0,000
0,000
0,000
0,000
0,000
0,000
0,000
0,000
0,000
0,000
0,000
0,000
0,000
0,003
0,020
0,030
0,035
0,040
0,031
0,040
0,024
0,025
0,008
0,001
0,000
0,000
0,000
0,000
0,000
0,000
0,000
0,000
0,000
0,000
0,000
0,000
0,000
0,000
0,001
0,007
0,200
0,429
0,412
0,476
0,375
0,210
0,104
0,006
0,000
0,000
0,000
0,000
0,000
0,000
0,000
0,000
0,000
0,000
0,000
0,000
0,002
0,037
0,123
0,153
0,196
0,214
0,207
0,214
0,149
0,096
0,042
0,004
0,000
0,000
0,000
0,000
0,000
0,000
0,000
0,000
0,000
0,000
0,000
0,000
0,001
0,028
0,100
0,148
0,264
0,400
0,466
0,361
0,291
0,239
0,067
0,008
0,000
0,000
0,000
0,000
0,000
0,000
0,000
0,000
0,000
0,000
0,000
0,000
0,000
0,015
0,055
0,119
0,265
0,339
0,411
0,324
0,253
0,204
0,072
0,002
0,000
0,000
0,000
0,000
0,000
0,000
0,000
0,000
0,000
0,000
0,000
0,000
0,002
0,051
0,118
0,164
0,256
0,284
0,300
0,238
0,212
0,155
0,053
0,006
0,000
0,000
0,000
0,000
0,000
0,000
0,000
0,000
0,000
0,000
0,000
0,000
0,001
0,045
0,153
0,366
0,521
0,630
0,622
0,568
0,394
0,241
0,052
0,001
0,000
0,000
0,000
0,000
0,000
0,000
0,000
0,000
0,000
0,000
0,000
0,000
0,000
0,003
0,053
0,100
0,161
0,190
0,199
0,144
0,111
0,114
0,075
0,006
0,000
0,000
0,000
0,000
0,000
0,000
0,000
0,000
0,000
0,000
0,000
0,000
0,000
0,002
0,024
0,073
0,188
0,283
0,231
0,184
0,154
0,115
0,056
0,002
0,000
0,000
0,000
0,000
0,000
0,000
0,000
0,000
0,000
0,000
0,000
0,000
0,001
0,033
0,098
0,219
0,185
0,163
0,141
0,131
0,062
0,022
0,008
0,001
0,000
0,000
0,000
0,000
0,000
0,000
0,000
0,000
0,000
0,000
0,000
0,000
0,000
0,013
0,121
0,279
0,284
0,321
0,166
0,081
0,027
0,005
0,000
0,000
0,000
0,000
0,000
0,000
0,000
0,000
0,000
0,000
0,000
0,000
0,000
0,000
0,000
0,015
0,102
0,245
0,344
0,444
0,416
0,343
0,265
0,112
0,035
0,000
0,000
0,000
0,000
0,000
0,000
0,000
0,000
0,000
0,000
0,000
0,000
0,000
0,000
0,002
0,026
0,050
0,053
0,095
0,089
0,069
0,067
0,039
0,012
0,000
0,000
0,000
0,000
0,000
0,000
0,000
0,000
0,000
0,000
0,000
0,000
0,000
0,000
0,021
0,140
0,307
0,401
0,443
0,400
0,173
0,106
0,068
0,023
0,000
0,000
0,000
0,000
0,000
0,000
0,000
0,000
0,000
0,000
0,000
0,000
0,000
0,000
0,009
0,058
0,089
0,122
0,181
0,204
0,149
0,095
0,048
0,010
0,000
0,000
0,000
0,000
0,000
0,000
0,000
0,000
0,000
0,000
0,000
0,000
0,000
0,000
0,005
0,043
0,070
0,132
0,149
0,185
0,215
0,219
0,107
0,014
0,000
0,000
0,000
0,000
0,000
0,000
0,000
0,000
0,000
0,000
0,000
0,000
0,000
0,000
0,005
0,054
0,112
0,154
0,130
0,169
0,147
0,197
0,210
0,052
0,000
0,000
0,000
0,000
0,000
0,000
0,000
0,000
0,000
0,000
0,000
0,000
0,000
0,000
0,018
0,103
0,209
0,288
0,367
0,350
0,353
0,297
0,131
0,026
0,000
0,000
0,000
0,000
0,000
0,000
0,000
0,000
0,000
0,000
0,000
0,000
0,000
0,000
0,008
0,042
0,111
0,150
0,188
0,275
0,273
0,147
0,062
0,015
0,000
0,000
0,000
0,000
0,000
0,000
0,000
0,000
0,000
0,000
0,000
0,000
0,000
0,000
0,010
0,059
0,135
0,159
0,169
0,162
0,115
0,116
0,046
0,007
0,000
0,000
0,000
0,000
0,000
0,000
0,000
0,000
0,000
0,000
0,000
0,000
0,000
0,000
0,013
0,067
0,138
0,235
0,312
0,281
0,262
0,200
0,085
0,015
0,000
0,000
0,000
0,000
0,000
0,000
0,000
0,000
0,000
0,000
0,000
0,000
0,000
0,000
0,003
0,032
0,065
0,073
0,086
0,086
0,045
0,020
0,007
0,000
0,000
0,000
0,000
0,000
0,000
0,000
0,000
0,000
0,000
0,000
0,000
0,000
0,000
0,000
0,003
0,063
0,081
0,081
0,148
0,230
0,245
0,161
0,067
0,011
0,000
0,000
0,000
0,000
0,000
0,000
0,000
0,000
0,000
0,000
0,000
0,000
0,000
0,000
0,001
0,022
0,046
0,093
0,106
0,098
0,101
0,066
0,020
0,000
0,000
0,000
0,000
0,000
0,000
0,000
0,000
0,000
0,000
0,000
0,000
0,000
0,000
0,000
0,001
0,021
0,074
0,088
0,063
0,054
0,039
0,028
0,010
0,000
0,000
0,000
0,000
0,000
0,000
0,000
0,000
0,000
0,000
0,000
0,000
0,000
0,000
0,000
0,001
0,013
0,026
0,040
0,069
0,071
0,068
0,054
0,022
0,005
0,000
0,000
0,000
0,000
0,000
0,000
0,000
0,000
0,000
0,000
0,000
0,000
0,000
0,000
0,000
0,012
0,040
0,071
0,111
0,082
0,054
0,028
0,019
0,001
0,000
0,000
0,000
0,000
0,000
0,000
0,000
0,000
0,000
0,000
0,000
0,000
0,000
0,000
0,002
0,034
0,081
0,127
0,196
0,162
0,182
0,185
0,083
0,004
0,000
0,000
0,000
0,000
0,000
0,000
0,000
0,000
0,000
0,000
0,000
0,000
0,000
0,000
0,007
0,079
0,148
0,266
0,315
0,346
0,249
0,120
0,064
0,003
0,000
0,000
0,000
0,000
0,000
0,000
0,000
0,000
0,000
0,000
0,000
0,000
0,000
0,000
0,000
0,016
0,048
0,098
0,075
0,083
0,046
0,020
0,003
0,000
0,000
0,000
0,000
0,000
0,000
0,000
0,000
0,000
0,000
0,000
0,000
0,000
0,000
0,000
0,000
0,016
0,030
0,088
0,106
0,124
0,108
0,055
0,015
0,001
0,000
0,000
0,000
0,000
0,000
0,000
0,000
0,000
0,000
0,000
0,000
0,000
0,000
0,000
0,000
0,016
0,032
0,209
0,243
0,171
0,173
0,173
0,035
0,001
0,000
0,000
0,000
0,000
0,000
0,000
0,000
0,000
0,000
0,000
0,000
0,000
0,000
0,000
0,005
0,109
0,286
0,362
0,341
0,355
0,315
0,189
0,074
0,005
0,000
0,000
0,000
0,000
0,000
0,000
0,000
0,000
0,000
0,000
0,000
0,000
0,000
0,000
0,001
0,015
0,042
0,073
0,061
0,078
0,073
0,030
0,006
0,000
0,000
0,000
0,000
0,000
0,000
0,000
0,000
0,000
0,000
0,000
0,000
0,000
0,000
0,000
0,001
0,006
0,031
0,065
0,087
0,084
0,075
0,057
0,022
0,000
0,000
0,000
0,000
0,000
0,000
0,000
0,000
0,000
0,000
0,000
0,000
0,000
0,000
0,000
0,001
0,064
0,172
0,244
0,297
0,218
0,155
0,095
0,018
0,000
0,000
0,000
0,000
0,000
0,000
0,000
0,000
0,000
0,000
0,000
0,000
0,000
0,000
0,000
0,003
0,097
0,276
0,426
0,496
0,462
0,319
0,244
0,033
0,001
0,000
0,000
0,000
0,000
0,000
0,000
0,000
0,000
0,000
0,000
0,000
0,000
0,000
0,000
0,000
0,019
0,056
0,167
0,121
0,117
0,182
0,110
0,026
0,000
0,000
0,000
0,000
0,000
0,000
0,000
0,000
0,000
0,000
0,000
0,000
0,000
0,000
0,000
0,000
0,009
0,016
0,063
0,298
0,287
0,176
0,149
0,062
0,002
0,000
0,000
0,000
0,000
0,000
0,000
0,000
0,000
0,000
0,000
0,000
0,000
0,000
0,000
0,000
0,059
0,166
0,158
0,133
0,169
0,275
0,220
0,068
0,000
0,000
0,000
0,000
0,000
0,000
0,000
0,000
0,000
0,000
0,000
0,000
0,000
0,000
0,000
0,000
0,027
0,105
0,228
0,393
0,427
0,383
0,265
0,092
0,001
0,000
0,000
0,000
0,000
0,000
0,000
0,000
0,000
0,000
0,000
0,000
0,000
0,000
0,000
0,000
0,025
0,135
0,197
0,143
0,064
0,048
0,049
0,008
0,000
0,000
0,000
0,000
0,000
0,000
0,000
0,000
0,000
0,000
0,000
0,000
0,000
0,000
0,000
0,000
0,030
0,149
0,258
0,208
0,248
0,178
0,099
0,032
0,000
0,000
0,000
0,000
0,000
0,000
0,000
0,000
0,000
0,000
0,000
0,000
0,000
0,000
0,000
0,000
0,000
0,019
0,037
0,045
0,057
0,078
0,078
0,039
0,000
0,000
0,000
0,000
0,000
0,000
0,000
0,000
0,000
0,000
0,000
0,000
0,000
0,000
0,000
0,000
0,073
0,183
0,268
0,383
0,343
0,321
0,188
0,052
0,000
0,000
0,000
0,000
0,000
0,000
0,000
0,000
0,000
0,000
0,000
0,000
0,000
0,000
0,000
0,000
0,047
0,241
0,402
0,483
0,475
0,393
0,248
0,073
0,000
0,000
0,000
0,000
0,000
0,000
0,000
0,000
0,000
0,000
0,000
0,000
0,000
0,000
0,000
0,000
0,007
0,020
0,030
0,044
0,027
0,020
0,007
0,001
0,000
0,000
0,000
0,000
0,000
0,000
0,000
0,000
0,000
0,000
0,000
0,000
0,000
0,000
0,000
0,000
0,030
0,148
0,292
0,388
0,394
0,304
0,188
0,040
0,000
0,000
0,000
0,000
0,000
0,000
0,000
0,000
0,000
0,000
0,000
0,000
0,000
0,000
0,000
0,000
0,009
0,056
0,153
0,212
0,198
0,197
0,162
0,025
0,000
0,000
0,000
0,000
0,000
0,000
0,000
0,000
0,000
0,000
0,000
0,000
0,000
0,000
0,000
0,000
0,011
0,027
0,041
0,080
0,087
0,051
0,026
0,001
0,000
0,000
0,000
0,000
0,000
0,000
0,000
0,000
0,000
0,000
0,000
0,000
0,000
0,000
0,000
0,000
0,030
0,180
0,334
0,427
0,434
0,359
0,217
0,057
0,000
0,000
0,000
0,000
0,000
0,000
0,000
0,000
0,000
0,000
0,000
0,000
0,000
0,000
0,000
0,000
0,035
0,153
0,235
0,210
0,168
0,145
0,051
0,005
0,000
0,000
0,000
0,000
0,000
0,000
0,000
0,000
0,000
0,000
0,000
0,000
0,000
0,000
0,000
0,000
0,001
0,009
0,016
0,010
0,015
0,013
0,001
0,000
0,000
0,000
0,000
0,000
0,000
0,000
0,000
0,000
0,000
0,000
0,000
0,000
0,000
0,000
0,000
0,000
0,006
0,081
0,183
0,289
0,201
0,186
0,144
0,024
0,000
0,000
0,000
0,000
0,000
0,000
0,000
0,000
0,000
0,000
0,000
0,000
0,000
0,000
0,000
0,000
0,021
0,178
0,351
0,419
0,423
0,344
0,147
0,016
0,000
0,000
0,000
0,000
0,000
0,000
0,000
0,000
0,000
0,000
0,000
0,000
0,000
0,000
0,000
0,000
0,001
0,015
0,049
0,078
0,064
0,057
0,036
0,007
0,000
0,000
0,000
0,000
0,000
0,000
0,000
0,000
0,000
0,000
0,000
0,000
0,000
0,000
0,000
0,000
0,000
0,007
0,023
0,027
0,032
0,020
0,005
0,000
0,000
0,000
0,000
0,000
0,000
0,000
0,000
0,000
0,000
0,000
0,000
0,000
0,000
0,000
0,000
0,000
0,000
0,022
0,172
0,266
0,303
0,310
0,144
0,023
0,000
0,000
0,000
0,000
0,000
0,000
0,000
0,000
0,000
0,000
0,000
0,000
0,000
0,000
0,000
0,000
0,009
0,107
0,214
0,305
0,157
0,081
0,050
0,002
0,000
0,000
0,000
0,000
0,000
0,000
0,000
0,000
0,000
0,000
0,000
0,000
0,000
0,000
0,000
0,000
0,003
0,027
0,150
0,296
0,345
0,247
0,085
0,009
0,000
0,000
0,000
0,000
0,000
0,000
0,000
0,000
0,000
0,000
0,000
0,000
0,000
0,000
0,000
0,000
0,002
0,026
0,036
0,036
0,026
0,013
0,001
0,000
0,000
0,000
0,000
0,000
0,000
0,000
0,000
0,000
0,000
0,000
0,000
0,000
0,000
0,000
0,000
0,000
0,000
0,001
0,006
0,017
0,018
0,010
0,002
0,000
0,000
0,000
0,000
0,000
0,000
0,000
0,000
0,000
0,000
0,000
0,000
0,000
0,000
0,000
0,000
0,000
0,000
0,000
0,002
0,005
0,007
0,003
0,000
0,000
0,000
0,000
0,000
0,000
0,000
0,000
0,000
0,000
0,000
0,000
0,000
0,000
0,000
0,000
0,000
0,000
0,004
0,062
0,190
0,234
0,247
0,160
0,066
0,009
0,000
0,000
0,000
0,000
0,000
0,000
0,000
0,000
0,000
0,000
0,000
0,000
0,000
0,000
0,000
0,000
0,000
0,001
0,004
0,009
0,009
0,002
0,000
0,000
0,000
0,000
0,000
0,000
0,000
0,000
0,000
0,000
0,000
0,000
0,000
0,000
0,000
0,000
0,000
0,000
0,000
0,000
0,001
0,001
0,000
0,000
0,000
0,000
0,000
0,000
0,000
0,000
0,000
0,000
0,000
0,000
0,000
0,000
0,000
0,000
0,000
0,000
0,000
0,000
0,001
0,023
0,078
0,183
0,214
0,159
0,065
0,003
0,000
0,000
0,000
0,000
0,000
0,000
0,000
0,000
0,000
0,000
0,000
0,000
0,000
0,000
0,000
0,000
0,000
0,018
0,052
0,106
0,143
0,140
0,089
0,012
0,000
0,000
0,000
0,000
0,000
0,000
0,000
0,000
0,000
0,000
0,000
0,000
0,000
0,000
0,000
0,000
0,000
0,020
0,059
0,094
0,087
0,053
0,017
0,002
0,000
0,000
0,000
0,000
0,000
0,000
0,000
0,000
0,000
0,000
0,000
0,000
0,000
0,000
0,000
0,000
0,001
0,017
0,027
0,048
0,041
0,036
0,016
0,001
0,000
0,000
0,000
0,000
0,000
0,000
0,000
0,000
0,000
0,000
0,000
0,000
0,000
0,000
0,000
0,000
0,000
0,006
0,018
0,023
0,022
0,016
0,005
0,000
0,000
0,000
0,000
0,000
0,000
0,000
0,000
0,000
0,000
0,000
0,000
0,000
0,000
0,000
0,000
0,000
0,000
0,004
0,025
0,039
0,046
0,041
0,019
0,001
0,000
0,000
0,000
0,000
0,000
0,000
0,000
0,000
0,000
0,000
0,000
0,000
0,000
0,000
0,000
0,000
0,001
0,047
0,174
0,260
0,292
0,229
0,109
0,010
0,000
0,000
0,000
0,000
0,000
0,000
0,000
0,000
0,000
0,000
0,000
0,000
0,000
0,000
0,000
0,000
0,000
0,002
0,010
0,016
0,008
0,003
0,000
0,000
0,000
0,000
0,000
0,000
0,000
0,000
0,000
0,000
0,000
0,000
0,000
0,000
0,000
0,000
0,000
0,000
0,000
0,001
0,015
0,030
0,027
0,017
0,005
0,000
0,000
0,000
0,000
0,000
0,000
0,000
0,000
0,000
0,000
0,000
0,000
0,000
0,000
0,000
0,000
0,000
0,000
0,007
0,039
0,054
0,071
0,053
0,019
0,001
0,000
0,000
0,000
0,000
0,000
0,000
0,000
0,000
0,000
0,000
0,000
0,000
0,000
0,000
0,000
0,000
0,000
0,016
0,080
0,100
0,104
0,074
0,035
0,002
0,000
0,000
0,000
0,000
0,000
0,000
0,000
0,000
0,000
0,000
0,000
0,000
0,000
0,000
0,000
0,000
0,000
0,031
0,119
0,138
0,158
0,108
0,057
0,005
0,000
0,000
0,000
0,000
0,000
0,000
0,000
0,000
0,000
0,000
0,000
0,000
0,000
0,000
0,000
0,000
0,000
0,038
0,150
0,254
0,298
0,228
0,128
0,017
0,000
0,000
0,000
0,000
0,000
0,000
0,000
0,000
0,000
0,000
0,000
0,000
0,000
0,000
0,000
0,000
0,000
0,032
0,108
0,220
0,268
0,192
0,092
0,012
0,000
0,000
0,000
0,000
0,000
0,000
0,000
0,000
0,000
0,000
0,000
0,000
0,000
0,000
0,000
0,000
0,000
0,002
0,015
0,031
0,035
0,034
0,020
0,001
0,000
0,000
0,000
0,000
0,000
0,000
0,000
0,000
0,000
0,000
0,000
0,000
0,000
0,000
0,000
0,000
0,000
0,036
0,114
0,178
0,160
0,110
0,022
0,001
0,000
0,000
0,000
0,000
0,000
0,000
0,000
0,000
0,000
0,000
0,000
0,000
0,000
0,000
0,000
0,000
0,000
0,001
0,017
0,052
0,072
0,084
0,047
0,005
0,000
0,000
0,000
0,000
0,000
0,000
0,000
0,000
0,000
0,000
0,000
0,000
0,000
0,000
0,000
0,000
0,000
0,005
0,018
0,043
0,064
0,044
0,025
0,003
0,000
0,000
0,000
0,000
0,000
0,000
0,000
0,000
0,000
0,000
0,000
0,000
0,000
0,000
0,000
0,000
0,000
0,002
0,006
0,014
0,025
0,022
0,016
0,003
0,000
0,000
0,000
0,000
0,000
0,000
0,000
0,000
0,000
0,000
0,000
0,000
0,000
0,000
0,000
0,000
0,000
0,006
0,019
0,027
0,054
0,056
0,016
0,000
0,000
0,000
0,000
0,000
0,000
0,000
0,000
0,000
0,000
0,000
0,000
0,000
0,000
0,000
0,000
0,000
0,000
0,029
0,090
0,074
0,144
0,112
0,034
0,002
0,000
0,000
0,000
0,000
0,000
0,000
0,000
0,000
0,000
0,000
0,000
0,000
0,000
0,000
0,000
0,000
0,000
0,012
0,070
0,086
0,077
0,048
0,030
0,001
0,000
0,000
0,000
0,000
0,000
0,000
0,000
0,000
0,000
0,000
0,000
0,000
0,000
0,000
0,000
0,000
0,000
0,000
0,001
0,001
0,000
0,000
0,000
0,000
0,000
0,000
0,000
0,000
0,000
0,000
0,000
0,000
0,000
0,000
0,000
0,000
0,000
0,000
0,000
0,000
0,000
0,000
0,000
0,000
0,002
0,002
0,003
0,000
0,000
0,000
0,000
0,000
0,000
0,000
0,000
0,000
0,000
0,000
0,000
0,000
0,000
0,000
0,000
0,000
0,000
0,002
0,008
0,012
0,021
0,019
0,007
0,000
0,000
0,000
0,000
0,000
0,000
0,000
0,000
0,000
0,000
0,000
0,000
0,000
0,000
0,000
0,000
0,000
0,000
0,001
0,009
0,018
0,025
0,024
0,012
0,002
0,000
0,000
0,000
0,000
0,000
0,000
0,000
0,000
0,000
0,000
0,000
0,000
0,000
0,000
0,000
0,000
0,000
0,007
0,024
0,037
0,039
0,035
0,020
0,002
0,000
0,000
0,000
0,000
0,000
0,000
0,000
0,000
