       0
       0
       0
       0
       0
       0
       0
       0
       0
       0
     811
    1733
    1944
    1058
       0
       0
       0
       0
       0
       0
       0
       0
       0
       0
       0
       0
       0
       0
       0
       0
       0
       0
       0
       0
       0
       0
       0
       0
       0
       0
       0
       0
       0
       0
       0
       0
       0
       0
       0
       0
       0
       0
       0
       0
       0
       0
       0
       0
       0
       0
       0
     463
       0
       0
       0
       0
       0
       0
       0
       0
       0
       0
       0
       0
       0
       0
       0
       0
       0
       0
       0
     262
    1657
    3090
    3292
    2608
     966
       0
       0
       0
       0
       0
       0
       0
       0
       0
       0
       0
       0
       0
       0
       0
       0
       0
       0
       0
       0
       0
       0
       0
       0
       0
       0
       0
       0
       0
       0
       0
       0
       0
       0
       0
       0
       0
       0
       0
       0
       0
       0
       0
       0
       0
       0
       0
       0
       0
       0
       0
       0
       0
       0
       0
       0
       0
       0
       0
       0
       0
       0
       0
       0
       0
       0
       0
    1764
    3605
    4754
    4106
    2445
       0
       0
       0
       0
       0
       0
       0
       0
       0
       0
       0
       0
       0
       0
       0
       0
       0
       0
    1180
     726
       0
       0
       0
       0
       0
       0
       0
       0
       0
       0
       0
       0
       0
       0
       0
       0
       0
       0
       0
       0
       0
       0
       0
       0
    1689
    1305
       0
       0
       0
       0
       0
       0
       0
       0
       0
       0
       0
       0
       0
       0
       0
       0
       0
       0
       0
       0
       0
       0
       0
       0
       0
       0
       0
       0
       0
       0
       0
       0
       0
       0
       0
       0
       0
       0
       0
       0
       0
       0
       0
       0
       0
       0
       0
    1041
       0
       0
       0
       0
       0
       0
       0
       0
       0
       0
       0
       0
       0
       0
       0
       0
       0
       0
       0
       0
     234
     413
     814
     675
       0
       0
       0
       0
       0
       0
       0
       0
       0
       0
       0
       0
       0
       0
       0
       0
       0
       0
       0
       0
       0
       0
       0
       0
       0
       0
       0
       0
       0
       0
       0
       0
       0
       0
       0
       0
       0
       0
       0
       0
       0
       0
       0
       0
     348
    1558
    2808
    3279
    2773
    1255
       0
       0
       0
       0
       0
       0
       0
       0
       0
       0
       0
       0
       0
       0
       0
       0
       0
       0
       0
       0
       0
       0
       0
       0
       0
       0
       0
       0
       0
       0
       0
       0
       0
       0
       0
       0
       0
       0
       0
       0
       0
       0
       0
       0
       0
       0
       0
       0
       0
       0
       0
       0
       0
       0
       0
       0
       0
       0
       0
       0
       0
       0
       0
       0
       0
       0
       0
       0
       0
       0
       0
       0
       0
       0
       0
       0
       0
       0
       0
       0
       0
       0
       0
       0
       0
       0
       0
       0
       0
       0
       0
       0
       0
       0
       0
       0
       0
       0
       0
       0
       0
       0
       0
       0
       0
       0
       0
       0
       0
       0
       0
       0
       0
       0
       0
       0
       0
       0
       0
       0
       0
       0
       0
       0
       0
       0
       0
       0
       0
       0
       0
       0
       0
       0
       0
       0
       0
       0
       0
       0
       0
       0
       0
       0
       0
       0
       0
       0
       0
       0
       0
       0
       0
       0
       0
       0
       0
       0
       0
       0
       0
       0
       0
       0
       0
       0
       0
       0
       0
       0
       0
       0
       0
       0
       0
       0
       0
       0
       0
       0
       0
       0
       0
       0
       0
       0
       0
       0
       0
       0
       0
       0
       0
       0
       0
       0
       0
       0
       0
       0
       0
       0
       0
       0
       0
       0
       0
       0
       0
       0
       0
       0
       0
       0
       0
       0
       0
       0
       0
       0
       0
       0
       0
       0
       0
       0
       0
       0
       0
       0
       0
       0
       0
       0
       0
       0
       0
       0
       0
       0
       0
       0
       0
       0
       0
       0
       0
       0
       0
       0
       0
       0
       0
       0
       0
       0
       0
       0
       0
       0
       0
       0
       0
       0
       0
       0
       0
       0
       0
       0
       0
       0
       0
       0
       0
       0
       0
       0
       0
       0
       0
       0
       0
       0
       0
       0
       0
       0
       0
       0
       0
       0
       0
       0
       0
       0
       0
       0
       0
       0
       0
       0
       0
       0
       0
       0
       0
    1246
    2236
    1035
       0
       0
       0
       0
       0
       0
       0
       0
       0
       0
       0
       0
       0
       0
       0
       0
       0
       0
       0
       0
       0
       0
       0
       0
       0
       0
       0
       0
       0
       0
       0
       0
       0
       0
       0
       0
       0
       0
       0
       0
       0
       0
       0
       0
       0
       0
       0
       0
       0
       0
       0
       0
       0
       0
       0
       0
       0
       0
       0
       0
       0
       0
       0
       0
       0
       0
       0
       0
       0
       0
       0
       0
       0
       0
       0
       0
       0
       0
       0
       0
       0
       0
       0
       0
       0
       0
       0
       0
       0
       0
       0
       0
       0
       0
       0
       0
       0
       0
       0
       0
       0
       0
       0
       0
       0
       0
       0
       0
       0
       0
       0
       0
       0
       0
       0
       0
       0
       0
       0
       0
       0
     746
       0
       0
       0
       0
       0
       0
       0
       0
       0
       0
       0
       0
       0
       0
       0
       0
       0
       0
       0
     176
     182
     299
    1122
       0
       0
       0
       0
       0
       0
       0
       0
       0
       0
       0
       0
       0
       0
       0
       0
       0
       0
       0
       0
       0
     873
    1238
    1036
     438
       0
       0
       0
       0
       0
       0
       0
       0
       0
       0
       0
       0
       0
       0
       0
       0
       0
       0
       0
       0
       0
       0
       0
       0
       0
       0
       0
       0
       0
       0
       0
       0
       0
       0
       0
       0
       0
       0
       0
       0
       0
       0
       0
       0
    1537
    2082
    1202
       0
       0
       0
       0
       0
       0
       0
       0
       0
       0
       0
       0
       0
       0
       0
       0
       0
       0
       0
       0
       0
       0
       0
       0
       0
       0
       0
       0
       0
       0
       0
       0
       0
       0
       0
       0
       0
       0
       0
       0
       0
       0
       0
       0
       0
       0
       0
       0
       0
       0
       0
       0
       0
       0
       0
       0
       0
       0
       0
       0
       0
       0
       0
       0
       0
       0
       0
       0
       0
       0
     161
    1438
    1170
       0
       0
       0
       0
       0
       0
       0
       0
       0
       0
       0
       0
       0
       0
       0
       0
       0
       0
       0
       0
       0
       0
       0
       0
       0
       0
       0
       0
       0
       0
       0
       0
       0
       0
       0
       0
       0
       0
       0
       0
       0
       0
       0
       0
       0
       0
       0
       0
       0
       0
       0
       0
       0
       0
       0
       0
       0
       0
       0
       0
       0
       0
       0
       0
       0
       0
       0
       0
       0
       0
       0
       0
       0
       0
       0
       0
       0
       0
       0
       0
       0
       0
       0
       0
       0
       0
       0
       0
       0
       0
       0
       0
       0
       0
       0
       0
       0
       0
       0
       0
       0
       0
       0
       0
       0
       0
       0
       0
       0
       0
       0
       0
       0
       0
       0
       0
       0
       0
       0
       0
       0
       0
       0
       0
       0
       0
       0
       0
       0
       0
       0
       0
       0
       0
       0
       0
       0
     247
    2357
    5289
    6872
    7114
    6134
    3952
    1961
       0
       0
       0
       0
       0
       0
       0
       0
       0
       0
       0
       0
       0
       0
       0
       0
       0
       0
       0
       0
       0
       0
       0
       0
       0
       0
       0
       0
       0
       0
       0
       0
       0
       0
       0
       0
       0
       0
       0
       0
     510
    1980
    5357
    7452
    3989
    1978
       0
       0
       0
       0
       0
       0
       0
       0
       0
       0
       0
       0
       0
       0
       0
       0
       0
       0
     642
    2009
    4690
    4458
    3041
    1585
       0
       0
       0
       0
       0
       0
       0
       0
       0
       0
       0
       0
       0
       0
       0
       0
       0
       0
       0
       0
     718
     251
     115
       0
       0
       0
       0
       0
       0
       0
       0
       0
       0
       0
       0
       0
       0
       0
       0
       0
       0
       0
       0
     165
     912
    1591
    1588
    1526
    2613
    1599
       0
       0
       0
       0
       0
       0
       0
       0
       0
       0
       0
       0
       0
       0
       0
       0
       0
    1957
    6784
    9429
    8757
    8757
    5117
    2417
       0
       0
       0
       0
       0
       0
       0
       0
       0
       0
       0
       0
       0
       0
       0
       0
     777
    4093
    6682
    7826
    8025
    6970
    4786
    2279
       0
       0
       0
       0
       0
       0
       0
       0
       0
       0
       0
       0
       0
       0
       0
       0
       0
       0
    1017
    1520
    2110
    1802
     959
     324
       0
       0
       0
       0
       0
       0
       0
       0
       0
       0
       0
       0
       0
       0
       0
       0
       0
       0
     243
    1262
    1720
    2013
    2180
    1376
       0
       0
       0
       0
       0
       0
       0
       0
       0
       0
       0
       0
       0
       0
       0
       0
    1114
    2772
    6586
    2997
    9576
    8053
    3159
    2617
       0
       0
       0
       0
       0
       0
       0
       0
       0
       0
       0
       0
       0
       0
       0
     502
    1532
    4420
    1733
    5291
    3316
    8773
    7714
    2445
       0
       0
       0
       0
       0
       0
       0
       0
       0
       0
       0
       0
       0
       0
       0
       0
    1023
    3893
    7116
    4764
    7691
    4518
       0
       0
       0
       0
       0
       0
       0
       0
       0
       0
       0
       0
       0
       0
       0
       0
       0
       0
       0
       0
    1466
     492
     487
     214
       0
       0
       0
       0
       0
       0
       0
       0
       0
       0
       0
       0
       0
       0
       0
       0
       0
       0
       0
       0
       0
       0
       0
       0
       0
       0
       0
       0
       0
       0
       0
       0
       0
       0
       0
       0
       0
       0
       0
       0
       0
       0
       0
       0
       0
       0
       0
       0
       0
       0
       0
       0
       0
       0
       0
       0
       0
       0
       0
       0
       0
       0
       0
       0
       0
       0
       0
       0
       0
       0
       0
       0
       0
       0
       0
       0
       0
       0
       0
       0
       0
       0
       0
       0
       0
       0
       0
       0
       0
       0
       0
       0
       0
       0
       0
       0
       0
       0
       0
       0
       0
       0
       0
       0
       0
       0
       0
       0
       0
       0
       0
       0
       0
       0
       0
       0
       0
       0
     260
     193
       0
       0
       0
       0
       0
       0
       0
       0
       0
       0
       0
       0
       0
       0
       0
       0
       0
       0
       0
       0
       0
       0
      40
     922
       0
       0
       0
       0
       0
       0
       0
       0
       0
       0
       0
       0
       0
       0
       0
       0
       0
       0
       0
       0
       0
       0
       0
       0
       0
       0
       0
       0
       0
       0
       0
       0
       0
       0
       0
       0
       0
       0
       0
       0
       0
       0
       0
       0
       0
       0
       0
       0
       0
       0
       0
       0
       0
       0
       0
       0
       0
       0
       0
       0
       0
       0
       0
       0
       0
       0
       0
       0
     440
    1948
    2474
    4341
    4157
    2541
       0
       0
       0
       0
       0
       0
       0
       0
       0
       0
       0
       0
       0
       0
       0
       0
       0
       0
       0
     744
     216
    1011
       0
       0
       0
       0
       0
       0
       0
       0
       0
       0
       0
       0
       0
       0
       0
       0
       0
       0
       0
       0
    2219
    1113
     933
       0
     989
    1274
       0
       0
       0
       0
       0
       0
       0
       0
       0
       0
       0
       0
       0
       0
       0
       0
       0
       0
       0
       0
       0
       0
       0
       0
       0
       0
       0
       0
       0
       0
       0
       0
       0
       0
       0
       0
       0
       0
       0
     353
    1238
    3396
    5510
    2043
    8979
    4359
    1927
       0
       0
       0
       0
       0
       0
       0
       0
       0
       0
       0
       0
       0
       0
       0
       0
       0
     753
    1464
       0
       0
       0
       0
       0
       0
       0
       0
       0
       0
       0
       0
       0
       0
       0
       0
       0
       0
       0
       0
       0
       0
       0
     832
    1626
    1919
     566
       0
       0
       0
       0
       0
       0
       0
       0
       0
       0
       0
       0
       0
       0
       0
       0
       0
       0
     192
    2184
    5448
    7402
    8275
    1139
       0
       0
       0
       0
       0
       0
       0
       0
       0
       0
       0
       0
       0
       0
       0
       0
       0
       0
     657
    3067
    7112
    9076
   10107
   10107
    8983
    6778
    3569
    1728
       0
       0
       0
       0
       0
       0
       0
       0
       0
       0
       0
       0
       0
       0
    1406
    2512
    1866
     531
       0
       0
       0
       0
       0
       0
       0
       0
       0
       0
       0
       0
       0
       0
       0
       0
       0
       0
       0
       0
     700
    2691
    5856
    2915
    2264
    2385
    4877
    3284
    3284
    1741
       0
       0
       0
       0
       0
       0
       0
       0
       0
       0
       0
       0
       0
       0
       0
       0
       0
       0
       0
       0
       0
       0
       0
       0
       0
       0
       0
       0
       0
       0
       0
       0
       0
       0
       0
       0
       0
       0
     807
    3378
    7062
    8591
   10497
   10157
    8653
    6729
    3170
    1665
       0
       0
       0
       0
       0
       0
       0
       0
       0
       0
       0
       0
       0
       0
    1071
    2966
    6480
    9227
    4326
    5721
    2790
    1652
       0
       0
       0
       0
       0
       0
       0
       0
       0
       0
       0
       0
       0
       0
       0
       0
       0
       0
       0
       0
       0
     677
       0
    2348
    3285
    1657
       0
       0
       0
       0
       0
       0
       0
       0
       0
       0
       0
       0
       0
       0
    1243
    3666
    6957
    8139
   11032
    4484
    4243
    1729
       0
       0
       0
       0
       0
       0
       0
       0
       0
       0
       0
       0
       0
       0
       0
       0
       0
       0
     407
     373
       0
       0
       0
       0
       0
       0
       0
       0
       0
       0
       0
       0
       0
       0
       0
       0
       0
       0
       0
       0
       0
     222
    1122
    1945
    9669
    4719
    2667
    2081
    1387
       0
       0
       0
       0
       0
       0
       0
       0
       0
       0
       0
       0
       0
       0
       0
     489
     524
     906
    6330
    3254
    3255
    3549
    3269
    1404
       0
       0
       0
       0
       0
       0
       0
       0
       0
       0
       0
       0
       0
       0
       0
       0
    3567
    2688
    2255
    2255
    2367
    1857
    1257
    1415
       0
       0
       0
       0
       0
       0
       0
       0
       0
       0
       0
       0
       0
       0
       0
       0
       0
       0
       0
       0
       0
       0
       0
       0
       0
       0
       0
       0
       0
       0
       0
       0
       0
       0
       0
       0
       0
       0
       0
       0
       0
       0
       0
       0
       0
       0
       0
       0
       0
       0
       0
       0
       0
       0
       0
       0
       0
       0
       0
       0
       0
       0
       0
     676
     868
    2956
    4473
    5550
    9162
    3703
    3913
    2128
       0
       0
       0
       0
       0
       0
       0
       0
       0
       0
       0
       0
       0
       0
       0
       0
       0
     694
    4114
    5412
    2289
    2404
    2375
    1248
     762
       0
       0
       0
       0
       0
       0
       0
       0
       0
       0
       0
       0
       0
       0
       0
       0
       0
       0
     363
    1319
    1763
       0
       0
       0
       0
       0
       0
       0
       0
       0
       0
       0
       0
       0
       0
       0
       0
       0
    1166
     876
     406
       0
    2219
    5786
    1738
    1123
    1540
     723
       0
       0
       0
       0
       0
       0
       0
       0
       0
       0
       0
       0
       0
       0
     548
     280
       0
    1719
    3430
    4819
    4835
    4892
    2585
    2039
       0
       0
       0
       0
       0
       0
       0
       0
       0
       0
       0
       0
       0
       0
       0
       0
       0
       0
       0
       0
       0
       0
       0
       0
       0
       0
       0
       0
       0
       0
       0
       0
       0
       0
       0
       0
       0
       0
       0
    3200
    2252
       0
    1334
     630
       0
       0
       0
       0
       0
       0
       0
       0
       0
       0
       0
       0
       0
       0
       0
       0
       0
       0
       0
    1059
     942
    1722
    2730
    1864
    2507
    1958
     867
       0
       0
       0
       0
       0
       0
       0
       0
       0
       0
       0
       0
       0
       0
       0
     371
     211
       0
     787
    1101
       0
     488
    2528
    2025
     764
       0
       0
       0
       0
       0
       0
       0
       0
       0
       0
       0
       0
       0
     308
    1701
    4267
    3631
    2875
    8500
    5044
    4639
    4637
       0
       0
       0
       0
       0
       0
       0
       0
       0
       0
       0
       0
       0
       0
       0
       0
       0
       0
    1432
       0
       0
       0
       0
       0
       0
       0
       0
       0
       0
       0
       0
       0
       0
       0
       0
       0
       0
       0
       0
       0
    1066
    2144
    6998
    4811
    9587
    3849
    4389
    8635
    3210
    1879
       0
       0
       0
       0
       0
       0
       0
       0
       0
       0
       0
       0
       0
       0
     502
     793
     826
    1820
    9206
    8024
    1978
     730
       0
       0
       0
       0
       0
       0
       0
       0
       0
       0
       0
       0
       0
       0
       0
     123
    1661
    3015
    6977
    6595
   10176
    8735
    7048
    2678
    1046
       0
       0
       0
       0
       0
       0
       0
       0
       0
       0
       0
       0
       0
       0
     518
    2153
    6200
    9050
    9505
    8327
    2662
    7460
    5255
    3032
    2054
       0
       0
       0
       0
       0
       0
       0
       0
       0
       0
       0
       0
       0
       0
       0
     672
     982
       0
    1446
    1205
    1890
    6480
    4964
    2600
       0
       0
       0
       0
       0
       0
       0
       0
       0
       0
       0
       0
       0
       0
    2468
    1866
    2463
    6962
    2811
       0
    2057
    1705
       0
       0
       0
       0
       0
       0
       0
       0
       0
       0
       0
       0
       0
       0
       0
     712
    2051
    6215
    9000
   10899
   11789
   11789
   10913
    8022
    3220
    1444
       0
       0
       0
       0
       0
       0
       0
       0
       0
       0
       0
       0
       0
     299
    1429
    4976
    8025
   10208
   11366
   11572
   10443
    8535
    4934
    2432
       0
       0
       0
       0
       0
       0
       0
       0
       0
       0
       0
       0
       0
       0
    2353
    4574
    7972
    5574
    6503
    4979
    2091
    1101
       0
       0
       0
       0
       0
       0
       0
       0
       0
       0
       0
       0
       0
       0
       0
       0
    1714
    2242
    4290
    4475
    5595
    4039
    6005
    2065
       0
       0
       0
       0
       0
       0
       0
       0
       0
       0
       0
       0
       0
       0
       0
       0
       0
    1282
    1218
    2452
    2711
    2512
    2384
    2503
    2046
       0
       0
       0
       0
       0
       0
       0
       0
       0
       0
       0
       0
       0
       0
       0
       0
    1234
    1649
    2069
    2644
    2199
    2010
    4141
    3524
    1947
       0
       0
       0
       0
       0
       0
       0
       0
       0
       0
       0
       0
       0
       0
       0
       0
       0
    1494
    2011
    2835
    2489
    2137
    1561
       0
       0
       0
       0
       0
       0
       0
       0
       0
       0
       0
       0
       0
       0
       0
       0
       0
       0
     678
     487
    1063
    1901
    1718
    2255
    2042
       0
       0
       0
       0
       0
       0
       0
       0
       0
       0
       0
       0
       0
       0
       0
       0
     741
     710
    1268
    1708
    2374
    2731
    1968
       0
       0
       0
       0
       0
       0
       0
       0
       0
       0
       0
       0
       0
       0
     694
    1703
    5516
    8528
   10217
   11148
   10905
    9760
    7618
    4776
    2493
       0
       0
       0
       0
       0
       0
       0
       0
       0
       0
       0
       0
       0
     934
    1743
    5000
    8002
    9828
   10611
   10517
    9799
    8182
    5500
    2881
       0
       0
       0
       0
       0
       0
       0
       0
       0
       0
       0
       0
       0
       0
    1738
    5329
    8889
   10345
    7246
    6881
    2660
    1550
       0
       0
       0
       0
       0
       0
       0
       0
       0
       0
       0
       0
       0
       0
       0
    1110
    2704
    6907
    9495
   11409
   12401
   12620
   10992
    8961
    6215
    2965
       0
       0
       0
       0
       0
       0
       0
       0
       0
       0
       0
       0
       0
    1635
    2849
    6943
    9598
   11769
   12336
   11454
   11185
    8978
    6093
    3089
       0
       0
       0
       0
       0
       0
       0
       0
       0
       0
       0
       0
       0
    1465
    2703
    6991
    5360
    8056
    5353
    8401
    3140
    2868
    1459
     748
       0
       0
       0
       0
       0
       0
       0
       0
       0
       0
       0
       0
       0
     942
    2942
    4428
    3093
    7417
   11488
    8420
    9117
    8951
    6027
    2912
    1065
       0
       0
       0
       0
       0
       0
       0
       0
       0
       0
       0
       0
     550
    2080
    4438
    7633
    9032
    8691
    9762
    9774
    8345
    5651
    3912
    1397
       0
       0
       0
       0
       0
       0
       0
       0
       0
       0
       0
       0
     187
    1591
    5075
    4322
    4842
    6329
    4191
    2247
    2150
       0
       0
       0
       0
       0
       0
       0
       0
       0
       0
       0
       0
       0
       0
       0
       0
       0
    1480
    1499
    2012
    2816
    2285
    7430
    6489
    4879
    3264
       0
       0
       0
       0
       0
       0
       0
       0
       0
       0
       0
       0
       0
       0
    1462
    2255
    3096
    4167
   10700
    8506
    4617
    6918
    4867
    2760
       0
       0
       0
       0
       0
       0
       0
       0
       0
       0
       0
       0
       0
       0
       0
       0
     999
    1672
    3200
    2182
    1108
    2714
    1942
       0
       0
       0
       0
       0
       0
       0
       0
       0
       0
       0
       0
       0
       0
    1158
    2561
    5031
    8291
    8708
    7138
    6379
    4229
    4702
    2898
    2733
    1755
       0
       0
       0
       0
       0
       0
       0
       0
       0
       0
       0
       0
     923
     674
       0
       0
       0
    2133
    2957
    3049
       0
    1438
    1969
       0
       0
       0
       0
       0
       0
       0
       0
       0
       0
       0
       0
       0
       0
    1052
    3518
    3759
    7819
    4357
    4121
    2952
    2395
    4110
    2441
       0
       0
       0
       0
       0
       0
       0
       0
       0
       0
       0
       0
       0
       0
    1072
    1487
    2814
    2891
    3248
    3559
    4016
    7849
    4044
    2100
       0
       0
       0
       0
       0
       0
       0
       0
       0
       0
       0
       0
       0
     972
    1431
    4162
    3924
    3088
    3088
    3052
    3218
    1876
    1490
    1014
       0
       0
       0
       0
       0
       0
       0
       0
       0
       0
       0
       0
       0
    1079
    3098
    4287
    7955
    8347
    3759
    4431
    9555
    8174
    5734
    3638
    1238
       0
       0
       0
       0
       0
       0
       0
       0
       0
       0
       0
       0
     394
    1637
    4769
    8120
    4950
   11151
   11468
    6459
    3615
    2402
       0
       0
       0
       0
       0
       0
       0
       0
       0
       0
       0
       0
       0
       0
       0
    1539
    2358
    7048
    8815
   11000
   11014
    3711
    2457
    2435
       0
       0
       0
       0
       0
       0
       0
       0
       0
       0
       0
       0
       0
       0
       0
    1510
     627
    3415
   10409
    8854
    4699
    2578
    2040
       0
    2626
    1309
       0
       0
       0
       0
       0
       0
       0
       0
       0
       0
       0
       0
     728
    1897
    2432
    2149
    1758
    2288
    1562
       0
     668
     503
     503
       0
       0
       0
       0
       0
       0
       0
       0
       0
       0
       0
       0
       0
     424
    1336
    3258
    6152
    5244
    6630
    4823
    4311
    3328
    2442
    1218
       0
       0
       0
       0
       0
       0
       0
       0
       0
       0
       0
       0
       0
    1216
    2912
    5696
    8902
   10373
    9585
   10296
    7655
    6981
    5649
    4047
    1756
       0
       0
       0
       0
       0
       0
       0
       0
       0
       0
       0
       0
    1172
    2822
    5451
    8509
   10233
   11286
   11298
    9851
    8102
    5292
    3810
       0
       0
       0
       0
       0
       0
       0
       0
       0
       0
       0
       0
       0
       0
       0
       0
       0
       0
    1285
       0
       0
       0
       0
       0
       0
       0
       0
       0
       0
       0
       0
       0
       0
       0
       0
       0
       0
       0
       0
    1415
    1026
     842
    1822
    2282
    2021
    1038
       0
       0
       0
       0
       0
       0
       0
       0
       0
       0
       0
       0
       0
       0
       0
       0
       0
       0
     699
    1204
    1578
    1316
    1590
    2624
    2243
       0
       0
       0
       0
       0
       0
       0
       0
       0
       0
       0
       0
       0
       0
     984
    2120
    3832
    5576
   10211
   11320
    5046
    7667
    8300
    5322
    4134
    1869
       0
       0
       0
       0
       0
       0
       0
       0
       0
       0
       0
       0
       0
       0
     689
    1039
       0
     909
    1019
    1054
     747
     672
       0
       0
       0
       0
       0
       0
       0
       0
       0
       0
       0
       0
       0
       0
       0
     813
    4212
    7293
    4023
    6766
    5205
    7135
    6619
    4912
    2693
       0
       0
       0
       0
       0
       0
       0
       0
       0
       0
       0
       0
       0
    1383
    2383
    3237
    6481
    5268
   11712
   11500
    9525
    4182
    5103
    3885
    1792
       0
       0
       0
       0
       0
       0
       0
       0
       0
       0
       0
       0
       0
     710
     757
       0
       0
       0
       0
       0
       0
       0
       0
       0
       0
       0
       0
       0
       0
       0
       0
       0
       0
       0
       0
       0
     721
    2144
    3312
    3891
    6200
    6670
   11692
   10643
    7087
    4697
    2700
    1002
       0
       0
       0
       0
       0
       0
       0
       0
       0
       0
       0
       0
     604
     958
    2178
    5011
   10518
   11253
   11253
   10648
    8652
    6195
    4175
    2008
       0
       0
       0
       0
       0
       0
       0
       0
       0
       0
       0
       0
    1374
    2567
    4862
    5752
    7880
    6015
    6500
    4050
       0
       0
       0
       0
       0
       0
       0
       0
       0
       0
       0
       0
       0
       0
       0
       0
       0
    1517
    2006
    2583
    7917
    9120
    8669
    8085
    7644
    5366
    4024
       0
       0
       0
       0
       0
       0
       0
       0
       0
       0
       0
       0
       0
       0
       0
       0
       0
    2092
    1924
    4314
    9800
    8007
    5397
    3971
    1774
       0
       0
       0
       0
       0
       0
       0
       0
       0
       0
       0
       0
    1646
    3144
    5724
    8796
   10436
    6230
    5026
    4528
    2898
    2660
    2732
       0
       0
       0
       0
       0
       0
       0
       0
       0
       0
       0
       0
       0
    1843
    3167
    6189
    9146
   10483
    4416
    4329
    5792
    7913
    5254
    3774
    1780
       0
       0
       0
       0
       0
       0
       0
       0
       0
       0
       0
       0
    1618
    3232
    6112
    9109
   10849
   11833
   11182
   10085
    7689
    5560
    4089
    2192
       0
       0
       0
       0
       0
       0
       0
       0
       0
       0
       0
       0
       0
       0
    2919
    4594
    5151
    6118
    4525
    4206
    4300
    2265
    2639
    1896
       0
       0
       0
       0
       0
       0
       0
       0
       0
       0
       0
       0
    1563
    3163
    5910
    8863
   10516
   11177
   11180
    9952
    8105
    5503
    4009
    1826
       0
       0
       0
       0
       0
       0
       0
       0
       0
       0
       0
       0
    1596
    3026
    5639
    8513
   10385
   11342
   11132
   10160
    8340
    6004
    4290
    2161
       0
       0
       0
       0
       0
       0
       0
       0
       0
       0
       0
       0
    1902
    3462
    6633
    9592
   11371
   11800
   11512
   10352
    8381
    5506
    4151
    2106
       0
       0
       0
       0
       0
       0
       0
       0
       0
       0
       0
       0
    1783
    3335
    6182
    9031
   10526
   10535
   10377
    9762
    8042
    5524
    4102
    2054
       0
       0
       0
       0
       0
       0
       0
       0
       0
       0
       0
       0
    2222
    3608
    5806
    4774
    8010
   11347
    9153
    9633
    7555
    5224
    3860
       0
       0
       0
       0
       0
       0
       0
       0
       0
       0
       0
       0
       0
    2273
    3047
    5518
    6592
   10244
   10276
    8612
   10315
    6816
    6073
    4262
    2250
       0
       0
       0
       0
       0
       0
       0
       0
       0
       0
       0
       0
    1118
    1941
    4266
    7912
    9650
   11065
   10777
    9876
    8315
    5643
    4170
    1943
       0
       0
       0
       0
       0
       0
       0
       0
       0
       0
       0
     777
    1561
    2196
    2286
    5496
    9792
   11374
    8698
    9809
    7548
    4968
    3696
    1821
       0
       0
       0
       0
       0
       0
       0
       0
       0
       0
       0
       0
    1572
    3252
    5939
    8927
   10524
   11816
   11586
   10465
    8438
    5524
    3891
    1776
       0
       0
       0
       0
       0
       0
       0
       0
       0
       0
       0
       0
    1462
    2052
    3635
    7617
    8773
    5778
    6887
    7262
    7126
    5098
    3706
       0
       0
       0
       0
       0
       0
       0
       0
       0
       0
       0
       0
       0
    2409
    3204
    6326
    6855
    8930
    3960
    2879
    3217
    5839
    4331
    2750
    1561
       0
       0
       0
       0
       0
       0
       0
       0
       0
       0
       0
       0
    2186
    3613
    6193
    5442
    7737
    2998
    7410
    9918
    8298
    5288
    3431
       0
       0
       0
       0
       0
       0
       0
       0
       0
       0
       0
       0
       0
       0
       0
       0
    1911
    2742
    1984
    1071
    1270
    2491
    2032
    1416
       0
       0
       0
       0
       0
       0
       0
       0
       0
       0
       0
       0
       0
       0
    2134
    3342
    2746
    2704
    4495
    3861
    1617
    1609
    1430
    1012
       0
       0
       0
       0
       0
       0
       0
       0
       0
       0
       0
       0
       0
       0
    1194
    1942
    3080
    8067
    7899
    9160
    7115
    3271
       0
       0
       0
       0
       0
       0
       0
       0
       0
       0
       0
       0
       0
       0
       0
    1131
    2216
    2503
    3596
    4281
    4045
    3952
    2199
    1988
    1466
     991
     801
       0
       0
       0
       0
       0
       0
       0
       0
       0
       0
       0
       0
     883
     927
    1006
    2332
    3400
    3776
    2447
    1585
    2442
       0
       0
       0
       0
       0
       0
       0
       0
       0
       0
       0
       0
       0
       0
    1371
    1259
    2896
    6023
    8694
    9571
    5690
    2642
    2197
    2913
    1720
       0
       0
       0
       0
       0
       0
       0
       0
       0
       0
       0
       0
       0
       0
    1781
    3201
    4931
    6826
    8416
    4990
    8307
    3764
    4259
    2331
    1069
       0
       0
       0
       0
       0
       0
       0
       0
       0
       0
       0
       0
     871
    1317
    3347
    4222
    2692
    3135
    4490
    7437
    3147
    1143
     855
       0
       0
       0
       0
       0
       0
       0
       0
       0
       0
       0
       0
       0
       0
       0
    1543
    1661
    1931
    6672
    7555
    9955
    9188
    7991
    5357
    2817
       0
       0
       0
       0
       0
       0
       0
       0
       0
       0
       0
       0
       0
       0
       0
    1641
    2007
    2913
    5649
    4189
    2123
     921
    3742
    3510
    1544
       0
       0
       0
       0
       0
       0
       0
       0
       0
       0
       0
       0
    1840
    3228
    5333
    7965
    9411
    7101
    5296
    3539
    5495
    5050
    3306
    1851
       0
       0
       0
       0
       0
       0
       0
       0
       0
       0
       0
       0
       0
       0
       0
       0
    1142
       0
     649
       0
       0
       0
       0
       0
       0
       0
       0
       0
       0
       0
       0
       0
       0
       0
       0
       0
       0
       0
       0
       0
       0
       0
       0
       0
    1612
    1013
    1354
    1340
       0
       0
       0
       0
       0
       0
       0
       0
       0
       0
       0
       0
    1129
    1742
    3935
    5577
    6406
    7752
   10220
    9631
    8243
    6207
    4610
    2351
       0
       0
       0
       0
       0
       0
       0
       0
       0
       0
       0
       0
    1910
    2787
    3965
    4373
    6160
    7332
    6949
    7873
    4837
    4078
    2957
    1656
       0
       0
       0
       0
       0
       0
       0
       0
       0
       0
       0
       0
    1193
    1881
    3175
    3881
    3681
   10709
   11252
    9623
    4876
    4243
    2701
       0
       0
       0
       0
       0
       0
       0
       0
       0
       0
       0
       0
       0
    2026
    3159
    5834
    8822
   10466
   10987
   10780
    9880
    8136
    5743
    4105
    2044
       0
       0
       0
       0
       0
       0
       0
       0
       0
       0
       0
       0
    1823
    3200
    6142
    8827
   10480
    9378
    9549
    8438
    8438
    5821
    4191
    2169
       0
       0
       0
       0
       0
       0
       0
       0
       0
       0
       0
       0
    1784
    3038
    5879
    8725
   10299
    8253
    8385
    5851
    4727
    4348
    3719
    2011
       0
       0
       0
       0
       0
       0
       0
       0
       0
       0
       0
       0
       0
       0
       0
    1921
    1193
    2744
    4922
    6057
    5432
    3790
    2532
       0
       0
       0
       0
       0
       0
       0
       0
       0
       0
       0
       0
       0
       0
       0
       0
    2045
    2504
    4550
    2984
    1861
       0
    1619
    1034
       0
       0
       0
       0
       0
       0
       0
       0
       0
       0
       0
       0
       0
       0
    1052
     925
    1186
    1186
       0
       0
    1132
    1997
       0
       0
       0
       0
       0
       0
       0
       0
       0
       0
       0
       0
       0
       0
       0
       0
       0
       0
    1527
    2737
    3510
    3283
       0
       0
       0
       0
       0
       0
       0
       0
       0
       0
       0
       0
       0
       0
       0
       0
       0
       0
    1898
    2503
    2324
       0
    2356
       0
    2494
    3076
    1818
     954
       0
       0
       0
       0
       0
       0
       0
       0
       0
       0
       0
       0
       0
    1366
    1523
       0
    1750
    3542
    5817
    4360
    1839
    3418
    4436
    2428
    1260
       0
       0
       0
       0
       0
       0
       0
       0
       0
       0
       0
       0
    1715
    1836
    2102
    2666
    7960
    4123
    4041
    4396
    3355
    3219
    3561
    1927
       0
       0
       0
       0
       0
       0
       0
       0
       0
       0
       0
       0
    1377
    2640
    2241
    2486
    3247
    6525
    5459
    4279
    4618
    3347
    2114
       0
       0
       0
       0
       0
       0
       0
       0
       0
       0
       0
       0
       0
       0
    2254
    3145
       0
    1943
    1644
    3766
    4328
    3726
    4255
    3503
    1634
       0
       0
       0
       0
       0
       0
       0
       0
       0
       0
       0
       0
       0
       0
    1904
    3653
    3515
    6047
    6928
    6987
    4630
    3519
    2072
       0
       0
       0
       0
       0
       0
       0
       0
       0
       0
       0
       0
       0
       0
       0
       0
    1746
    2505
    3952
    4755
    4947
       0
       0
       0
       0
       0
       0
       0
       0
       0
       0
       0
       0
       0
       0
       0
       0
       0
    2255
    2249
    5271
    5850
    3790
    2821
    5515
    4065
    1873
    1680
       0
       0
       0
       0
       0
       0
       0
       0
       0
       0
       0
       0
       0
       0
    1285
    2919
    4807
    3844
    3168
    3330
    2591
    1830
    1645
    1874
       0
       0
       0
       0
       0
       0
       0
       0
       0
       0
       0
       0
       0
    1774
    2642
    4701
    7087
    7399
    9629
    8069
    4771
    3869
    2884
    1960
       0
       0
       0
       0
       0
       0
       0
       0
       0
       0
       0
       0
       0
       0
    1224
       0
    2141
    8438
   11128
   10623
    9893
    7834
    5406
    4000
       0
       0
       0
       0
       0
       0
       0
       0
       0
       0
       0
       0
       0
    1881
    1657
    3065
    4092
    4815
   10496
   10683
   10145
    8339
    5686
    4099
    1801
       0
       0
       0
       0
       0
       0
       0
       0
       0
       0
       0
       0
    1486
    2709
    5564
    7178
   10053
   10607
   10170
    8964
    8484
    5653
    4250
    2030
       0
       0
       0
       0
       0
       0
       0
       0
       0
       0
       0
       0
    1156
    2219
    4258
    6435
    7484
    9655
    9673
    8522
    6385
    4862
    3274
       0
       0
       0
       0
       0
       0
       0
       0
       0
       0
       0
       0
       0
       0
       0
    1920
    3700
    5164
    8324
    5374
    5768
    7440
    5402
    2850
       0
       0
       0
       0
       0
       0
       0
       0
       0
       0
       0
       0
       0
       0
    1729
       0
    1241
    1276
       0
       0
       0
       0
       0
       0
       0
       0
       0
       0
       0
       0
       0
       0
       0
       0
       0
       0
       0
    1920
    1587
    2639
    4090
    7818
    9058
    9199
    8641
    6969
    5166
    3805
    1911
       0
       0
       0
       0
       0
       0
       0
       0
       0
       0
       0
       0
    1735
    2956
    5379
    8393
    9682
    6385
    5684
    9980
    7989
    5618
    4136
    1899
       0
       0
       0
       0
       0
       0
       0
       0
       0
       0
       0
       0
    1776
    2966
    4007
    5696
    5497
    8288
    5039
    4369
    3501
    3326
    1880
       0
       0
       0
       0
       0
       0
       0
       0
       0
       0
       0
       0
       0
    1761
    2872
    4835
    5694
    3508
    3718
    3070
    6775
    5759
       0
    3135
    1431
       0
       0
       0
       0
       0
       0
       0
       0
       0
       0
       0
       0
    1354
    2657
    4814
    8579
   11014
    7939
    4756
    7251
    5333
    5411
       0
       0
       0
       0
       0
       0
       0
       0
       0
       0
       0
       0
       0
       0
       0
       0
       0
       0
       0
       0
    2426
       0
       0
       0
       0
       0
       0
       0
       0
       0
       0
       0
       0
       0
       0
       0
       0
       0
       0
    1145
    1423
    3712
    6812
   10629
    9178
    9760
    8262
    5001
    3909
    1903
       0
       0
       0
       0
       0
       0
       0
       0
       0
       0
       0
       0
       0
    1843
    2633
    1808
    1543
    6369
    7995
    6999
    4173
    3547
    2501
       0
       0
       0
       0
       0
       0
       0
       0
       0
       0
       0
       0
       0
       0
    1661
    3506
    5525
    8179
    8971
    9657
    8868
    6946
    5102
    3452
       0
       0
       0
       0
       0
       0
       0
       0
       0
       0
       0
       0
       0
       0
       0
       0
    3129
    7495
    7690
   10840
    7115
    7732
    4537
    3265
    1647
       0
       0
       0
       0
       0
       0
       0
       0
       0
       0
       0
       0
    1563
    2734
    4659
    7392
    8153
    9902
    8467
    4885
    6497
    5008
    3538
       0
       0
       0
       0
       0
       0
       0
       0
       0
       0
       0
       0
       0
    2089
    2640
    3835
    7001
    6120
    6989
    9026
    6165
    4904
    3558
    2773
       0
       0
       0
       0
       0
       0
       0
       0
       0
       0
       0
       0
       0
       0
       0
       0
       0
    1673
    1530
    4306
    5223
    4252
    2723
       0
       0
       0
       0
       0
       0
       0
       0
       0
       0
       0
       0
       0
       0
       0
       0
    2280
    5795
    6686
    7430
    5044
    4972
    3353
    3335
    1943
       0
       0
       0
       0
       0
       0
       0
       0
       0
       0
       0
       0
       0
       0
       0
       0
       0
       0
       0
       0
       0
       0
       0
       0
       0
       0
       0
       0
       0
       0
       0
       0
       0
       0
       0
       0
       0
    1681
    1905
    2816
    2392
       0
       0
       0
       0
       0
       0
       0
       0
       0
       0
       0
       0
       0
       0
       0
       0
       0
       0
       0
       0
       0
       0
    1553
    1838
    2531
    4111
    3440
    4569
    4173
    2157
       0
       0
       0
       0
       0
       0
       0
       0
       0
       0
       0
       0
       0
       0
       0
    1215
       0
    2074
    2985
    7488
    7774
    8322
    5000
    3668
       0
       0
       0
       0
       0
       0
       0
       0
       0
       0
       0
       0
       0
       0
       0
       0
       0
    2080
    1341
    1807
    1344
       0
       0
       0
       0
       0
       0
       0
       0
       0
       0
       0
       0
       0
       0
       0
       0
       0
       0
       0
    1670
    2025
    3746
    4980
    4386
    3925
    3551
       0
       0
       0
       0
       0
       0
       0
       0
       0
       0
       0
       0
       0
       0
       0
    1875
     980
    2161
    1981
       0
    2941
    5035
    5798
    4305
    2619
       0
       0
       0
       0
       0
       0
       0
       0
       0
       0
       0
       0
       0
       0
    1467
    2575
    2169
    1838
    1473
       0
    3101
    4159
    3270
    3047
    2805
       0
       0
       0
       0
       0
       0
       0
       0
       0
       0
       0
       0
       0
       0
    1620
    1494
    3628
    3493
    4323
    9706
    8471
    6049
    5120
    3418
       0
       0
       0
       0
       0
       0
       0
       0
       0
       0
       0
       0
       0
    1313
    1771
    3251
    3389
    3469
    3453
    4182
    7422
    6235
    4426
    2753
       0
       0
       0
       0
       0
       0
       0
       0
       0
       0
       0
       0
       0
    1213
    1759
    4038
    6996
    9386
   10631
   10296
    9203
    7327
    4756
    3089
       0
       0
       0
       0
       0
       0
       0
       0
       0
       0
       0
       0
       0
       0
    2564
    3627
    4300
    8171
    6444
    4835
    4347
    4438
    2546
    1365
       0
       0
       0
       0
       0
       0
       0
       0
       0
       0
       0
       0
       0
       0
    1751
    3117
    5865
    7754
    6721
    5792
    7416
    6415
    3872
    2045
       0
       0
       0
       0
       0
       0
       0
       0
       0
       0
       0
       0
       0
    1168
    1297
    3684
    4315
    7554
    6691
    8196
    7309
    6093
    4538
    2729
       0
       0
       0
       0
       0
       0
       0
       0
       0
       0
       0
       0
       0
    1439
    2139
    4620
    6610
    7857
   10844
    7841
    6083
    7466
    4317
    2860
       0
       0
       0
       0
       0
       0
       0
       0
       0
       0
       0
       0
       0
    1364
    1850
    4229
    7289
    9169
   10000
   10005
    9212
    7214
    5061
    3277
       0
       0
       0
       0
       0
       0
       0
       0
       0
       0
       0
       0
       0
    1269
    1694
    4170
    7641
    8538
   10341
   10353
    9348
    7484
    5028
    3250
       0
       0
       0
       0
       0
       0
       0
       0
       0
       0
       0
       0
       0
    1442
    1935
    4329
    7619
    9528
   10390
   10390
    8855
    7592
    4898
    3057
       0
       0
       0
       0
       0
       0
       0
       0
       0
       0
       0
       0
       0
       0
    2456
    3585
    5065
    7378
    7378
    5601
    2517
    1739
    1401
       0
       0
       0
       0
       0
       0
       0
       0
       0
       0
       0
       0
       0
       0
    1318
    1315
    2220
    2660
    1891
    2480
    1813
       0
       0
       0
       0
       0
       0
       0
       0
       0
       0
       0
       0
       0
       0
       0
       0
       0
    1191
    2130
    4133
    6751
    8984
    9889
    3891
    3133
    2960
    1887
       0
       0
       0
       0
       0
       0
       0
       0
       0
       0
       0
       0
       0
       0
       0
       0
    1183
    1950
    3722
    4243
    8442
    4239
    4868
    4102
    2410
       0
       0
       0
       0
       0
       0
       0
       0
       0
       0
       0
       0
       0
       0
    1803
    2584
    1575
    1082
    3570
    4555
    3328
    3705
    3303
       0
       0
       0
       0
       0
       0
       0
       0
       0
       0
       0
       0
       0
       0
       0
       0
       0
       0
       0
       0
       0
       0
       0
       0
       0
       0
       0
       0
       0
       0
       0
       0
       0
       0
       0
       0
       0
       0
       0
    1524
     953
    2324
       0
    2378
    2093
       0
       0
    1783
     994
       0
       0
       0
       0
       0
       0
       0
       0
       0
       0
       0
       0
       0
       0
    1867
    3161
    5556
    7734
    5183
    3942
    2452
    1224
    1176
       0
       0
       0
       0
       0
       0
       0
       0
       0
       0
       0
       0
       0
       0
       0
    2202
    3419
    6381
    8525
    8719
    8851
    3833
    2068
       0
       0
       0
       0
       0
       0
       0
       0
       0
       0
       0
       0
       0
       0
       0
       0
       0
       0
       0
    1360
    2201
    3971
    5858
    3654
    3109
    2007
       0
       0
       0
       0
       0
       0
       0
       0
       0
       0
       0
       0
       0
       0
    1680
    1441
    1935
    2865
    3784
    3122
    3176
    4588
    3669
    1662
       0
       0
       0
       0
       0
       0
       0
       0
       0
       0
       0
       0
       0
       0
       0
       0
       0
       0
       0
       0
       0
       0
       0
       0
       0
       0
       0
       0
       0
       0
       0
       0
       0
       0
       0
       0
       0
       0
    1999
    2353
    4476
    5444
    7182
    4368
    3992
    2662
       0
       0
       0
       0
       0
       0
       0
       0
       0
       0
       0
       0
       0
       0
       0
       0
    1855
    3163
    2663
    3079
    3835
    3245
    2032
       0
    1638
     916
       0
       0
       0
       0
       0
       0
       0
       0
       0
       0
       0
       0
       0
       0
       0
       0
       0
       0
    3058
    4566
    3346
    3791
    3043
    1560
       0
       0
       0
       0
       0
       0
       0
       0
       0
       0
       0
       0
       0
       0
    1086
    2983
    5899
    6822
    6797
    4635
    5784
    3865
    3185
    1852
       0
       0
       0
       0
       0
       0
       0
       0
       0
       0
       0
       0
       0
       0
       0
       0
    2598
    1427
       0
       0
       0
       0
       0
       0
       0
       0
       0
       0
       0
       0
       0
       0
       0
       0
       0
       0
       0
       0
    1435
    2689
    4417
    3951
    2884
    2633
    1607
       0
       0
       0
       0
       0
       0
       0
       0
       0
       0
       0
       0
       0
       0
       0
       0
       0
    1909
    2654
    4611
    8417
    7618
    8974
    3260
       0
    1493
       0
       0
       0
       0
       0
       0
       0
       0
       0
       0
       0
       0
       0
       0
       0
    1722
    3193
    4718
    6286
    9553
    8580
    7977
    5451
    3656
       0
       0
       0
       0
       0
       0
       0
       0
       0
       0
       0
       0
       0
       0
       0
    1372
    1340
    2449
    3997
    5161
    5501
    5058
    3564
    1720
       0
       0
       0
       0
       0
       0
       0
       0
       0
       0
       0
       0
       0
       0
       0
       0
       0
    1122
    2360
    3307
    4655
    3976
    3789
    2518
       0
       0
       0
       0
       0
       0
       0
       0
       0
       0
       0
       0
       0
       0
       0
       0
       0
    1295
    3079
    2460
    1535
    4170
    4395
       0
    1872
       0
       0
       0
       0
       0
       0
       0
       0
       0
       0
       0
       0
       0
       0
       0
       0
       0
       0
       0
    1158
    1780
    1619
     889
       0
       0
       0
       0
       0
       0
       0
       0
       0
       0
       0
       0
       0
       0
       0
    1480
    1082
    1460
    3501
    4603
    6537
    4573
    3659
    2098
       0
       0
       0
       0
       0
       0
       0
       0
       0
       0
       0
       0
       0
       0
       0
       0
    1176
    2319
    2850
    5457
    3895
    2103
    1765
    1254
       0
       0
       0
       0
       0
       0
       0
       0
       0
       0
       0
       0
       0
       0
       0
    1341
    2655
    4413
    6773
    7987
    7698
    6167
    4727
    2397
       0
       0
       0
       0
       0
       0
       0
       0
       0
       0
       0
       0
       0
       0
       0
       0
    1402
    2990
    5602
    7149
    7035
    5890
    3883
    2126
       0
       0
       0
       0
       0
       0
       0
       0
       0
       0
       0
       0
       0
       0
       0
    1016
    2118
    4119
    6336
    7269
    6589
    5169
    4044
    2602
       0
       0
       0
       0
       0
       0
       0
       0
       0
       0
       0
       0
       0
       0
       0
    1474
    2369
    4308
    6102
    7116
    6596
    5556
    4443
    2637
       0
       0
       0
       0
       0
       0
       0
       0
       0
       0
       0
       0
       0
       0
       0
    1516
    2456
    4510
    6846
    7996
    8117
    6763
    4733
    3013
       0
       0
       0
       0
       0
       0
       0
       0
       0
       0
       0
       0
       0
       0
       0
    1593
    1944
    2712
    1954
    1079
     873
       0
       0
       0
       0
       0
       0
       0
       0
       0
       0
       0
       0
       0
       0
       0
       0
       0
       0
     941
    2032
    3624
    4702
    6441
    5419
       0
       0
       0
       0
       0
       0
       0
       0
       0
       0
       0
       0
       0
       0
       0
       0
       0
       0
    1858
    1505
    2397
    3311
    2984
    3050
    2474
    1701
    1031
       0
       0
       0
       0
       0
       0
       0
       0
       0
       0
       0
       0
       0
       0
       0
     851
    1150
    2319
    4971
    6352
    5710
    5036
    3274
    1439
       0
       0
       0
       0
       0
       0
       0
       0
       0
       0
       0
       0
       0
       0
       0
       0
       0
       0
       0
    3434
    6295
    7039
    4420
    2354
       0
       0
       0
       0
       0
       0
       0
       0
       0
       0
       0
       0
       0
       0
       0
    1329
    2988
    5938
    8533
    9112
    8267
    5420
    2998
    1812
       0
       0
       0
       0
       0
       0
       0
       0
       0
       0
       0
       0
       0
       0
       0
    1058
    1679
    4033
    4235
    6901
    5403
    3403
    2153
       0
       0
       0
       0
       0
       0
       0
       0
       0
       0
       0
       0
       0
       0
       0
       0
       0
    1241
     958
       0
       0
    1252
       0
    1719
       0
       0
       0
       0
       0
       0
       0
       0
       0
       0
       0
       0
       0
       0
       0
       0
       0
    2569
    5799
    8397
    9210
    8063
    2201
     951
       0
       0
       0
       0
       0
       0
       0
       0
       0
       0
       0
       0
       0
       0
       0
       0
       0
       0
     361
     215
       0
       0
       0
       0
       0
       0
       0
       0
       0
       0
       0
       0
       0
       0
       0
       0
       0
       0
       0
       0
       0
       0
       0
    1035
    1669
    1415
       0
       0
       0
       0
       0
       0
       0
       0
       0
       0
       0
       0
       0
       0
       0
       0
       0
       0
       0
       0
       0
    1365
     969
    1436
    3722
    4095
    2072
       0
       0
       0
       0
       0
       0
       0
       0
       0
       0
       0
       0
       0
       0
       0
       0
       0
       0
       0
       0
       0
       0
       0
       0
       0
       0
       0
       0
       0
       0
       0
       0
       0
       0
       0
       0
       0
       0
       0
       0
       0
       0
       0
     622
     670
    5499
    4106
    1621
       0
       0
       0
       0
       0
       0
       0
       0
       0
       0
       0
       0
       0
       0
       0
       0
       0
       0
       0
       0
     472
       0
       0
       0
       0
       0
       0
       0
       0
       0
       0
       0
       0
       0
       0
       0
       0
       0
       0
       0
    1410
    5085
    7188
    7397
    6950
    5529
    3152
    1436
       0
       0
       0
       0
       0
       0
       0
       0
       0
       0
       0
       0
       0
       0
       0
       0
    1741
    4584
    5501
    4756
    3982
    4881
    2905
    1450
       0
       0
       0
       0
       0
       0
       0
       0
       0
       0
       0
       0
       0
       0
       0
     619
       0
       0
     740
     579
       0
    2144
    3205
    1819
       0
       0
       0
       0
       0
       0
       0
       0
       0
       0
       0
       0
       0
       0
       0
    1021
    2275
    5758
    7938
    8877
    8074
    7100
    2102
       0
       0
       0
       0
       0
       0
       0
       0
       0
       0
       0
       0
       0
       0
       0
       0
       0
       0
       0
    1695
    1779
       0
       0
       0
       0
       0
       0
       0
       0
       0
       0
       0
       0
       0
       0
       0
       0
       0
       0
       0
       0
    1925
    4439
    4840
    4529
    6771
       0
    1662
       0
       0
       0
       0
       0
       0
       0
       0
       0
       0
       0
       0
       0
       0
       0
       0
       0
       0
       0
       0
    1293
    2019
       0
       0
       0
       0
       0
       0
       0
       0
       0
       0
       0
       0
       0
       0
       0
       0
       0
       0
    1128
    2093
    4023
    3886
    3884
    3271
    2290
       0
       0
       0
       0
       0
       0
       0
       0
       0
       0
       0
       0
       0
       0
       0
       0
       0
     890
    2010
    5565
    7717
    8088
    7629
    5830
    2969
       0
       0
       0
       0
       0
       0
       0
       0
       0
       0
       0
       0
       0
       0
       0
       0
       0
       0
       0
       0
       0
       0
       0
       0
       0
       0
       0
       0
       0
       0
       0
       0
       0
       0
       0
       0
       0
       0
       0
       0
       0
       0
       0
       0
       0
       0
       0
       0
       0
       0
       0
       0
       0
       0
       0
       0
       0
       0
       0
       0
       0
       0
       0
       0
       0
       0
       0
       0
       0
       0
       0
       0
       0
       0
       0
       0
       0
       0
       0
       0
       0
       0
       0
       0
       0
       0
       0
       0
       0
     595
     224
       0
       0
       0
    1147
    1320
       0
       0
       0
       0
       0
       0
       0
       0
       0
       0
       0
       0
       0
       0
       0
       0
       0
       0
       0
       0
       0
       0
       0
       0
       0
       0
       0
       0
       0
       0
       0
       0
       0
       0
       0
       0
       0
       0
       0
       0
       0
       0
       0
       0
       0
       0
       0
       0
       0
       0
       0
       0
       0
       0
       0
       0
       0
       0
       0
       0
       0
       0
       0
       0
     120
    1557
    4429
    3162
    2756
    5764
    4242
    2176
       0
       0
       0
       0
       0
       0
       0
       0
       0
       0
       0
       0
       0
       0
       0
       0
       0
       0
       0
    1468
    2470
    2717
    2211
    1136
       0
       0
       0
       0
       0
       0
       0
       0
       0
       0
       0
       0
       0
       0
       0
       0
       0
       0
    1376
       0
       0
       0
       0
       0
       0
       0
       0
       0
       0
       0
       0
       0
       0
       0
       0
       0
       0
       0
       0
       0
       0
       0
       0
       0
       0
       0
       0
       0
       0
       0
       0
       0
       0
       0
       0
       0
       0
       0
       0
       0
       0
       0
       0
       0
       0
       0
    1741
     882
       0
       0
       0
       0
       0
       0
       0
       0
       0
       0
       0
       0
       0
       0
       0
       0
       0
       0
       0
       0
       0
       0
       0
       0
       0
       0
       0
       0
       0
       0
       0
       0
       0
       0
       0
       0
       0
       0
       0
       0
       0
       0
       0
       0
       0
       0
       0
       0
       0
       0
       0
       0
       0
       0
       0
       0
       0
       0
       0
       0
       0
       0
       0
       0
       0
       0
       0
       0
       0
       0
    1009
     642
       0
       0
       0
       0
       0
       0
       0
       0
       0
       0
       0
       0
       0
       0
       0
       0
       0
       0
       0
       0
       0
       0
       0
       0
       0
       0
       0
       0
       0
       0
       0
       0
       0
       0
       0
       0
       0
       0
       0
       0
       0
       0
       0
       0
       0
       0
     454
     803
     833
    1175
     830
       0
       0
       0
       0
       0
       0
       0
       0
       0
       0
       0
       0
       0
       0
       0
       0
       0
       0
       0
     971
       0
     639
    1691
    2170
       0
       0
       0
       0
       0
       0
       0
       0
       0
       0
       0
       0
       0
       0
       0
       0
       0
       0
    1088
    1616
    3515
    5218
    4895
    2196
    1194
       0
       0
       0
       0
       0
       0
       0
       0
       0
       0
       0
       0
       0
       0
       0
       0
       0
     518
    1532
    3153
    4902
    4687
    2512
       0
       0
       0
       0
       0
       0
       0
       0
       0
       0
       0
       0
       0
       0
       0
       0
       0
       0
       0
     778
    1993
    2732
    1054
       0
       0
       0
       0
       0
       0
       0
       0
       0
       0
       0
       0
       0
       0
       0
       0
       0
       0
       0
     862
    1806
    3599
    5104
    4917
    3180
    1922
       0
       0
       0
       0
       0
       0
       0
       0
       0
       0
       0
       0
       0
       0
       0
       0
       0
       0
       0
       0
       0
       0
       0
       0
       0
       0
       0
       0
       0
       0
       0
       0
       0
       0
       0
       0
       0
       0
       0
       0
       0
       0
       0
       0
       0
       0
       0
       0
       0
       0
       0
       0
       0
       0
       0
       0
       0
       0
       0
       0
       0
       0
       0
       0
       0
       0
       0
    1581
       0
     838
       0
       0
       0
       0
       0
       0
       0
       0
       0
       0
       0
       0
       0
       0
       0
       0
       0
       0
       0
       0
       0
       0
       0
       0
       0
       0
       0
       0
       0
       0
       0
       0
       0
       0
       0
       0
       0
       0
       0
       0
       0
       0
       0
       0
       0
    1026
    1812
    2931
    1765
       0
       0
       0
       0
       0
       0
       0
       0
       0
       0
       0
       0
       0
       0
       0
       0
       0
       0
       0
       0
       0
       0
       0
       0
       0
       0
       0
       0
       0
       0
       0
       0
       0
       0
       0
       0
       0
       0
       0
       0
       0
       0
       0
     716
       0
       0
    2234
    2336
       0
       0
       0
       0
       0
       0
       0
       0
       0
       0
       0
       0
       0
       0
       0
       0
       0
       0
       0
    1178
    2132
    3428
    3591
    2396
       0
       0
       0
       0
       0
       0
       0
       0
       0
       0
       0
       0
       0
       0
       0
       0
       0
       0
       0
       0
       0
       0
       0
       0
       0
       0
       0
       0
       0
       0
       0
       0
       0
       0
       0
       0
       0
       0
       0
       0
       0
       0
       0
       0
       0
       0
     630
       0
       0
       0
       0
       0
       0
       0
       0
       0
       0
       0
       0
       0
       0
       0
       0
       0
       0
       0
       0
       0
       0
     628
       0
       0
       0
       0
       0
       0
       0
       0
       0
       0
       0
       0
       0
       0
       0
       0
       0
       0
       0
       0
       0
       0
       0
       0
       0
       0
       0
       0
       0
       0
       0
       0
       0
       0
       0
       0
       0
       0
       0
       0
       0
       0
       0
       0
       0
       0
       0
       0
       0
       0
       0
       0
       0
       0
       0
       0
       0
       0
       0
       0
       0
       0
       0
       0
       0
       0
       0
       0
       0
       0
       0
       0
       0
       0
       0
       0
       0
       0
       0
       0
       0
       0
       0
       0
       0
       0
       0
       0
       0
       0
       0
       0
       0
       0
       0
       0
       0
       0
       0
       0
       0
       0
       0
       0
       0
       0
       0
       0
       0
       0
       0
       0
       0
       0
       0
       0
       0
     763
    1829
    2277
    2029
    1691
       0
       0
       0
       0
       0
       0
       0
       0
       0
       0
       0
       0
       0
       0
       0
       0
       0
       0
       0
       0
       0
    1107
    1304
     986
       0
       0
       0
       0
       0
       0
       0
       0
       0
       0
       0
       0
       0
       0
       0
       0
       0
       0
       0
       0
     328
     690
    1206
     719
       0
       0
       0
       0
       0
       0
       0
       0
       0
       0
       0
       0
       0
       0
       0
       0
       0
       0
       0
     488
    2105
    2613
    1386
       0
       0
       0
       0
       0
       0
       0
       0
       0
       0
       0
       0
       0
       0
       0
       0
       0
       0
       0
       0
       0
       0
       0
      97
       0
       0
       0
       0
       0
       0
       0
       0
       0
       0
       0
       0
       0
       0
       0
       0
       0
       0
       0
       0
       0
       0
       0
       0
       0
       0
       0
       0
       0
       0
       0
       0
       0
       0
       0
       0
       0
       0
       0
       0
       0
       0
       0
       0
     361
    1812
       0
       0
       0
       0
       0
       0
       0
       0
       0
       0
       0
       0
       0
       0
       0
       0
       0
       0
       0
       0
       0
       0
       0
       0
       0
       0
    1250
       0
       0
       0
       0
       0
       0
       0
       0
       0
       0
       0
       0
       0
       0
       0
       0
       0
       0
       0
     885
     935
    1792
    1310
     643
       0
       0
       0
       0
       0
       0
       0
       0
       0
       0
       0
       0
       0
       0
       0
       0
       0
       0
       0
       0
       0
    1161
    2074
    1326
       0
       0
       0
       0
       0
       0
       0
       0
       0
       0
       0
       0
       0
       0
       0
       0
       0
       0
       0
       0
       0
       0
       0
       0
       0
       0
       0
       0
       0
       0
       0
       0
       0
       0
       0
       0
       0
       0
       0
       0
       0
       0
       0
       0
       0
       0
       0
       0
       0
       0
       0
       0
       0
       0
       0
       0
       0
       0
       0
       0
       0
       0
       0
       0
       0
       0
       0
       0
       0
       0
     104
       0
       0
       0
       0
       0
       0
       0
       0
       0
       0
       0
       0
       0
       0
       0
       0
       0
       0
       0
       0
     170
    1391
    2341
    2355
    1556
       0
       0
       0
       0
       0
       0
       0
       0
       0
       0
       0
       0
       0
       0
       0
       0
       0
       0
       0
       0
       0
       0
       0
       0
       0
       0
       0
       0
       0
       0
       0
       0
       0
       0
       0
       0
       0
       0
       0
       0
       0
       0
       0
       0
       0
       0
       0
       0
       0
       0
       0
       0
       0
       0
       0
       0
       0
       0
       0
       0
       0
       0
       0
       0
       0
       0
       0
       0
       0
       0
       0
       0
       0
       0
       0
       0
       0
       0
       0
       0
       0
       0
       0
       0
       0
       0
       0
       0
       0
       0
       0
       0
       0
       0
       0
       0
       0
       0
       0
       0
       0
       0
       0
       0
       0
       0
       0
       0
       0
       0
       0
       0
       0
       0
       0
     136
       0
       0
       0
       0
       0
       0
       0
       0
       0
       0
       0
       0
       0
       0
       0
       0
       0
       0
       0
       0
       0
       0
       0
     250
    1232
    2248
    2502
    2011
       0
       0
       0
       0
       0
       0
       0
       0
       0
       0
       0
       0
       0
       0
       0
       0
       0
       0
       0
       0
       0
       0
       0
       0
       0
       0
       0
       0
       0
       0
       0
       0
       0
       0
       0
       0
       0
       0
       0
       0
       0
       0
       0
       0
     814
     873
     786
       0
       0
       0
       0
       0
       0
       0
       0
       0
       0
       0
       0
       0
       0
       0
       0
       0
       0
       0
       0
       0
     324
     536
       0
       0
       0
       0
       0
       0
       0
       0
       0
       0
       0
       0
       0
       0
       0
       0
       0
       0
       0
       0
       0
       0
       0
       0
       0
       0
       0
       0
       0
       0
       0
       0
       0
       0
       0
       0
       0
       0
       0
       0
       0
       0
       0
       0
       0
       0
       0
       0
       0
     723
       0
       0
       0
       0
       0
       0
       0
       0
       0
       0
       0
       0
       0
       0
       0
       0
       0
       0
       0
       0
     556
    1782
    1775
     992
       0
       0
       0
       0
       0
       0
       0
       0
       0
       0
       0
       0
       0
       0
       0
       0
       0
       0
       0
     207
    1003
    2005
    2222
    1595
       0
       0
       0
       0
       0
       0
       0
       0
       0
       0
       0
       0
       0
       0
       0
       0
       0
       0
       0
     912
    1662
     524
       0
       0
       0
       0
       0
       0
       0
       0
       0
       0
       0
       0
       0
       0
       0
       0
       0
       0
       0
       0
       0
       0
    1316
    2772
    2932
    1741
       0
       0
       0
       0
       0
       0
       0
       0
       0
       0
       0
       0
       0
       0
       0
       0
       0
       0
       0
     825
    1609
    2263
    2178
       0
       0
       0
       0
       0
       0
       0
       0
       0
       0
       0
       0
       0
       0
       0
       0
       0
       0
       0
       0
       0
       0
       0
       0
       0
       0
       0
       0
       0
       0
       0
       0
       0
       0
       0
       0
       0
       0
       0
       0
       0
       0
       0
       0
       0
       0
       0
       0
       0
       0
       0
       0
       0
       0
       0
       0
       0
       0
       0
       0
       0
       0
       0
       0
       0
       0
       0
       0
       0
       0
       0
       0
       0
       0
       0
       0
       0
       0
       0
       0
       0
       0
       0
       0
       0
       0
       0
       0
       0
       0
       0
       0
       0
       0
       0
       0
       0
       0
       0
       0
       0
       0
       0
       0
       0
       0
       0
       0
       0
       0
       0
       0
       0
       0
       0
       0
       0
       0
    1408
    2583
    2106
     521
       0
       0
       0
       0
       0
       0
       0
       0
       0
       0
       0
       0
       0
       0
       0
       0
       0
       0
       0
     458
     666
     815
     488
       0
       0
       0
       0
       0
       0
       0
       0
       0
       0
