0
0
0
0
0
0
0
0,8
97,5
223,4
335,2
423,7
448,9
439,6
382,2
290,5
152,7
9,2
0
0
0
0
0
0
0
0
0
0
0
0
0
0,8
108,2
250
374,4
493,5
524,1
530,7
450,6
364,6
193,5
10,4
0
0
0
0
0
0
0
0
0
0
0
0
0
1
206,7
434,2
619,6
741
792,1
767,1
674,8
511,7
273,7
15,5
0
0
0
0
0
0
0
0
0
0
0
0
0
1
182,5
387,4
563
671,8
723
702,1
619,1
477
258,1
16,8
0
0
0
0
0
0
0
0
0
0
0
0
0
1,1
111,7
279,6
422,4
491,9
566,7
583,5
491,9
392,4
214,7
13,2
0
0
0
0
0
0
0
0
0
0
0
0
0
0,8
103,4
218
301,8
331,6
358
588,3
519,7
429,2
244,1
18,1
0
0
0
0
0
0
0
0
0
0
0
0
0
0,8
139,8
280,7
400,4
569,9
537,8
535,4
491,6
400,9
285,3
20,8
0
0
0
0
0
0
0
0
0
0
0
0
0
1,3
71,6
214,8
355,2
459,2
523,9
503,4
380,7
353,8
187,4
8,4
0
0
0
0
0
0
0
0
0
0
0
0
0
0,6
70,1
203,8
298,9
366,8
353,4
605,8
545,9
410,4
241,6
16,7
0
0
0
0
0
0
0
0
0
0
0
0
0
1,1
136,2
384,3
585,6
500,8
512,8
441,2
302,6
218
119,7
10,4
0
0
0
0
0
0
0
0
0
0
0
0
0
0,8
175,5
395,6
560
649,2
723,5
693,3
650
470,7
244,5
16
0
0
0
0
0
0
0
0
0
0
0
0
0
1
149,2
350,8
519,9
628
691,7
676,4
589,9
432,5
248
21,3
0
0
0
0
0
0
0
0
0
0
0
0
0
1
188,4
413,2
597,1
720,6
778,9
763
673,8
518,9
290,9
24,8
0
0
0
0
0
0
0
0
0
0
0
0
0
1,3
166,7
368,4
388,3
337,4
298,7
402,9
465,4
417,8
157
10,9
0
0
0
0
0
0
0
0
0
0
0
0
0
1,3
100,4
291,1
384
474,3
467,8
346,9
360,1
286
166,3
8,9
0
0
0
0
0
0
0
0
0
0
0
0
0
1
174,6
390,2
562,4
686,5
748,4
750
664
509,4
291,2
29,1
0
0
0
0
0
0
0
0
0
0
0
0
0
0,8
139,4
320,8
479,6
582,6
611,5
577
518,8
394,1
240,8
29,1
0
0
0
0
0
0
0
0
0
0
0
0
0
1,3
185
428,3
620,7
683,7
735,1
685,6
549,7
414,9
235,6
23,8
0
0
0
0
0
0
0
0
0
0
0
0
0
1
170,9
374,1
509,1
648,1
698
707,5
619
513,9
303,3
46,2
0
0
0
0
0
0
0
0
0
0
0
0
0
1,3
182,3
402
581,4
700
768,6
748,6
663
511,2
308,2
67,2
0
0
0
0
0
0
0
0
0
0
0
0
0
1
148,1
339
497,9
601,1
649,5
657,6
584,2
460,3
273,1
55,8
0
0
0
0
0
0
0
0
0
0
0
0
0
1,3
132,1
294,6
427,1
517,5
572,5
561,9
498,8
376,4
227,7
67
0
0
0
0
0
0
0
0
0
0
0
0
0
1,6
211,3
441,1
632,9
763,9
825,2
811,4
727,1
575,1
357,8
92,5
0
0
0
0
0
0
0
0
0
0
0
0
0
1,6
215,9
453,7
648,4
781,6
846,3
831,5
742,6
585,1
360,9
90,9
0
0
0
0
0
0
0
0
0
0
0
0
0
1,8
181,1
379,4
520,2
701,7
777,6
759
673,6
520,1
349,8
126,1
0
0
0
0
0
0
0
0
0
0
0
0
0
1,6
201,2
428,6
619,2
750,8
809,2
795,1
710,7
555,7
349,9
123,2
0
0
0
0
0
0
0
0
0
0
0
0
0
1,3
117,3
280,8
483,7
600
560,2
589,4
521,6
371,1
230,4
66,2
0
0
0
0
0
0
0
0
0
0
0
0
0
1,8
183,2
389,1
560,7
688,3
701,5
727,2
638,8
499,8
313,4
109,2
0
0
0
0
0
0
0
0
0
0
0
0
0
2
193,6
421,7
605,3
739,3
794,6
779,2
695
553,4
350,3
127,3
0
0
0
0
0
0
0
0
0
0
0
0
0
1,8
103
240,9
351,5
437,9
479,1
694,7
615,6
478,4
324,4
124
0
0
0
0
0
0
0
0
0
0
0
0
0
3,6
149
165,3
250,8
259,1
502,6
239,6
473
311,8
220,7
141,1
0,8
0
0
0
0
0
0
0
0
0
0
0
0
2,6
179,5
417,4
600
724,3
787,9
785,4
708,4
558,6
362,4
141,5
0,3
0
0
0
0
0
0
0
0
0
0
0
0
2,6
180,1
406,5
586,6
709
760,5
744,6
666,3
525,7
336,5
124,5
0
0
0
0
0
0
0
0
0
0
0
0
0
2,3
146
345,4
561,6
614,9
727,1
697,5
624,4
489,6
290,8
90,2
0,5
0
0
0
0
0
0
0
0
0
0
0
0
3,1
196,3
443
638,8
777,3
842,2
828,3
745,8
587,4
377,9
143,6
0,3
0
0
0
0
0
0
0
0
0
0
0
0
3,6
208,1
462,8
661,6
799
863,8
853
765,8
608,1
395,3
156,5
0
0
0
0
0
0
0
0
0
0
0
0
0
3,6
184,8
400,8
569,7
699,6
747,6
739,9
659,8
518,2
331,5
129,6
0
0
0
0
0
0
0
0
0
0
0
0
0
7,6
184,8
373,4
608
674
546,9
486,5
448,2
407,5
277,2
79
0,3
0
0
0
0
0
0
0
0
0
0
0
0
3,1
114,4
266,2
389,4
491,7
518,6
497,1
466,7
387,3
256,3
118
1
0
0
0
0
0
0
0
0
0
0
0
0
3,1
109,5
235,5
328,9
397,7
438,4
432,3
392,8
316,1
207,6
87,1
0,5
0
0
0
0
0
0
0
0
0
0
0
0
2,1
115,8
229,8
391,7
449
472,4
479,3
437,7
354,6
247,3
111,4
1,5
0
0
0
0
0
0
0
0
0
0
0
0
4,3
146,5
318,8
426,3
339,6
517,4
644,5
436,9
398,1
360,6
157,7
1,5
0
0
0
0
0
0
0
0
0
0
0
0
5,6
206
438,3
622,9
744,6
798
785,3
702,2
564,6
372,8
155,5
0,5
0
0
0
0
0
0
0
0
0
0
0
0
6,1
191,5
401,6
575
685,4
743,8
733,4
655,8
524,5
346,1
146,5
1
0
0
0
0
0
0
0
0
0
0
0
0
6,4
209,1
428,2
599
720,1
776,2
752,9
680,8
552,1
372,7
163,3
1,5
0
0
0
0
0
0
0
0
0
0
0
0
5,3
173,3
378,9
529,3
634,7
701,6
671,6
612
495,4
327
133,8
1,3
0
0
0
0
0
0
0
0
0
0
0
0
8,6
235,7
475,3
659,1
788,5
849,9
837
759,6
614,3
417,1
181,3
2
0
0
0
0
0
0
0
0
0
0
0
0
9,2
234,2
467,8
642,7
776,1
837,9
823
738,5
595,6
400,3
171,7
1,8
0
0
0
0
0
0
0
0
0
0
0
0
10,9
259,2
519,7
722,9
863,4
928,3
917,4
828,2
671,6
453,6
198,3
2,3
0
0
0
0
0
0
0
0
0
0
0
0
17,7
282,6
564
780,8
876,9
732,2
591,3
471,6
382,4
261,8
114,9
1,8
0
0
0
0
0
0
0
0
0
0
0
0
6,8
150,2
313,9
437,4
535,3
572,7
567,5
505,9
421,1
281,2
127,2
2,8
0
0
0
0
0
0
0
0
0
0
0
0
8,6
71,7
240,4
450,3
455
240,5
369,7
251,1
246,4
293
132,2
7,4
0
0
0
0
0
0
0
0
0
0
0
0
6,6
100,1
182,8
259,9
323,1
358,8
357,7
311,2
252,8
165
71,9
1,3
0
0
0
0
0
0
0
0
0
0
0
0
11,7
212,7
417,8
553,7
677,2
746,3
682,7
595,8
485,7
350,7
148,1
2,3
0
0
0
0
0
0
0
0
0
0
0
0
13,7
199,6
377,3
543,7
647,5
768,8
788,9
753,9
594,8
436
203,7
8,1
0
0
0
0
0
0
0
0
0
0
0
0
18
277,7
533,4
732,7
870,1
936,9
924,1
835,8
677,9
460,7
204,2
4,3
0
0
0
0
0
0
0
0
0
0
0
0
18,5
268,8
515,7
711,9
841,2
903,1
889,8
803,2
651,2
445,2
198,8
4,6
0
0
0
0
0
0
0
0
0
0
0
0
18,2
251,1
479,2
653,2
773,8
830,1
826,8
731,7
571,6
395,1
174
3
0
0
0
0
0
0
0
0
0
0
0
0
19,7
198,9
372,2
550,1
669,1
688,1
761,5
558,7
343,4
175
132,2
2,8
0
0
0
0
0
0
0
0
0
0
0
0
22,2
272,9
512,8
706,1
838,4
897,9
890,2
806
652,2
447,1
204,9
6,1
0
0
0
0
0
0
0
0
0
0
0
0
19,4
220,1
444,5
594,9
754,6
793,1
776,9
724,6
559,3
350,5
154,2
3,8
0
0
0
0
0
0
0
0
0
0
0
0
29,1
302,7
545,9
738,4
680,7
734,7
766
699,4
601,9
419,9
191,9
8,8
0
0
0
0
0
0
0
0
0
0
0
0
21,7
220,5
410,2
558,2
690,5
738
708,5
616,8
474,8
320,6
148,5
4,3
0
0
0
0
0
0
0
0
0
0
0
0
30,3
302,1
549,4
746,6
879,1
940,6
928,8
837,5
683,2
468,7
218,3
7,1
0
0
0
0
0
0
0
0
0
0
0
0
31,3
279,4
498,7
677,9
784,6
841,8
851,7
769,9
619,9
422,7
202,7
8,1
0
0
0
0
0
0
0
0
0
0
0
0
15,4
131,9
241,8
332,9
365,3
408,2
415,6
363,6
278,9
169,8
75,8
2,8
0
0
0
0
0
0
0
0
0
0
0
0
21,7
208,1
357
484,3
560,4
610,3
569,9
569,8
488,2
345,2
176,5
11,4
0
0
0
0
0
0
0
0
0
0
0
0
62,2
193,9
129,4
116,8
402,6
366,9
555,9
432,9
600
401,8
114,2
10,4
0
0
0
0
0
0
0
0
0
0
0
0
39,1
223,3
387,9
533,5
650,5
707,9
680,7
606,4
500,8
355,6
168,7
6,3
0
0
0
0
0
0
0
0
0
0
0
0
38,1
221,6
376
506,9
586
630,6
618,4
561,5
449,6
315,9
158,2
7,8
0
0
0
0
0
0
0
0
0
0
0
0
102
339,6
570,9
754
878,2
933,3
923,7
841,2
684,9
474,7
231,4
11,1
0
0
0
0
0
0
0
0
0
0
0
0
101,8
334,8
562,1
746,3
870
931,2
914,4
830
679
479,5
242,8
14,1
0
0
0
0
0
0
0
0
0
0
0
0
101,9
336,4
557,9
737,4
856,8
906,6
908
820,3
658
451,4
220,8
11,9
0
0
0
0
0
0
0
0
0
0
0
0
113
362,3
604,6
804,3
933,7
996,8
980
886,3
724,2
506,3
248,6
14,1
0
0
0
0
0
0
0
0
0
0
0
0
123
331,1
565,3
516,6
661
766,6
824,5
929,1
624,5
384,8
190,1
16,2
0
0
0
0
0
0
0
0
0
0
0
0
75,8
248,2
412,2
525,5
607
672,9
633,8
538,6
426,9
300,8
157,9
11,3
0
0
0
0
0
0
0
0
0
0
0
0
115,6
351,6
584
776,4
900,3
948,9
914,6
834,9
682,2
477,3
236,9
14,4
0
0
0
0
0
0
0
0
0
0
0
0
112,1
328,4
524,2
701,4
802,9
903,5
902,6
827,2
676,1
481,5
244,4
18,7
0
0
0
0
0
0
0
0
0
0
0
0
127
365,2
599,8
797,3
918,9
984
973,3
889,6
736,7
522,4
264,2
20,4
0
0
0
0
0
0
0
0
0
0
0
0,5
146,7
334,8
548,8
792
916,5
788,8
826,3
799,6
594,8
391,7
213,1
15,6
0
0
0
0
0
0
0
0
0
0
0
0,5
141
397,8
640,1
838,9
973,8
1031,4
1010,2
916
752,2
528,7
268,1
20,7
0
0
0
0
0
0
0
0
0
0
0
0,5
101,8
261,6
412,1
524,4
581,8
707,1
695,7
600,8
493,7
358,4
170,7
12,6
0
0
0
0
0
0
0
0
0
0
0
1
140,3
384,6
617,4
806,5
929
986,8
970,5
877,3
718,9
506,1
258,3
22,2
0
0
0
0
0
0
0
0
0
0
0
1
148,8
399,4
635,2
828,2
956
1007,1
987,1
891,3
728,6
513,8
263,2
22,2
0
0
0
0
0
0
0
0
0
0
0
1
149,3
393,3
603,7
874,9
845,4
764,9
719,8
646,4
550,9
360,5
237,5
22,9
0
0
0
0
0
0
0
0
0
0
0
1
114,4
217
357
527,7
554,4
700,6
609,2
637,2
688
485,6
253,3
41,8
0
0
0
0
0
0
0
0
0
0
0
1,5
140
374,6
594,4
773,5
889,4
937,7
905,5
810,2
660,7
460,1
234,5
21,9
0
0
0
0
0
0
0
0
0
0
0
1,5
134,2
348
564,5
728
837,2
895,1
896,4
823
691,2
485,5
253,5
27,9
0
0
0
0
0
0
0
0
0
0
0
2,5
159,5
404,5
634,1
812,1
933,1
971,4
953,3
858,6
698
488,9
249,4
23,2
0
0
0
0
0
0
0
0
0
0
0
2,5
151,4
383,5
598,2
765,2
884,6
939,4
911
828
682,5
480,4
251,1
24,2
0
0
0
0
0
0
0
0
0
0
0
3,5
170,7
420,7
655,1
843,1
967,8
1021,5
999,7
904,2
740,7
523,2
273
29,5
0
0
0
0
0
0
0
0
0
0
0
3,5
170,9
411,1
639,6
820,7
925,5
946,4
914,7
821,4
676
480,3
255,9
25,2
0
0
0
0
0
0
0
0
0
0
0
4
163,7
388
596,9
747,7
853,7
907,1
887,7
795
653,2
463,3
244,8
27,5
0
0
0
0
0
0
0
0
0
0
0
5
177,3
411
619,5
795,2
896,6
954,4
924,3
849,6
704,6
504,6
270,8
32,7
0
0
0
0
0
0
0
0
0
0
0
5
174,8
415,1
628,2
803,3
906,7
950,3
923,6
845
682,5
490,3
260,5
32,5
0
0
0
0
0
0
0
0
0
0
0
4,8
172
405,5
637,3
830,9
908
952,6
899,2
794,2
661
483
250,7
32
0
0
0
0
0
0
0
0
0
0
0
4,5
150
339,5
480,7
674,5
705,4
742,8
759,7
763,1
667,5
521,1
297,3
48,4
0
0
0
0
0
0
0
0
0
0
0
7,1
187,6
421,2
624,5
802,9
903,9
922,9
927,1
839,2
687,9
465,9
256,3
36,8
0
0
0
0
0
0
0
0
0
0
0
4
89,9
291,2
478,1
654,5
840,2
719,1
647
574,1
540,1
322,5
233,8
29,5
0
0
0
0
0
0
0
0
0
0
0
9,3
196,4
437,3
662,2
839,2
953,8
1000,9
971,8
878,7
713,6
501,2
264,4
35
0
0
0
0
0
0
0
0
0
0
0
9
183,1
398,1
608,5
817,1
1008
1057,8
1009,1
931,6
763,5
542,5
291,5
73,6
0
0
0
0
0
0
0
0
0
0
0
11,8
208,3
451,1
676,7
855,4
969,6
1017
988,3
895,9
738,9
526,4
283,9
53,9
0
0
0
0
0
0
0
0
0
0
0
13,1
214,5
460,1
687,3
867,7
983,2
1030
1003,8
907,6
742,7
530
285,9
54,6
0
0
0
0
0
0
0
0
0
0
0
13,1
220,8
478,7
714,9
872
748,1
786,6
755,2
696
523,7
384,1
205,7
48
0
0
0
0
0
0
0
0
0
0
0
12,3
141,5
251,2
386,1
428,1
409,8
469,5
544,3
475,7
378,4
253,4
148,9
41,2
0
0
0
0
0
0
0
0
0
0
0
30
173,7
357,5
629,9
654,5
690,1
711,3
525,9
448,6
380,3
311,5
133,4
64
0
0
0
0
0
0
0
0
0
0
0
11,6
186,5
397,8
575,9
724,5
875,2
934
884,6
845,4
663,5
469,8
276,2
72,3
0
0
0
0
0
0
0
0
0
0
0
17,4
210,2
444,8
656,6
821,3
935
988,8
954,2
860,3
705,3
488,7
264,6
60,3
0
0
0
0
0
0
0
0
0
0
0
17,9
205
428,4
639,8
805,3
900,6
943,2
915,8
829,4
681,3
483
262,2
64,1
0
0
0
0
0
0
0
0
0
0
0
17,6
198,1
450,5
647,7
790,2
890
912,5
915,7
754,2
634,5
439,3
259,3
64,8
0
0
0
0
0
0
0
0
0
0
0
24,7
186,6
364,9
480,9
547,5
695,9
714,7
768,1
642,5
539
417,7
231,6
69,7
0
0
0
0
0
0
0
0
0
0
0
22,1
220,8
448,4
658,3
830,8
943,6
988,9
965,6
871,5
712,6
502,9
270
66,2
0
0
0
0
0
0
0
0
0
0
0
24,4
226,4
457,6
671,3
850
959,6
1001,2
970,6
872,8
713,3
509,5
274,6
68
0
0
0
0
0
0
0
0
0
0
0
23,4
212,2
417,7
614,3
775,2
881,7
922,6
924,8
805,9
672,6
504,1
276,9
72,9
0
0
0
0
0
0
0
0
0
0
0
29
233,9
458,1
677,1
833,3
934,6
978,4
951,2
860,7
699
498,8
273,3
68,7
0
0
0
0
0
0
0
0
0
0
0
27,4
215,8
427,1
637,6
792,3
893,3
938,1
916,1
810,3
672,2
471,7
259,4
67,5
0
0
0
0
0
0
0
0
0
0
0
29,5
227,7
455,6
665,1
829,5
934,5
972,8
951,8
860,3
699
500,4
272,8
72,6
0
0
0
0
0
0
0
0
0
0
0
30,5
228,2
454,3
664,5
830,5
948,3
996,4
968
874
718,8
512,6
284,5
77,8
0
0
0
0
0
0
0
0
0
0
0
36,8
223,8
434,7
621,8
731,8
836,9
866,6
899,5
756,8
658,8
496,2
268,1
74,8
0,5
0
0
0
0
0
0
0
0
0
0
32
154,5
322,6
481,5
653
782,5
950,6
854,6
696,9
634,3
550,4
282,3
74,7
0,5
0
0
0
0
0
0
0
0
0
0
38,2
240,4
469,9
713
857,6
695
714,4
674
642,5
507,3
368,2
170,7
46,7
0
0
0
0
0
0
0
0
0
0
0
42,5
227,2
437,7
632,5
788,3
886
920,9
892,7
801,3
657,8
468,5
259,7
72,2
0
0
0
0
0
0
0
0
0
0
0
47,7
249,5
476,4
684,5
846,8
952
990
959,8
868,2
712,8
512,1
286,5
79,6
0,5
0
0
0
0
0
0
0
0
0
0
50,8
259,6
494,2
708,5
873,4
979,2
1025,5
992,7
895,4
739,2
529,9
295,8
82,6
0,5
0
0
0
0
0
0
0
0
0
0
54,5
236,3
447,9
641,5
803,2
909,5
941,6
920
840
684,1
492,3
273,4
79,6
0,5
0
0
0
0
0
0
0
0
0
0
58,7
253,4
479,7
686,4
849
957,1
1001,1
969,9
878,4
724,8
522,4
294,4
83,6
0,5
0
0
0
0
0
0
0
0
0
0
58,8
249,2
471,4
673,3
830,7
935,8
967,3
937,6
846,7
697
500,2
280,6
79,8
0,5
0
0
0
0
0
0
0
0
0
0
58,3
237,8
450,4
643,5
799,8
897,6
934,6
899,6
805,5
663,1
475
265,6
76,9
0
0
0
0
0
0
0
0
0
0
0
63,6
263
494,5
704,8
869,1
975,2
1015,2
985,5
889,1
733,3
528,8
298,5
89
1
0
0
0
0
0
0
0
0
0
0
59,5
227,2
426
608,6
745,6
857,9
895,6
858,6
759,9
623,6
445,1
256,2
81,8
0,5
0
0
0
0
0
0
0
0
0
0
65,2
234,8
395,9
545,2
765,6
817,9
845,6
884,5
797,8
628,2
473,2
258,3
81,7
0,5
0
0
0
0
0
0
0
0
0
0
65,9
256,2
476,3
677,2
829,9
935,8
971,2
942,8
845,7
699,8
507,5
286,7
87,4
1
0
0
0
0
0
0
0
0
0
0
67,3
262,1
486,8
697,3
860,5
963,1
994,1
965,2
870,3
716,7
518,7
292,7
88,7
1
0
0
0
0
0
0
0
0
0
0
68,8
262,6
487,3
690,1
849,3
953,1
993,6
963,4
867,7
717,7
521,6
296,3
91,2
1
0
0
0
0
0
0
0
0
0
0
69,7
263,6
487,4
697,3
857
956,9
997,5
964,5
860,3
710,6
512
291,2
89
1
0
0
0
0
0
0
0
0
0
0
66,3
235,6
436
616,3
756,6
850,1
897,1
842,4
748,1
608,2
449,9
259,8
86,1
1,5
0
0
0
0
0
0
0
0
0
0,5
68,1
247,2
460,8
660
806,1
900
937,4
911,7
810,2
673,8
482,6
276,4
87,8
1,5
0
0
0
0
0
0
0
0
0
0,5
71,1
259,4
474,2
668,3
818,2
916,4
946,3
911,1
823,7
684,5
493,1
284,7
89,7
1,5
0
0
0
0
0
0
0
0
0
1
84,7
240,6
346,5
491,2
580,9
666,5
596,6
661,4
621,3
589,1
466,7
328,6
106,7
7
0
0
0
0
0
0
0
0
0
0,5
77,1
281,2
507,7
711,8
866,4
966,7
1001,7
968,5
875,3
719,2
522
301,2
96,3
1
0
0
0
0
0
0
0
0
0
0,5
75,9
271,9
494,1
699,9
854,8
958,6
998,4
967,1
881,7
732,4
537,8
311,4
101,6
2,5
0
0
0
0
0
0
0
0
0
0,5
74,6
262,1
474,9
666,7
817,9
919,6
961,3
931,5
840,9
700,6
511,9
299,3
100,3
2,5
0
0
0
0
0
0
0
0
0
0,5
75,2
264
472,4
660
816,1
937,8
950
929,7
821,9
681,4
499,6
298,1
106,2
2,5
0
0
0
0
0
0
0
0
0
0,5
80
273,8
491,7
679,5
832,4
929,5
962,3
935
851,1
704,4
514,7
301,6
109,3
2
0
0
0
0
0
0
0
0
0
0,5
78,8
274,6
492,1
694
853
946,3
981
956,5
860
717,6
524,6
305,5
110,9
2,8
0
0
0
0
0
0
0
0
0
0,5
85,8
301,4
536,6
747,1
908,2
1007,8
1046,7
1014,3
920
766,2
562,3
330,6
120,7
2,5
0
0
0
0
0
0
0
0
0
0,5
82,5
287,5
513,5
714,1
871,7
974,7
1012,1
984
892,7
745,9
547,3
322,3
119,2
3,5
0
0
0
0
0
0
0
0
0
0,5
83,6
289,8
518,5
727,7
889,2
990
1024,7
995,3
902,6
749,7
548,6
321,5
117,3
3
0
0
0
0
0
0
0
0
0
1
80,1
271
486,9
679,5
830
929
964,2
927,7
837,7
692,5
509,5
300
112,2
3
0
0
0
0
0
0
0
0
0
1,5
77,9
251,2
448,7
631,5
803,8
883,3
921
890,7
802,8
667,3
477,5
285,3
108,4
2,5
0
0
0
0
0
0
0
0
0
1,5
88,7
300,9
539,1
763,2
917,2
689,2
714,9
679,5
597,3
500
372,3
226,9
89,9
3
0
0
0
0
0
0
0
0
0
1,5
83,1
280,2
505,8
706,2
866
970,8
1015
989,9
896,8
747,8
550
327,3
123,8
5
0
0
0
0
0
0
0
0
0
1
79,2
253
461,7
655,5
812
901,5
923,8
897,4
790,5
675,6
516,8
302,6
119,5
5
0
0
0
0
0
0
0
0
0
1,5
82,5
269,9
485,8
675,8
811,3
915,8
935
911,9
833,8
704,1
515,3
308,4
118,6
4
0
0
0
0
0
0
0
0
0
1
82,5
285,6
507,3
688
822,4
912,4
944,2
904,6
818,9
667,3
508,9
317
120,9
5
0
0
0
0
0
0
0
0
0
1,5
78,3
250,7
438,8
619,2
764,2
850,1
878,9
841,2
772,1
645
478,6
289,6
112,2
5
0
0
0
0
0
0
0
0
0
1,5
78,3
257,8
451,6
614,4
745,8
819,3
858,3
824,2
750
620,5
460
274,4
109,3
3,5
0
0
0
0
0
0
0
0
0
1,5
85,6
287,7
514,9
719,2
879,8
982,5
1021,5
995,7
909,2
762
563,5
338,4
131,9
6,5
0
0
0
0
0
0
0
0
0
1,5
86,1
289,2
515,1
717,8
877,8
978,8
1015,6
987,8
898,1
753,5
558,9
338,5
135,1
6
0
0
0
0
0
0
0
0
0
1,5
84,9
283,4
505,9
708,8
865,1
960,8
1001,6
975,5
891,7
740
547,4
330,7
132,4
6
0
0
0
0
0
0
0
0
0
1,5
86,6
293,5
523
728,1
889,1
995,4
1036
1010,6
922,5
773,9
576
350,2
140,2
7
0
0
0
0
0
0
0
0
0
1,5
83,4
280,9
501,1
702,8
861,9
969,5
1007,9
990,2
902,4
760,7
564,4
341,1
136,7
7,5
0
0
0
0
0
0
0
0
0
1,5
84,5
282,2
500,9
702,2
858,4
964,3
1002,4
984,8
898,1
753
562,1
343,6
139,4
7,8
0
0
0
0
0
0
0
0
0
1,5
83,4
277,5
493,8
683,5
836,4
935,1
971,8
946,7
865,7
723,5
539
328,1
133,3
6,5
0
0
0
0
0
0
0
0
0
1
80,2
247,7
502,4
748,3
936,9
1030,1
1094,1
954,2
906,7
809,9
601,5
364,2
146,9
9,6
0
0
0
0
0
0
0
0
0
1,5
85,3
287,9
511,9
713,6
873,2
974
1011,3
982,6
895,7
749,4
559,5
341
138,6
6,8
0
0
0
0
0
0
0
0
0
1,5
84,7
286,8
512,3
713,4
873,8
976
1016,9
992,4
906,1
760,2
566,7
346,8
142,3
8
0
0
0
0
0
0
0
0
0
1,5
84,8
284
505,1
704,8
862,2
966,3
1012,6
990,4
903,6
760,3
571,1
352,4
146,7
9,3
0
0
0
0
0
0
0
0
0
1,5
82,3
279,2
502,5
705
863
964,5
1005,4
985,3
899,6
758,3
566,2
346,3
141,9
8,8
0
0
0
0
0
0
0
0
0
1,5
80,6
271,5
487,6
685,9
841,7
940,2
985
961,9
882,1
743,4
554,5
340,2
141,2
9,6
0
0
0
0
0
0
0
0
0
1,5
81,4
272,8
488,2
686,6
840,6
942,9
981,6
957
872,3
733,1
547
336,6
139,4
8
0
0
0
0
0
0
0
0
0
1,5
82,9
283,3
510,9
718
882
985,5
1028,7
1011
921,3
772,8
581,9
358,5
148,4
9,8
0
0
0
0
0
0
0
0
0
1,5
80,7
276,7
498,9
700,8
860,1
964,1
1002,4
982,5
896,3
754,6
567,1
348,3
144,2
9,5
0
0
0
0
0
0
0
0
0
1
77,9
265,4
476,6
673,9
825,3
919
949,9
926,3
845,6
712,5
534,3
326,7
136,2
7,8
0
0
0
0
0
0
0
0
0
1
80,1
276,9
499,2
701,6
861,6
965,1
1005,3
982,7
895,8
750,4
562,9
344,4
143,3
8,5
0
0
0
0
0
0
0
0
0
0,5
79,6
273,9
489,9
687,6
841,9
942,6
982,6
955,7
874,1
731,4
551
339
141,2
7,5
0
0
0
0
0
0
0
0
0
0,5
79
273,5
495,1
696,1
856,7
964,9
1012,7
993,9
911,4
772,7
581
362,5
154,4
12,1
0
0
0
0
0
0
0
0
0
0,5
77,4
258,8
465,3
662,3
816
889,7
905
889,8
835,7
715,1
529,9
316
131,3
7
0
0
0
0
0
0
0
0
0
0,5
80,8
285
515
723,9
888,1
995,7
1037,3
1015,6
927,9
782,8
586,8
362,5
150,5
9,3
0
0
0
0
0
0
0
0
0
0,5
78,2
277,6
500,5
705,9
868,8
975,5
1017,3
997,4
910,5
771,4
578,2
358,3
149,9
10
0
0
0
0
0
0
0
0
0
0,5
78,1
278,4
507,5
713,4
876,9
983,1
1024,2
1002
916
773,5
578
353,6
147
8,5
0
0
0
0
0
0
0
0
0
0,5
74,5
257,7
467,6
663,6
820,4
919,3
965,3
951,2
871
735,7
553,8
342,9
144,8
10
0
0
0
0
0
0
0
0
0
0,5
76,5
275,9
502,9
710,5
874
981
1021,6
1000,2
913,6
766,3
573,1
352,4
146,8
8
0
0
0
0
0
0
0
0
0
0,5
76,3
276,8
504,1
713,3
876,7
986,2
1026,3
1003,4
910,3
765,5
573,2
351
145,9
7,8
0
0
0
0
0
0
0
0
0
0,5
74,2
270,9
494,3
700,5
865,8
963,5
988,9
960
873,5
737,9
554,1
343,5
141,3
7,3
0
0
0
0
0
0
0
0
0
0,5
72,8
262,2
480
682
841
943,1
984,9
963,7
884,2
745
557,1
344,9
144,7
9
0
0
0
0
0
0
0
0
0
0,5
76,6
278,9
506,8
717,2
881,1
987,8
1032,4
1009,4
921,9
780,2
589
366,9
156,1
9,8
0
0
0
0
0
0
0
0
0
0,5
75
275,4
502,2
708,8
872,2
978,7
1021,5
1000,2
910,2
766,1
578,1
358,8
150,9
8,5
0
0
0
0
0
0
0
0
0
0,5
70,4
256,3
466,4
648
800,1
890
918,3
912,5
838,9
712,4
531,2
339
148,2
10,3
0
0
0
0
0
0
0
0
0
0,5
59,9
228,2
459,5
629,1
867,6
968,9
1017,1
996,7
881
664
567
349,1
146,8
5,5
0
0
0
0
0
0
0
0
0
0,5
71,6
270,9
501,3
711,9
880,3
990,7
1037,6
1016,6
932,1
785,6
590,9
365,8
152,7
8,8
0
0
0
0
0
0
0
0
0
0
73,7
288,6
509,3
717,2
861,5
775,8
839,7
824,2
796,4
610,5
471
297,8
122,5
6,5
0
0
0
0
0
0
0
0
0
0
69,1
265,5
496,1
708,1
878,3
990
1036,5
1017,8
931,6
785,9
590,7
363,8
151
8,8
0
0
0
0
0
0
0
0
0
0
64,7
238
444,6
629
785,3
894,2
947,7
938,6
863,8
736
568,3
359
152,9
11,5
0
0
0
0
0
0
0
0
0
0
67
260,9
490,5
701,1
867,8
974,5
1021,8
1000,3
916,5
772,8
581,9
357,4
147
7,5
0
0
0
0
0
0
0
0
0
0
68,1
266,5
501,7
718,2
889,3
1000,1
1045,9
1024,5
937,3
787,1
587,9
358,9
146,6
6,5
0
0
0
0
0
0
0
0
0
0
65,1
258,9
489,3
702,7
871,3
985,2
1029,7
1009,8
926,8
781,1
586,9
361,6
149,2
8,5
0
0
0
0
0
0
0
0
0
0
67,3
268,3
487,6
668,2
865,8
1019,5
1069,9
1027
958,4
796,1
561,5
328,1
108
3,5
0
0
0
0
0
0
0
0
0
0
64,4
255,5
471,7
669,3
829,8
945,7
992,1
971,5
892,4
743,5
550,1
337
137,8
6
0
0
0
0
0
0
0
0
0
0
57,9
229,5
439
635,7
796,4
896,7
948,3
927,7
853
717,6
531,9
324,9
132
6
0
0
0
0
0
0
0
0
0
0
61,3
250,5
476,7
687,6
852,9
962,5
1007,2
982,6
906,1
763,2
569,9
345,6
139,9
5,5
0
0
0
0
0
0
0
0
0
0
58,4
241,7
460,5
660,2
822,1
930,7
979,3
967,2
884,9
744
557,2
343,3
141,1
6,5
0
0
0
0
0
0
0
0
0
0
62,8
267
507,8
729,2
903,9
1019,7
1066,4
1044,4
956,4
806
601,2
368,3
147,8
5,5
0
0
0
0
0
0
0
0
0
0
57,4
241,5
460,2
658
819,1
927,4
972
962,4
879,3
738,5
552,6
339,7
137,7
5,5
0
0
0
0
0
0
0
0
0
0
58,5
252,9
484,5
698
868,1
979,5
1027,5
1007,6
921,1
775,9
580,5
353,4
140,9
5,5
0
0
0
0
0
0
0
0
0
0
56
243,3
469,3
676,6
840,1
944,8
988,5
968,1
889
748,9
561,8
342,8
136,9
5
0
0
0
0
0
0
0
0
0
0
55,7
242,8
475
690,4
860,5
971,4
1017,9
1000,5
914,7
768,5
572,5
346,2
136,2
5
0
0
0
0
0
0
0
0
0
0
49
246,4
478,1
693,8
866,6
982,7
1029,7
1007,3
919,5
772,4
574,8
346,4
134,5
4
0
0
0
0
0
0
0
0
0
0
46,2
235,7
456,8
667,1
829,5
938,8
985,7
965,8
884,7
740,1
551,7
333,9
129,3
4
0
0
0
0
0
0
0
0
0
0
46,5
243,1
470,8
685,1
854,2
967,6
1013,4
990,5
907,7
763,7
570,8
344,3
133,3
4
0
0
0
0
0
0
0
0
0
0
43,6
231
448
652,3
813,1
923,5
965,5
941,9
859,4
727
541,6
327,4
126,2
4
0
0
0
0
0
0
0
0
0
0
43,2
233,2
455,7
652,5
811,1
910,2
954,9
945,2
861,8
723,5
539,3
327,1
125,1
3,5
0
0
0
0
0
0
0
0
0
0
43,8
243,4
474,2
689,1
863,9
980
1029,7
1014,8
928,4
784,4
585,1
354,9
135,9
4,5
0
0
0
0
0
0
0
0
0
0
42,7
238,9
469,1
687,9
860,2
972,3
1022,5
1002,9
920,2
771,6
571,7
342,1
127,9
3
0
0
0
0
0
0
0
0
0
0
41,3
237,5
467,7
681
856
969,5
1012,9
1000,5
916,3
770,4
572,8
343,5
129,4
3,5
0
0
0
0
0
0
0
0
0
0
37,5
214,1
412,6
602,1
756,8
841,8
897,8
871,1
802,4
672,6
490,3
296,4
113,1
2,5
0
0
0
0
0
0
0
0
0
0
37,2
221,1
432,1
633,8
793,7
906,1
952,2
936,4
853
719,6
534,8
323
120,9
3,3
0
0
0
0
0
0
0
0
0
0
29,7
218,3
426,2
612,4
785,3
867,4
922,1
896,8
824
684,1
515,1
308,4
111,4
2
0
0
0
0
0
0
0
0
0
0
27,1
209,3
421,5
605,3
752,2
864,4
908,7
886,6
813,1
692,2
509,3
311,8
108,5
2,5
0
0
0
0
0
0
0
0
0
0
28,9
219,9
439,7
647,3
805,2
908,7
955,3
933,1
846,3
706,8
515,6
304,6
102,2
1
0
0
0
0
0
0
0
0
0
0
29,7
232,5
464,1
683,3
857,6
972,1
1023,5
1001,4
917,4
762,7
560,7
328,5
108,3
1,5
0
0
0
0
0
0
0
0
0
0
29,2
235,8
469,4
690,5
866,2
985,2
1032,2
1013
926,7
774,5
570,8
335,4
109,8
1,5
0
0
0
0
0
0
0
0
0
0
27,9
233
468,3
693,5
868,1
984,3
1031,7
1012,9
922,5
769,5
561,9
327,7
105
1,5
0
0
0
0
0
0
0
0
0
0
25,4
218
441
649,4
816,4
931,6
978,8
957,2
875,6
731,6
539,5
315,3
101,8
1,5
0
0
0
0
0
0
0
0
0
0
20,6
224,6
470,3
725,1
866,1
784
762,2
727,9
701,3
569,9
403,1
254,5
69,5
1
0
0
0
0
0
0
0
0
0
0
23,2
213
436,1
646,3
811,5
920,7
965,8
948,2
859,6
717,1
524,9
304,5
96,8
0,5
0
0
0
0
0
0
0
0
0
0
24,4
228,5
465,8
688,6
867,7
984,4
1033,8
1012,5
924,8
772,1
565
326,9
100,5
1
0
0
0
0
0
0
0
0
0
0
21,4
208,4
427,3
628,5
796,8
896
942,8
925,2
841,3
703,9
515,1
294
93,1
1
0
0
0
0
0
0
0
0
0
0
22,4
223,6
456,6
676,3
855,8
970
1020,9
997,3
910,3
757,9
554,5
319,3
95,3
1
0
0
0
0
0
0
0
0
0
0
21,1
216,8
441,6
650,7
818,8
929,3
978,6
959
870,6
724,9
530,2
306,3
90,8
0,5
0
0
0
0
0
0
0
0
0
0
18,8
199,6
410,2
606,4
762,4
863,6
902,5
883
802,7
668,5
486,4
277,9
81,5
0
0
0
0
0
0
0
0
0
0
0
17,6
192,5
398,4
589,9
743,7
846,9
888
872,6
796,6
661,3
479,7
274,8
80,2
0,5
0
0
0
0
0
0
0
0
0
0
19,4
213,8
450
664,4
840,7
959,1
1009,9
989,9
900,5
746
539,5
305
84,9
0
0
0
0
0
0
0
0
0
0
0
18,4
209,5
431,4
680,3
795,9
681,4
716,1
780,7
720,7
579,2
429,1
214,2
63,6
0
0
0
0
0
0
0
0
0
0
0
15,6
192,9
408,8
604,6
769,8
877,3
931,6
900,1
805,8
647,9
470,4
282,4
73
0
0
0
0
0
0
0
0
0
0
0
15,6
200,9
419,2
638,6
802,8
922,3
973,9
918,8
830,7
696,2
487,3
259,7
69,9
0
0
0
0
0
0
0
0
0
0
0
33,1
224
471,6
680
783
1003,2
1051,7
1029,8
897,5
769,9
470,2
186,6
43,2
0
0
0
0
0
0
0
0
0
0
0
15,8
214,7
453,7
673,8
853,8
971,2
1020,6
995,6
900,7
741,9
532,2
292,4
73,2
0
0
0
0
0
0
0
0
0
0
0
15,1
209
442,4
658,9
822,9
924,7
972
950,2
853,6
705
505,7
277,1
67,2
0
0
0
0
0
0
0
0
0
0
0
15,6
219,2
463,2
688,4
868,1
986,7
1035,8
1011
912,8
750,4
534,8
292
68,9
0
0
0
0
0
0
0
0
0
0
0
14,3
213,8
457,4
685,6
866,5
983
1028,1
1002,3
902,6
737,9
522,4
279,4
64,1
0
0
0
0
0
0
0
0
0
0
0
13,3
203,7
434,3
648,1
811,3
919,9
955,6
931,6
835,7
687,7
488,3
260,2
57,9
0
0
0
0
0
0
0
0
0
0
0
13,8
215,2
462,8
692,7
873,7
988,3
1032,4
1002
900,7
731,6
515,2
272,3
48,4
0
0
0
0
0
0
0
0
0
0
0
13,1
208,4
445,8
671,3
845,8
958,3
1006,7
982,9
887,8
728,6
519,3
279,8
41,8
0
0
0
0
0
0
0
0
0
0
0
10,1
190,4
415,8
640
789,5
911,2
959,1
931,4
842,1
682,7
482,4
258,1
35
0
0
0
0
0
0
0
0
0
0
0
12
209,4
455
683,1
861,8
973,8
1017,7
990,8
891,2
725,6
510
266,6
33,2
0
0
0
0
0
0
0
0
0
0
0
11,8
216,1
470,3
702,7
882,8
997,9
1038,3
1007,2
905,3
735
511
262,4
28,7
0
0
0
0
0
0
0
0
0
0
0
10,6
198,3
436,8
654,8
823,6
934,1
975,2
947,8
846,7
685,4
477,7
245,2
27
0
0
0
0
0
0
0
0
0
0
0
10,8
212,2
464,2
696,6
879,2
995,5
1039,9
1007,8
901,1
730,4
506,3
257,9
26,2
0
0
0
0
0
0
0
0
0
0
0
9,3
202,3
441,4
660,6
832,7
944,7
988,8
953,7
857
688,3
475,3
241,9
21,9
0
0
0
0
0
0
0
0
0
0
0
9,3
189,8
416,4
619,3
793,8
893,9
903,3
893,7
789,4
626
437,8
225,3
23,2
0
0
0
0
0
0
0
0
0
0
0
9,6
211,2
465,3
696,9
879,7
994,8
1035,2
1001,6
891,8
720,4
492,6
242,2
18,9
0
0
0
0
0
0
0
0
0
0
0
9,6
210,5
464,8
693,4
869,5
981,7
1025,5
989,2
885,6
713,6
488,9
241
17,9
0
0
0
0
0
0
0
0
0
0
0
8,8
198,5
440,9
659,3
822,5
931,6
977,3
944
835,5
687
476,2
235,2
18,4
0
0
0
0
0
0
0
0
0
0
0
8,3
207,4
458,8
687,3
866,6
979,2
1023,3
990,5
885,1
714
490,6
241
17,6
0
0
0
0
0
0
0
0
0
0
0
8,3
211,3
469,4
702,1
882,6
997,2
1035,3
1000
890,5
715,4
487,6
234,3
14,1
0
0
0
0
0
0
0
0
0
0
0
6,1
179,2
402,5
601,3
771,3
873,3
906,8
919,2
834,4
683,1
453,5
215,3
13,1
0
0
0
0
0
0
0
0
0
0
0
6,8
196,7
439,1
654,9
821,9
930,7
971,8
936,5
832,2
665
453,2
214,2
11,3
0
0
0
0
0
0
0
0
0
0
0
6,5
192
431,4
649,9
820,2
934,1
971
937,2
834,6
668,9
448,8
211,1
10,8
0
0
0
0
0
0
0
0
0
0
0
6,8
186,8
422
638
796,5
900,5
937,2
894,2
781,7
613,5
407,4
188,7
8,6
0
0
0
0
0
0
0
0
0
0
0
5,5
179,2
402,1
598,6
790,5
930,2
931
878,5
771,6
626,3
422,2
195,6
10,1
0
0
0
0
0
0
0
0
0
0
0
5
157,7
356,4
563,4
703,1
783,9
812,6
781,2
701,9
571,9
368,9
161,9
5,3
0
0
0
0
0
0
0
0
0
0
0
5,8
197,4
447,3
669,7
838,4
943,3
985,3
949
844,2
672,2
451,4
202,8
6,8
0
0
0
0
0
0
0
0
0
0
0
5,3
200,2
459,3
693,6
874,7
988,9
1025,1
984,2
867,3
688,2
455,6
200,7
5,5
0
0
0
0
0
0
0
0
0
0
0
4,5
189,6
442,5
669,5
856,2
992,7
1051
1007,3
889,5
702,7
464
201
11,8
0
0
0
0
0
0
0
0
0
0
0
4,3
171,5
402,1
607
786,3
886,2
922
867,1
784,6
604,1
397,7
171,7
4,5
0
0
0
0
0
0
0
0
0
0
0
2
120,2
322,7
432,1
546,7
558,2
689,1
613,2
618,3
501
343,7
161,9
10,6
0
0
0
0
0
0
0
0
0
0
0
3,5
169,6
404,6
607,1
769,5
861,3
889,9
860,5
742
587
387,8
158,3
3
0
0
0
0
0
0
0
0
0
0
0
4,1
194,9
460,7
695,8
877,9
990,4
1020,9
979
858,5
672
435,4
178,1
2,5
0
0
0
0
0
0
0
0
0
0
0
3
160,7
385,7
584
728,1
822,2
853,7
829,5
737,4
583,7
377,9
149,9
2,5
0
0
0
0
0
0
0
0
0
0
0
3,3
175,6
425,6
648,8
823,2
928,5
964,9
923,5
808,7
631
404,6
159,8
1,8
0
0
0
0
0
0
0
0
0
0
0
3,1
150,2
370,8
569,5
717,4
816,3
843,1
811,2
698,4
540,9
344,8
136,8
2
0
0
0
0
0
0
0
0
0
0
0
2
150
369,7
558,1
719,2
779
786,5
788,6
677,3
544
347,3
134,7
1,8
0
0
0
0
0
0
0
0
0
0
0
2,5
162,5
404,6
609,5
756,5
855,7
889,6
841,7
740,5
565,7
358,8
136,6
1
0
0
0
0
0
0
0
0
0
0
0
2,5
173
426,3
652,3
826,2
931,3
964,1
920,9
805,6
626,4
396,3
152,6
1,5
0
0
0
0
0
0
0
0
0
0
0
2,1
153,5
375,7
583,1
736,7
839,6
874,6
832,8
737
570,1
366
138,2
1,5
0
0
0
0
0
0
0
0
0
0
0
1
103
273,8
420,9
553,3
643,7
672,3
649,4
567,1
462,1
294,3
106,3
1
0
0
0
0
0
0
0
0
0
0
0
1,6
141
350,5
541,7
694,7
792,4
829,6
794
682,2
523,3
317,7
116,6
0,5
0
0
0
0
0
0
0
0
0
0
0
1,6
149,5
370,4
570,7
729,3
825,9
848,4
809,4
701,5
542,3
339,9
123,2
0,5
0
0
0
0
0
0
0
0
0
0
0
1
112
396,1
662,3
839,6
950,4
985,1
860,2
751,3
579
355,7
129,7
0,5
0
0
0
0
0
0
0
0
0
0
0
1
123,3
384,9
473,7
632,3
572,3
573,7
509,5
614
502
250
66,4
0,5
0
0
0
0
0
0
0
0
0
0
0
1,3
163,7
404,5
622,3
788
888,4
916,7
872,8
759,5
580,9
359
122,6
0
0
0
0
0
0
0
0
0
0
0
0
1
159,9
397,8
615,3
782,3
886,2
917,1
867,3
749,7
571,2
347,2
116,2
0
0
0
0
0
0
0
0
0
0
0
0
1
136,8
360,1
561,1
732,9
806,4
812,1
765
658,1
510
320,5
109,6
0
0
0
0
0
0
0
0
0
0
0
0
1
152,4
388
606,1
775,9
877,6
913,3
866,9
750,7
574,6
347,3
114,4
0
0
0
0
0
0
0
0
0
0
0
0
1
147,4
380,3
590,2
749,3
845,7
884,3
837,6
724,1
544,9
322,8
100,1
0
0
0
0
0
0
0
0
0
0
0
0
1
145,6
374,5
575,8
711,1
816,4
813,5
765,9
681,4
528,2
305,9
93,5
0
0
0
0
0
0
0
0
0
0
0
0
1
142,9
375,6
590,3
752,3
852,6
876,6
832,5
719,1
542
319,7
97,5
0
0
0
0
0
0
0
0
0
0
0
0
0,8
146
386,9
609,4
779,8
886,9
915,9
867,4
746,6
562,1
329,8
97,2
0
0
0
0
0
0
0
0
0
0
0
0
0,5
144,2
378
595
765,4
869,7
897,2
851,9
734,4
551,9
318,4
69
0
0
0
0
0
0
0
0
0
0
0
0
0
119,8
335,5
540,2
677,7
754,2
778
757,4
638,4
481
279,3
62,5
0
0
0
0
0
0
0
0
0
0
0
0
0
122,5
339,3
516,8
666,2
732,2
803,7
793,7
696,1
513,5
294,5
57,6
0
0
0
0
0
0
0
0
0
0
0
0
0
130,4
363,4
578,2
743,4
834,4
860,7
807,1
689,6
515,8
303,7
62,8
0
0
0
0
0
0
0
0
0
0
0
0
0
142,3
387,3
613,1
784,8
892,6
926,9
877
752,1
562,1
319,8
65,1
0
0
0
0
0
0
0
0
0
0
0
0
0
127,7
351,9
563,8
727,3
828,2
855,7
812,7
692,6
515,4
288,3
32,9
0
0
0
0
0
0
0
0
0
0
0
0
0
134,9
372,7
594,7
764,6
865,8
893,1
843,9
722,4
537,1
296,4
31,8
0
0
0
0
0
0
0
0
0
0
0
0
0
134,7
372,6
589,4
757,7
855,7
881,1
834,3
711,8
528,1
290,6
29,3
0
0
0
0
0
0
0
0
0
0
0
0
0
115,8
321,6
484,6
672,3
729,6
772,2
695,7
619,2
488,6
249,4
21,2
0
0
0
0
0
0
0
0
0
0
0
0
0
116,6
333,9
534,5
696,3
815
850,8
801
677,9
514,3
282
28,3
0
0
0
0
0
0
0
0
0
0
0
0
0
132,1
372,2
593,3
761,8
861,8
888,3
840,1
720,3
535,4
291,7
26,8
0
0
0
0
0
0
0
0
0
0
0
0
0
123,1
360,6
576,5
741,5
842,4
863,7
813,9
691,4
504,4
271,7
22
0
0
0
0
0
0
0
0
0
0
0
0
0
121,1
357,2
572,4
739,8
839
868,9
820,2
698,5
515,3
278,8
24
0
0
0
0
0
0
0
0
0
0
0
0
0
107,5
323,4
531
690,8
791,7
824,6
780,4
661,6
480,1
248,3
18,7
0
0
0
0
0
0
0
0
0
0
0
0
0
116,6
350,7
564,5
729,4
826,8
850,4
797,6
681,1
499,1
260,5
17,7
0
0
0
0
0
0
0
0
0
0
0
0
0
113
332,8
523,7
664,1
780,1
788,8
751
648,2
491,4
258,4
19,5
0
0
0
0
0
0
0
0
0
0
0
0
0
72,4
234,1
376,3
505,8
576,3
599,2
566,2
433,9
308,8
170
9,4
0
0
0
0
0
0
0
0
0
0
0
0
0
51,9
169,1
280,5
360,9
416
427,7
679,5
578,3
415,6
223,4
14,7
0
0
0
0
0
0
0
0
0
0
0
0
0
103,1
325,5
538,5
697,8
794,6
821,7
769,6
651,6
482,7
255,9
15,7
0
0
0
0
0
0
0
0
0
0
0
0
0
112,7
347,2
561,6
727,7
827
850,4
801,4
683
502,9
260,6
14,9
0
0
0
0
0
0
0
0
0
0
0
0
0
72,3
326,1
544,1
701,8
799,8
827,8
784,9
676,3
496,8
256,7
15,7
0
0
0
0
0
0
0
0
0
0
0
0
0
32,4
276,6
463,2
618,1
698,9
715,9
650,3
559,3
412,7
209,3
10,6
0
0
0
0
0
0
0
0
0
0
0
0
0
25,3
231,4
394,9
588,4
738,6
738,8
615,2
610,1
397,7
222,9
16
0
0
0
0
0
0
0
0
0
0
0
0
0
13,7
102,5
209,9
250,4
309,4
353,9
352,2
336,1
282
160,6
12,7
0
0
0
0
0
0
0
0
0
0
0
0
0
30,9
296,6
520,6
667,9
762,9
786
733,4
617,3
459,3
231,5
9,4
0
0
0
0
0
0
0
0
0
0
0
0
0
30,1
300,2
522,9
677
777,1
804,1
761,7
650,9
472,7
241,5
11,5
0
0
0
0
0
0
0
0
0
0
0
0
0
27,9
295,6
516
672,4
758,6
786,7
749,7
632,1
464,7
233,1
9,7
0
0
0
0
0
0
0
0
0
0
0
0
0
24,8
253,4
453,5
608,8
724,2
720,6
718,5
591
391,7
196,7
9,7
0
0
0
0
0
0
0
0
0
0
0
0
0
21,3
254,6
445
578,6
660
659,9
600,2
498,8
356,1
176,7
4,8
0
0
0
0
0
0
0
0
0
0
0
0
0
14,2
147,3
313,2
474,2
670,9
658,6
659,1
466,1
310,6
166,3
6,1
0
0
0
0
0
0
0
0
0
0
0
0
0
20,5
253,3
455,8
591,3
662,2
697,3
639,6
533,2
382,2
185,6
4,8
0
0
0
0
0
0
0
0
0
0
0
0
0
23,3
298,4
537,4
702,8
807,7
834,1
788,3
667,6
483,4
240,3
7,9
0
0
0
0
0
0
0
0
0
0
0
0
0
20,3
274,2
501
659,4
763,7
792,3
748,5
634,9
460,2
227
8,4
0
0
0
0
0
0
0
0
0
0
0
0
0
13,7
245,8
503,6
652,3
730,5
703,9
653,1
575,8
360,7
188,4
4,8
0
0
0
0
0
0
0
0
0
0
0
0
0
16,7
264,3
500,3
632,2
738,3
717,9
687,1
564,2
381,2
194,8
6,4
0
0
0
0
0
0
0
0
0
0
0
0
0
16,5
263,5
493,1
656
752,3
778,3
735,1
625,6
452,5
217,7
6,9
0
0
0
0
0
0
0
0
0
0
0
0
0
12,5
177,7
365,7
531,7
658,5
762,2
684,7
548,5
358,1
209,7
10,2
0
0
0
0
0
0
0
0
0
0
0
0
0
15
264
498
665
767,1
799,6
755,2
640,5
462
224,1
6,9
0
0
0
0
0
0
0
0
0
0
0
0
0
14,8
260,7
490,7
638,7
735,5
761,5
708,6
579,8
417,4
208,9
7,2
0
0
0
0
0
0
0
0
0
0
0
0
0
13,7
261,7
485
648,8
739,9
774,5
724,2
617,4
451,9
227,7
6,7
0
0
0
0
0
0
0
0
0
0
0
0
0
13,2
239,6
437,2
591,5
676,3
706,4
677,4
540,2
407,8
209,5
4,6
0
0
0
0
0
0
0
0
0
0
0
0
0
12
262,6
496,8
661,2
762,6
794,4
754,8
646,4
473,5
234,4
6,9
0
0
0
0
0
0
0
0
0
0
0
0
0
10,7
248,5
473,7
638,4
738,3
766
719,8
611,9
448,3
218,5
5,9
0
0
0
0
0
0
0
0
0
0
0
0
0
9,2
233,7
449,9
605,8
696,3
727
690,9
600,4
440,1
212
6,1
0
0
0
0
0
0
0
0
0
0
0
0
0
8,9
202,6
431,7
567,6
534,3
572,4
621,4
535
439,7
210,8
6,9
0
0
0
0
0
0
0
0
0
0
0
0
0
6,4
146,5
283,9
360,6
431,7
457,2
400,1
340,3
244
111,9
3,6
0
0
0
0
0
0
0
0
0
0
0
0
0
7,4
218,1
435,3
599,5
698,2
717,4
681,6
579,7
433,2
205,5
6,4
0
0
0
0
0
0
0
0
0
0
0
0
0
4,1
109,1
277,5
423,7
526,3
663,5
598,1
522,5
356,4
191,8
8,4
0
0
0
0
0
0
0
0
0
0
0
0
0
4,4
146,8
307,1
430,2
515,7
530,9
508,1
411,2
300,9
144,6
5,1
0
0
0
0
0
0
0
0
0
0
0
0
0
7,2
125,1
245
245,6
300,7
300,1
323,7
309,8
250,6
153,7
5,1
0
0
0
0
0
0
0
0
0
0
0
0
0
5,1
183,1
357,3
490,3
586,1
592
557,1
484,2
347,2
174,1
4,4
0
0
0
0
0
0
0
0
0
0
0
0
0
5,1
159,7
324,6
417,4
518,3
496,7
477,8
434,4
346,2
179,3
8,4
0
0
0
0
0
0
0
0
0
0
0
0
0
5,1
217
445,1
616,1
717,3
752,8
720,2
611,8
447,4
218,7
5,9
0
0
0
0
0
0
0
0
0
0
0
0
0
1,6
133,7
262,6
361
467,2
454,1
465
399,6
317,5
145,4
5,1
0
0
0
0
0
0
0
0
0
0
0
0
0
3,6
175,6
354,4
512,4
585,3
638,1
584,7
486,1
356,3
172,6
4,6
0
0
0
0
0
0
0
0
0
0
0
0
0
4,1
207,7
443,8
612,5
712
739,5
695,4
593,9
428
201,8
4,1
0
0
0
0
0
0
0
0
0
0
0
0
0
3,6
185,9
401,3
542,2
623,7
660,2
603,1
507,8
356,5
170,7
2,6
0
0
0
0
0
0
0
0
0
0
0
0
0
3,1
191,8
414,3
580
688,5
734,5
708,1
604,1
439,7
211,5
6,4
0
0
0
0
0
0
0
0
0
0
0
0
0
3,1
187,5
409,3
569,9
669
702,7
662,8
569,8
411,3
201,6
6,4
0
0
0
0
0
0
0
0
0
0
0
0
0
1,8
157,8
356,7
502,9
594,5
620,9
597,1
493,6
341,5
169,2
4,1
0
0
0
0
0
0
0
0
0
0
0
0
0
3,1
159,3
337,3
495,6
643,2
653,1
634,8
536
379,2
185,1
8,2
0
0
0
0
0
0
0
0
0
0
0
0
0
2,6
197,1
422,3
578,3
677,2
702,2
673,6
603,1
454,7
224,4
9,7
0
0
0
0
0
0
0
0
0
0
0
0
0
1
149
261,6
355,9
425
576,4
530,8
418,8
287,5
132,9
3,6
0
0
0
0
0
0
0
0
0
0
0
0
0
1
108,6
296,8
415,4
523,6
553,3
464,6
348,1
257,3
143,7
4,1
0
0
0
0
0
0
0
0
0
0
0
0
0
3,9
157,2
329,3
459,5
581
634,1
563,4
480,8
372,3
180,8
4,4
0
0
0
0
0
0
0
0
0
0
0
0
0
1,8
80,8
182,2
262,4
307,9
363,1
333,1
268,2
188,9
107,7
2,1
0
0
0
0
0
0
0
0
0
0
0
0
0
2,1
184,7
404,9
589,3
688,6
721,5
686,1
603,8
460,4
236,8
10,7
0
0
0
0
0
0
0
0
0
0
0
0
0
1
130,5
312,8
425,1
491,8
535,8
514,8
424
318,8
151
5,1
0
0
0
0
0
0
0
0
0
0
0
0
0
1,5
192,8
405,6
557,6
677,1
735,2
689,9
594,3
434,3
226,7
8,2
0
0
0
0
0
0
0
0
0
0
0
0
0
1,5
179,2
371
521
632,1
691,6
669,6
577,2
415,6
215,6
8,7
0
0
0
0
0
0
0
0
0
0
0
0
0
1
172,6
364,2
530,7
644,4
689,4
658,7
569,9
430,5
220,8
8,4
0
0
0
0
0
0
0
0
0
0
0
0
0
1
128,3
318,1
384,1
410,3
484
542,8
515,8
477,8
234,9
5,6
0
0
0
0
0
0
0
0
0
0
0
0
0
1,6
203,7
427
608,8
732,4
782
755
656,1
489,5
251,8
11,5
0
0
0
0
0
0
0
0
0
0
0
0
0
1,3
189,3
407
589,2
706,7
750,6
740,5
641,6
474,6
244,1
10,2
0
0
0
0
0
0
0
0
0
0
0
0
0
1,3
199,6
421,9
605,1
723,6
775,4
750,4
649,6
482,7
251,6
12
0
0
0
0
0
0
0
0
0
0
0
0
0
1,3
189,1
402,7
577,2
708,8
758,2
736,5
636,7
477,3
252,1
13,5
0
0
0
0
0
0
0
0
0
0
0
0
0
1,3
189,1
402,7
577,2
708,8
758,2
736,5
636,7
477,3
252,1
13,5
0
0
0
0
0
0
