0,920
0,864
0,864
0,952
0,988
0,910
0,993
0,984
1,000
1,000
0,964
1,000
1,000
1,000
0,726
0,572
0,520
1,000
0,000
1,000
0,454
0,812
0,930
0,812
0,986
0,000
0,000
0,000
0,000
0,002
0,000
0,000
0,468
0,128
0,050
0,267
0,856
0,995
0,623
0,572
0,204
0,499
0,632
0,698
0,632
0,434
0,632
0,632
0,764
1,000
0,910
1,000
1,000
0,817
0,980
0,910
0,817
0,632
0,698
0,910
0,698
0,993
1,000
1,000
1,000
1,000
1,000
1,000
0,897
1,000
1,000
1,000
1,000
1,000
1,000
1,000
1,000
1,000
1,000
1,000
1,000
0,999
1,000
1,000
0,968
1,000
1,000
1,000
1,000
0,499
0,566
0,381
0,817
0,975
1,000
0,989
0,957
0,411
0,502
0,695
0,372
0,353
0,183
0,159
1,000
0,943
0,746
0,599
0,360
0,869
0,698
0,764
0,817
0,139
0,256
0,284
0,498
0,346
0,229
0,160
0,284
0,000
0,000
0,000
0,000
0,000
0,012
0,000
0,000
0,000
0,000
0,000
0,000
0,000
0,000
0,000
0,000
0,000
0,000
0,000
0,000
0,000
0,000
0,000
0,000
0,000
0,000
0,000
0,000
0,000
0,000
0,000
0,000
0,000
0,000
0,004
0,001
0,000
0,002
0,000
0,003
0,013
0,016
0,030
0,022
0,033
0,033
0,026
0,020
0,795
0,759
0,382
0,284
0,229
0,229
0,229
0,139
0,054
0,015
0,034
0,121
0,311
0,182
0,064
0,121
0,019
0,019
0,026
0,034
0,022
0,045
0,008
0,045
0,000
0,000
0,000
0,000
0,000
0,000
0,000
0,106
0,034
0,005
0,076
0,139
0,229
0,203
0,076
0,091
0,022
0,022
0,022
0,014
0,022
0,017
0,022
0,026
0,000
0,000
0,000
0,000
0,000
0,000
0,000
0,000
0,000
0,000
0,000
0,000
0,000
0,000
0,000
0,000
0,000
0,000
0,000
0,000
0,000
0,000
0,000
0,000
0,000
0,000
0,000
0,000
0,000
0,000
0,000
0,000
0,000
0,000
0,000
0,000
0,000
0,000
0,000
0,000
0,000
0,000
0,000
0,000
0,000
0,000
0,000
0,000
0,000
0,000
0,000
0,000
0,000
0,000
0,000
0,045
0,014
0,007
0,000
0,017
0,040
0,051
0,022
0,007
0,000
0,000
0,000
0,000
0,000
0,000
0,000
0,000
0,022
0,022
0,019
0,026
0,034
0,022
0,026
0,017
0,000
0,000
0,008
0,040
0,135
0,125
0,075
0,068
0,075
0,034
0,034
0,034
0,040
0,045
0,040
0,051
0,009
0,012
0,016
0,010
0,009
0,017
0,018
0,000
0,000
0,000
0,000
0,000
0,000
0,000
0,000
0,000
0,498
0,454
0,417
0,382
0,346
0,256
0,346
0,382
0,900
0,796
0,999
0,999
1,000
1,000
1,000
0,733
0,767
0,943
0,999
0,899
0,874
0,928
0,913
0,404
0,008
0,019
0,026
0,100
0,092
0,057
0,034
0,010
0,008
0,017
0,007
0,014
0,014
0,017
0,022
0,017
0,017
0,014
0,000
0,007
0,010
0,000
0,000
0,001
0,014
0,034
0,026
0,034
0,057
0,045
0,083
0,864
0,016
0,016
0,022
0,018
0,013
0,015
0,008
1,000
0,311
0,182
0,026
0,121
0,160
0,139
0,020
0,121
0,057
0,040
0,014
0,000
0,014
0,019
0,030
0,014
0,256
0,284
0,382
0,417
0,182
0,121
0,044
0,017
0,012
0,007
0,003
0,012
0,017
0,012
0,012
0,030
0,160
0,160
0,203
0,121
0,064
0,064
0,106
0,076
0,106
0,064
0,064
0,064
0,139
0,139
0,160
0,014
0,000
0,000
0,003
0,012
0,034
0,022
0,008
0,012
0,000
0,000
0,000
0,000
0,000
0,000
0,000
0,000
0,022
0,022
0,022
0,026
0,030
0,022
0,010
0,020
0,054
0,054
0,091
0,139
0,311
0,106
0,160
0,284
0,000
0,000
0,000
0,000
0,000
0,000
0,000
0,000
0,000
0,000
0,000
0,000
0,000
0,000
0,000
0,045
0,014
0,010
0,019
0,019
0,022
0,022
0,017
0,017
0,000
0,000
0,000
0,000
0,000
0,000
0,000
0,000
0,000
0,000
0,000
0,000
0,000
0,000
0,000
0,063
0,068
0,030
0,010
0,008
0,022
0,030
0,017
0,017
0,000
0,000
0,000
0,000
0,000
0,000
0,000
0,000
0,000
0,000
0,000
0,000
0,000
0,000
0,000
0,057
0,026
0,000
0,012
0,014
0,026
0,045
0,040
0,030
0,026
0,030
0,022
0,010
0,030
0,026
0,026
0,022
0,083
0,191
0,256
0,330
0,302
0,389
0,599
0,565
0,404
0,999
0,999
1,000
0,999
1,000
1,000
1,000
1,000
1,000
1,000
1,000
1,000
1,000
1,000
1,000
1,000
1,000
0,809
0,451
0,360
0,279
0,360
0,068
0,075
0,040
0,034
0,012
0,026
0,040
0,034
0,017
0,000
0,000
0,000
0,000
0,004
0,004
0,000
0,000
0,000
0,000
0,000
0,000
0,000
0,000
0,000
0,007
0,019
0,034
0,017
0,017
0,019
0,012
0,000
0,000
0,000
0,000
0,000
0,000
0,000
0,000
0,000
0,000
0,000
0,000
0,000
0,000
0,000
0,000
0,000
0,010
0,019
0,057
0,092
0,195
0,252
0,195
0,183
0,147
0,000
0,000
0,000
0,000
0,000
0,000
0,000
0,000
0,000
0,000
0,000
0,000
0,000
0,000
0,000
0,054
0,002
0,076
0,091
0,182
0,229
0,229
0,106
0,012
0,000
0,000
0,000
0,000
0,000
0,000
0,000
0,000
0,000
0,000
0,000
0,000
0,000
0,000
0,000
0,007
0,001
0,005
0,005
0,017
0,030
0,040
0,010
0,000
0,000
0,000
0,000
0,000
0,000
0,000
0,000
0,000
0,003
0,000
0,003
0,000
0,000
0,000
0,000
0,000
0,000
0,000
0,000
0,000
0,000
0,000
0,000
0,000
0,000
0,000
0,000
0,000
0,000
0,000
0,000
0,007
0,000
0,000
0,000
0,000
0,000
0,000
0,000
0,000
0,000
0,000
0,000
0,002
0,013
0,018
0,013
0,007
0,000
0,000
0,000
0,000
0,000
0,002
0,000
0,000
0,000
0,000
0,000
0,000
0,000
0,000
0,000
0,311
0,346
0,160
0,284
0,139
0,121
0,106
0,121
0,034
0,000
0,000
0,000
0,000
0,000
0,000
0,000
0,000
0,000
0,000
0,002
0,000
0,000
0,012
0,009
0,382
0,672
0,978
0,716
0,203
0,139
0,121
0,064
0,008
0,000
0,017
0,000
0,000
0,000
0,000
0,010
0,000
0,000
0,000
0,000
0,000
0,000
0,000
0,000
0,054
0,000
0,000
0,026
0,044
0,076
0,044
0,076
0,121
0,026
0,014
0,008
0,030
0,030
0,019
0,001
0,000
0,000
0,000
0,000
0,000
0,000
0,010
0,008
0,044
0,044
0,091
0,091
0,054
0,121
0,284
0,106
0,091
0,000
0,000
0,000
0,000
0,000
0,000
0,000
0,000
0,000
0,000
0,000
0,000
0,000
0,000
0,000
0,106
0,044
0,012
0,000
0,139
0,160
0,106
0,012
0,076
0,000
0,000
0,000
0,000
0,000
0,000
0,000
0,000
0,256
0,173
0,256
0,279
0,256
0,256
0,599
0,431
0,565
0,957
0,982
0,899
0,995
0,928
0,913
0,976
1,000
0,971
0,928
0,960
0,928
1,000
1,000
1,000
1,000
1,000
1,000
1,000
1,000
1,000
1,000
1,000
1,000
1,000
1,000
1,000
1,000
1,000
1,000
0,999
1,000
1,000
1,000
1,000
1,000
1,000
1,000
1,000
0,000
0,000
0,000
0,000
0,000
0,000
0,000
0,054
0,044
0,076
0,034
0,139
0,203
0,382
0,256
0,311
0,057
0,075
0,057
0,022
0,000
0,030
0,007
0,040
0,849
1,000
1,000
0,405
0,515
0,117
0,515
0,000
0,000
0,008
0,010
0,001
0,005
0,000
0,001
0,000
0,000
0,000
0,000
0,000
0,000
0,000
0,000
0,000
0,008
0,002
0,034
0,015
0,139
0,346
0,382
0,092
0,083
0,267
0,222
0,207
0,195
0,252
0,092
0,017
0,278
0,278
0,756
0,624
0,759
0,864
0,864
0,346
0,055
0,003
0,007
0,011
0,003
0,007
0,005
0,284
0,346
0,382
0,284
0,284
0,256
0,346
0,311
0,454
0,000
0,000
0,000
0,000
0,000
0,000
0,000
0,000
0,000
0,000
0,000
0,000
0,000
0,000
0,000
0,066
0,086
0,237
0,429
0,558
0,198
0,166
0,322
0,166
1,000
0,000
0,000
0,000
0,000
0,000
0,092
0,183
0,000
0,000
0,000
0,000
0,000
0,000
0,000
0,007
0,000
0,008
0,017
0,019
0,022
0,017
0,007
0,000
0,016
0,005
0,010
0,035
0,086
0,237
0,322
0,322
0,000
0,000
0,000
0,000
0,000
0,000
0,000
0,008
0,000
0,003
0,007
0,014
0,034
0,040
0,040
0,040
0,376
0,024
0,429
0,086
0,429
0,624
0,756
0,756
0,284
0,229
0,106
0,139
0,106
0,139
0,091
0,327
0,282
0,240
0,632
0,499
0,499
0,698
0,632
0,698
0,566
0,566
0,381
0,434
0,499
0,764
0,939
0,993
1,000
1,000
1,000
1,000
1,000
1,000
1,000
0,623
0,941
0,975
0,919
0,919
1,000
1,000
0,995
1,000
0,856
1,000
0,623
0,623
0,816
0,816
0,856
0,816
0,075
0,057
0,014
0,017
0,034
0,075
0,100
0,999
1,000
1,000
1,000
1,000
1,000
1,000
1,000
1,000
0,995
0,969
1,000
0,989
0,999
0,847
0,874
1,000
0,000
0,000
0,000
0,000
0,000
0,000
0,000
1,000
1,000
1,000
1,000
1,000
1,000
1,000
1,000
1,000
0,806
0,825
0,864
0,931
0,952
0,962
0,941
0,941
0,021
0,002
0,000
0,000
0,000
0,000
0,000
0,000
0,000
0,000
0,000
0,000
0,000
0,000
0,000
0,000
0,109
0,066
0,024
0,000
0,016
0,166
0,558
0,690
0,000
0,000
0,000
0,000
0,000
0,000
0,000
0,008
0,008
0,034
0,057
0,034
0,012
0,010
0,007
0,008
0,054
0,109
0,302
0,330
0,992
0,971
0,978
1,000
1,000
0,995
0,999
1,000
1,000
1,000
1,000
1,000
1,000
1,000
1,000
1,000
1,000
1,000
1,000
1,000
0,000
0,000
0,000
1,000
1,000
1,000
1,000
0,000
0,364
0,887
1,000
1,000
1,000
0,999
0,989
0,957
1,000
0,999
0,941
0,999
1,000
1,000
1,000
1,000
0,014
0,017
0,010
0,005
0,017
0,026
0,008
0,000
0,000
0,000
0,000
0,000
0,000
0,000
0,000
0,000
0,010
0,026
0,022
0,014
0,017
0,001
0,000
0,000
0,000
0,003
0,000
0,005
0,000
0,003
0,005
0,014
0,000
0,000
0,000
0,000
0,000
0,000
0,000
0,816
0,919
0,178
0,110
0,572
0,726
0,999
1,000
0,964
0,171
0,092
0,083
0,100
0,252
0,045
0,026
0,017
0,000
0,000
0,000
0,000
0,000
0,000
0,000
0,672
0,121
0,106
0,256
0,311
0,346
0,346
0,311
0,160
0,000
0,000
0,003
0,007
0,000
0,005
0,017
0,014
0,229
0,382
0,417
0,382
0,346
0,284
0,382
0,179
0,195
0,565
0,733
0,913
0,976
0,995
0,943
0,913
0,992
0,867
0,525
0,330
0,330
0,389
0,330
0,233
0,284
0,284
0,498
0,542
0,586
0,586
0,542
0,256
0,632
0,599
0,599
0,733
0,847
0,874
0,913
0,847
0,992
0,999
0,746
0,488
0,525
0,488
0,562
0,451
0,431
0,463
0,957
1,000
1,000
1,000
1,000
0,999
0,999
1,000
1,000
1,000
1,000
1,000
0,999
0,999
1,000
1,000
1,000
1,000
0,995
0,999
1,985
0,985
0,913
0,976
0,999
0,989
0,943
0,928
0,928
1,000
1,000
1,000
1,000
1,000
1,000
1,000
1,000
1,000
1,000
1,000
0,811
0,999
0,977
0,875
1,000
0,451
0,431
0,463
0,957
1,000
1,000
1,000
1,000
0,999
0,999
1,000
1,000
1,000
1,000
1,000
0,999
0,999
1,000
1,000
1,000
1,000
0,995
0,999
0,985
1,000
1,000
1,000
1,000
1,000
1,000
1,000
1,000
1,000
1,000
1,000
1,000
1,000
1,000
1,000
0,000
0,000
0,000
0,000
0,000
0,000
0,000
1,000
0,000
0,000
1,000
1,000
1,000
1,000
1,000
1,000
1,000
1,000
1,000
1,000
1,000
1,000
1,000
1,000
1,000
1,000
0,000
1,000
1,000
1,000
1,000
1,000
1,000
1,000
0,380
0,204
0,028
0,128
0,204
0,856
0,975
0,999
1,000
0,993
0,993
0,698
0,869
0,993
0,764
0,764
0,030
0,057
0,034
0,017
0,019
0,030
0,026
0,026
0,160
0,020
0,000
0,121
0,139
0,256
0,121
0,113
0,862
1,000
0,862
0,754
0,999
1,000
1,000
1,000
0,000
0,000
0,000
0,000
0,000
0,000
0,000
0,000
0,000
1,000
1,000
1,000
0,000
0,000
1,000
0,202
0,847
0,441
0,798
0,909
0,976
1,000
1,000
1,000
1,000
1,000
1,000
1,000
1,000
1,000
1,000
1,000
0,976
0,957
0,989
0,957
0,794
0,928
0,957
1,000
1,000
0,999
1,000
0,964
0,775
0,468
0,380
0,572
0,935
0,690
0,237
0,066
0,109
0,035
0,492
0,237
0,000
0,000
0,000
0,000
0,000
0,000
0,000
0,198
0,000
0,024
0,624
0,237
0,166
0,109
0,024
0,016
0,000
0,010
0,030
0,372
0,411
0,282
0,135
0,063
0,999
0,690
0,051
0,810
0,963
0,237
0,278
0,453
0,267
0,010
0,010
0,007
0,000
0,014
0,019
0,034
0,026
0,056
0,155
0,281
0,071
0,098
0,194
0,281
0,037
0,024
0,006
0,000
0,000
0,000
0,000
0,017
0,000
0,000
0,000
0,001
0,007
0,017
0,040
0,411
0,333
0,372
0,083
0,022
0,125
0,125
0,108
0,092
0,910
0,999
0,967
0,817
0,910
0,967
0,434
0,162
0,847
0,847
0,599
0,767
0,928
0,969
0,531
0,666
0,267
0,222
0,453
0,787
0,599
0,744
0,844
0,372
0,779
0,330
0,389
0,210
0,672
0,809
0,672
0,498
0,106
0,229
0,256
0,229
0,346
0,417
0,311
0,229
0,005
0,000
0,000
0,000
0,000
0,000
0,000
0,016
0,010
0,000
0,000
0,000
0,000
0,000
0,000
0,044
0,091
0,229
0,284
0,284
0,203
0,203
0,182
0,034
0,092
0,000
0,000
0,000
0,000
0,000
0,000
0,000
0,000
0,000
0,000
0,000
0,003
0,000
0,030
0,520
0,964
1,000
1,000
1,000
0,995
0,975
0,985
0,985
0,985
1,000
1,000
1,000
1,000
1,000
1,000
1,000
0,967
0,980
0,817
0,910
0,869
0,910
0,764
0,869
0,967
0,967
0,764
0,764
0,939
0,939
0,817
0,434
0,000
0,000
0,034
0,008
0,000
0,008
0,005
0,005
0,000
0,000
0,000
0,000
0,000
0,000
0,000
0,020
0,064
0,284
0,346
0,229
0,346
0,417
0,454
0,382
0,000
0,000
0,000
0,000
0,000
0,000
0,000
0,000
0,000
0,000
0,000
0,000
0,000
0,000
0,000
0,076
0,284
0,182
0,160
0,121
0,091
0,106
0,160
0,160
0,001
0,005
0,003
0,000
0,000
0,000
0,001
0,007
0,012
0,237
0,198
0,002
0,024
0,016
0,000
0,000
0,008
0,076
0,160
0,203
0,182
0,160
0,139
0,106
0,999
0,047
0,171
0,011
0,849
0,849
0,077
0,002
0,000
0,000
0,000
0,000
0,000
0,000
0,000
0,011
0,016
0,022
0,028
0,033
0,024
0,024
0,013
0,013
0,000
0,000
0,000
0,000
0,000
0,002
0,000
0,000
0,022
0,007
0,000
0,000
0,000
0,000
0,000
0,001
0,005
0,017
0,017
0,019
0,019
0,019
0,010
0,019
1,000
0,899
0,092
0,000
0,034
0,314
1,000
0,899
0,000
0,000
0,000
0,000
0,000
0,000
0,007
0,019
0,034
0,040
0,030
0,017
0,019
0,014
0,010
0,010
0,000
0,000
0,000
0,000
0,000
0,000
0,000
0,000
0,000
0,000
0,007
0,014
0,000
0,003
0,000
0,007
0,010
0,008
0,000
0,040
0,012
0,063
0,108
0,063
0,045
0,063
0,075
0,057
0,022
0,022
0,017
0,022
0,930
0,930
1,000
1,000
0,547
1,000
1,000
0,999
1,000
1,000
1,000
0,999
1,000
0,919
0,964
0,995
1,000
1,000
1,000
1,000
1,000
0,999
1,000
1,000
0,172
0,371
1,000
1,000
1,000
1,000
1,000
1,000
1,000
1,000
1,000
1,000
1,000
0,999
1,000
0,999
0,671
0,768
0,744
0,806
0,883
0,988
0,768
0,159
1,000
1,000
1,000
1,000
1,000
1,000
1,000
0,451
0,488
0,562
0,562
0,636
0,999
0,993
0,967
0,698
0,434
0,764
0,499
0,327
0,327
0,434
0,381
0,764
0,380
0,726
0,964
0,816
0,964
1,000
1,000
1,000
1,000
1,000
0,999
1,000
0,999
0,985
1,000
1,000
0,453
0,744
0,899
0,671
0,575
0,372
0,372
0,477
0,353
0,333
0,282
0,353
0,392
0,353
0,431
0,986
0,759
0,382
0,256
0,139
0,256
0,203
0,121
0,829
0,060
0,103
0,109
0,140
0,082
0,067
0,064
0,071
0,392
0,411
0,431
0,477
0,623
0,671
0,502
0,298
0,068
0,068
0,092
0,171
0,125
0,057
0,030
0,026
0,019
0,171
0,282
0,314
0,282
0,314
0,267
0,282
0,045
0,035
0,024
0,035
0,045
0,033
0,030
0,010
0,000
0,006
0,008
0,008
0,010
0,016
0,018
0,022
0,108
0,045
0,000
0,010
0,017
0,116
0,040
0,237
0,004
0,000
0,014
0,000
0,000
0,000
0,000
0,454
0,311
0,229
0,203
0,382
0,417
0,498
0,256
0,256
0,014
0,016
0,000
0,000
0,109
0,198
0,063
0,057
0,000
0,000
0,000
0,000
0,000
0,000
0,000
0,091
0,203
0,203
0,256
0,284
0,284
0,284
0,203
0,139
0,003
0,000
0,000
0,000
0,005
0,008
0,005
0,008
0,022
0,014
0,001
0,005
0,014
0,000
0,000
0,044
0,076
0,203
0,139
0,203
0,229
0,203
0,256
0,346
0,000
0,000
0,000
0,000
0,000
0,000
0,000
0,000
0,000
0,000
0,000
0,000
0,000
0,000
0,012
0,017
0,026
0,034
0,051
0,045
0,045
0,034
0,022
0,005
0,051
0,051
0,024
0,000
0,237
0,024
0,237
0,008
0,434
0,434
0,817
0,910
0,499
0,499
0,698
0,229
0,256
0,417
0,203
0,160
0,634
0,117
0,024
0,000
0,000
0,000
0,019
0,022
0,022
0,007
0,000
0,005
0,000
0,066
0,278
0,166
0,690
0,024
0,066
0,067
0,939
0,999
0,672
0,525
0,967
0,844
0,928
0,173
0,045
0,057
0,135
0,222
0,237
0,125
0,282
0,392
0,135
0,282
0,075
0,063
0,147
0,267
0,116
0,083
0,034
0,010
0,000
0,012
0,026
0,034
0,008
0,030
0,026
0,000
0,000
0,019
0,019
0,040
0,100
0,195
0,999
0,795
0,629
0,454
0,382
0,417
0,311
0,057
0,022
0,051
0,057
0,040
0,068
0,159
0,195
0,135
0,083
0,034
0,001
0,001
0,000
0,057
0,019
0,000
0,003
0,000
0,000
0,000
0,000
0,000
0,000
0,008
0,019
0,040
0,045
0,108
0,147
0,108
0,075
0,063
0,125
0,116
0,108
0,092
0,057
0,022
0,019
0,017
0,026
0,019
0,026
0,026
0,026
0,026
0,019
0,012
0,012
0,014
0,012
0,017
0,019
0,001
0,000
0,008
0,024
0,000
0,086
0,024
0,035
0,051
0,000
0,005
0,015
0,064
0,064
0,044
0,034
0,064
0,284
1,000
1,000
1,000
1,000
1,000
1,000
1,000
1,000
1,000
1,000
0,999
0,767
0,999
0,565
0,666
0,700
0,794
0,010
0,020
0,051
0,027
0,030
0,040
0,031
1,000
0,935
0,034
0,005
0,015
0,076
0,091
0,064
0,054
0,000
0,000
0,000
0,000
0,000
0,000
0,000
0,000
0,764
0,632
0,869
0,632
0,764
0,434
0,135
0,075
0,110
0,520
0,775
1,000
0,999
0,964
0,380
0,338
0,201
0,110
0,381
1,000
0,999
0,562
0,779
1,000
1,000
1,000
1,000
0,000
1,000
0,000
1,000
1,000
1,000
1,000
1,000
1,000
1,000
1,000
1,000
1,000
1,000
1,000
1,000
1,000
1,000
1,000
0,999
0,992
1,000
1,000
1,000
1,000
0,000
1,000
0,000
1,000
1,000
1,000
1,000
1,000
1,000
1,000
1,000
1,000
0,599
0,372
0,353
0,372
0,333
0,135
0,040
0,045
0,000
0,013
0,052
0,031
0,064
0,109
0,087
0,995
0,864
0,586
0,417
0,498
0,454
0,311
0,182
0,203
0,000
0,000
0,000
0,000
0,000
0,000
0,000
0,000
0,000
0,000
0,000
0,000
0,000
0,000
0,000
0,005
0,017
0,026
0,040
0,075
0,068
0,063
0,045
0,026
0,010
0,012
0,017
0,008
0,000
0,012
0,012
0,017
0,492
0,198
0,051
0,005
0,166
0,000
0,035
0,026
0,054
0,091
0,160
0,160
0,182
0,346
0,311
0,121
1,000
1,000
1,000
0,183
0,000
0,000
1,000
0,719
0,000
0,000
0,000
0,000
0,000
0,000
0,000
0,327
0,381
0,282
0,499
0,817
0,869
0,698
0,817
0,764
0,012
0,022
0,030
0,019
0,000
0,000
0,007
0,017
0,000
0,000
0,000
0,000
0,000
0,000
0,000
0,106
0,106
0,064
0,044
0,139
0,203
0,203
0,121
0,160
0,000
0,000
0,000
0,000
0,000
0,000
0,000
0,000
0,000
0,001
0,000
0,000
0,000
0,001
0,003
0,121
0,139
0,139
0,284
0,229
0,182
0,121
0,182
0,139
0,008
0,005
0,010
0,005
0,008
0,000
0,000
0,000
0,086
0,035
0,035
0,010
0,035
0,024
0,010
0,054
0,076
0,139
0,203
0,106
0,160
0,229
0,229
0,256
0,010
0,003
0,010
0,001
0,000
0,000
0,019
0,026
0,109
0,086
0,278
0,066
0,278
0,066
0,558
0,256
0,121
0,091
0,091
0,076
0,121
0,121
0,160
0,182
0,019
0,022
0,030
0,008
0,022
0,017
0,051
0,108
0,195
0,147
0,100
0,159
0,237
0,207
0,125
0,498
0,284
0,498
0,160
0,284
0,203
0,091
0,026
0,229
0,040
0,045
0,026
0,034
0,017
0,075
0,252
0,333
0,453
0,453
0,411
0,353
0,411
0,353
0,333
0,075
0,014
0,068
0,108
0,040
0,026
0,040
0,075
0,063
0,012
0,028
0,018
0,010
0,022
0,071
0,045
0,012
0,075
0,108
0,022
0,017
0,022
0,014
0,010
0,017
0,026
0,108
0,075
0,135
0,147
0,125
0,108
0,092
1,000
1,000
1,000
0,752
1,000
1,000
1,000
1,000
0,057
0,057
0,083
0,063
0,057
0,034
0,045
0,000
1,000
1,000
0,992
0,992
0,634
0,992
1,000
1,000
0,014
0,007
0,022
0,007
0,008
0,000
0,007
0,000
0,051
0,005
0,086
0,376
0,278
0,133
0,005
0,054
0,203
0,229
0,311
0,256
0,203
0,182
0,160
0,311
0,017
0,005
0,000
0,000
0,000
0,000
0,005
0,022
0,674
0,674
0,775
0,856
0,856
0,856
0,919
1,000
1,000
1,000
1,000
1,000
1,000
1,000
1,000
1,000
0,844
0,844
0,695
0,768
0,623
0,599
0,623
0,012
0,096
0,054
0,096
0,360
0,279
0,636
0,488
0,256
0,284
0,256
0,182
0,256
0,417
0,256
0,121
0,064
0,000
0,000
0,000
0,005
0,012
0,017
0,014
0,040
0,674
0,975
0,941
0,856
0,941
0,816
0,964
1,000
1,000
1,000
1,000
1,000
1,000
1,000
1,000
1,000
0,020
0,026
0,035
0,020
0,006
0,004
0,006
0,005
0,935
0,690
0,624
0,624
0,278
0,016
0,166
0,017
0,026
0,022
0,019
0,030
0,026
0,026
0,030
0,022
0,000
0,000
0,000
0,000
0,000
0,000
0,000
0,000
0,008
0,000
0,000
0,007
0,000
0,000
0,000
0,034
0,051
0,034
0,014
0,022
0,019
0,014
0,007
0,003
0,005
0,000
0,019
0,001
0,000
0,012
0,014
0,030
0,106
0,076
0,005
0,000
0,008
0,012
0,054
1,000
1,000
0,941
0,816
0,816
0,897
0,623
0,856
0,919
0,419
0,999
0,499
0,939
0,993
0,939
0,980
0,632
0,968
1,000
1,000
1,000
0,640
1,000
0,816
0,816
1,000
1,000
1,000
1,000
1,000
1,000
1,000
1,000
1,000
1,000
0,999
1,000
0,986
1,000
1,000
1,000
1,000
1,000
1,000
1,000
1,000
1,000
1,000
1,000
1,000
1,000
0,999
0,999
1,000
1,000
1,000
1,000
0,210
0,155
0,034
0,011
0,100
0,012
0,010
0,009
0,999
0,935
0,028
0,015
0,558
0,322
0,125
0,417
0,064
0,044
0,054
0,005
0,054
0,182
0,311
0,203
0,000
0,010
0,008
0,000
0,003
0,000
0,026
0,022
0,019
0,022
0,003
0,014
0,012
0,014
0,014
0,160
0,160
0,106
0,091
0,160
0,203
0,346
0,454
0,203
0,492
0,086
0,016
0,000
0,429
0,322
0,066
0,376
0,000
0,000
0,000
0,000
0,000
0,000
0,000
0,203
0,160
0,121
0,076
0,026
0,091
0,064
0,054
0,000
0,024
0,035
0,024
0,066
0,005
0,066
0,086
0,237
0,330
0,018
0,000
0,000
0,000
0,009
0,036
0,999
1,000
0,978
0,278
0,166
0,005
0,492
0,978
0,999
0,007
0,019
0,008
0,019
0,007
0,000
0,005
0,026
0,468
0,816
0,897
0,964
0,919
0,856
0,816
1,000
1,000
0,000
1,000
0,126
0,981
1,000
1,000
1,000
0,035
0,278
0,166
0,035
0,024
0,005
0,066
0,024
0,044
0,044
0,026
0,015
0,005
0,026
0,284
0,454
0,629
0,382
0,229
0,139
0,203
0,203
0,139
0,054
0,000
0,000
0,000
0,015
0,000
0,091
0,002
0,020
0,086
0,024
0,000
0,133
0,166
0,086
0,051
0,764
0,764
0,764
0,632
0,698
0,764
0,282
0,067
0,566
0,492
0,010
0,109
0,024
0,278
0,016
0,862
0,810
0,690
0,237
0,109
0,237
0,000
0,000
0,005
0,091
0,139
0,284
0,346
0,229
0,139
0,076
0,064
0,091
0,010
0,000
0,008
0,017
0,008
0,005
0,000
0,019
0,278
0,133
0,133
0,166
0,133
0,051
0,558
0,311
0,160
0,203
0,139
0,203
0,229
0,311
0,121
0,012
0,000
0,000
0,005
0,010
0,017
0,005
0,000
0,000
0,198
0,024
0,051
0,010
0,035
0,035
0,035
0,054
0,044
0,121
0,139
0,203
0,256
0,256
0,311
0,182
0,000
0,000
0,000
0,000
0,000
0,000
0,000
0,000
0,045
0,017
0,017
0,022
0,000
0,012
0,040
0,121
0,139
0,121
0,229
0,182
0,382
0,346
0,256
0,121
0,000
0,011
0,039
0,051
0,084
0,102
0,098
0,102
0,671
0,671
0,647
0,502
0,392
0,298
0,222
0,498
0,346
0,284
0,229
0,106
0,203
0,076
0,054
0,121
0,000
0,000
0,000
0,010
0,026
0,159
0,252
0,171
0,075
0,010
0,005
0,008
0,014
0,007
0,000
0,076
0,139
0,121
0,160
0,182
0,203
0,182
0,160
0,121
0,014
0,000
0,000
0,000
0,000
0,000
0,166
0,000
0,109
0,133
0,051
0,166
0,237
0,000
0,051
0,139
0,417
0,346
0,284
0,256
0,284
0,203
0,139
0,121
0,014
0,003
0,000
0,003
0,014
0,026
0,019
0,017
0,968
0,454
0,192
0,192
0,078
0,377
1,000
1,000
1,000
1,000
1,000
1,000
1,000
1,000
1,000
1,000
0,003
0,005
0,004
0,012
0,012
0,018
0,008
0,003
0,068
0,051
0,019
0,030
0,068
0,034
0,040
0,054
0,076
0,382
0,454
0,542
0,229
0,106
0,026
0,020
0,003
0,003
0,000
0,000
0,001
0,000
0,000
0,008
0,019
0,278
0,237
0,322
0,166
0,010
0,010
0,203
0,203
0,160
0,160
0,160
0,106
0,139
0,182
0,256
0,030
0,007
0,007
0,003
0,019
0,012
0,000
0,000
0,309
0,235
0,515
0,752
0,024
0,047
0,106
0,182
0,256
0,203
0,182
0,182
0,160
0,139
0,106
0,106
0,066
0,005
0,024
0,000
0,035
0,086
0,024
0,035
0,033
0,246
0,147
0,640
0,930
1,000
1,000
1,000
0,985
0,999
1,000
1,000
1,000
0,897
0,964
0,856
1,000
1,000
1,000
0,000
1,000
1,000
1,000
1,000
0,000
0,000
1,000
0,000
0,000
0,000
0,000
1,000
0,000
0,000
0,000
1,000
1,000
1,000
0,000
1,000
1,000
1,000
0,975
1,000
1,000
0,246
0,377
0,547
0,051
0,092
0,003
0,100
0,116
0,010
0,030
0,558
0,237
0,086
0,322
0,492
0,051
0,166
0,133
0,906
0,005
0,004
0,010
0,012
0,000
0,003
0,000
0,003
0,022
0,017
0,000
0,005
0,012
0,999
0,024
0,054
0,284
0,284
0,203
0,182
0,182
0,182
0,256
0,454
0,000
0,000
0,000
0,000
0,000
0,000
0,000
0,000
0,000
0,000
0,000
0,000
0,000
0,000
0,000
0,017
0,125
0,171
0,147
0,183
0,159
0,092
0,051
0,045
0,572
0,964
1,000
0,856
0,856
0,897
0,985
1,000
1,000
1,000
0,996
1,000
1,000
1,000
1,000
0,806
0,125
0,063
0,005
0,026
0,017
0,017
0,159
0,252
0,171
0,147
0,108
0,000
0,008
0,000
0,026
0,014
0,005
0,030
0,019
0,001
0,007
0,005
0,010
0,698
0,869
0,869
0,632
0,566
0,381
0,939
0,999
0,980
0,034
0,019
0,010
0,017
0,007
0,026
0,012
0,034
0,026
0,045
0,040
0,012
0,017
0,012
0,040
0,121
0,360
0,488
0,256
0,488
0,451
0,419
0,279
0,389
0,586
0,256
0,284
0,229
0,121
0,064
0,121
0,256
0,000
0,000
0,000
0,003
0,008
0,011
0,004
0,054
0,109
0,109
0,137
0,121
0,599
0,636
0,330
0,279
0,311
0,586
0,346
0,429
0,133
0,068
0,114
0,163
0,971
0,809
0,431
0,502
0,575
0,999
0,912
0,542
0,311
0,417
0,203
0,121
0,182
0,091
0,121
0,121
0,322
0,278
0,492
0,166
0,000
0,024
0,278
0,376
0,558
0,066
0,066
0,109
0,109
0,016
0,086
0,017
0,040
0,045
0,051
0,022
0,019
0,022
0,010
0,014
0,000
0,000
0,000
0,000
0,000
0,000
0,000
0,000
0,051
0,075
0,014
0,010
0,019
0,030
0,017
0,019
0,068
0,125
0,125
0,159
0,267
0,267
0,252
0,207
0,963
0,376
0,237
0,016
0,109
0,035
0,035
0,016
0,034
0,012
0,012
0,026
0,106
0,203
0,182
0,203
0,182
0,284
0,256
0,256
0,203
0,182
0,182
0,139
0,000
0,000
0,000
0,000
0,000
0,000
0,000
0,000
0,000
0,000
0,000
0,000
0,000
0,000
0,000
0,109
0,121
0,137
0,173
0,121
0,488
0,636
0,389
0,599
0,817
0,999
0,764
0,967
1,000
1,000
0,980
0,980
0,792
0,936
1,000
0,916
0,996
0,999
1,000
1,000
1,000
1,000
1,000
1,000
1,000
0,000
0,000
0,000
0,000
0,000
1,000
1,000
1,000
1,000
1,000
1,000
0,353
0,372
0,526
0,267
0,195
0,267
0,237
0,629
0,256
0,106
0,106
0,076
0,064
0,106
0,121
0,829
0,142
0,185
0,202
0,379
0,202
0,185
0,126
0,056
0,237
0,502
0,372
0,195
0,026
0,022
0,075
0,542
0,759
0,864
0,382
0,346
0,346
0,256
0,417
0,054
0,198
0,322
0,429
0,000
0,005
0,005
0,066
0,000
0,047
0,024
1,000
1,000
1,000
0,047
1,000
1,000
0,515
0,921
1,000
1,000
1,000
1,000
1,000
1,000
0,000
0,000
0,000
0,000
0,000
0,000
0,000
0,000
0,076
0,044
0,759
0,829
1,000
0,829
0,139
0,026
0,008
0,454
0,586
0,586
0,454
0,382
0,311
0,106
0,000
0,000
0,000
0,000
0,000
0,000
0,000
0,000
0,000
0,000
0,000
0,000
0,000
0,000
0,000
0,063
0,159
0,068
0,057
0,092
0,222
0,195
0,116
0,075
0,125
0,057
0,030
0,022
0,051
0,026
0,159
0,057
0,017
0,079
0,084
0,098
0,058
0,042
0,035
1,000
0,869
0,910
0,381
0,327
0,764
0,566
0,632
0,632
0,045
0,083
0,007
0,030
0,171
0,171
0,195
0,195
0,063
0,001
0,057
0,057
0,008
0,000
0,000
0,007
0,007
0,012
0,012
0,014
0,017
0,051
0,051
0,057
0,000
0,000
0,000
0,000
0,000
0,000
0,000
0,000
0,014
0,005
0,000
0,000
0,000
0,000
0,001
0,007
0,017
0,045
0,040
0,019
0,030
0,017
0,014
0,019
0,000
0,000
0,000
0,000
0,000
0,000
0,000
0,000
0,003
0,000
0,004
0,000
0,000
0,000
0,000
0,003
0,001
0,005
0,014
0,026
0,019
0,017
0,010
0,026
0,008
0,012
0,026
0,010
0,026
0,019
0,007
0,001
0,000
0,000
0,000
0,005
0,014
0,010
0,001
0,007
0,026
0,012
0,003
0,010
0,017
0,030
0,005
0,005
0,000
0,000
0,000
0,000
0,000
0,000
0,000
0,000
0,000
0,000
0,000
0,009
0,006
0,018
0,003
0,007
0,014
0,014
0,014
0,010
0,014
0,019
0,030
0,019
0,000
0,000
0,000
0,000
0,000
0,000
0,000
0,000
0,058
0,067
0,064
0,075
0,064
0,058
0,035
0,795
0,182
0,203
0,091
0,091
0,064
0,139
0,139
0,203
0,000
0,000
0,000
0,000
0,000
0,016
0,017
0,016
0,502
0,392
0,453
0,431
0,477
0,282
0,298
0,454
0,182
0,160
0,064
0,064
0,139
0,160
0,182
0,139
0,000
0,000
0,000
0,000
0,000
0,000
0,000
0,000
0,008
0,019
0,000
0,000
0,000
0,000
0,012
0,182
0,284
0,256
0,229
0,229
0,203
0,139
0,139
0,091
0,000
0,000
0,000
0,000
0,000
0,000
0,000
0,000
0,000
0,000
0,000
0,017
0,005
0,000
0,000
0,076
0,076
0,121
0,160
0,139
0,160
0,139
0,139
0,139
0,198
0,429
0,322
0,010
0,000
0,133
0,066
0,066
0,051
0,035
0,133
0,086
0,024
0,109
0,005
0,054
0,121
0,229
0,311
0,346
0,311
0,139
0,182
0,044
0,086
0,066
0,000
0,086
0,198
0,108
0,314
0,237
0,298
0,282
0,298
0,030
0,024
0,022
0,013
0,022
0,003
0,022
0,030
0,040
0,040
0,045
0,022
0,012
0,000
0,000
0,000
0,000
0,000
0,000
0,000
0,000
0,000
0,000
0,000
0,000
0,000
0,000
0,000
0,008
0,017
0,034
0,063
0,051
0,026
0,008
0,008
0,017
0,014
0,008
0,026
0,026
0,045
0,034
0,010
0,014
0,139
0,106
0,160
0,229
0,160
0,849
0,139
0,999
0,759
0,346
0,284
0,076
0,034
0,106
0,054
0,020
0,237
0,198
0,086
0,109
0,322
0,278
0,690
1,000
0,562
0,419
0,360
0,419
0,451
0,636
0,121
0,091
0,160
0,311
0,716
0,498
0,346
0,256
0,417
0,417
0,040
0,001
0,010
0,012
0,282
0,252
0,282
0,207
0,135
0,068
0,068
0,092
0,083
0,108
0,045
0,160
0,311
0,121
0,106
0,160
0,382
0,284
0,311
0,498
0,040
0,017
0,014
0,014
0,014
0,014
0,022
0,003
0,429
0,237
0,016
0,066
0,016
0,024
0,558
0,421
0,235
0,380
0,816
0,338
0,897
0,985
0,856
0,975
1,000
0,996
0,710
0,987
1,000
1,000
1,000
1,000
0,202
0,241
0,241
0,155
0,051
0,024
0,048
0,502
0,392
0,135
0,222
0,075
0,040
0,026
0,008
0,019
0,007
0,003
0,001
0,001
0,000
0,000
0,003
0,100
0,075
0,040
0,045
0,051
0,026
0,030
0,001
0,000
0,005
0,017
0,008
0,017
0,040
0,022
0,017
0,019
0,000
0,000
0,000
0,000
0,000
0,000
0,000
0,000
0,492
0,109
0,278
0,237
0,166
0,109
0,810
0,256
0,256
0,284
0,311
0,311
0,346
0,542
0,346
0,454
0,051
0,012
0,133
0,092
0,183
0,034
0,000
0,000
0,000
0,005
0,010
0,001
0,003
0,003
0,007
0,632
0,698
0,499
0,980
1,000
0,999
0,967
0,434
0,632
0,999
0,999
0,640
0,812
1,000
0,856
0,975
0,999
0,282
0,171
0,116
0,108
0,075
0,125
0,353
0,000
1,000
1,000
0,000
0,000
1,000
1,000
1,000
1,000
0,623
0,864
0,768
0,113
0,202
0,147
0,194
0,179
0,995
0,995
0,999
0,969
0,999
0,957
0,969
0,985
0,960
0,960
0,912
0,809
0,419
0,155
0,191
0,054
0,133
0,166
0,005
0,024
0,109
0,086
0,012
0,034
0,204
0,520
0,964
1,000
1,000
0,941
0,623
0,106
0,076
0,203
0,284
0,229
0,203
0,586
0,542
0,284
0,008
0,001
0,019
0,057
0,008
0,019
0,045
0,045
0,007
0,022
0,000
0,000
0,000
0,000
0,003
0,017
0,040
0,019
0,019
0,030
0,019
0,019
0,019
0,008
0,000
0,000
0,001
0,003
0,000
0,007
0,000
0,005
1,000
1,000
0,776
0,381
0,976
0,599
0,698
0,201
0,566
0,632
0,499
0,282
0,566
1,000
0,999
0,980
0,075
0,057
0,019
0,019
0,017
0,022
0,040
0,195
0,392
0,411
0,298
0,353
0,075
0,012
0,008
0,000
0,004
0,002
0,005
0,010
0,017
0,010
0,011
0,001
0,000
0,000
0,000
0,000
0,000
0,003
0,006
0,008
0,207
0,195
0,135
0,083
0,063
0,022
0,000
0,076
0,182
0,382
0,229
0,498
0,346
0,382
0,417
0,229
0,133
0,278
0,322
0,109
0,322
0,133
0,166
0,376
0,026
0,022
0,003
0,000
0,000
0,003
0,034
0,057
0,030
0,019
0,017
0,019
0,030
0,019
0,019
0,022
0,051
0,008
0,000
0,008
0,040
0,045
0,045
0,040
0,376
0,376
0,133
0,086
0,051
0,010
0,109
0,182
0,182
0,256
0,346
0,121
0,203
0,139
0,139
0,160
0,000
0,000
0,000
0,000
0,000
0,000
0,000
0,000
0,086
0,492
0,237
0,198
0,086
0,005
0,005
0,000
0,000
0,001
0,010
0,019
0,026
0,057
0,026
0,034
0,019
0,019
0,051
0,017
0,010
0,092
0,267
0,083
0,040
0,034
0,012
0,003
0,007
0,000
0,000
0,008
0,014
0,010
0,012
0,017
0,010
0,012
0,022
0,026
0,000
0,000
0,000
0,000
0,000
0,000
0,000
0,000
0,381
0,381
0,135
0,088
0,052
0,381
0,698
0,360
0,709
0,562
0,389
0,302
0,525
0,488
0,562
0,960
0,838
0,867
0,562
0,302
0,419
0,389
0,279
0,256
1,000
1,000
1,000
1,000
0,986
0,999
1,000
1,000
1,000
1,000
1,000
1,000
1,000
1,000
1,000
0,816
0,975
1,000
1,000
1,000
0,451
0,995
0,928
1,000
0,575
0,838
0,051
0,012
0,000
0,012
0,057
0,203
0,284
0,203
0,160
0,229
0,182
0,182
0,139
0,229
0,030
0,030
0,034
0,045
0,075
0,075
0,075
0,075
0,999
0,935
0,624
0,237
0,237
0,010
0,492
0,004
0,007
0,004
0,010
0,024
0,024
0,017
0,013
0,012
0,063
0,051
0,022
0,022
0,026
0,051
0,022
0,001
0,014
0,000
0,000
0,008
0,012
0,000
0,003
0,067
0,499
0,764
0,632
0,698
0,817
0,939
0,993
0,993
0,000
0,000
0,000
0,000
0,000
0,000
0,000
0,000
0,492
0,429
0,322
0,278
0,278
0,066
0,558
0,182
0,182
0,284
0,256
0,139
0,106
0,076
0,064
0,106
0,000
0,000
0,000
0,000
0,000
0,000
0,000
0,000
0,044
0,417
0,160
0,106
0,203
0,054
0,121
0,204
0,572
0,421
0,380
0,380
0,816
0,897
0,674
0,726
0,000
0,000
0,000
0,000
0,000
0,000
0,000
0,000
0,492
0,376
0,086
0,376
0,109
0,035
0,166
0,045
0,302
0,360
0,330
0,256
0,279
0,488
0,389
0,488
0,906
0,978
0,756
0,322
0,166
0,492
0,376
0,492
0,756
0,558
0,690
0,376
0,016
0,016
0,278
0,034
0,040
0,057
0,040
0,026
0,022
0,019
0,017
0,014
0,000
0,000
0,000
0,000
0,000
0,000
0,000
0,000
0,000
0,034
0,068
0,045
0,125
0,135
0,034
0,182
0,203
0,346
0,382
0,417
0,284
0,346
0,256
0,256
0,017
0,000
0,000
0,000
0,001
0,005
0,000
0,000
0,000
0,000
0,008
0,000
0,000
0,005
0,000
0,044
0,311
0,382
0,417
0,311
0,203
0,160
0,182
0,139
0,110
0,036
0,282
0,817
0,817
0,999
1,000
1,000
1,000
1,000
1,000
0,975
0,775
0,995
0,856
0,159
0,411
0,051
0,026
0,135
0,100
0,108
0,108
0,075
0,005
0,030
0,010
0,022
0,014
0,171
0,108
0,026
0,045
0,012
0,183
0,411
0,550
0,502
0,575
0,575
0,526
0,502
0,431
0,372
0,237
0,267
0,252
0,171
0,488
0,636
0,779
0,419
0,389
0,809
0,944
1,000
0,526
0,969
0,969
1,000
1,000
1,000
0,623
1,000
0,982
0,943
0,982
0,995
1,000
1,000
1,000
1,000
0,999
1,000
1,000
1,000
1,000
0,674
0,941
1,000
1,000
0,975
0,999
1,000
1,000
0,995
0,995
0,599
0,451
0,999
0,698
0,698
0,566
0,499
0,434
0,999
0,108
0,147
0,026
0,014
0,022
0,014
0,014
0,057
0,000
0,006
0,010
0,015
0,024
0,009
0,016
0,256
0,829
0,121
0,054
0,091
0,044
0,076
0,076
0,106
0,019
0,005
0,003
0,000
0,000
0,000
0,000
0,000
0,000
0,000
0,000
0,014
0,010
0,010
0,030
0,057
0,063
0,083
0,083
0,057
0,040
0,051
0,019
0,005
0,133
0,010
0,016
0,010
0,010
0,035
0,000
0,086
0,051
0,166
0,086
0,237
0,376
0,109
0,935
0,137
0,121
0,233
0,302
0,302
0,451
0,488
0,488
0,525
0,599
0,636
0,779
0,980
0,910
0,939
0,967
0,967
0,498
0,586
0,498
0,229
0,346
0,284
0,076
0,139
0,346
0,916
0,829
0,829
0,498
0,417
0,311
0,203
0,014
0,005
0,003
0,000
0,000
0,000
0,001
0,000
0,035
0,166
0,166
0,198
0,278
0,000
0,051
0,106
0,160
0,182
0,160
0,203
0,182
0,203
0,284
0,182
0,000
0,000
0,000
0,000
0,000
0,000
0,000
0,000
0,030
0,017
0,000
0,000
0,000
0,000
0,005
0,160
0,229
0,229
0,203
0,203
0,160
0,139
0,106
0,054
0,000
0,000
0,000
0,000
0,000
0,000
0,000
0,000
1,000
1,000
1,000
0,634
0,117
0,515
0,992
0,812
0,886
0,732
1,000
1,000
1,000
1,000
0,816
0,817
0,040
0,030
0,022
0,022
0,026
0,026
0,019
0,022
0,000
0,000
0,000
0,000
0,000
0,000
0,000
0,005
0,010
0,040
0,045
0,017
0,022
0,019
0,051
0,057
0,045
0,008
0,000
0,005
0,008
0,000
0,000
0,003
0,010
0,166
0,024
0,010
0,010
0,109
0,810
0,572
0,897
0,985
1,000
1,000
1,000
0,899
0,989
0,943
0,298
0,100
0,057
0,026
0,012
0,012
0,008
0,017
0,022
0,040
0,108
0,057
0,034
0,057
0,012
0,454
0,304
0,930
1,000
0,897
1,000
1,000
1,000
0,812
0,106
0,064
0,091
0,054
0,160
0,064
0,064
0,054
0,376
0,429
0,558
0,558
0,429
0,237
0,035
0,091
0,182
0,284
0,454
0,284
0,106
0,382
0,586
0,417
0,978
0,690
0,376
0,133
0,066
0,005
0,109
0,109
0,001
0,009
0,009
0,004
0,016
0,011
0,013
0,256
0,565
0,767
0,794
0,874
0,874
0,767
0,700
0,632
0,999
1,000
0,999
1,000
0,572
0,726
0,380
0,153
0,204
0,267
0,726
0,964
0,975
0,995
1,000
1,000
1,000
1,000
1,000
0,999
0,982
0,943
0,969
0,989
1,000
1,000
0,916
1,000
1,000
1,000
1,000
1,000
1,000
1,000
1,000
1,000
1,000
1,000
0,674
0,037
0,050
0,572
0,941
0,964
1,000
0,623
0,128
0,421
0,210
0,389
0,330
0,488
0,746
0,867
0,838
0,389
0,100
0,051
0,030
0,045
0,116
0,207
0,092
0,100
0,083
0,092
0,183
0,083
0,063
0,075
0,068
0,068
0,492
0,322
0,024
0,066
0,086
0,133
0,237
0,198
0,010
0,012
0,026
0,026
0,022
0,022
0,010
0,008
0,044
0,182
0,203
0,229
0,311
0,542
0,498
0,629
0,092
0,040
0,019
0,022
0,014
0,000
0,000
0,019
0,045
0,014
0,007
0,003
0,001
0,108
0,092
0,054
0,045
0,173
0,173
0,173
0,360
0,330
0,330
0,256
0,139
0,256
0,229
0,139
0,106
0,106
0,121
0,346
0,051
0,075
0,034
0,057
0,040
0,019
0,008
0,128
0,421
0,338
0,338
0,674
1,000
1,000
0,999
0,975
0,051
0,022
0,012
0,030
0,026
0,005
0,010
0,007
0,690
0,166
0,109
0,198
0,376
0,109
0,198
0,003
0,017
0,026
0,014
0,026
0,034
0,014
0,026
0,001
0,203
0,284
0,139
0,076
0,139
0,064
0,012
0,015
0,020
0,000
0,015
0,121
0,015
0,012
0,054
0,064
0,203
0,064
0,121
0,203
0,256
0,160
0,284
0,346
0,015
0,000
0,007
0,004
0,017
0,018
0,035
0,045
0,252
0,195
0,147
0,171
0,237
0,237
0,171
0,057
0,040
0,068
0,012
0,063
0,108
0,063
0,045
0,030
0,017
0,012
0,012
0,010
0,017
0,135
0,135
0,171
0,116
0,100
0,125
0,108
0,135
0,068
0,051
0,229
0,311
0,203
0,160
0,121
0,121
0,229
0,346
0,311
0,005
0,010
0,007
0,000
0,019
0,040
0,000
0,000
0,000
0,000
0,000
0,000
0,000
0,000
0,000
0,034
0,091
0,256
0,203
0,182
0,229
0,160
0,139
0,139
0,000
0,000
0,000
0,000
0,000
0,000
0,000
0,000
0,007
0,001
0,000
0,000
0,005
0,005
0,008
0,256
0,203
0,284
0,229
0,203
0,229
0,106
0,106
0,034
0,008
0,000
0,010
0,001
0,000
0,034
0,026
0,007
0,015
0,012
0,034
0,091
0,091
0,256
0,417
0,454
0,454
0,417
0,229
0,498
0,139
0,044
0,160
0,160
0,000
0,000
0,000
0,000
0,000
0,000
0,000
0,000
0,000
0,000
0,000
0,000
0,000
0,000
0,000
0,020
0,064
0,121
0,182
0,182
0,139
0,121
0,139
0,106
0,000
0,000
0,000
0,000
0,000
0,000
0,000
0,000
0,012
0,007
0,000
0,003
0,001
0,000
0,000
0,076
0,091
0,203
0,121
0,229
0,106
0,106
0,203
0,346
0,000
0,000
0,000
0,000
0,000
0,000
0,000
0,000
0,024
0,376
0,133
0,322
0,051
0,109
0,066
0,020
0,139
0,229
0,203
0,121
0,203
0,121
0,182
0,091
0,000
0,000
0,000
0,000
0,000
0,000
0,000
0,000
0,017
0,000
0,000
0,000
0,000
0,000
0,005
0,034
0,229
0,284
0,284
0,121
0,106
0,182
0,091
0,034
0,000
0,000
0,000
0,000
0,000
0,000
0,000
0,000
0,000
0,000
0,002
0,000
0,034
0,034
0,054
0,045
0,071
0,109
0,155
0,173
0,191
0,330
0,191
0,062
0,000
0,000
0,000
0,000
0,000
0,000
0,000
0,000
0,000
0,000
0,000
0,000
0,000
0,000
0,000
0,204
0,623
0,421
0,338
0,726
0,919
0,995
1,000
0,775
0,919
1,000
0,913
0,969
1,000
0,726
0,856
0,897
0,007
0,004
0,011
0,016
0,026
0,020
0,019
0,147
0,114
0,838
0,488
0,921
0,405
0,108
0,825
0,499
0,007
0,000
0,000
0,003
0,022
0,040
0,000
0,010
0,000
0,000
0,000
0,000
0,000
0,000
0,000
0,237
0,690
0,322
0,133
0,278
0,051
0,035
0,066
0,198
0,000
0,000
0,007
0,048
0,039
0,042
0,048
0,030
0,000
0,000
0,000
0,000
0,000
0,000
0,000
0,454
0,542
0,498
0,586
0,229
0,182
0,182
0,229
0,160
0,000
0,000
0,000
0,000
0,000
0,000
0,000
0,000
0,014
0,022
0,030
0,030
0,026
0,010
0,068
0,026
0,063
0,100
0,063
0,125
0,063
0,017
0,014
0,007
0,000
0,000
0,000
0,011
0,008
0,017
0,012
0,002
0,018
0,016
0,017
0,012
0,016
0,009
0,012
0,057
0,017
0,003
0,008
0,010
0,008
0,034
0,022
0,001
0,000
0,000
0,000
0,000
0,000
0,000
0,000
0,000
0,125
0,147
0,159
0,171
0,125
0,092
0,083
0,026
0,045
0,051
0,026
0,014
0,022
0,026
0,030
0,040
0,000
0,000
0,000
0,000
0,000
0,000
0,000
0,000
0,008
0,000
0,001
0,008
0,012
0,005
0,000
0,192
0,732
0,986
0,986
0,968
0,999
0,968
0,986
1,000
0,000
0,000
0,000
0,000
0,000
0,000
0,000
0,000
0,000
0,000
0,000
0,000
0,000
0,000
0,000
0,106
0,229
0,256
0,311
0,284
0,139
0,121
0,160
0,256
0,017
0,005
0,000
0,001
0,008
0,014
0,014
0,007
0,376
0,376
0,376
0,278
0,429
0,035
0,005
0,026
0,182
0,382
0,256
0,256
0,229
0,182
0,203
0,034
0,035
0,010
0,000
0,035
0,016
0,810
0,690
0,166
0,012
0,030
0,008
0,019
0,019
0,007
0,008
0,026
0,237
0,026
0,026
0,010
0,022
0,022
0,005
0,000
0,000
0,000
0,000
0,000
0,000
0,000
0,000
0,000
1,000
0,999
0,849
0,849
0,634
0,752
0,405
0,007
0,040
0,051
0,030
0,019
0,022
0,014
0,017
0,012
0,000
0,000
0,000
0,000
0,000
0,000
0,000
0,000
0,000
0,005
0,010
0,012
0,014
0,007
0,000
0,020
0,064
0,203
0,106
0,139
0,203
0,203
0,256
0,203
0,000
0,000
0,000
0,000
0,000
0,000
0,000
0,000
0,278
0,322
0,133
0,322
0,429
0,322
0,024
0,014
0,034
0,017
0,019
0,026
0,040
0,026
0,014
0,040
0,429
0,756
0,906
0,198
0,237
0,810
0,278
0,376
0,007
0,001
0,100
0,040
0,003
0,010
0,007
0,014
0,030
0,030
0,034
0,068
0,007
0,026
0,014
0,040
0,000
0,000
0,000
0,010
0,014
0,016
0,012
0,014
0,431
0,431
0,333
0,267
0,372
0,372
0,372
0,055
0,022
0,004
0,000
0,005
0,009
0,006
0,007
0,033
0,599
0,794
0,874
0,928
0,899
0,982
0,943
0,794
0,913
1,000
0,999
0,999
1,000
1,000
0,975
0,002
0,000
0,000
0,000
0,000
0,000
0,000
0,000
0,000
0,000
0,000
0,000
0,000
0,000
0,000
0,000
0,000
0,993
0,869
0,869
0,999
0,993
0,980
0,419
0,009
0,000
0,002
0,010
0,015
0,016
0,012
0,008
0,003
0,000
0,000
0,000
0,000
0,000
0,000
0,000
0,000
0,026
0,022
0,019
0,019
0,017
0,019
0,005
0,001
0,019
0,030
0,057
0,051
0,026
0,030
0,068
0,083
1,000
1,000
0,968
0,999
1,000
1,000
1,000
0,999
0,995
0,976
0,943
0,969
0,957
0,999
0,957
0,969
0,417
0,139
0,498
0,229
0,284
0,207
0,195
0,135
0,000
0,000
0,000
0,000
0,002
0,004
0,006
0,006
0,116
0,108
0,068
0,034
0,030
0,026
0,019
0,000
0,000
0,007
0,013
0,020
0,024
0,033
0,013
0,010
0,051
0,026
0,012
0,008
0,007
0,005
0,012
0,019
0,000
0,000
0,000
0,000
0,000
0,000
0,000
0,026
0,139
0,229
0,182
0,229
0,311
0,284
0,256
0,311
0,000
0,000
0,000
0,000
0,000
0,000
0,000
0,000
0,000
0,000
0,000
0,000
0,000
0,000
0,000
0,026
0,139
0,311
0,346
0,229
0,203
0,139
0,076
0,091
0,007
0,000
0,000
0,000
0,000
0,000
0,000
0,000
0,240
0,168
0,168
0,240
0,005
0,135
0,434
0,939
0,566
0,434
0,980
0,980
1,000
0,993
0,939
0,764
0,624
0,492
0,109
0,166
0,086
0,322
0,810
0,862
0,256
0,256
0,256
0,210
0,360
0,330
0,279
0,623
0,468
0,300
0,110
0,964
0,964
0,941
1,000
1,000
1,000
1,000
0,999
0,999
1,000
0,976
0,850
0,351
0,075
0,204
0,153
0,062
0,128
0,674
0,897
0,015
0,017
0,019
0,016
0,018
0,003
0,032
0,056
0,033
0,993
0,962
0,989
1,000
0,928
0,957
1,000
0,975
0,979
0,577
0,710
0,754
0,996
1,000
1,000
0,913
0,666
0,794
0,928
0,995
0,913
0,982
0,767
0,733
0,526
0,883
0,768
0,899
0,864
0,477
0,647
0,108
0,026
0,039
0,055
0,082
0,599
0,666
0,847
0,957
0,820
1,000
1,000
1,000
0,856
0,975
1,000
1,000
1,000
0,985
0,816
0,897
0,941
0,975
0,999
0,468
0,203
0,229
0,417
0,498
0,311
0,106
0,064
0,036
0,173
0,256
0,302
0,360
0,599
0,636
0,599
0,746
0,346
0,160
0,256
0,121
0,203
0,182
0,034
0,311
0,068
0,100
0,017
0,026
0,045
0,007
0,019
0,000
0,022
0,030
0,092
0,057
0,022
0,051
0,063
0,045
1,000
1,000
0,856
1,000
1,000
0,919
1,000
1,000
0,298
0,353
0,392
0,453
0,333
0,282
0,183
0,252
0,068
0,045
0,045
0,030
0,017
0,019
0,014
0,000
0,000
0,000
0,000
0,000
0,002
0,003
0,007
0,008
0,636
0,525
0,672
0,912
0,971
0,912
0,944
0,999
0,897
0,346
0,346
0,229
0,256
0,203
0,203
0,382
0,000
0,000
0,003
0,007
0,008
0,005
0,004
0,003
0,392
0,477
0,431
0,453
0,453
0,353
0,267
0,829
0,672
0,203
0,034
0,121
0,106
0,076
0,015
0,000
0,014
0,125
0,092
0,116
0,075
0,125
0,314
0,314
0,000
0,000
0,000
0,000
0,000
0,000
0,000
0,010
0,009
0,017
0,009
0,003
0,017
0,022
0,012
0,005
0,068
0,057
0,045
0,040
0,012
0,019
0,063
0,026
0,525
0,779
0,346
1,000
0,921
1,000
0,849
0,008
0,054
0,203
0,229
0,091
0,203
0,121
0,629
0,829
0,267
0,222
0,333
0,135
0,100
0,068
0,063
0,100
0,071
0,087
0,082
0,087
0,098
0,103
0,060
0,000
0,000
0,000
0,000
0,000
0,000
0,000
0,000
0,000
0,017
0,008
0,012
0,017
0,026
0,014
0,026
0,026
0,000
0,000
0,000
0,000
0,000
0,000
0,000
0,000
0,000
0,000
0,005
0,012
0,030
0,040
0,019
0,000
0,000
0,000
0,000
0,000
0,000
0,000
0,000
0,000
0,000
0,000
0,000
0,000
0,000
0,000
0,000
0,000
0,010
0,022
0,034
0,040
0,030
0,045
0,057
0,045
0,019
0,008
0,000
0,000
0,001
0,019
0,017
0,017
0,007
0,010
0,014
0,017
0,017
0,012
0,008
0,278
0,978
0,810
0,492
0,237
0,000
0,000
0,000
0,024
0,000
0,003
0,014
0,022
0,014
0,068
0,030
0,022
0,045
0,063
0,108
0,000
0,003
0,007
0,007
0,003
0,014
0,026
0,083
0,125
0,125
0,100
0,083
0,040
0,022
0,017
0,017
0,014
0,022
0,017
0,007
0,012
0,000
0,000
0,000
0,000
0,000
0,000
0,000
0,019
0,057
0,012
0,008
0,008
0,014
0,017
0,007
0,005
0,182
0,256
0,229
0,160
0,203
0,498
0,454
0,346
0,064
0,015
0,091
0,064
0,121
0,106
0,182
0,019
0,010
0,001
0,014
0,014
0,030
0,022
0,019
0,003
0,000
0,000
0,000
0,000
0,000
0,000
0,000
0,000
0,939
0,434
0,869
0,764
0,817
0,698
0,967
0,856
0,897
1,000
1,000
1,000
1,000
1,000
1,000
0,985
1,000
1,000
1,000
1,000
1,000
1,000
1,000
1,000
1,000
1,000
1,000
1,000
1,000
1,000
1,000
0,976
1,000
1,000
0,999
0,995
1,000
1,000
0,000
0,000
0,988
0,962
0,623
0,910
0,941
0,744
0,695
0,575
1,000
1,000
1,000
0,999
0,976
0,999
1,000
1,000
1,000
1,000
1,000
1,000
1,000
0,820
0,565
0,298
1,000
0,900
0,989
0,999
1,000
1,000
0,999
0,929
0,125
0,314
0,252
0,063
0,075
0,108
0,147
0,018
0,144
0,184
0,177
0,035
0,093
0,018
0,013
0,055
0,795
0,542
0,121
0,203
0,542
0,672
0,454
1,000
0,057
0,092
0,125
0,108
0,282
0,353
0,453
0,256
0,160
0,020
0,015
0,054
0,106
0,139
0,026
0,284
0,520
0,300
0,919
0,985
0,985
0,999
1,000
0,816
0,629
0,454
0,672
0,417
0,542
0,346
0,382
0,012
0,000
0,010
0,034
0,063
0,051
0,026
0,022
0,001
0,010
0,007
0,014
0,022
0,000
0,005
0,003
0,007
0,026
0,026
0,019
0,017
0,014
0,014
0,000
0,007
0,005
0,019
0,045
0,057
0,022
0,034
0,030
0,005
0,000
0,000
0,000
0,000
0,000
0,000
0,000
0,000
0,000
0,000
0,000
0,000
0,000
0,000
0,000
0,034
0,139
0,182
0,139
0,160
0,229
0,203
0,182
0,182
0,499
0,434
0,566
0,434
0,499
0,499
0,632
0,869
1,000
1,000
1,000
1,000
1,000
1,000
1,000
0,501
0,999
1,000
1,000
1,000
1,000
1,000
1,000
1,000
1,000
1,000
1,000
1,000
1,000
0,000
1,000
0,000
1,000
1,000
1,000
1,000
1,000
1,000
1,000
1,000
1,000
1,000
0,454
0,203
0,454
0,311
0,284
0,229
0,000
0,000
0,000
0,000
0,000
0,000
0,000
0,000
0,000
0,000
0,000
0,000
0,000
0,000
0,000
0,045
0,022
0,000
0,012
0,019
0,014
0,014
0,030
0,012
0,017
0,040
0,063
0,063
0,057
0,083
0,116
0,125
0,030
0,051
0,159
0,125
0,147
0,092
0,092
0,012
0,014
0,000
0,030
0,051
0,019
0,026
0,040
0,051
0,000
0,000
0,000
0,000
0,000
0,000
0,000
0,000
0,000
0,000
0,000
0,000
0,000
0,000
0,000
0,110
0,421
0,468
0,856
0,919
0,919
0,999
1,000
1,000
0,985
0,897
0,897
1,000
0,964
0,985
1,000
1,000
0,937
0,919
1,000
1,000
1,000
1,000
1,000
1,000
1,000
1,000
1,000
0,000
0,000
1,000
1,000
1,000
1,000
1,000
1,000
1,000
1,000
0,995
0,976
0,919
0,719
0,599
0,623
0,623
0,477
0,392
0,411
0,011
0,008
0,008
0,006
0,005
0,000
0,000
0,000
0,000
0,057
0,075
0,063
0,057
0,068
0,068
0,063
0,135
0,207
0,108
0,092
0,147
0,116
0,116
0,135
0,018
0,028
0,022
0,005
0,002
0,000
0,007
0,008
0,008
0,000
0,000
0,000
0,000
0,000
0,000
0,000
0,000
0,000
0,000
0,000
0,000
0,000
0,000
0,000
0,008
0,026
0,034
0,040
0,075
0,057
0,034
0,030
0,022
0,000
0,000
0,000
0,000
0,000
0,000
0,000
0,000
0,040
0,026
0,017
0,017
0,034
0,017
0,010
0,002
0,006
0,009
0,022
0,018
0,018
0,011
0,010
0,008
0,000
0,000
0,000
0,000
0,000
0,000
0,000
0,000
0,000
0,000
0,000
0,000
0,000
0,000
0,000
0,005
0,005
0,063
0,075
0,092
0,083
0,068
0,051
0,030
0,000
0,000
0,000
0,000
0,000
0,000
0,000
0,000
0,034
0,045
0,051
0,034
0,014
0,012
0,019
0,000
0,000
0,000
0,000
0,000
0,000
0,000
0,000
0,004
0,017
0,028
0,031
0,024
0,021
0,022
0,015
0,016
0,016
0,026
0,028
0,017
0,007
0,010
0,002
0,011
0,007
0,010
0,000
0,008
0,017
0,017
0,009
0,011
0,000
0,000
0,000
0,000
0,000
0,000
0,000
0,000
0,000
0,000
0,000
0,000
0,000
0,000
0,000
0,000
0,000
0,014
0,022
0,022
0,017
0,019
0,005
0,000
0,000
0,000
0,000
0,000
0,000
0,000
0,000
0,000
0,008
0,010
0,012
0,008
0,026
0,022
0,019
0,139
0,160
0,203
0,417
0,586
0,417
0,311
0,160
0,064
0,000
0,000
0,000
0,000
0,000
0,000
0,000
0,000
0,000
0,000
0,000
0,000
0,000
0,000
0,000
0,019
0,003
0,012
0,012
0,034
0,030
0,014
0,008
0,010
0,010
0,000
0,003
0,000
0,008
0,008
0,000
0,010
0,000
0,000
0,000
0,000
0,000
0,000
0,000
0,000
0,034
0,040
0,045
0,100
0,100
0,083
0,083
0,075
0,051
0,092
0,135
0,171
0,207
0,237
0,526
0,910
0,333
0,051
0,010
0,012
0,010
0,017
0,026
0,086
0,109
0,278
0,278
0,237
0,237
0,051
0,322
0,066
0,000
0,019
0,026
0,045
0,092
0,125
0,183
0,108
0,451
0,330
0,451
0,636
0,709
0,912
0,985
0,071
0,064
0,055
0,022
0,026
0,035
0,039
0,015
0,007
0,999
0,967
1,000
0,910
0,980
0,999
1,000
1,000
0,746
0,867
0,992
0,999
0,978
0,599
1,000
1,000
1,000
1,000
0,978
0,716
0,498
0,311
0,716
0,986
0,477
0,550
0,671
0,671
0,599
0,575
0,502
0,550
0,982
0,969
0,928
0,913
0,899
0,969
0,982
1,000
0,759
0,284
0,229
0,795
0,716
0,454
0,382
0,417
0,311
0,203
0,106
0,026
0,121
0,160
0,106
0,064
0,005
0,005
0,014
0,012
0,010
0,040
0,057
0,054
0,106
0,106
0,256
0,382
0,311
0,256
0,091
0,182
0,014
0,019
0,014
0,007
0,007
0,012
0,012
0,007
0,106
0,182
0,160
0,139
0,229
0,417
0,382
0,034
0,075
0,017
0,017
0,019
0,019
0,010
0,003
0,012
0,100
0,314
0,411
0,353
0,298
0,353
0,314
0,282
0,298
0,314
0,237
0,147
0,159
0,125
0,068
0,026
0,001
0,012
0,030
0,051
0,068
0,034
0,005
0,019
0,000
0,000
0,000
0,000
0,000
0,000
0,000
0,000
0,000
0,000
0,000
0,000
0,000
0,000
0,000
0,018
0,022
0,022
0,030
0,042
0,033
0,042
0,016
0,011
0,000
0,000
0,000
0,000
0,000
0,000
0,000
0,000
0,000
0,005
0,000
0,008
0,000
0,000
0,000
0,000
0,000
0,000
0,000
0,015
0,015
0,017
0,016
0,012
0,869
0,698
0,764
0,698
0,632
0,939
0,869
0,869
0,030
0,026
0,045
0,045
0,125
0,063
0,022
1,000
0,992
0,849
0,921
0,999
0,235
1,000
1,000
1,000
1,000
1,000
1,000
1,000
1,000
1,000
0,999
1,000
1,000
1,000
1,000
1,000
1,000
0,993
0,993
0,058
0,075
0,058
0,030
0,035
0,045
0,024
0,018
0,013
0,404
0,943
0,928
0,957
0,976
0,995
0,982
0,976
0,874
0,957
1,000
1,000
1,000
1,000
1,000
1,000
1,000
1,000
1,000
1,000
1,000
1,000
1,000
1,000
1,000
1,000
1,000
1,000
1,000
1,000
1,000
1,000
1,000
0,000
0,000
0,000
0,000
0,000
1,000
0,000
0,000
1,000
0,000
1,000
1,000
1,000
1,000
1,000
1,000
1,000
1,000
1,000
1,000
1,000
1,000
1,000
1,000
1,000
0,000
1,000
1,000
1,000
1,000
1,000
1,000
1,000
1,000
1,000
1,000
1,000
1,000
1,000
1,000
0,000
0,000
1,000
0,000
0,000
0,000
0,000
0,000
1,000
1,000
1,000
1,000
1,000
1,000
1,000
1,000
1,000
1,000
1,000
1,000
1,000
1,000
1,000
1,000
1,000
1,000
1,000
1,000
1,000
0,991
1,000
1,000
1,000
1,000
0,999
1,000
1,000
1,000
0,984
0,702
0,542
0,969
1,000
1,000
1,000
1,000
1,000
1,000
1,000
1,000
1,000
1,000
0,415
0,569
0,760
0,569
1,000
1,000
1,000
1,000
1,000
1,000
1,000
1,000
1,000
1,000
1,000
1,000
0,985
1,000
1,000
0,954
0,935
0,542
0,542
0,629
0,829
0,542
0,454
0,063
0,100
0,075
0,051
0,045
0,068
0,075
0,012
0,022
0,020
0,020
0,024
0,028
0,028
0,030
0,020
0,346
0,382
0,311
0,256
0,160
0,203
0,229
0,229
0,284
0,346
0,346
0,382
0,346
0,256
0,182
0,105
0,195
0,322
0,874
0,899
0,913
0,928
0,531
0,322
0,919
0,468
0,856
0,964
1,000
1,000
0,999
1,000
0,976
0,837
0,905
0,970
1,000
1,000
0,989
1,000
1,000
0,000
1,000
1,000
1,000
1,000
1,000
0,992
0,000
0,000
0,000
0,005
0,014
0,019
0,014
0,010
0,000
0,000
0,000
0,000
0,000
0,000
0,000
0,000
0,045
0,092
0,135
0,100
0,075
0,075
0,051
0,012
0,000
0,000
0,000
0,010
0,019
0,034
0,030
0,010
0,381
0,566
0,632
0,764
0,632
0,499
0,817
0,421
0,468
0,623
1,000
1,000
1,000
1,000
0,964
0,975
1,000
1,000
1,000
1,000
1,000
1,000
1,000
1,000
0,000
0,000
0,000
0,000
1,000
1,000
1,000
1,000
1,000
1,000
1,000
1,000
1,000
1,000
1,000
1,000
1,000
1,000
1,000
1,000
1,000
1,000
0,999
1,000
1,000
1,000
1,000
1,000
1,000
0,000
0,000
1,000
1,000
1,000
1,000
1,000
1,000
1,000
1,000
1,000
1,000
1,000
1,000
1,000
0,968
0,812
0,968
0,732
0,000
0,019
0,019
0,019
0,014
0,001
0,000
0,322
0,198
0,198
0,005
0,024
0,051
0,198
0,624
0,558
0,000
0,000
0,000
0,000
0,000
0,000
0,000
0,000
0,000
0,000
0,000
0,000
0,000
0,000
0,000
0,017
0,003
0,000
0,008
0,005
0,000
0,000
0,000
0,000
0,000
0,008
0,017
0,000
0,001
0,005
0,005
0,003
1,000
0,999
0,992
1,000
0,999
0,969
0,921
0,017
0,094
0,179
0,349
0,565
0,700
0,767
0,700
0,666
1,000
1,000
1,000
1,000
1,000
1,000
0,000
0,000
0,392
0,477
0,623
0,392
0,237
0,100
0,034
1,000
0,634
1,000
1,000
1,000
0,999
1,000
1,000
1,000
0,198
0,086
0,109
0,086
0,166
0,278
0,429
0,492
0,002
0,003
0,000
0,010
0,015
0,016
0,015
0,116
0,108
0,195
0,159
0,135
0,207
0,267
0,333
0,502
0,067
0,039
0,071
0,048
0,035
0,012
0,004
0,003
0,022
0,030
0,026
0,014
0,010
0,007
0,010
0,000
0,000
0,000
0,000
0,000
0,000
0,000
0,000
0,007
0,473
0,989
1,000
1,000
1,000
0,837
0,473
0,569
0,353
0,183
0,068
0,045
0,017
0,026
0,068
0,057
0,051
0,063
0,075
0,057
0,092
0,040
0,034
0,075
0,182
0,346
0,382
0,382
0,417
0,417
0,498
0,542
0,999
1,000
0,351
0,736
1,000
1,000
1,000
1,000
1,000
1,000
1,000
1,000
1,000
1,000
1,000
1,000
0,978
0,086
0,066
0,051
0,492
1,000
1,000
1,000
0,147
0,083
0,100
0,083
0,063
0,019
0,008
0,001
0,017
0,022
0,019
0,147
0,298
0,314
0,267
0,045
0,007
0,000
0,007
0,019
0,068
0,068
0,116
0,092
0,083
0,100
0,057
0,057
0,051
0,045
0,057
0,016
0,009
0,009
0,008
0,012
0,015
0,009
0,000
0,000
0,003
0,008
0,015
0,020
0,020
0,026
0,028
0,028
0,039
0,061
0,061
0,042
0,039
0,042
0,028
0,000
0,000
0,000
0,000
0,000
0,000
0,000
0,000
0,000
0,012
0,015
0,017
0,027
0,031
0,030
0,032
0,031
0,221
0,281
0,211
0,147
0,163
0,187
0,194
0,825
0,671
0,671
0,599
0,453
0,392
0,392
0,768
0,719
0,787
0,806
0,647
0,647
0,719
0,431
0,477
0,453
0,333
0,411
0,333
0,314
0,207
0,195
0,282
1,000
1,000
1,000
1,000
1,000
0,999
0,993
0,939
1,000
0,100
0,100
0,135
0,116
0,100
0,116
0,159
0,147
0,125
0,135
0,135
0,108
0,125
0,034
0,026
0,026
0,014
0,007
0,000
0,010
0,040
0,026
0,026
0,014
0,022
0,014
0,014
0,007
0,008
0,010
0,010
0,014
0,008
0,005
0,010
0,012
0,057
0,026
0,022
0,026
0,019
0,000
0,000
0,008
0,040
0,034
0,019
0,019
0,000
0,000
0,000
0,000
0,000
0,068
0,075
0,068
0,034
0,012
0,007
0,008
0,014
0,019
0,019
0,064
0,076
0,091
0,008
0,121
0,256
0,139
0,044
0,002
0,109
0,051
0,109
0,109
0,278
0,429
0,558
0,963
0,311
0,284
0,139
0,256
0,229
0,203
0,256
0,284
0,229
0,229
0,139
0,182
0,064
0,121
0,091
0,000
0,005
0,278
0,376
0,198
0,429
0,624
0,862
0,558
0,010
0,003
0,022
0,034
0,017
0,010
0,014
0,322
0,066
0,024
0,016
0,010
0,000
0,086
0,024
0,066
0,000
0,000
0,000
0,000
0,000
0,000
0,000
0,000
0,000
0,000
0,000
0,001
0,000
0,007
0,014
0,139
0,160
0,182
0,498
0,229
0,139
0,091
0,121
0,256
0,012
0,012
0,011
0,006
0,002
0,009
0,011
0,028
0,000
0,000
0,000
0,000
0,000
0,000
0,000
0,116
0,010
0,000
0,000
0,000
0,001
0,001
0,017
0,017
0,000
0,000
0,000
0,000
0,000
0,000
0,000
0,000
0,026
0,022
0,026
0,017
0,010
0,008
0,010
0,000
0,000
0,000
0,000
0,000
0,000
0,000
0,000
0,000
0,000
0,012
0,014
0,008
0,010
0,017
0,017
0,010
0,000
0,000
0,000
0,000
0,000
0,000
0,000
0,000
0,000
0,000
0,020
0,030
0,042
0,039
0,039
0,061
0,071
0,076
0,114
0,120
0,140
0,071
0,098
0,349
1,000
1,000
1,000
1,000
0,992
0,985
0,709
0,004
0,014
0,000
0,000
0,000
0,006
0,000
0,000
0,000
0,040
0,022
0,075
0,057
0,017
0,034
0,017
0,005
0,000
0,000
0,000
0,000
0,000
0,000
0,000
0,000
0,000
0,000
0,000
0,000
0,000
0,000
0,000
0,000
0,000
0,000
0,000
0,000
0,000
0,000
0,000
0,000
0,000
0,000
0,000
0,000
0,000
0,000
0,000
0,034
0,012
0,012
0,005
0,008
0,000
0,000
0,003
0,007
0,000
0,000
0,000
0,000
0,000
0,000
0,000
0,000
0,000
0,000
0,000
0,000
0,000
0,000
0,000
0,019
0,000
0,010
0,008
0,001
0,001
0,007
0,014
0,014
0,008
0,008
0,003
0,000
0,003
0,000
0,000
0,000
0,015
0,182
0,716
0,759
0,454
0,311
0,256
0,000
0,000
0,000
0,000
0,000
0,000
0,000
0,000
0,000
0,000
0,000
0,000
0,000
0,000
0,000
0,000
0,000
0,000
0,010
0,022
0,034
0,012
0,000
0,000
0,000
0,000
0,000
0,000
0,000
0,000
0,000
0,000
0,000
0,001
0,001
0,017
0,019
0,026
0,012
0,019
0,026
0,000
0,000
0,000
0,000
1,000
1,000
1,000
1,000
0,976
1,000
1,000
0,999
0,422
0,102
1,000
0,000
0,992
0,171
0,849
0,752
1,000
1,000
1,000
1,000
0,057
0,026
0,022
0,022
0,030
0,022
0,026
0,000
0,000
0,000
0,000
0,000
0,000
0,000
0,000
0,000
0,000
0,000
0,000
0,000
0,000
0,000
0,000
0,000
0,000
0,000
0,000
0,000
0,000
0,000
0,000
0,389
0,451
0,451
0,488
0,451
0,451
0,746
0,672
0,779
1,000
1,000
1,000
1,000
1,000
1,000
1,000
1,000
0,820
0,874
0,794
0,913
0,982
1,000
0,999
0,695
0,825
0,768
0,825
1,000
1,000
1,000
0,988
0,844
0,312
0,408
0,440
0,334
0,028
0,109
0,091
0,109
0,008
0,000
0,000
0,000
0,000
0,000
0,000
0,000
0,000
0,000
0,000
0,000
0,000
0,000
0,000
0,000
0,000
0,000
0,000
0,000
0,000
0,000
0,000
0,000
0,000
0,000
0,000
0,000
0,000
0,000
0,000
0,019
0,010
0,005
0,040
0,125
0,183
0,298
0,252
0,222
0,012
0,015
0,015
0,015
0,015
0,022
0,035
0,042
0,267
0,282
0,183
0,222
0,695
0,899
0,526
1,000
1,000
1,000
1,000
0,000
1,000
1,000
0,000
1,000
0,092
0,060
0,060
0,071
0,076
0,060
0,041
