204,98969
204,98969
204,98969
204,98969
204,98969
194,13328
112,99485
120,99485
219,98969
218,98969
218,98969
232,8461
245,7025
211,98969
211,98969
206,98969
210,98969
305,98454
303,98454
276,27172
316,84094
289,12813
219,8461
205,98969
204,98969
204,98969
204,98969
204,98969
135,70766
110,99485
112,99485
190,27688
219,98969
315,98454
232,8461
218,98969
217,98969
211,98969
211,98969
220,8461
266,41532
333,69735
331,69735
317,84094
233,7025
233,7025
233,7025
233,7025
232,7025
232,7025
232,7025
232,7025
232,7025
235,7025
237,7025
162,56406
233,8461
246,7025
246,7025
246,7025
245,7025
239,7025
239,7025
234,7025
238,7025
319,84094
331,69735
331,69735
247,55891
233,7025
233,7025
233,7025
232,7025
191,13328
121,85125
121,85125
135,70766
207,98969
126,85125
134,85125
233,8461
246,7025
246,7025
246,7025
245,7025
239,7025
239,7025
234,7025
238,7025
333,69735
331,69735
331,69735
330,69735
261,41532
233,7025
233,7025
232,7025
218,8461
121,85125
121,85125
121,85125
124,85125
140,70766
162,56406
247,7025
260,55891
260,55891
260,55891
259,55891
253,55891
253,55891
248,55891
266,41532
278,27172
248,55891
248,55891
247,55891
247,55891
247,55891
247,55891
163,42047
149,56406
149,56406
149,56406
149,56406
152,56406
154,56406
162,56406
233,8461
260,55891
260,55891
260,55891
259,55891
253,55891
253,55891
248,55891
252,55891
250,55891
248,55891
248,55891
247,55891
247,55891
247,55891
247,55891
246,55891
163,42047
149,56406
149,56406
149,56406
152,56406
154,56406
162,56406
247,7025
260,55891
260,55891
260,55891
245,7025
156,56406
253,55891
151,56406
210,98969
250,55891
248,55891
248,55891
247,55891
247,55891
247,55891
247,55891
149,56406
149,56406
149,56406
149,56406
149,56406
152,56406
154,56406
162,56406
247,7025
260,55891
260,55891
246,7025
204,13328
198,13328
156,56406
151,56406
224,8461
250,55891
248,55891
248,55891
247,55891
247,55891
247,55891
247,55891
149,56406
149,56406
149,56406
149,56406
149,56406
152,56406
154,56406
162,56406
206,13328
260,55891
260,55891
260,55891
259,55891
253,55891
253,55891
220,8461
238,7025
250,55891
248,55891
248,55891
247,55891
247,55891
247,55891
178,27688
149,56406
149,56406
149,56406
149,56406
149,56406
152,56406
154,56406
162,56406
233,8461
246,7025
205,13328
177,42047
176,42047
170,42047
156,56406
165,42047
238,7025
250,55891
248,55891
248,55891
261,41532
247,55891
247,55891
247,55891
149,56406
149,56406
149,56406
149,56406
149,56406
152,56406
154,56406
162,56406
261,55891
260,55891
260,55891
260,55891
245,7025
225,8461
211,98969
165,42047
252,55891
250,55891
248,55891
248,55891
247,55891
247,55891
247,55891
247,55891
204,98969
149,56406
149,56406
149,56406
149,56406
152,56406
154,56406
176,42047
206,13328
205,13328
246,7025
232,8461
204,13328
198,13328
198,13328
193,13328
266,41532
319,84094
290,12813
290,12813
289,12813
289,12813
289,12813
192,13328
191,13328
191,13328
191,13328
191,13328
191,13328
194,13328
196,13328
204,13328
219,98969
302,12813
288,27172
232,8461
204,13328
198,13328
198,13328
193,13328
197,13328
319,84094
317,84094
290,12813
205,98969
205,98969
205,98969
205,98969
204,98969
177,27688
121,85125
135,70766
121,85125
124,85125
126,85125
190,27688
247,7025
246,7025
246,7025
246,7025
245,7025
239,7025
239,7025
234,7025
238,7025
236,7025
262,41532
248,55891
247,55891
247,55891
247,55891
247,55891
149,56406
149,56406
149,56406
149,56406
149,56406
152,56406
154,56406
162,56406
261,55891
260,55891
260,55891
260,55891
287,27172
253,55891
253,55891
248,55891
252,55891
250,55891
276,27172
290,12813
289,12813
275,27172
192,13328
192,13328
191,13328
191,13328
191,13328
191,13328
191,13328
194,13328
196,13328
204,13328
206,13328
260,55891
302,12813
302,12813
287,27172
198,13328
198,13328
193,13328
210,98969
292,12813
290,12813
290,12813
289,12813
289,12813
205,98969
192,13328
191,13328
191,13328
191,13328
191,13328
191,13328
194,13328
196,13328
204,13328
206,13328
205,13328
260,55891
302,12813
301,12813
295,12813
267,41532
193,13328
224,8461
292,12813
290,12813
290,12813
289,12813
289,12813
261,41532
192,13328
191,13328
191,13328
191,13328
191,13328
191,13328
194,13328
196,13328
204,13328
275,41532
302,12813
302,12813
302,12813
287,27172
281,27172
211,98969
193,13328
294,12813
292,12813
290,12813
290,12813
289,12813
275,27172
192,13328
192,13328
191,13328
191,13328
191,13328
191,13328
191,13328
194,13328
196,13328
204,13328
206,13328
246,7025
302,12813
302,12813
287,27172
225,8461
198,13328
193,13328
210,98969
292,12813
290,12813
290,12813
289,12813
289,12813
219,8461
192,13328
191,13328
191,13328
191,13328
191,13328
191,13328
110,99485
140,70766
176,42047
206,13328
218,98969
302,12813
302,12813
245,7025
198,13328
198,13328
193,13328
197,13328
250,55891
290,12813
290,12813
289,12813
289,12813
233,7025
192,13328
191,13328
191,13328
191,13328
191,13328
191,13328
194,13328
196,13328
204,13328
275,41532
302,12813
288,27172
302,12813
231,8461
198,13328
198,13328
193,13328
197,13328
278,27172
290,12813
290,12813
289,12813
275,27172
192,13328
192,13328
191,13328
191,13328
191,13328
191,13328
191,13328
194,13328
196,13328
204,13328
219,98969
302,12813
302,12813
205,13328
204,13328
198,13328
198,13328
193,13328
238,7025
236,7025
234,7025
234,7025
261,41532
233,7025
233,7025
233,7025
149,56406
121,85125
121,85125
121,85125
121,85125
124,85125
126,85125
176,42047
247,7025
246,7025
246,7025
246,7025
245,7025
239,7025
239,7025
234,7025
238,7025
236,7025
234,7025
248,55891
233,7025
247,55891
233,7025
233,7025
163,42047
121,85125
121,85125
121,85125
121,85125
124,85125
126,85125
204,13328
247,7025
246,7025
246,7025
246,7025
245,7025
239,7025
239,7025
234,7025
238,7025
236,7025
234,7025
234,7025
233,7025
233,7025
233,7025
233,7025
232,7025
191,13328
121,85125
121,85125
121,85125
124,85125
126,85125
176,42047
247,7025
246,7025
246,7025
246,7025
245,7025
239,7025
239,7025
234,7025
238,7025
236,7025
234,7025
234,7025
233,7025
233,7025
233,7025
233,7025
121,85125
121,85125
121,85125
121,85125
121,85125
124,85125
126,85125
148,70766
247,7025
246,7025
246,7025
246,7025
245,7025
225,8461
128,85125
206,98969
238,7025
264,41532
248,55891
276,27172
233,7025
233,7025
233,7025
233,7025
191,13328
218,8461
149,56406
121,85125
121,85125
124,85125
126,85125
134,85125
206,13328
260,55891
260,55891
260,55891
259,55891
253,55891
253,55891
248,55891
169,42047
222,8461
248,55891
248,55891
247,55891
247,55891
247,55891
178,27688
149,56406
149,56406
149,56406
149,56406
149,56406
152,56406
154,56406
162,56406
261,55891
260,55891
260,55891
191,27688
162,56406
156,56406
156,56406
151,56406
252,55891
250,55891
248,55891
248,55891
247,55891
247,55891
219,8461
150,56406
154,56406
154,56406
154,56406
154,56406
154,56406
154,56406
173,56406
198,56406
187,42047
261,55891
207,42047
212,42047
193,42047
193,42047
193,42047
178,42047
177,42047
223,98969
283,27172
281,27172
281,27172
280,27172
196,13328
168,42047
168,42047
168,42047
168,42047
168,42047
168,42047
168,42047
187,42047
212,42047
187,42047
192,27688
207,42047
226,27688
207,27688
234,98969
234,98969
178,42047
177,42047
279,41532
255,55891
295,12813
211,98969
210,98969
196,13328
196,13328
196,13328
196,13328
196,13328
168,42047
85,28203
168,42047
215,13328
240,13328
215,13328
247,7025
276,7025
281,7025
262,7025
262,7025
262,7025
247,7025
246,7025
251,7025
241,7025
239,7025
239,7025
238,7025
237,7025
237,7025
126,85125
126,85125
126,85125
126,85125
126,85125
126,85125
145,85125
253,98969
256,7025
247,7025
276,7025
281,7025
262,7025
262,7025
262,7025
247,7025
246,7025
251,7025
241,7025
239,7025
239,7025
238,7025
237,7025
237,7025
126,85125
126,85125
126,85125
126,85125
126,85125
126,85125
145,85125
170,85125
201,27688
261,55891
248,98969
198,56406
221,13328
207,27688
179,56406
164,56406
163,56406
210,13328
283,27172
281,27172
253,55891
252,55891
237,7025
168,42047
168,42047
168,42047
168,42047
168,42047
168,42047
168,42047
187,42047
212,42047
187,42047
247,7025
248,98969
212,42047
193,42047
193,42047
193,42047
178,42047
177,42047
265,55891
283,27172
239,7025
198,13328
169,42047
168,42047
168,42047
168,42047
168,42047
168,42047
168,42047
168,42047
168,42047
187,42047
212,42047
187,42047
178,42047
207,42047
212,42047
193,42047
193,42047
193,42047
178,42047
177,42047
223,98969
283,27172
281,27172
281,27172
280,27172
251,55891
168,42047
168,42047
168,42047
168,42047
168,42047
168,42047
168,42047
187,42047
212,42047
187,42047
178,42047
207,42047
212,42047
193,42047
193,42047
193,42047
178,42047
177,42047
237,8461
283,27172
281,27172
281,27172
210,98969
209,98969
168,42047
168,42047
168,42047
168,42047
168,42047
168,42047
168,42047
187,42047
212,42047
201,27688
261,55891
248,98969
212,42047
193,42047
193,42047
193,42047
178,42047
232,8461
293,27172
283,27172
281,27172
281,27172
266,41532
168,42047
168,42047
168,42047
168,42047
168,42047
168,42047
168,42047
154,56406
173,56406
198,56406
228,98969
178,42047
290,55891
212,42047
193,42047
193,42047
221,13328
219,98969
288,27172
251,7025
283,27172
267,41532
281,27172
224,8461
182,27688
168,42047
168,42047
168,42047
168,42047
168,42047
168,42047
168,42047
187,42047
212,42047
187,42047
178,42047
207,42047
226,27688
193,42047
193,42047
193,42047
178,42047
177,42047
237,8461
283,27172
281,27172
225,8461
280,27172
196,13328
168,42047
168,42047
168,42047
168,42047
168,42047
168,42047
168,42047
187,42047
212,42047
187,42047
178,42047
207,42047
212,42047
193,42047
193,42047
193,42047
178,42047
177,42047
210,13328
283,27172
281,27172
281,27172
280,27172
223,8461
168,42047
168,42047
168,42047
168,42047
168,42047
168,42047
168,42047
187,42047
212,42047
201,27688
275,41532
318,27172
281,7025
193,42047
193,42047
193,42047
178,42047
177,42047
237,8461
269,41532
281,27172
267,41532
169,42047
168,42047
168,42047
168,42047
168,42047
168,42047
168,42047
168,42047
168,42047
187,42047
212,42047
228,98969
275,41532
207,42047
212,42047
193,42047
193,42047
193,42047
178,42047
191,27688
293,27172
283,27172
281,27172
281,27172
280,27172
196,13328
168,42047
168,42047
168,42047
168,42047
168,42047
168,42047
168,42047
187,42047
212,42047
187,42047
178,42047
207,42047
212,42047
193,42047
193,42047
193,42047
178,42047
177,42047
223,98969
283,27172
281,27172
281,27172
280,27172
182,27688
168,42047
168,42047
168,42047
168,42047
168,42047
168,42047
168,42047
187,42047
212,42047
242,8461
233,8461
235,13328
212,42047
193,42047
193,42047
193,42047
178,42047
177,42047
223,98969
297,12813
295,12813
267,41532
224,8461
196,13328
196,13328
196,13328
196,13328
196,13328
196,13328
196,13328
196,13328
215,13328
240,13328
228,98969
178,42047
207,42047
212,42047
193,42047
193,42047
193,42047
178,42047
177,42047
210,13328
283,27172
281,27172
281,27172
210,98969
168,42047
168,42047
168,42047
168,42047
168,42047
168,42047
168,42047
168,42047
187,42047
212,42047
201,27688
192,27688
262,8461
240,13328
221,13328
221,13328
221,13328
206,13328
205,13328
223,98969
297,12813
295,12813
267,41532
280,27172
196,13328
196,13328
196,13328
196,13328
196,13328
196,13328
154,56406
99,13844
215,13328
240,13328
215,13328
206,13328
235,13328
240,13328
221,13328
221,13328
221,13328
206,13328
205,13328
279,41532
297,12813
295,12813
295,12813
197,13328
196,13328
196,13328
196,13328
196,13328
196,13328
99,13844
99,13844
126,85125
145,85125
170,85125
201,27688
261,55891
290,55891
295,55891
276,55891
234,98969
276,55891
192,27688
163,56406
196,27688
255,55891
253,55891
253,55891
252,55891
196,13328
182,27688
168,42047
168,42047
168,42047
168,42047
168,42047
168,42047
187,42047
212,42047
187,42047
192,27688
221,27688
309,41532
290,41532
207,27688
193,42047
192,27688
205,13328
251,7025
283,27172
281,27172
281,27172
266,41532
182,27688
168,42047
168,42047
168,42047
168,42047
168,42047
168,42047
168,42047
187,42047
212,42047
187,42047
261,55891
248,98969
212,42047
193,42047
193,42047
193,42047
178,42047
177,42047
210,13328
283,27172
281,27172
281,27172
266,41532
182,27688
168,42047
168,42047
168,42047
168,42047
168,42047
168,42047
168,42047
187,42047
226,27688
201,27688
178,42047
207,42047
212,42047
193,42047
193,42047
193,42047
178,42047
177,42047
210,13328
283,27172
281,27172
281,27172
224,8461
182,27688
168,42047
168,42047
168,42047
168,42047
168,42047
168,42047
168,42047
187,42047
212,42047
201,27688
219,98969
318,27172
309,41532
262,7025
234,98969
262,7025
206,13328
218,98969
265,55891
283,27172
281,27172
281,27172
280,27172
209,98969
168,42047
168,42047
168,42047
168,42047
168,42047
168,42047
168,42047
187,42047
212,42047
256,7025
289,27172
318,27172
323,27172
304,27172
248,8461
234,98969
219,98969
205,13328
293,27172
283,27172
281,27172
281,27172
280,27172
209,98969
168,42047
168,42047
168,42047
168,42047
168,42047
168,42047
168,42047
187,42047
212,42047
228,98969
247,7025
235,13328
240,13328
221,13328
221,13328
221,13328
206,13328
205,13328
293,27172
297,12813
295,12813
295,12813
294,12813
279,27172
196,13328
196,13328
196,13328
196,13328
196,13328
196,13328
196,13328
215,13328
240,13328
215,13328
206,13328
235,13328
240,13328
221,13328
221,13328
221,13328
206,13328
205,13328
210,13328
269,41532
281,27172
267,41532
252,55891
196,13328
209,98969
196,13328
196,13328
196,13328
196,13328
196,13328
196,13328
215,13328
240,13328
215,13328
206,13328
235,13328
240,13328
221,13328
221,13328
221,13328
206,13328
205,13328
237,8461
297,12813
295,12813
295,12813
280,27172
196,13328
196,13328
196,13328
196,13328
196,13328
112,99485
154,56406
196,13328
215,13328
240,13328
242,8461
233,8461
276,7025
281,7025
262,7025
262,7025
262,7025
247,7025
246,7025
251,7025
241,7025
239,7025
239,7025
238,7025
237,7025
237,7025
126,85125
126,85125
126,85125
126,85125
126,85125
126,85125
145,85125
170,85125
242,8461
247,7025
248,98969
281,7025
262,7025
193,42047
151,85125
136,85125
135,85125
210,13328
241,7025
239,7025
239,7025
238,7025
196,13328
126,85125
126,85125
126,85125
126,85125
126,85125
126,85125
126,85125
145,85125
212,42047
256,7025
247,7025
276,7025
281,7025
221,13328
151,85125
151,85125
136,85125
205,13328
251,7025
241,7025
239,7025
239,7025
238,7025
237,7025
237,7025
126,85125
126,85125
126,85125
126,85125
126,85125
126,85125
145,85125
170,85125
159,70766
247,7025
276,7025
281,7025
193,42047
207,27688
262,7025
178,42047
177,42047
251,7025
241,7025
239,7025
239,7025
238,7025
237,7025
237,7025
126,85125
126,85125
126,85125
126,85125
126,85125
126,85125
145,85125
212,42047
256,7025
247,7025
276,7025
281,7025
221,13328
151,85125
151,85125
136,85125
205,13328
251,7025
241,7025
239,7025
239,7025
238,7025
237,7025
237,7025
126,85125
126,85125
126,85125
126,85125
126,85125
126,85125
145,85125
170,85125
187,42047
247,7025
276,7025
281,7025
262,7025
262,7025
262,7025
136,85125
205,13328
251,7025
241,7025
239,7025
239,7025
238,7025
237,7025
237,7025
126,85125
126,85125
126,85125
126,85125
126,85125
126,85125
145,85125
170,85125
242,8461
247,7025
276,7025
281,7025
262,7025
262,7025
262,7025
233,8461
177,42047
251,7025
241,7025
253,55891
253,55891
252,55891
223,8461
154,56406
154,56406
154,56406
154,56406
154,56406
154,56406
154,56406
173,56406
198,56406
228,98969
206,13328
207,42047
212,42047
193,42047
193,42047
193,42047
178,42047
177,42047
182,42047
269,41532
281,27172
281,27172
280,27172
182,27688
168,42047
168,42047
168,42047
168,42047
168,42047
168,42047
168,42047
187,42047
212,42047
187,42047
178,42047
207,42047
212,42047
193,42047
193,42047
193,42047
178,42047
177,42047
182,42047
241,7025
253,55891
239,7025
169,42047
168,42047
168,42047
168,42047
168,42047
168,42047
168,42047
168,42047
168,42047
187,42047
212,42047
187,42047
178,42047
207,42047
212,42047
193,42047
193,42047
193,42047
178,42047
177,42047
182,42047
241,7025
239,7025
198,13328
197,13328
196,13328
196,13328
196,13328
154,56406
85,28203
85,28203
85,28203
172,42047
131,99485
202,42047
235,13328
206,13328
208,13328
220,13328
218,13328
215,13328
210,13328
216,13328
173,56406
213,13328
309,12813
223,98969
198,13328
195,13328
196,13328
196,13328
168,42047
112,99485
85,28203
140,70766
196,13328
144,70766
145,85125
230,13328
235,13328
206,13328
208,13328
220,13328
218,13328
215,13328
210,13328
216,13328
215,13328
213,13328
212,13328
210,13328
198,13328
195,13328
196,13328
196,13328
196,13328
196,13328
126,85125
99,13844
99,13844
89,28203
104,28203
188,56406
235,13328
206,13328
208,13328
220,13328
218,13328
215,13328
210,13328
216,13328
215,13328
213,13328
309,12813
307,12813
253,55891
195,13328
196,13328
196,13328
196,13328
196,13328
196,13328
168,42047
85,28203
144,70766
104,28203
174,70766
235,13328
206,13328
208,13328
261,7025
218,13328
215,13328
210,13328
216,13328
215,13328
213,13328
212,13328
237,8461
281,27172
195,13328
196,13328
196,13328
196,13328
182,27688
85,28203
85,28203
85,28203
89,28203
118,13844
230,13328
235,13328
206,13328
208,13328
220,13328
218,13328
215,13328
210,13328
216,13328
215,13328
213,13328
267,55891
251,7025
198,13328
195,13328
196,13328
196,13328
196,13328
196,13328
154,56406
85,28203
85,28203
89,28203
104,28203
230,13328
235,13328
206,13328
208,13328
220,13328
218,13328
215,13328
210,13328
216,13328
215,13328
213,13328
281,41532
307,12813
267,41532
195,13328
196,13328
196,13328
196,13328
196,13328
99,13844
85,28203
85,28203
116,99485
215,13328
230,13328
235,13328
206,13328
208,13328
220,13328
218,13328
215,13328
210,13328
216,13328
215,13328
213,13328
281,41532
307,12813
198,13328
195,13328
196,13328
196,13328
196,13328
196,13328
112,99485
85,28203
168,42047
172,42047
173,56406
230,13328
235,13328
206,13328
208,13328
220,13328
218,13328
215,13328
210,13328
216,13328
215,13328
213,13328
281,41532
307,12813
295,12813
222,8461
196,13328
196,13328
196,13328
182,27688
182,27688
196,13328
196,13328
186,27688
159,70766
230,13328
235,13328
206,13328
208,13328
220,13328
218,13328
215,13328
210,13328
216,13328
215,13328
213,13328
281,41532
307,12813
225,8461
195,13328
196,13328
196,13328
196,13328
196,13328
112,99485
112,99485
99,13844
116,99485
131,99485
243,98969
248,98969
219,98969
221,98969
233,98969
231,98969
228,98969
223,98969
229,98969
228,98969
226,98969
225,98969
237,8461
253,55891
208,98969
209,98969
209,98969
196,13328
112,99485
126,85125
112,99485
112,99485
116,99485
131,99485
146,99485
221,27688
219,98969
221,98969
233,98969
231,98969
228,98969
168,56406
202,27688
228,98969
226,98969
225,98969
223,98969
211,98969
208,98969
209,98969
209,98969
126,85125
112,99485
112,99485
112,99485
112,99485
116,99485
131,99485
216,27688
248,98969
219,98969
221,98969
233,98969
231,98969
228,98969
196,27688
132,99485
131,99485
226,98969
225,98969
237,8461
253,55891
250,55891
209,98969
154,56406
154,56406
154,56406
154,56406
154,56406
154,56406
158,56406
173,56406
188,56406
193,56406
164,56406
166,56406
178,56406
176,56406
173,56406
168,56406
174,56406
173,56406
226,98969
267,55891
265,55891
253,55891
250,55891
154,56406
154,56406
154,56406
154,56406
154,56406
154,56406
154,56406
158,56406
173,56406
188,56406
193,56406
164,56406
166,56406
178,56406
176,56406
173,56406
168,56406
174,56406
173,56406
171,56406
281,41532
293,27172
239,7025
167,42047
168,42047
168,42047
168,42047
168,42047
168,42047
168,42047
168,42047
172,42047
187,42047
202,42047
207,42047
178,42047
180,42047
192,42047
190,42047
187,42047
182,42047
188,42047
187,42047
185,42047
212,13328
293,27172
281,27172
250,55891
168,42047
168,42047
168,42047
168,42047
168,42047
168,42047
168,42047
172,42047
187,42047
202,42047
221,27688
206,13328
208,13328
220,13328
218,13328
215,13328
210,13328
216,13328
215,13328
213,13328
267,55891
307,12813
198,13328
195,13328
196,13328
196,13328
196,13328
196,13328
85,28203
168,42047
196,13328
172,42047
173,56406
230,13328
235,13328
206,13328
208,13328
220,13328
218,13328
215,13328
210,13328
216,13328
215,13328
213,13328
281,41532
307,12813
295,12813
278,27172
196,13328
196,13328
196,13328
196,13328
196,13328
196,13328
112,99485
89,28203
159,70766
230,13328
262,8461
261,55891
208,13328
220,13328
218,13328
215,13328
210,13328
216,13328
215,13328
213,13328
253,7025
265,55891
211,98969
208,98969
209,98969
209,98969
209,98969
209,98969
126,85125
112,99485
112,99485
116,99485
131,99485
230,13328
248,98969
219,98969
221,98969
233,98969
231,98969
228,98969
223,98969
229,98969
228,98969
240,8461
322,98454
334,84094
322,84094
319,84094
320,84094
320,84094
320,84094
320,84094
320,84094
320,84094
320,84094
324,84094
339,84094
354,84094
359,84094
330,84094
332,84094
344,84094
342,84094
339,84094
334,84094
340,84094
339,84094
337,84094
336,84094
334,84094
295,12813
208,98969
209,98969
209,98969
209,98969
126,85125
112,99485
112,99485
112,99485
116,99485
159,70766
243,98969
248,98969
219,98969
221,98969
233,98969
231,98969
228,98969
223,98969
229,98969
228,98969
226,98969
253,7025
307,12813
211,98969
208,98969
209,98969
209,98969
209,98969
209,98969
154,56406
112,99485
112,99485
116,99485
131,99485
230,13328
276,7025
247,7025
249,7025
261,7025
259,7025
256,7025
196,27688
146,85125
187,42047
226,98969
253,7025
251,7025
239,7025
236,7025
237,7025
237,7025
126,85125
126,85125
126,85125
126,85125
126,85125
130,85125
145,85125
160,85125
207,42047
247,7025
249,7025
233,98969
259,7025
256,7025
154,70766
202,27688
228,98969
199,27688
253,7025
265,55891
239,7025
236,7025
237,7025
237,7025
140,70766
126,85125
126,85125
126,85125
126,85125
130,85125
145,85125
216,27688
276,7025
247,7025
249,7025
261,7025
259,7025
228,98969
251,7025
257,7025
256,7025
254,7025
253,7025
251,7025
239,7025
236,7025
237,7025
237,7025
237,7025
237,7025
237,7025
237,7025
237,7025
241,7025
256,7025
271,7025
276,7025
247,7025
249,7025
261,7025
259,7025
256,7025
251,7025
257,7025
256,7025
254,7025
253,7025
251,7025
239,7025
236,7025
237,7025
237,7025
196,13328
154,56406
154,56406
154,56406
154,56406
158,56406
173,56406
216,27688
290,55891
261,55891
263,55891
275,55891
273,55891
270,55891
251,7025
229,98969
270,55891
185,42047
225,98969
265,55891
253,55891
250,55891
251,55891
251,55891
236,7025
153,56406
156,56406
166,56406
183,56406
183,56406
183,56406
184,27688
263,55891
265,55891
263,55891
264,55891
253,55891
280,55891
183,56406
213,56406
208,56406
268,98969
286,55891
295,12813
278,27172
251,55891
250,55891
250,55891
153,56406
153,56406
153,56406
156,56406
166,56406
183,56406
183,56406
183,56406
225,8461
263,55891
265,55891
263,55891
264,55891
253,55891
225,13328
183,56406
255,13328
291,7025
310,55891
314,27172
308,98454
278,27172
279,27172
181,27688
167,42047
167,42047
167,42047
167,42047
170,42047
180,42047
197,42047
197,42047
308,27172
281,27172
291,27172
223,98969
208,13328
209,13328
198,13328
225,13328
238,98969
352,12813
347,12813
352,12813
328,12813
295,12813
278,27172
196,13328
195,13328
195,13328
195,13328
195,13328
195,13328
198,13328
208,13328
225,13328
280,55891
322,12813
295,12813
305,12813
307,12813
221,98969
209,13328
198,13328
225,13328
252,8461
352,12813
347,12813
365,98454
328,12813
295,12813
292,12813
195,13328
195,13328
195,13328
195,13328
195,13328
198,13328
208,13328
225,13328
225,13328
266,7025
295,12813
305,12813
307,12813
305,12813
278,41532
198,13328
225,13328
225,13328
338,27172
347,12813
421,41016
383,55376
281,27172
278,27172
167,42047
167,42047
167,42047
167,42047
167,42047
170,42047
180,42047
238,98969
266,7025
238,98969
295,12813
305,12813
307,12813
277,41532
209,13328
253,55891
252,8461
225,13328
255,13328
347,12813
352,12813
328,12813
239,7025
195,13328
195,13328
195,13328
195,13328
195,13328
195,13328
198,13328
208,13328
225,13328
308,27172
322,12813
295,12813
305,12813
307,12813
305,12813
306,12813
239,7025
266,7025
280,55891
379,84094
374,84094
379,84094
355,84094
281,27172
208,98969
208,98969
208,98969
208,98969
208,98969
208,98969
211,98969
221,98969
238,98969
266,7025
349,84094
322,84094
332,84094
307,12813
332,84094
250,7025
211,98969
238,98969
238,98969
352,12813
374,84094
379,84094
355,84094
225,8461
208,98969
208,98969
208,98969
208,98969
208,98969
208,98969
211,98969
221,98969
238,98969
252,8461
294,41532
267,41532
249,7025
237,8461
221,98969
222,98969
211,98969
238,98969
238,98969
282,8461
319,41532
379,84094
328,12813
211,98969
208,98969
208,98969
208,98969
208,98969
208,98969
208,98969
211,98969
221,98969
238,98969
252,8461
252,8461
225,8461
305,12813
223,98969
235,8461
222,98969
211,98969
238,98969
238,98969
282,8461
319,41532
379,84094
355,84094
211,98969
208,98969
208,98969
208,98969
208,98969
208,98969
208,98969
211,98969
221,98969
252,8461
238,98969
238,98969
211,98969
221,98969
223,98969
235,8461
250,7025
239,7025
238,98969
266,7025
379,84094
374,84094
338,27172
272,7025
211,98969
208,98969
208,98969
208,98969
208,98969
208,98969
208,98969
211,98969
221,98969
238,98969
252,8461
266,7025
267,41532
332,84094
279,41532
221,98969
222,98969
211,98969
238,98969
238,98969
352,12813
374,84094
379,84094
286,55891
211,98969
208,98969
208,98969
208,98969
208,98969
208,98969
208,98969
211,98969
221,98969
238,98969
238,98969
238,98969
253,55891
249,7025
251,7025
249,7025
250,7025
239,7025
266,7025
266,7025
296,7025
291,7025
310,55891
286,55891
253,55891
250,55891
195,13328
153,56406
153,56406
153,56406
153,56406
156,56406
166,56406
238,98969
280,55891
280,55891
253,55891
263,55891
237,8461
166,56406
167,56406
156,56406
183,56406
183,56406
241,27688
305,55891
310,55891
286,55891
253,55891
250,55891
153,56406
153,56406
153,56406
153,56406
153,56406
156,56406
166,56406
238,98969
280,55891
280,55891
253,55891
263,55891
251,7025
221,98969
222,98969
156,56406
197,42047
280,55891
241,27688
333,27172
338,27172
314,27172
253,55891
167,42047
167,42047
167,42047
167,42047
167,42047
167,42047
170,42047
180,42047
197,42047
211,27688
197,42047
198,13328
180,42047
182,42047
180,42047
181,42047
170,42047
197,42047
197,42047
227,42047
319,41532
352,12813
258,8461
198,13328
195,13328
195,13328
195,13328
195,13328
195,13328
195,13328
198,13328
208,13328
225,13328
225,13328
225,13328
198,13328
208,13328
210,13328
208,13328
209,13328
198,13328
225,13328
225,13328
255,13328
263,98969
352,12813
314,27172
239,7025
195,13328
195,13328
195,13328
195,13328
195,13328
195,13328
198,13328
208,13328
225,13328
225,13328
225,13328
198,13328
208,13328
210,13328
208,13328
209,13328
198,13328
225,13328
225,13328
255,13328
277,8461
352,12813
328,12813
225,8461
195,13328
195,13328
195,13328
195,13328
195,13328
195,13328
198,13328
208,13328
225,13328
225,13328
225,13328
198,13328
208,13328
237,8461
208,13328
209,13328
198,13328
225,13328
225,13328
255,13328
305,55891
352,12813
328,12813
225,8461
195,13328
195,13328
195,13328
195,13328
195,13328
195,13328
198,13328
208,13328
225,13328
225,13328
225,13328
198,13328
249,7025
210,13328
208,13328
209,13328
198,13328
225,13328
225,13328
255,13328
263,98969
352,12813
328,12813
211,98969
195,13328
195,13328
195,13328
195,13328
195,13328
195,13328
198,13328
208,13328
225,13328
225,13328
225,13328
198,13328
208,13328
210,13328
208,13328
209,13328
198,13328
225,13328
225,13328
255,13328
277,8461
352,12813
328,12813
225,8461
195,13328
195,13328
195,13328
195,13328
195,13328
195,13328
198,13328
208,13328
225,13328
225,13328
225,13328
198,13328
208,13328
210,13328
208,13328
209,13328
198,13328
225,13328
225,13328
255,13328
250,13328
352,12813
328,12813
198,13328
195,13328
195,13328
195,13328
195,13328
195,13328
195,13328
198,13328
208,13328
225,13328
225,13328
225,13328
198,13328
208,13328
210,13328
208,13328
209,13328
198,13328
225,13328
225,13328
255,13328
305,55891
352,12813
286,55891
198,13328
195,13328
195,13328
195,13328
195,13328
195,13328
195,13328
198,13328
208,13328
225,13328
238,98969
225,13328
225,8461
277,41532
210,13328
208,13328
209,13328
198,13328
225,13328
225,13328
255,13328
347,12813
352,12813
314,27172
198,13328
195,13328
195,13328
195,13328
195,13328
195,13328
195,13328
198,13328
208,13328
225,13328
225,13328
225,13328
198,13328
208,13328
210,13328
208,13328
209,13328
198,13328
225,13328
225,13328
255,13328
277,8461
352,12813
328,12813
211,98969
195,13328
195,13328
195,13328
195,13328
195,13328
195,13328
198,13328
208,13328
225,13328
225,13328
225,13328
198,13328
208,13328
210,13328
208,13328
209,13328
198,13328
252,8461
308,27172
352,12813
347,12813
352,12813
328,12813
253,55891
195,13328
195,13328
195,13328
195,13328
195,13328
195,13328
198,13328
208,13328
225,13328
225,13328
225,13328
225,8461
305,12813
307,12813
221,98969
222,98969
211,98969
238,98969
238,98969
268,98969
263,98969
365,98454
314,27172
211,98969
208,98969
208,98969
167,42047
111,99485
111,99485
111,99485
114,99485
166,56406
238,98969
238,98969
238,98969
211,98969
221,98969
223,98969
221,98969
222,98969
211,98969
238,98969
238,98969
268,98969
263,98969
310,55891
286,55891
211,98969
208,98969
208,98969
167,42047
111,99485
111,99485
111,99485
114,99485
124,99485
238,98969
238,98969
238,98969
211,98969
221,98969
223,98969
221,98969
222,98969
211,98969
238,98969
238,98969
268,98969
263,98969
352,12813
258,8461
211,98969
208,98969
230,98969
230,98969
230,98969
230,98969
230,98969
217,13328
203,35125
286,48969
286,48969
286,98969
314,12813
354,41532
323,98969
313,98969
230,98969
230,98969
286,48969
286,48969
353,98969
377,8461
433,27172
369,41532
261,98969
230,98969
230,98969
230,98969
230,98969
217,13328
147,85125
133,99485
258,77688
286,48969
286,48969
286,98969
230,98969
298,98969
323,98969
313,98969
230,98969
230,98969
286,48969
286,48969
353,98969
391,7025
433,27172
341,7025
289,7025
258,7025
217,13328
147,85125
147,85125
147,85125
147,85125
147,85125
203,35125
203,35125
272,63328
314,7025
258,7025
326,7025
351,7025
341,7025
258,7025
258,7025
314,2025
314,2025
381,7025
391,7025
419,41532
341,7025
289,7025
258,7025
258,7025
189,42047
147,85125
147,85125
147,85125
147,85125
203,35125
272,63328
314,2025
314,7025
258,7025
326,7025
351,7025
341,7025
258,7025
203,27688
244,92047
244,92047
395,55891
405,55891
405,55891
369,41532
303,55891
272,55891
175,56406
175,56406
175,56406
175,56406
175,56406
175,56406
231,06406
231,06406
300,3461
328,55891
272,55891
340,55891
365,55891
355,55891
175,56406
175,56406
231,06406
231,06406
298,56406
363,98969
433,27172
383,27172
234,27688
189,42047
189,42047
189,42047
189,42047
189,42047
189,42047
189,42047
244,92047
244,92047
244,92047
245,42047
189,42047
257,42047
351,7025
272,42047
189,42047
189,42047
244,92047
244,92047
312,42047
350,13328
433,27172
383,27172
289,7025
189,42047
189,42047
189,42047
189,42047
189,42047
189,42047
189,42047
244,92047
244,92047
244,92047
245,42047
189,42047
298,98969
323,98969
272,42047
189,42047
189,42047
244,92047
244,92047
312,42047
377,8461
433,27172
383,27172
331,27172
189,42047
189,42047
189,42047
189,42047
189,42047
189,42047
189,42047
244,92047
244,92047
244,92047
273,13328
189,42047
257,42047
282,42047
272,42047
189,42047
189,42047
244,92047
272,63328
423,27172
433,27172
433,27172
383,27172
289,7025
189,42047
189,42047
189,42047
189,42047
189,42047
189,42047
189,42047
244,92047
272,63328
258,77688
328,55891
300,27172
368,27172
351,7025
300,13328
189,42047
230,98969
286,48969
355,77172
395,55891
391,7025
433,27172
383,27172
303,55891
189,42047
189,42047
189,42047
189,42047
189,42047
189,42047
189,42047
244,92047
244,92047
244,92047
259,27688
203,27688
257,42047
282,42047
272,42047
189,42047
189,42047
244,92047
244,92047
312,42047
405,55891
433,27172
383,27172
317,41532
189,42047
189,42047
189,42047
189,42047
189,42047
189,42047
189,42047
244,92047
244,92047
258,77688
273,13328
217,13328
257,42047
282,42047
272,42047
189,42047
189,42047
244,92047
244,92047
312,42047
405,55891
433,27172
383,27172
331,27172
300,27172
189,42047
189,42047
189,42047
189,42047
189,42047
189,42047
244,92047
244,92047
244,92047
342,41532
300,27172
368,27172
365,55891
272,42047
189,42047
189,42047
244,92047
286,48969
353,98969
433,27172
433,27172
383,27172
303,55891
189,42047
189,42047
189,42047
189,42047
189,42047
189,42047
189,42047
244,92047
244,92047
244,92047
245,42047
230,98969
368,27172
282,42047
272,42047
189,42047
189,42047
244,92047
244,92047
326,27688
322,42047
419,41532
355,55891
248,13328
217,13328
217,13328
217,13328
217,13328
217,13328
217,13328
217,13328
272,63328
272,63328
272,63328
273,13328
217,13328
285,13328
310,13328
300,13328
217,13328
217,13328
272,63328
272,63328
340,13328
350,13328
405,55891
383,27172
248,13328
217,13328
217,13328
217,13328
217,13328
217,13328
217,13328
217,13328
203,35125
244,92047
258,77688
245,42047
189,42047
257,42047
282,42047
272,42047
189,42047
189,42047
244,92047
258,77688
326,27688
419,41532
433,27172
383,27172
248,13328
189,42047
189,42047
189,42047
189,42047
189,42047
189,42047
189,42047
244,92047
244,92047
203,35125
148,42563
92,42563
160,42563
185,42563
286,27688
189,42047
189,42047
244,92047
244,92047
312,42047
322,42047
419,41532
397,12813
289,7025
217,13328
217,13328
217,13328
217,13328
217,13328
217,13328
189,42047
272,63328
272,63328
272,63328
273,13328
217,13328
285,13328
310,13328
300,13328
217,13328
217,13328
272,63328
272,63328
340,13328
350,13328
419,41532
397,12813
275,8461
217,13328
217,13328
217,13328
217,13328
217,13328
217,13328
217,13328
272,63328
272,63328
272,63328
286,98969
217,13328
285,13328
310,13328
300,13328
217,13328
217,13328
272,63328
272,63328
340,13328
350,13328
391,7025
397,12813
345,12813
230,98969
217,13328
217,13328
217,13328
217,13328
217,13328
217,13328
272,63328
272,63328
272,63328
314,7025
258,7025
354,41532
323,98969
300,13328
217,13328
217,13328
272,63328
272,63328
340,13328
350,13328
377,8461
327,8461
289,7025
217,13328
217,13328
217,13328
217,13328
217,13328
217,13328
217,13328
272,63328
272,63328
272,63328
273,13328
217,13328
285,13328
310,13328
300,13328
217,13328
217,13328
272,63328
272,63328
340,13328
350,13328
391,7025
397,12813
248,13328
217,13328
217,13328
217,13328
217,13328
217,13328
217,13328
217,13328
272,63328
272,63328
272,63328
273,13328
217,13328
285,13328
310,13328
300,13328
217,13328
217,13328
272,63328
272,63328
340,13328
377,8461
405,55891
397,12813
289,7025
217,13328
217,13328
217,13328
217,13328
217,13328
217,13328
217,13328
272,63328
272,63328
272,63328
286,98969
217,13328
285,13328
310,13328
300,13328
217,13328
217,13328
272,63328
272,63328
340,13328
350,13328
419,41532
397,12813
345,12813
230,98969
217,13328
217,13328
217,13328
217,13328
217,13328
217,13328
272,63328
272,63328
300,3461
273,13328
217,13328
285,13328
310,13328
300,13328
217,13328
217,13328
272,63328
272,63328
340,13328
350,13328
419,41532
397,12813
275,8461
217,13328
217,13328
217,13328
217,13328
217,13328
217,13328
217,13328
272,63328
272,63328
272,63328
273,13328
217,13328
285,13328
323,98969
300,13328
217,13328
217,13328
272,63328
272,63328
340,13328
419,41532
447,12813
369,41532
275,8461
217,13328
217,13328
217,13328
217,13328
217,13328
217,13328
217,13328
272,63328
272,63328
272,63328
273,13328
217,13328
285,13328
365,55891
383,27172
217,13328
217,13328
272,63328
272,63328
340,13328
419,41532
460,98454
507,97938
275,8461
217,13328
217,13328
217,13328
217,13328
203,27688
147,85125
147,85125
244,92047
314,2025
314,2025
314,7025
258,7025
326,7025
351,7025
341,7025
258,7025
258,7025
314,2025
314,2025
381,7025
391,7025
391,7025
341,7025
289,7025
258,7025
258,7025
258,7025
230,98969
147,85125
147,85125
147,85125
231,06406
314,2025
314,2025
314,7025
258,7025
326,7025
351,7025
300,13328
258,7025
258,7025
286,48969
314,2025
381,7025
391,7025
391,7025
383,27172
289,7025
258,7025
203,27688
147,85125
147,85125
147,85125
147,85125
147,85125
203,35125
244,92047
314,2025
314,7025
78,56922
215,85125
282,42047
258,56406
175,56406
175,56406
231,06406
231,06406
298,56406
308,56406
308,56406
258,56406
206,56406
175,56406
175,56406
175,56406
175,56406
175,56406
175,56406
175,56406
231,06406
231,06406
231,06406
231,56406
175,56406
312,8461
310,13328
300,13328
217,13328
217,13328
272,63328
272,63328
340,13328
405,55891
447,12813
397,12813
289,7025
217,13328
217,13328
217,13328
217,13328
217,13328
217,13328
175,56406
272,63328
272,63328
272,63328
300,8461
314,12813
382,12813
393,27172
300,13328
217,13328
217,13328
272,63328
300,3461
353,98969
433,27172
447,12813
397,12813
331,27172
217,13328
217,13328
217,13328
217,13328
217,13328
217,13328
217,13328
272,63328
272,63328
272,63328
273,13328
230,98969
354,41532
407,12813
313,98969
230,98969
230,98969
286,48969
286,48969
353,98969
377,8461
447,12813
424,84094
275,8461
230,98969
248,98969
248,98969
248,98969
248,98969
248,98969
248,98969
343,98969
373,98969
293,98969
293,98969
253,98969
507,12813
499,41532
373,98969
278,98969
275,98969
327,98969
338,98969
441,7025
510,98454
483,27172
524,84094
444,27172
248,98969
248,98969
248,98969
248,98969
248,98969
248,98969
165,85125
330,13328
373,98969
293,98969
293,98969
253,98969
437,8461
443,98969
387,8461
306,7025
275,98969
327,98969
338,98969
413,98969
413,98969
469,41532
524,84094
444,27172
248,98969
248,98969
248,98969
248,98969
248,98969
248,98969
151,99485
288,56406
373,98969
293,98969
293,98969
253,98969
423,98969
443,98969
373,98969
278,98969
275,98969
327,98969
422,12813
441,7025
441,7025
497,12813
497,12813
458,12813
276,7025
248,98969
248,98969
248,98969
248,98969
248,98969
248,98969
302,42047
332,42047
293,98969
293,98969
281,7025
437,8461
485,55891
373,98969
278,98969
275,98969
327,98969
338,98969
413,98969
413,98969
455,55891
524,84094
416,55891
248,98969
248,98969
248,98969
248,98969
248,98969
248,98969
248,98969
343,98969
373,98969
293,98969
293,98969
253,98969
423,98969
443,98969
373,98969
278,98969
275,98969
327,98969
338,98969
413,98969
455,55891
413,98969
455,55891
388,8461
248,98969
248,98969
248,98969
248,98969
248,98969
248,98969
179,70766
330,13328
373,98969
293,98969
293,98969
253,98969
437,8461
471,7025
401,7025
306,7025
303,7025
355,7025
366,7025
427,8461
427,8461
497,12813
497,12813
416,55891
235,13328
235,13328
235,13328
235,13328
235,13328
235,13328
235,13328
330,13328
360,13328
280,13328
280,13328
267,8461
410,13328
430,13328
360,13328
265,13328
262,13328
314,13328
325,13328
455,55891
497,12813
497,12813
524,84094
458,12813
235,13328
235,13328
235,13328
235,13328
235,13328
235,13328
235,13328
330,13328
360,13328
307,8461
349,41532
309,41532
507,12813
471,7025
360,13328
292,8461
359,12813
341,8461
422,12813
400,13328
469,41532
497,12813
510,98454
458,12813
290,55891
235,13328
235,13328
235,13328
235,13328
235,13328
235,13328
330,13328
360,13328
280,13328
293,98969
337,12813
507,12813
443,98969
373,98969
265,13328
262,13328
383,41532
366,7025
469,41532
413,98969
469,41532
497,12813
388,8461
235,13328
235,13328
235,13328
235,13328
235,13328
235,13328
235,13328
330,13328
360,13328
280,13328
280,13328
267,8461
423,98969
430,13328
373,98969
278,98969
275,98969
327,98969
338,98969
413,98969
413,98969
413,98969
427,8461
374,98969
248,98969
248,98969
248,98969
248,98969
235,13328
248,98969
179,70766
343,98969
373,98969
293,98969
293,98969
253,98969
465,55891
443,98969
373,98969
278,98969
275,98969
327,98969
338,98969
413,98969
455,55891
441,7025
524,84094
416,55891
248,98969
248,98969
248,98969
248,98969
248,98969
248,98969
151,99485
274,70766
373,98969
293,98969
293,98969
253,98969
437,8461
443,98969
373,98969
278,98969
275,98969
327,98969
338,98969
413,98969
455,55891
455,55891
469,41532
416,55891
290,55891
290,55891
290,55891
235,13328
193,56406
193,56406
193,56406
288,56406
318,56406
266,27688
321,7025
337,12813
479,41532
457,8461
360,13328
265,13328
262,13328
341,8461
408,27172
441,7025
400,13328
441,7025
497,12813
458,12813
235,13328
235,13328
235,13328
235,13328
235,13328
235,13328
235,13328
330,13328
360,13328
280,13328
280,13328
253,98969
437,8461
457,8461
387,8461
278,98969
275,98969
327,98969
352,8461
455,55891
483,27172
510,98454
524,84094
444,27172
248,98969
248,98969
248,98969
248,98969
248,98969
248,98969
248,98969
343,98969
373,98969
293,98969
363,27172
281,7025
437,8461
443,98969
373,98969
292,8461
317,55891
327,98969
338,98969
413,98969
469,41532
497,12813
566,41016
527,41016
318,27172
290,55891
290,55891
290,55891
221,27688
193,56406
193,56406
288,56406
373,98969
335,55891
335,55891
295,55891
465,55891
485,55891
415,55891
320,55891
317,55891
369,55891
380,55891
455,55891
455,55891
469,41532
483,27172
444,27172
318,27172
318,27172
248,98969
207,42047
207,42047
207,42047
221,27688
330,13328
360,13328
363,27172
377,12813
337,12813
507,12813
443,98969
360,13328
320,55891
331,41532
327,98969
366,7025
469,41532
441,7025
469,41532
538,69735
499,69735
318,27172
276,7025
276,7025
276,7025
276,7025
276,7025
248,98969
357,8461
373,98969
210,85125
363,27172
350,98454
493,27172
485,55891
401,7025
306,7025
303,7025
355,7025
366,7025
497,12813
497,12813
538,69735
566,41016
513,55376
290,55891
290,55891
290,55891
290,55891
290,55891
290,55891
193,56406
357,8461
443,27172
363,27172
363,27172
323,27172
493,27172
513,27172
443,27172
348,27172
345,27172
397,27172
408,27172
483,27172
483,27172
510,98454
580,26657
485,84094
318,27172
276,7025
207,42047
221,27688
207,42047
221,27688
207,42047
302,42047
373,98969
363,27172
363,27172
323,27172
493,27172
513,27172
443,27172
348,27172
345,27172
397,27172
408,27172
483,27172
483,27172
510,98454
607,97938
471,98454
332,12813
318,27172
235,13328
235,13328
235,13328
235,13328
235,13328
330,13328
360,13328
349,41532
377,12813
337,12813
507,12813
527,12813
429,41532
265,13328
317,55891
341,8461
422,12813
497,12813
497,12813
524,84094
607,97938
471,98454
332,12813
290,55891
262,8461
235,13328
235,13328
235,13328
235,13328
357,8461
457,12813
377,12813
377,12813
337,12813
576,41016
513,27172
443,27172
348,27172
345,27172
397,27172
408,27172
510,98454
580,26657
580,26657
635,69219
541,26657
345,98454
318,27172
318,27172
318,27172
318,27172
318,27172
235,13328
343,98969
429,41532
377,12813
377,12813
378,69735
590,26657
568,69735
457,12813
362,12813
345,27172
411,12813
422,12813
497,12813
497,12813
497,12813
594,12297
499,69735
332,12813
332,12813
304,41532
248,98969
235,13328
235,13328
235,13328
343,98969
457,12813
377,12813
377,12813
337,12813
507,12813
554,84094
457,12813
362,12813
359,12813
411,12813
422,12813
497,12813
594,12297
607,97938
607,97938
568,97938
401,41016
332,12813
332,12813
304,41532
262,8461
248,98969
235,13328
385,55891
457,12813
377,12813
377,12813
337,12813
548,69735
527,12813
457,12813
362,12813
359,12813
411,12813
422,12813
455,55891
455,55891
497,12813
635,69219
527,41016
345,98454
276,7025
276,7025
276,7025
276,7025
276,7025
276,7025
371,7025
401,7025
335,55891
418,69735
378,69735
548,69735
499,41532
401,7025
306,7025
345,27172
424,98454
366,7025
538,69735
538,69735
538,69735
635,69219
513,55376
345,98454
276,7025
276,7025
276,7025
276,7025
276,7025
276,7025
371,7025
401,7025
321,7025
335,55891
378,69735
534,84094
513,27172
429,41532
389,84094
400,69735
369,55891
366,7025
469,41532
538,69735
538,69735
594,12297
499,69735
373,69735
276,7025
276,7025
276,7025
276,7025
276,7025
276,7025
371,7025
401,7025
321,7025
349,41532
309,41532
479,41532
554,84094
415,55891
389,84094
386,84094
369,55891
366,7025
455,55891
538,69735
552,55376
635,69219
499,69735
304,41532
276,7025
276,7025
276,7025
276,7025
276,7025
276,7025
371,7025
401,7025
363,27172
404,84094
378,69735
548,69735
568,69735
498,69735
320,55891
331,41532
355,7025
366,7025
538,69735
538,69735
538,69735
538,69735
499,69735
373,69735
276,7025
276,7025
276,7025
276,7025
276,7025
276,7025
371,7025
401,7025
321,7025
390,98454
378,69735
534,84094
568,69735
443,27172
403,69735
386,84094
383,41532
394,41532
538,69735
483,27172
538,69735
552,55376
499,69735
304,41532
276,7025
276,7025
276,7025
276,7025
276,7025
276,7025
371,7025
415,55891
349,41532
349,41532
295,55891
576,41016
554,84094
443,27172
334,41532
303,7025
355,7025
366,7025
538,69735
510,98454
538,69735
552,55376
499,69735
373,69735
276,7025
276,7025
276,7025
276,7025
276,7025
276,7025
371,7025
415,55891
377,12813
390,98454
337,12813
479,41532
499,41532
415,55891
334,41532
317,55891
369,55891
380,55891
455,55891
524,84094
580,26657
580,26657
541,26657
332,12813
318,27172
318,27172
276,7025
248,98969
235,13328
207,42047
357,8461
443,27172
363,27172
377,12813
350,98454
520,98454
527,12813
429,41532
362,12813
359,12813
411,12813
422,12813
497,12813
510,98454
538,69735
607,97938
568,97938
345,98454
337,12813
309,41532
267,8461
240,13328
253,98969
253,98969
437,98969
538,27172
442,34094
442,34094
380,69735
554,84094
624,84094
584,84094
362,12813
372,98454
440,98454
454,84094
624,84094
624,84094
636,69735
713,83579
709,83579
438,69735
364,84094
364,84094
364,84094
364,84094
364,84094
364,84094
548,84094
579,84094
442,34094
442,34094
380,69735
554,84094
624,84094
584,84094
362,12813
372,98454
440,98454
454,84094
624,84094
624,84094
636,69735
713,83579
654,41016
313,98969
253,98969
253,98969
253,98969
253,98969
253,98969
184,70766
424,13328
468,98969
331,48969
331,48969
255,98969
457,8461
541,7025
501,7025
306,7025
303,7025
371,7025
371,7025
527,8461
527,8461
595,12813
589,12813
543,55891
300,13328
240,13328
240,13328
240,13328
240,13328
240,13328
240,13328
424,13328
455,13328
317,63328
317,63328
269,8461
430,13328
500,13328
460,13328
265,13328
262,13328
330,13328
330,13328
555,55891
597,12813
595,12813
616,84094
585,12813
300,13328
240,13328
240,13328
240,13328
240,13328
240,13328
240,13328
424,13328
455,13328
345,3461
386,91532
311,41532
527,12813
541,7025
460,13328
292,8461
359,12813
357,8461
427,12813
500,13328
569,41532
595,12813
602,98454
585,12813
355,55891
337,12813
337,12813
337,12813
337,12813
337,12813
240,13328
451,8461
552,12813
414,62813
414,62813
366,84094
568,69735
694,12297
640,26657
389,84094
345,27172
413,27172
413,27172
638,69735
680,26657
678,26657
672,26657
668,26657
480,26657
350,98454
337,12813
337,12813
337,12813
337,12813
240,13328
424,13328
524,41532
414,62813
428,48454
380,69735
637,97938
666,41016
557,12813
362,12813
359,12813
427,12813
427,12813
597,12813
652,55376
705,97938
699,97938
695,97938
480,26657
337,12813
281,7025
281,7025
281,7025
281,7025
281,7025
465,7025
524,41532
456,19735
456,19735
380,69735
568,69735
638,69735
598,69735
403,69735
400,69735
468,69735
468,69735
638,69735
638,69735
636,69735
630,69735
626,69735
438,69735
378,69735
378,69735
378,69735
378,69735
378,69735
378,69735
562,69735
593,69735
456,19735
456,19735
380,69735
596,41016
680,26657
626,41016
431,41016
414,55376
482,55376
496,41016
666,41016
666,41016
733,69219
741,5486
723,69219
521,83579
364,84094
337,12813
337,12813
337,12813
337,12813
323,27172
521,12813
552,12813
428,48454
525,47938
408,41016
637,97938
707,97938
667,97938
403,69735
414,55376
427,12813
496,41016
707,97938
707,97938
705,97938
783,11782
709,83579
507,97938
420,26657
337,12813
337,12813
337,12813
337,12813
337,12813
521,12813
552,12813
456,19735
525,47938
449,97938
637,97938
707,97938
654,12297
375,98454
359,12813
427,12813
440,98454
666,41016
666,41016
692,12297
755,40501
709,83579
466,41016
406,41016
309,41532
295,55891
295,55891
295,55891
295,55891
479,55891
538,27172
483,91016
483,91016
408,41016
610,26657
680,26657
626,41016
431,41016
428,41016
496,41016
496,41016
666,41016
694,12297
761,40501
755,40501
751,40501
521,83579
406,41016
406,41016
309,41532
295,55891
295,55891
295,55891
479,55891
552,12813
470,05376
483,91016
408,41016
596,41016
666,41016
626,41016
431,41016
428,41016
496,41016
496,41016
666,41016
735,69219
761,40501
755,40501
751,40501
507,97938
406,41016
337,12813
295,55891
295,55891
295,55891
295,55891
479,55891
510,55891
414,62813
483,91016
408,41016
596,41016
666,41016
626,41016
431,41016
428,41016
496,41016
496,41016
666,41016
666,41016
664,41016
658,41016
654,41016
466,41016
392,55376
295,55891
295,55891
295,55891
295,55891
295,55891
479,55891
524,41532
442,34094
483,91016
408,41016
596,41016
666,41016
626,41016
431,41016
428,41016
496,41016
496,41016
666,41016
666,41016
747,5486
783,11782
737,5486
480,26657
378,69735
323,27172
323,27172
323,27172
323,27172
323,27172
507,27172
538,27172
456,19735
497,76657
449,97938
637,97938
707,97938
654,12297
403,69735
386,84094
454,84094
454,84094
707,97938
721,83579
719,83579
727,69219
709,83579
438,69735
364,84094
337,12813
253,98969
281,7025
281,7025
281,7025
465,7025
496,7025
442,34094
483,91016
477,69219
679,5486
694,12297
598,69735
403,69735
400,69735
468,69735
482,55376
694,12297
749,5486
747,5486
783,11782
737,5486
549,5486
378,69735
378,69735
337,12813
323,27172
281,7025
281,7025
465,7025
510,55891
483,91016
539,33579
463,83579
679,5486
749,5486
709,5486
445,26657
414,55376
496,41016
496,41016
666,41016
694,12297
761,40501
755,40501
723,69219
535,69219
364,84094
295,55891
295,55891
295,55891
295,55891
295,55891
479,55891
524,41532
456,19735
483,91016
408,41016
596,41016
680,26657
626,41016
445,26657
428,41016
496,41016
496,41016
666,41016
707,97938
761,40501
755,40501
751,40501
549,5486
378,69735
337,12813
323,27172
323,27172
323,27172
323,27172
507,27172
538,27172
442,34094
483,91016
408,41016
624,12297
707,97938
667,97938
472,97938
456,12297
482,55376
537,97938
707,97938
707,97938
747,5486
796,97423
751,40501
507,97938
392,55376
337,12813
337,12813
337,12813
337,12813
281,7025
465,7025
565,98454
456,19735
470,05376
477,69219
679,5486
749,5486
640,26657
445,26657
456,12297
482,55376
482,55376
735,69219
721,83579
761,40501
783,11782
737,5486
535,69219
434,12297
392,55376
323,27172
309,41532
253,98969
267,8461
479,55891
510,55891
470,05376
483,91016
408,41016
596,41016
666,41016
667,97938
445,26657
442,26657
468,69735
496,41016
680,26657
707,97938
747,5486
783,11782
737,5486
494,12297
392,55376
323,27172
323,27172
309,41532
295,55891
295,55891
479,55891
510,55891
428,48454
483,91016
408,41016
596,41016
666,41016
626,41016
431,41016
428,41016
496,41016
468,69735
666,41016
666,41016
733,69219
755,40501
751,40501
466,41016
392,55376
295,55891
295,55891
295,55891
295,55891
295,55891
451,8461
510,55891
414,62813
442,34094
380,69735
637,97938
707,97938
667,97938
417,55376
386,84094
468,69735
537,97938
707,97938
707,97938
719,83579
921,68188
931,53829
646,54345
489,5486
461,83579
364,84094
364,84094
364,84094
364,84094
548,84094
635,26657
553,19219
650,18704
574,68704
818,11266
874,25626
806,54345
597,68704
566,97423
579,5486
607,26141
846,54345
915,82548
955,3947
949,3947
889,96907
646,54345
489,5486
489,5486
378,69735
378,69735
378,69735
378,69735
562,69735
593,69735
553,19219
636,33063
588,54345
776,54345
846,54345
792,68704
542,26141
511,5486
607,26141
648,83063
846,54345
888,11266
955,3947
1018,67673
903,82548
646,54345
503,40501
489,5486
420,26657
378,69735
378,69735
378,69735
562,69735
690,69219
580,90501
664,04345
574,68704
776,54345
721,83579
598,69735
403,69735
442,26657
634,97423
621,11782
874,25626
888,11266
913,82548
935,53829
876,11266
604,97423
559,26141
462,26657
462,26657
462,26657
462,26657
394,98454
542,27172
632,55376
647,97938
623,40501
496,41016
634,41016
671,41016
730,40501
553,40501
534,5486
537,97938
635,26141
753,11782
776,11782
792,97423
798,83063
821,54345
665,97423
489,97938
420,69735
420,69735
420,69735
420,69735
394,98454
500,7025
549,41532
592,55376
595,69219
593,40501
759,11782
782,26141
730,40501
553,40501
548,40501
551,83579
621,40501
725,40501
817,68704
889,96907
909,68188
835,39985
624,40501
503,83579
434,55376
420,69735
420,69735
379,12813
353,41532
528,41532
618,69735
661,83579
609,5486
579,5486
717,5486
754,5486
716,5486
539,5486
534,5486
579,5486
607,5486
711,5486
776,11782
876,11266
854,25626
821,54345
610,5486
517,69219
420,69735
434,55376
420,69735
420,69735
353,41532
514,55891
604,84094
620,26657
609,5486
579,5486
745,26141
796,11782
758,11782
581,11782
520,69219
593,40501
593,69219
739,26141
859,25626
931,53829
937,3947
821,54345
652,11782
531,5486
476,12297
448,41016
420,69735
406,84094
367,27172
528,41532
618,69735
634,12297
581,83579
662,68704
800,68704
796,11782
730,40501
539,5486
534,5486
565,69219
593,69219
739,26141
817,68704
889,96907
895,82548
835,39985
638,26141
503,83579
448,41016
434,55376
420,69735
406,84094
381,12813
528,41532
604,84094
620,26657
637,26141
621,11782
759,11782
796,11782
758,11782
581,11782
576,11782
565,69219
621,40501
753,11782
803,83063
903,82548
923,53829
890,82548
721,39985
559,26141
476,12297
448,41016
420,69735
406,84094
408,84094
514,55891
632,55376
661,83579
651,11782
593,40501
772,97423
809,97423
771,97423
581,11782
492,97938
537,97938
649,11782
794,68704
900,82548
889,96907
868,11266
821,54345
652,11782
517,69219
462,26657
379,12813
365,27172
365,27172
367,27172
542,27172
563,27172
620,26657
567,97938
621,11782
759,11782
796,11782
758,11782
581,11782
576,11782
524,12297
621,40501
753,11782
831,54345
917,68188
895,82548
863,11266
665,97423
503,83579
489,97938
392,98454
379,12813
379,12813
381,12813
556,12813
577,12813
634,12297
664,97423
634,97423
772,97423
809,97423
771,97423
539,5486
492,97938
537,97938
565,97938
766,97423
886,96907
903,82548
895,82548
863,11266
679,83063
559,26141
462,26657
392,98454
365,27172
365,27172
367,27172
542,27172
604,84094
647,97938
609,5486
621,11782
759,11782
796,11782
758,11782
567,26141
576,11782
621,11782
649,11782
753,11782
900,82548
945,3947
923,53829
821,54345
652,11782
517,69219
448,41016
379,12813
406,84094
406,84094
394,98454
542,27172
604,84094
647,97938
581,83579
551,83579
856,11266
851,54345
730,40501
581,11782
548,40501
593,40501
649,11782
836,25626
900,82548
959,2511
937,3947
849,25626
735,25626
503,83579
434,55376
406,84094
406,84094
406,84094
408,84094
583,84094
604,84094
592,55376
581,83579
662,68704
703,69219
602,12813
813,54345
581,11782
506,83579
551,83579
579,83579
766,97423
817,68704
917,68188
909,68188
821,54345
693,68704
503,83579
448,41016
406,84094
406,84094
406,84094
381,12813
556,12813
604,84094
661,83579
595,69219
593,40501
759,11782
768,40501
688,83579
511,83579
506,83579
551,83579
593,69219
739,26141
859,25626
903,82548
895,82548
835,39985
693,68704
517,69219
448,41016
434,55376
392,98454
392,98454
367,27172
542,27172
577,12813
647,97938
609,5486
634,97423
772,97423
796,11782
688,83579
525,69219
492,97938
537,97938
649,11782
780,83063
900,82548
973,10751
895,82548
835,39985
652,11782
462,26657
406,84094
365,27172
365,27172
365,27172
367,27172
528,41532
590,98454
606,41016
554,12297
593,40501
731,40501
726,83579
674,97938
497,97938
465,26657
593,40501
607,5486
794,68704
873,11266
959,2511
1006,67673
890,82548
693,68704
503,83579
448,41016
406,84094
406,84094
406,84094
381,12813
542,27172
604,84094
647,97938
609,5486
662,68704
745,26141
782,26141
716,5486
539,5486
520,69219
579,5486
607,5486
794,68704
886,96907
945,3947
923,53829
821,54345
638,26141
531,5486
434,55376
420,69735
420,69735
420,69735
367,27172
500,7025
618,69735
647,97938
609,5486
648,83063
800,68704
796,11782
716,5486
539,5486
534,5486
579,5486
607,5486
780,83063
859,25626
945,3947
937,3947
863,11266
638,26141
531,5486
462,26657
420,69735
420,69735
420,69735
422,69735
583,84094
618,69735
661,83579
609,5486
579,5486
731,40501
768,40501
730,40501
553,40501
548,40501
593,40501
621,40501
753,11782
873,11266
986,96392
895,82548
807,68704
665,97423
489,97938
448,41016
392,98454
392,98454
406,84094
422,69735
542,27172
618,69735
661,83579
651,11782
621,11782
759,11782
796,11782
758,11782
539,5486
479,12297
510,26657
593,69219
753,11782
789,97423
931,53829
854,25626
821,54345
610,5486
503,83579
448,41016
448,41016
448,41016
406,84094
408,84094
583,84094
604,84094
634,12297
609,5486
579,5486
717,5486
754,5486
716,5486
539,5486
534,5486
579,5486
607,5486
711,5486
817,68704
931,53829
895,82548
821,54345
638,26141
503,83579
420,69735
420,69735
420,69735
420,69735
408,84094
569,98454
618,69735
661,83579
609,5486
593,40501
731,40501
768,40501
730,40501
553,40501
548,40501
593,40501
621,40501
739,26141
859,25626
917,68188
854,25626
766,11782
638,26141
448,41016
434,55376
365,27172
365,27172
365,27172
367,27172
528,41532
590,98454
647,97938
595,69219
621,11782
772,97423
796,11782
674,97938
497,97938
492,97938
537,97938
579,83579
766,97423
873,11266
903,82548
895,82548
793,83063
665,97423
489,97938
392,98454
379,12813
379,12813
379,12813
381,12813
556,12813
590,98454
634,12297
567,97938
579,5486
759,11782
796,11782
758,11782
553,40501
465,26657
537,97938
565,97938
683,83579
776,11782
889,96907
840,39985
752,26141
624,40501
448,41016
392,98454
379,12813
379,12813
379,12813
381,12813
556,12813
577,12813
620,26657
581,83579
551,83579
703,69219
740,69219
688,83579
511,83579
506,83579
551,83579
579,83579
683,83579
831,54345
917,68188
840,39985
779,97423
582,83579
476,12297
406,84094
406,84094
406,84094
406,84094
408,84094
583,84094
604,84094
647,97938
609,5486
579,5486
745,26141
754,5486
716,5486
539,5486
520,69219
524,12297
607,5486
711,5486
831,54345
931,53829
854,25626
738,40501
610,5486
448,41016
406,84094
406,84094
406,84094
406,84094
394,98454
542,27172
604,84094
647,97938
581,83579
565,69219
759,11782
726,83579
688,83579
511,83579
506,83579
551,83579
579,83579
697,69219
748,40501
889,96907
812,68704
738,40501
582,83579
462,26657
406,84094
406,84094
406,84094
406,84094
408,84094
514,55891
604,84094
592,55376
581,83579
551,83579
689,83579
726,83579
688,83579
511,83579
506,83579
524,12297
579,83579
683,83579
748,40501
834,54345
812,68704
724,5486
582,83579
406,84094
406,84094
406,84094
406,84094
406,84094
408,84094
542,27172
590,98454
564,84094
554,12297
537,97938
689,83579
685,26657
619,55376
497,97938
492,97938
537,97938
552,12297
669,97938
762,26141
862,25626
784,97423
710,69219
568,97938
379,12813
379,12813
379,12813
379,12813
379,12813
381,12813
500,7025
549,41532
592,55376
581,83579
551,83579
689,83579
726,83579
688,83579
511,83579
395,98454
551,83579
607,5486
711,5486
734,5486
737,5486
729,5486
696,83579
499,69735
420,69735
323,7025
323,7025
323,7025
323,7025
325,7025
500,7025
521,7025
509,41532
540,26657
524,12297
689,83579
685,26657
633,41016
442,55376
437,55376
551,83579
565,97938
642,26657
706,83579
723,69219
701,83579
696,83579
485,84094
365,27172
295,98969
295,98969
295,98969
295,98969
297,98969
486,8461
604,84094
592,55376
554,12297
551,83579
689,83579
726,83579
688,83579
428,69735
409,84094
468,69735
482,84094
600,69735
748,40501
806,83063
701,83579
682,97938
499,69735
406,84094
337,55891
295,98969
295,98969
295,98969
311,8461
472,98969
507,8461
564,84094
498,69735
524,12297
703,69219
643,69735
605,69735
428,69735
423,69735
482,55376
552,12297
656,12297
734,5486
806,83063
729,5486
682,97938
499,69735
279,7025
279,7025
279,7025
279,7025
279,7025
279,7025
372,7025
411,55891
368,98454
398,69735
422,26657
579,5486
581,83579
498,69735
403,69735
400,69735
457,69735
483,69735
538,69735
654,12297
729,5486
709,5486
541,26657
398,69735
279,7025
279,7025
279,7025
279,7025
279,7025
279,7025
372,7025
397,7025
327,41532
398,69735
380,69735
482,55376
498,69735
498,69735
403,69735
400,69735
457,69735
483,69735
538,69735
681,83579
729,5486
709,5486
555,12297
398,69735
307,41532
279,7025
279,7025
279,7025
279,7025
279,7025
372,7025
411,55891
355,12813
398,69735
380,69735
468,69735
498,69735
498,69735
403,69735
400,69735
457,69735
483,69735
538,69735
695,69219
729,5486
709,5486
513,55376
398,69735
279,7025
279,7025
279,7025
279,7025
279,7025
279,7025
372,7025
397,7025
382,84094
398,69735
380,69735
468,69735
498,69735
498,69735
334,41532
303,7025
429,98454
483,69735
552,55376
695,69219
729,5486
681,83579
499,69735
398,69735
348,98454
279,7025
279,7025
279,7025
279,7025
279,7025
372,7025
397,7025
341,27172
398,69735
380,69735
468,69735
498,69735
498,69735
403,69735
400,69735
457,69735
483,69735
538,69735
667,97938
729,5486
667,97938
499,69735
329,41532
279,7025
279,7025
279,7025
279,7025
279,7025
279,7025
372,7025
397,7025
299,7025
343,27172
380,69735
468,69735
498,69735
498,69735
375,98454
400,69735
457,69735
483,69735
538,69735
654,12297
729,5486
681,83579
499,69735
343,27172
321,27172
307,41532
321,27172
321,27172
321,27172
321,27172
358,8461
439,27172
341,27172
357,12813
352,98454
510,26657
540,26657
498,69735
389,84094
345,27172
402,27172
497,55376
552,55376
681,83579
701,83579
640,26657
485,84094
343,27172
321,27172
321,27172
321,27172
321,27172
321,27172
321,27172
414,27172
439,27172
341,27172
370,98454
366,84094
510,26657
540,26657
498,69735
362,12813
359,12813
416,12813
442,12813
497,12813
626,41016
687,97938
667,97938
471,98454
357,12813
335,12813
335,12813
265,8461
238,13328
238,13328
238,13328
331,13328
411,55891
355,12813
357,12813
339,12813
427,12813
457,12813
457,12813
362,12813
359,12813
416,12813
442,12813
497,12813
640,26657
687,97938
667,97938
527,41016
357,12813
335,12813
279,7025
238,13328
238,13328
238,13328
238,13328
331,13328
425,41532
355,12813
357,12813
339,12813
427,12813
457,12813
415,55891
348,27172
359,12813
416,12813
442,12813
497,12813
640,26657
660,26657
640,26657
513,55376
343,27172
321,27172
321,27172
251,98969
238,13328
224,27688
321,27172
344,98969
369,98969
355,12813
384,84094
366,84094
454,84094
484,84094
484,84094
389,84094
289,8461
443,84094
442,12813
524,84094
654,12297
715,69219
626,41016
499,69735
343,27172
279,7025
279,7025
279,7025
279,7025
279,7025
279,7025
372,7025
397,7025
341,27172
343,27172
283,7025
399,41532
512,55376
429,41532
306,7025
303,7025
360,7025
386,7025
538,69735
681,83579
729,5486
626,41016
499,69735
398,69735
279,7025
279,7025
279,7025
279,7025
279,7025
279,7025
372,7025
411,55891
355,12813
343,27172
297,55891
399,41532
470,98454
484,84094
320,55891
317,55891
374,55891
400,55891
538,69735
667,97938
687,97938
626,41016
485,84094
315,55891
293,55891
293,55891
293,55891
293,55891
293,55891
293,55891
386,55891
411,55891
313,55891
329,41532
325,27172
496,41016
512,55376
443,27172
320,55891
317,55891
374,55891
414,41532
552,55376
681,83579
743,40501
640,26657
499,69735
329,41532
293,55891
293,55891
293,55891
293,55891
238,13328
293,55891
386,55891
411,55891
327,41532
384,84094
380,69735
496,41016
526,41016
457,12813
334,41532
317,55891
374,55891
400,55891
483,27172
667,97938
701,83579
626,41016
471,98454
315,55891
293,55891
293,55891
293,55891
293,55891
265,8461
293,55891
386,55891
411,55891
313,55891
329,41532
297,55891
413,27172
443,27172
415,55891
320,55891
317,55891
374,55891
400,55891
497,12813
626,41016
646,41016
626,41016
444,27172
315,55891
293,55891
293,55891
293,55891
293,55891
293,55891
293,55891
386,55891
411,55891
313,55891
343,27172
325,27172
413,27172
429,41532
415,55891
320,55891
317,55891
374,55891
428,27172
552,55376
640,26657
646,41016
598,69735
416,55891
315,55891
293,55891
293,55891
293,55891
224,27688
279,7025
293,55891
386,55891
411,55891
313,55891
315,55891
311,41532
413,27172
415,55891
415,55891
320,55891
317,55891
374,55891
428,27172
483,27172
626,41016
660,26657
626,41016
444,27172
343,27172
279,7025
224,27688
210,42047
210,42047
224,27688
238,13328
317,27688
439,27172
341,27172
343,27172
339,12813
413,27172
443,27172
443,27172
348,27172
345,27172
402,27172
428,27172
483,27172
640,26657
660,26657
640,26657
444,27172
343,27172
238,13328
210,42047
210,42047
210,42047
210,42047
224,27688
331,13328
411,55891
355,12813
357,12813
339,12813
427,12813
457,12813
415,55891
320,55891
345,27172
360,7025
414,41532
441,7025
598,69735
618,69735
598,69735
444,27172
301,7025
279,7025
279,7025
279,7025
279,7025
279,7025
279,7025
372,7025
397,7025
299,7025
301,7025
352,98454
468,69735
498,69735
415,55891
306,7025
303,7025
388,41532
428,27172
510,98454
640,26657
660,26657
570,98454
444,27172
287,8461
251,98969
251,98969
251,98969
251,98969
251,98969
251,98969
344,98969
369,98969
271,98969
343,27172
339,12813
496,41016
526,41016
443,27172
320,55891
317,55891
374,55891
400,55891
455,55891
612,55376
646,41016
612,55376
430,41532
315,55891
293,55891
293,55891
293,55891
210,42047
196,56406
210,42047
303,42047
397,7025
341,27172
343,27172
325,27172
413,27172
443,27172
443,27172
348,27172
345,27172
402,27172
428,27172
483,27172
640,26657
660,26657
626,41016
444,27172
343,27172
265,8461
210,42047
210,42047
210,42047
210,42047
210,42047
303,42047
383,8461
355,12813
357,12813
339,12813
427,12813
457,12813
457,12813
292,8461
275,98969
416,12813
442,12813
497,12813
598,69735
687,97938
557,12813
458,12813
357,12813
251,98969
238,13328
238,13328
238,13328
238,13328
238,13328
331,13328
369,98969
341,27172
357,12813
339,12813
427,12813
457,12813
457,12813
362,12813
345,27172
416,12813
442,12813
524,84094
612,55376
618,69735
557,12813
458,12813
301,7025
238,13328
238,13328
238,13328
238,13328
238,13328
238,13328
331,13328
356,13328
341,27172
357,12813
339,12813
427,12813
457,12813
457,12813
362,12813
359,12813
416,12813
442,12813
497,12813
557,12813
590,98454
557,12813
444,27172
260,13328
238,13328
238,13328
238,13328
238,13328
238,13328
238,13328
331,13328
356,13328
271,98969
357,12813
255,98969
371,7025
443,27172
415,55891
320,55891
317,55891
374,55891
400,55891
483,27172
626,41016
646,41016
626,41016
430,41532
315,55891
272,55891
189,42047
175,56406
175,56406
175,56406
175,56406
231,06406
379,41532
413,27172
354,27172
308,27172
368,27172
393,27172
391,27172
275,55891
266,7025
378,27172
373,27172
420,27172
580,26657
560,26657
518,69735
443,27172
316,27172
300,27172
203,27688
189,42047
189,42047
189,42047
189,42047
244,92047
323,98969
413,27172
354,27172
308,27172
368,27172
407,12813
391,27172
303,27172
308,27172
378,27172
373,27172
420,27172
524,84094
477,12813
477,12813
443,27172
233,13328
217,13328
217,13328
217,13328
217,13328
217,13328
217,13328
272,63328
323,98969
385,55891
271,13328
252,8461
326,7025
365,55891
377,41532
247,8461
322,12813
350,55891
373,27172
434,12813
497,12813
477,12813
477,12813
415,55891
233,13328
217,13328
217,13328
217,13328
217,13328
217,13328
217,13328
272,63328
310,13328
413,27172
368,12813
322,12813
382,12813
379,41532
335,8461
220,13328
266,7025
295,13328
373,27172
434,12813
538,69735
477,12813
477,12813
401,7025
233,13328
217,13328
217,13328
217,13328
217,13328
217,13328
217,13328
272,63328
337,8461
399,41532
312,7025
225,13328
368,27172
379,41532
349,7025
261,7025
266,7025
336,7025
331,7025
461,84094
538,69735
518,69735
504,84094
401,7025
274,7025
258,7025
258,7025
258,7025
147,85125
244,8461
258,7025
314,2025
351,7025
371,7025
312,7025
266,7025
326,7025
351,7025
349,7025
261,7025
266,7025
336,7025
331,7025
420,27172
538,69735
518,69735
490,98454
415,55891
274,7025
258,7025
258,7025
258,7025
147,85125
175,56406
258,7025
314,2025
351,7025
371,7025
312,7025
266,7025
326,7025
351,7025
349,7025
261,7025
266,7025
336,7025
331,7025
461,84094
538,69735
518,69735
477,12813
401,7025
274,7025
258,7025
258,7025
258,7025
258,7025
258,7025
258,7025
314,2025
351,7025
371,7025
312,7025
266,7025
340,55891
351,7025
349,7025
261,7025
266,7025
336,7025
331,7025
420,27172
566,41016
504,84094
490,98454
443,27172
316,27172
217,13328
189,42047
189,42047
189,42047
189,42047
189,42047
244,92047
310,13328
413,27172
354,27172
322,12813
368,27172
393,27172
391,27172
303,27172
266,7025
336,7025
373,27172
420,27172
538,69735
463,27172
463,27172
443,27172
316,27172
203,27688
189,42047
189,42047
189,42047
189,42047
189,42047
286,48969
282,42047
413,27172
354,27172
308,27172
368,27172
393,27172
391,27172
303,27172
308,27172
378,27172
359,41532
434,12813
510,98454
463,27172
463,27172
443,27172
316,27172
203,27688
189,42047
189,42047
189,42047
189,42047
189,42047
244,92047
323,98969
413,27172
354,27172
308,27172
368,27172
393,27172
391,27172
289,41532
197,42047
267,42047
317,8461
420,27172
580,26657
490,98454
463,27172
443,27172
316,27172
189,42047
189,42047
189,42047
189,42047
189,42047
189,42047
244,92047
337,8461
413,27172
354,27172
308,27172
368,27172
393,27172
391,27172
303,27172
252,8461
295,13328
359,41532
420,27172
483,27172
463,27172
463,27172
443,27172
316,27172
230,98969
189,42047
189,42047
189,42047
189,42047
189,42047
258,77688
282,42047
413,27172
354,27172
308,27172
368,27172
393,27172
391,27172
303,27172
308,27172
378,27172
262,42047
364,8461
497,12813
546,41016
518,69735
415,55891
288,55891
272,55891
272,55891
272,55891
189,42047
189,42047
189,42047
355,77172
393,27172
385,55891
326,55891
308,27172
326,7025
351,7025
363,55891
261,7025
266,7025
336,7025
331,7025
447,98454
538,69735
518,69735
477,12813
401,7025
274,7025
258,7025
258,7025
258,7025
258,7025
258,7025
258,7025
258,77688
351,7025
371,7025
312,7025
266,7025
326,7025
351,7025
349,7025
261,7025
266,7025
336,7025
331,7025
378,7025
538,69735
518,69735
490,98454
415,55891
274,7025
258,7025
258,7025
244,8461
258,7025
258,7025
258,7025
314,2025
351,7025
371,7025
340,41532
308,27172
395,98454
365,55891
349,7025
261,7025
266,7025
336,7025
331,7025
420,27172
538,69735
490,98454
421,7025
401,7025
274,7025
258,7025
258,7025
258,7025
189,42047
217,13328
258,7025
314,2025
351,7025
371,7025
312,7025
266,7025
215,85125
226,99485
224,99485
136,99485
141,99485
239,70766
303,98969
364,8461
497,12813
393,98969
393,98969
373,98969
246,98969
203,27688
230,98969
147,85125
133,99485
133,99485
133,99485
189,49485
282,42047
343,98969
284,98969
238,98969
298,98969
323,98969
321,98969
233,98969
238,98969
308,98969
303,98969
406,41532
497,12813
421,7025
421,7025
401,7025
274,7025
147,85125
147,85125
147,85125
147,85125
147,85125
147,85125
203,35125
268,56406
274,70766
201,85125
252,8461
326,7025
351,7025
252,70766
150,85125
155,85125
225,85125
220,85125
364,8461
469,41532
421,7025
421,7025
401,7025
274,7025
147,85125
147,85125
147,85125
147,85125
147,85125
147,85125
203,35125
240,85125
316,27688
243,42047
197,42047
257,42047
282,42047
280,42047
192,42047
197,42047
267,42047
262,42047
406,41532
483,27172
463,27172
435,55891
332,42047
205,42047
189,42047
189,42047
189,42047
189,42047
189,42047
189,42047
244,92047
282,42047
302,42047
243,42047
197,42047
257,42047
282,42047
280,42047
192,42047
197,42047
267,42047
262,42047
364,8461
483,27172
463,27172
463,27172
401,7025
205,42047
189,42047
189,42047
189,42047
189,42047
189,42047
189,42047
244,92047
282,42047
302,42047
243,42047
197,42047
257,42047
282,42047
280,42047
192,42047
197,42047
267,42047
276,27688
406,41532
455,55891
393,98969
393,98969
373,98969
246,98969
230,98969
230,98969
203,27688
133,99485
133,99485
133,99485
189,49485
226,99485
330,13328
284,98969
238,98969
298,98969
323,98969
321,98969
233,98969
238,98969
308,98969
290,13328
378,7025
483,27172
393,98969
393,98969
373,98969
246,98969
230,98969
133,99485
133,99485
133,99485
133,99485
133,99485
244,92047
323,98969
343,98969
284,98969
238,98969
298,98969
323,98969
321,98969
233,98969
225,13328
308,98969
303,98969
350,98969
427,8461
435,55891
393,98969
373,98969
246,98969
230,98969
133,99485
133,99485
133,99485
133,99485
161,70766
244,92047
323,98969
343,98969
284,98969
238,98969
285,13328
282,42047
280,42047
192,42047
197,42047
267,42047
276,27688
406,41532
483,27172
463,27172
366,27688
332,42047
205,42047
189,42047
189,42047
189,42047
189,42047
189,42047
189,42047
244,92047
282,42047
302,42047
243,42047
197,42047
257,42047
282,42047
280,42047
192,42047
197,42047
267,42047
262,42047
378,7025
483,27172
463,27172
380,13328
332,42047
205,42047
189,42047
189,42047
189,42047
189,42047
189,42047
189,42047
244,92047
282,42047
302,42047
243,42047
197,42047
257,42047
282,42047
280,42047
192,42047
197,42047
267,42047
262,42047
392,55891
483,27172
463,27172
393,98969
332,42047
205,42047
189,42047
189,42047
189,42047
189,42047
189,42047
189,42047
244,92047
282,42047
302,42047
243,42047
197,42047
257,42047
323,98969
280,42047
192,42047
197,42047
267,42047
262,42047
378,7025
483,27172
463,27172
463,27172
401,7025
205,42047
189,42047
189,42047
189,42047
189,42047
189,42047
189,42047
244,92047
282,42047
302,42047
243,42047
197,42047
257,42047
282,42047
280,42047
192,42047
197,42047
267,42047
262,42047
406,41532
483,27172
463,27172
449,41532
443,27172
316,27172
189,42047
189,42047
189,42047
189,42047
189,42047
189,42047
244,92047
282,42047
302,42047
243,42047
280,55891
368,27172
282,42047
280,42047
192,42047
197,42047
267,42047
345,55891
420,27172
483,27172
463,27172
435,55891
332,42047
205,42047
189,42047
189,42047
189,42047
189,42047
189,42047
189,42047
244,92047
282,42047
302,42047
243,42047
197,42047
257,42047
282,42047
280,42047
192,42047
197,42047
267,42047
262,42047
309,42047
455,55891
393,98969
380,13328
360,13328
233,13328
217,13328
203,27688
106,28203
161,70766
217,13328
217,13328
272,63328
310,13328
330,13328
271,13328
225,13328
257,42047
323,98969
321,98969
233,98969
238,98969
308,98969
303,98969
350,98969
413,98969
393,98969
393,98969
373,98969
246,98969
120,85125
106,99485
106,99485
107,99485
107,99485
108,99485
121,99485
164,70766
223,98969
208,98969
205,98969
141,70766
131,99485
114,99485
114,99485
158,56406
213,98969
288,27172
223,98969
223,98969
213,98969
211,98969
204,98969
204,98969
148,56406
106,99485
106,99485
107,99485
107,99485
108,99485
121,99485
233,98969
223,98969
208,98969
205,98969
210,98969
228,98969
211,98969
211,98969
213,98969
213,98969
288,27172
334,84094
334,84094
255,55891
211,98969
204,98969
204,98969
106,99485
106,99485
106,99485
107,99485
107,99485
108,99485
205,13328
233,98969
223,98969
208,98969
205,98969
210,98969
228,98969
211,98969
211,98969
213,98969
213,98969
218,98969
223,98969
223,98969
213,98969
211,98969
204,98969
204,98969
148,56406
106,99485
106,99485
107,99485
107,99485
108,99485
121,99485
233,98969
210,13328
195,13328
192,13328
197,13328
215,13328
198,13328
198,13328
200,13328
213,98969
302,12813
307,12813
307,12813
269,41532
198,13328
191,13328
191,13328
190,13328
190,13328
190,13328
191,13328
191,13328
164,42047
205,13328
220,13328
210,13328
195,13328
192,13328
280,27172
256,7025
198,13328
198,13328
200,13328
200,13328
232,8461
307,12813
251,7025
269,41532
239,7025
191,13328
191,13328
190,13328
190,13328
106,99485
80,28203
80,28203
150,56406
205,13328
220,13328
210,13328
195,13328
192,13328
197,13328
215,13328
198,13328
198,13328
200,13328
200,13328
302,12813
307,12813
210,13328
200,13328
198,13328
191,13328
191,13328
190,13328
120,85125
79,28203
80,28203
80,28203
95,13844
163,56406
220,13328
210,13328
195,13328
192,13328
197,13328
215,13328
198,13328
198,13328
200,13328
200,13328
302,12813
334,84094
334,84094
241,7025
211,98969
204,98969
204,98969
190,13328
106,99485
106,99485
107,99485
107,99485
108,99485
121,99485
206,27688
223,98969
208,98969
205,98969
210,98969
228,98969
114,99485
184,27688
213,98969
213,98969
302,12813
251,7025
251,7025
241,7025
239,7025
232,7025
163,42047
134,70766
148,56406
120,85125
121,85125
121,85125
122,85125
135,85125
150,85125
196,27688
236,7025
233,7025
238,7025
256,7025
170,42047
128,85125
158,56406
241,7025
260,55891
293,27172
251,7025
241,7025
239,7025
232,7025
232,7025
120,85125
120,85125
120,85125
121,85125
121,85125
122,85125
135,85125
150,85125
182,42047
236,7025
233,7025
155,56406
242,8461
142,70766
128,85125
130,85125
227,8461
246,7025
334,84094
307,12813
241,7025
239,7025
232,7025
163,42047
120,85125
120,85125
120,85125
121,85125
121,85125
122,85125
135,85125
233,98969
210,13328
222,8461
233,7025
238,7025
228,98969
128,85125
142,70766
241,7025
241,7025
329,84094
348,69735
265,55891
297,12813
239,7025
232,7025
232,7025
176,27688
148,56406
120,85125
121,85125
121,85125
122,85125
135,85125
178,56406
251,7025
236,7025
233,7025
238,7025
256,7025
239,7025
239,7025
241,7025
241,7025
260,55891
320,98454
293,27172
241,7025
239,7025
232,7025
232,7025
120,85125
120,85125
120,85125
121,85125
121,85125
122,85125
149,70766
261,7025
251,7025
236,7025
233,7025
197,13328
256,7025
239,7025
239,7025
241,7025
241,7025
246,7025
265,55891
251,7025
241,7025
239,7025
232,7025
232,7025
190,13328
120,85125
120,85125
121,85125
121,85125
122,85125
135,85125
261,7025
251,7025
236,7025
233,7025
238,7025
187,42047
170,42047
184,27688
200,13328
241,7025
246,7025
251,7025
251,7025
241,7025
239,7025
232,7025
232,7025
162,42047
120,85125
120,85125
121,85125
121,85125
178,27688
177,42047
164,70766
251,7025
236,7025
192,13328
224,8461
256,7025
156,56406
156,56406
130,85125
172,42047
246,7025
265,55891
265,55891
241,7025
239,7025
232,7025
232,7025
120,85125
120,85125
120,85125
121,85125
121,85125
122,85125
135,85125
150,85125
223,98969
236,7025
233,7025
238,7025
256,7025
239,7025
239,7025
241,7025
241,7025
329,84094
251,7025
251,7025
241,7025
239,7025
232,7025
232,7025
231,7025
217,8461
120,85125
121,85125
121,85125
122,85125
135,85125
220,13328
265,55891
236,7025
150,56406
155,56406
173,56406
156,56406
184,27688
255,55891
255,55891
260,55891
265,55891
265,55891
269,41532
114,99485
121,85125
121,85125
120,85125
120,85125
120,85125
121,85125
121,85125
122,85125
135,85125
150,85125
140,85125
139,70766
233,7025
238,7025
173,56406
128,85125
198,13328
241,7025
241,7025
302,12813
307,12813
265,55891
241,7025
239,7025
232,7025
232,7025
148,56406
120,85125
120,85125
121,85125
121,85125
122,85125
135,85125
150,85125
140,85125
125,85125
178,27688
238,7025
256,7025
239,7025
239,7025
241,7025
241,7025
246,7025
251,7025
251,7025
241,7025
239,7025
232,7025
232,7025
134,70766
120,85125
120,85125
121,85125
121,85125
122,85125
135,85125
164,70766
251,7025
236,7025
233,7025
238,7025
201,27688
156,56406
128,85125
200,13328
241,7025
246,7025
251,7025
251,7025
241,7025
239,7025
232,7025
149,56406
120,85125
120,85125
120,85125
121,85125
121,85125
122,85125
135,85125
150,85125
237,8461
208,98969
122,85125
127,85125
145,85125
128,85125
128,85125
158,56406
241,7025
246,7025
251,7025
251,7025
241,7025
239,7025
232,7025
177,27688
134,70766
120,85125
120,85125
121,85125
121,85125
122,85125
135,85125
150,85125
210,13328
195,13328
122,85125
155,56406
256,7025
239,7025
142,70766
130,85125
213,98969
246,7025
251,7025
251,7025
241,7025
239,7025
232,7025
232,7025
120,85125
120,85125
120,85125
121,85125
121,85125
122,85125
135,85125
150,85125
237,8461
236,7025
233,7025
238,7025
159,70766
128,85125
211,98969
241,7025
241,7025
246,7025
251,7025
251,7025
241,7025
239,7025
232,7025
135,70766
120,85125
120,85125
120,85125
121,85125
121,85125
122,85125
135,85125
150,85125
196,27688
208,98969
219,8461
238,7025
256,7025
239,7025
239,7025
241,7025
241,7025
246,7025
251,7025
251,7025
241,7025
239,7025
218,8461
121,85125
120,85125
120,85125
120,85125
121,85125
121,85125
122,85125
135,85125
150,85125
182,42047
236,7025
233,7025
238,7025
256,7025
184,27688
211,98969
241,7025
241,7025
246,7025
279,41532
293,27172
283,27172
239,7025
232,7025
163,42047
120,85125
120,85125
120,85125
121,85125
121,85125
122,85125
135,85125
150,85125
140,85125
125,85125
192,13328
238,7025
256,7025
225,8461
142,70766
172,42047
172,42047
274,41532
293,27172
293,27172
213,98969
170,42047
163,42047
163,42047
162,42047
162,42047
162,42047
163,42047
163,42047
164,42047
177,42047
192,42047
182,42047
181,27688
164,42047
183,27688
187,42047
170,42047
170,42047
172,42047
227,8461
288,27172
196,27688
168,56406
130,85125
128,85125
121,85125
121,85125
120,85125
120,85125
120,85125
107,99485
107,99485
108,99485
121,99485
136,99485
210,13328
236,7025
233,7025
238,7025
242,8461
128,85125
170,42047
213,98969
241,7025
246,7025
251,7025
251,7025
241,7025
239,7025
232,7025
177,27688
120,85125
120,85125
120,85125
121,85125
121,85125
122,85125
135,85125
150,85125
154,70766
236,7025
136,70766
169,42047
256,7025
198,13328
128,85125
241,7025
241,7025
246,7025
251,7025
251,7025
241,7025
239,7025
232,7025
121,85125
120,85125
120,85125
120,85125
121,85125
121,85125
122,85125
135,85125
150,85125
140,85125
195,13328
233,7025
238,7025
201,27688
156,56406
128,85125
130,85125
200,13328
246,7025
251,7025
251,7025
241,7025
239,7025
232,7025
232,7025
120,85125
120,85125
120,85125
121,85125
121,85125
122,85125
135,85125
261,7025
251,7025
153,56406
122,85125
155,56406
173,56406
128,85125
128,85125
130,85125
227,8461
246,7025
251,7025
251,7025
241,7025
239,7025
232,7025
232,7025
121,85125
121,85125
121,85125
121,85125
121,85125
121,85125
123,85125
132,85125
202,13328
211,98969
207,98969
208,98969
224,8461
211,98969
208,98969
216,98969
215,98969
220,98969
219,98969
223,98969
223,98969
213,98969
204,98969
203,98969
149,56406
107,99485
107,99485
107,99485
107,99485
107,99485
109,99485
146,70766
215,98969
211,98969
235,7025
236,7025
210,98969
211,98969
208,98969
216,98969
215,98969
220,98969
233,8461
251,7025
223,98969
213,98969
204,98969
203,98969
163,42047
107,99485
107,99485
107,99485
107,99485
107,99485
109,99485
146,70766
215,98969
211,98969
207,98969
208,98969
210,98969
211,98969
208,98969
216,98969
229,8461
276,41532
233,8461
223,98969
223,98969
213,98969
204,98969
203,98969
107,99485
107,99485
107,99485
107,99485
107,99485
107,99485
109,99485
118,99485
188,27688
211,98969
207,98969
208,98969
210,98969
211,98969
208,98969
216,98969
215,98969
234,8461
219,98969
223,98969
223,98969
213,98969
204,98969
203,98969
191,13328
107,99485
107,99485
107,99485
107,99485
107,99485
109,99485
118,99485
215,98969
211,98969
207,98969
208,98969
210,98969
211,98969
208,98969
216,98969
215,98969
220,98969
219,98969
223,98969
223,98969
213,98969
204,98969
203,98969
107,99485
107,99485
107,99485
107,99485
107,99485
107,99485
109,99485
118,99485
202,13328
211,98969
207,98969
208,98969
210,98969
128,85125
208,98969
216,98969
215,98969
234,8461
303,12813
265,55891
223,98969
213,98969
204,98969
203,98969
204,98969
204,98969
177,27688
107,99485
121,85125
204,98969
206,98969
118,99485
202,13328
211,98969
207,98969
208,98969
210,98969
211,98969
208,98969
216,98969
215,98969
248,7025
303,12813
237,8461
223,98969
213,98969
204,98969
203,98969
204,98969
121,85125
107,99485
107,99485
107,99485
107,99485
109,99485
146,70766
215,98969
211,98969
221,8461
236,7025
210,98969
211,98969
208,98969
216,98969
243,7025
331,84094
330,84094
334,84094
279,41532
213,98969
204,98969
203,98969
204,98969
191,13328
107,99485
107,99485
107,99485
107,99485
109,99485
146,70766
188,27688
211,98969
207,98969
208,98969
210,98969
211,98969
208,98969
216,98969
285,27172
304,12813
233,8461
223,98969
223,98969
213,98969
204,98969
203,98969
204,98969
163,42047
107,99485
107,99485
107,99485
107,99485
109,99485
132,85125
215,98969
211,98969
221,8461
236,7025
238,7025
239,7025
236,7025
244,7025
243,7025
248,7025
247,7025
251,7025
251,7025
241,7025
232,7025
231,7025
163,42047
121,85125
121,85125
121,85125
121,85125
121,85125
123,85125
202,13328
243,7025
239,7025
235,7025
236,7025
238,7025
239,7025
236,7025
244,7025
243,7025
331,84094
275,41532
265,55891
251,7025
241,7025
232,7025
231,7025
163,42047
121,85125
121,85125
121,85125
121,85125
121,85125
123,85125
160,56406
243,7025
239,7025
235,7025
236,7025
238,7025
239,7025
236,7025
244,7025
243,7025
317,98454
247,7025
251,7025
251,7025
241,7025
232,7025
231,7025
149,56406
121,85125
121,85125
121,85125
121,85125
121,85125
123,85125
160,56406
243,7025
225,8461
124,85125
181,27688
197,13328
198,13328
195,13328
203,13328
229,8461
304,12813
303,12813
307,12813
265,55891
227,8461
191,13328
190,13328
191,13328
191,13328
191,13328
191,13328
191,13328
191,13328
193,13328
202,13328
202,13328
198,13328
194,13328
208,98969
210,98969
211,98969
208,98969
216,98969
215,98969
220,98969
219,98969
223,98969
223,98969
213,98969
204,98969
203,98969
204,98969
163,42047
107,99485
107,99485
107,99485
107,99485
109,99485
118,99485
215,98969
211,98969
207,98969
208,98969
210,98969
211,98969
208,98969
216,98969
243,7025
331,84094
330,84094
334,84094
251,7025
213,98969
204,98969
203,98969
204,98969
191,13328
204,98969
121,85125
107,99485
107,99485
109,99485
118,99485
215,98969
211,98969
207,98969
208,98969
210,98969
211,98969
208,98969
216,98969
215,98969
248,7025
219,98969
265,55891
251,7025
213,98969
204,98969
203,98969
204,98969
135,70766
107,99485
107,99485
107,99485
107,99485
109,99485
188,27688
215,98969
211,98969
207,98969
208,98969
210,98969
211,98969
208,98969
216,98969
215,98969
262,55891
289,27172
265,55891
251,7025
241,7025
232,7025
231,7025
232,7025
232,7025
177,27688
121,85125
121,85125
121,85125
123,85125
132,85125
229,8461
239,7025
235,7025
236,7025
238,7025
239,7025
236,7025
244,7025
243,7025
290,27172
303,12813
265,55891
279,41532
255,55891
246,55891
245,55891
163,42047
149,56406
149,56406
149,56406
149,56406
149,56406
151,56406
174,42047
257,55891
253,55891
249,55891
250,55891
252,55891
253,55891
250,55891
258,55891
257,55891
262,55891
261,55891
265,55891
265,55891
255,55891
246,55891
245,55891
149,56406
149,56406
149,56406
149,56406
149,56406
149,56406
151,56406
160,56406
243,7025
281,27172
277,27172
278,27172
224,8461
170,42047
167,42047
175,42047
229,8461
290,27172
289,27172
293,27172
293,27172
283,27172
274,27172
176,27688
163,42047
163,42047
163,42047
163,42047
163,42047
163,42047
165,42047
215,98969
243,7025
225,8461
263,41532
195,13328
238,7025
253,55891
250,55891
258,55891
257,55891
317,98454
372,41016
320,98454
265,55891
269,41532
246,55891
245,55891
218,8461
149,56406
149,56406
149,56406
149,56406
149,56406
151,56406
160,56406
257,55891
253,55891
249,55891
250,55891
252,55891
253,55891
250,55891
258,55891
257,55891
304,12813
275,41532
265,55891
265,55891
255,55891
246,55891
245,55891
177,27688
149,56406
149,56406
149,56406
149,56406
149,56406
151,56406
160,56406
229,8461
253,55891
249,55891
250,55891
252,55891
253,55891
250,55891
258,55891
257,55891
262,55891
261,55891
265,55891
265,55891
255,55891
246,55891
245,55891
149,56406
149,56406
149,56406
149,56406
149,56406
149,56406
151,56406
160,56406
202,13328
253,55891
249,55891
250,55891
252,55891
253,55891
250,55891
258,55891
257,55891
262,55891
261,55891
265,55891
265,55891
255,55891
246,55891
245,55891
232,7025
149,56406
149,56406
149,56406
149,56406
149,56406
151,56406
160,56406
229,8461
253,55891
249,55891
250,55891
252,55891
253,55891
250,55891
258,55891
257,55891
304,12813
303,12813
293,27172
293,27172
283,27172
274,27172
273,27172
163,42047
163,42047
163,42047
177,27688
163,42047
163,42047
165,42047
174,42047
174,42047
184,27688
277,27172
278,27172
280,27172
281,27172
222,8461
175,42047
243,7025
290,27172
289,27172
293,27172
293,27172
283,27172
274,27172
273,27172
163,42047
163,42047
163,42047
163,42047
163,42047
163,42047
165,42047
174,42047
215,98969
211,98969
277,27172
278,27172
197,13328
198,13328
167,42047
175,42047
243,7025
290,27172
289,27172
293,27172
293,27172
283,27172
274,27172
273,27172
177,27688
163,42047
163,42047
163,42047
163,42047
163,42047
165,42047
174,42047
174,42047
198,13328
194,13328
222,8461
280,27172
281,27172
236,7025
175,42047
257,55891
290,27172
289,27172
293,27172
293,27172
283,27172
274,27172
273,27172
163,42047
163,42047
163,42047
163,42047
163,42047
163,42047
165,42047
174,42047
174,42047
211,98969
263,41532
236,7025
210,98969
198,13328
195,13328
203,13328
257,55891
304,12813
303,12813
251,7025
210,13328
213,98969
218,8461
190,13328
191,13328
191,13328
191,13328
191,13328
94,13844
80,28203
179,27688
202,13328
202,13328
198,13328
194,13328
278,27172
294,12813
225,8461
167,42047
175,42047
174,42047
262,55891
247,7025
307,12813
307,12813
227,8461
191,13328
190,13328
232,7025
232,7025
232,7025
232,7025
94,13844
149,56406
193,13328
202,13328
202,13328
198,13328
194,13328
195,13328
197,13328
198,13328
195,13328
203,13328
202,13328
276,41532
275,41532
307,12813
307,12813
283,27172
246,55891
190,13328
232,7025
232,7025
232,7025
163,42047
80,28203
80,28203
96,13844
118,99485
229,8461
253,55891
249,55891
250,55891
252,55891
253,55891
250,55891
258,55891
257,55891
304,12813
303,12813
293,27172
293,27172
283,27172
274,27172
273,27172
