0
0
0
0
0
0
0
0
28
46
0
0
0
0
0
0
0
0
0
0
0
48
87
176
148
156
194
163
86
0
0
25
0
23
20
14
0
56
150
156
158
205
215
223
198
185
178
240
0
0
0
0
0
0
0
16
0
16
30
58
0
0
0
0
0
0
0
0
0
0
0
0
0
19
88
135
161
88
38
57
107
77
50
14
0
0
0
6
52
0
0
0
0
22
0
70
63
59
1
0
0
0
0
0
0
0
0
0
0
0
0
0
45
30
141
341
332
303
252
316
13
0
44
77
57
66
41
70
0
0
0
0
0
0
0
0
0
0
0
0
0
0
0
0
0
0
0
0
0
0
0
0
0
0
0
0
0
0
0
0
0
0
0
0
0
0
0
0
0
0
0
0
0
0
0
0
0
0
0
0
0
0
0
0
0
0
0
0
0
0
0
0
0
0
0
0
0
0
0
0
0
0
0
0
0
0
0
0
0
0
0
0
0
0
0
0
0
0
0
0
0
0
0
0
0
0
0
0
0
0
0
0
0
0
0
0
0
0
0
0
0
0
0
0
0
0
0
12
5
0
5
101
117
67
20
58
136
140
192
252
359
356
367
391
314
334
384
297
220
172
242
230
230
282
293
310
227
240
191
130
125
170
201
318
387
463
425
299
12
0
0
0
0
0
25
67
144
200
252
162
104
21
0
0
0
0
0
0
0
0
0
0
0
0
0
0
17
103
136
245
323
494
508
470
473
361
251
175
243
231
333
381
489
588
509
369
274
273
236
230
198
179
238
333
376
433
461
450
480
385
362
270
202
150
200
131
142
76
116
181
33
70
162
72
86
95
88
114
122
190
130
130
40
0
1
0
0
0
0
0
0
44
89
127
137
64
40
17
75
80
89
117
134
219
280
314
260
194
127
100
0
0
0
0
0
0
0
0
0
0
0
0
0
0
0
0
0
0
0
0
0
0
0
0
0
0
0
0
0
0
0
0
0
0
0
0
0
0
0
113
94
0
0
0
0
0
0
0
65
172
169
189
257
300
286
367
38
0
0
0
0
0
0
0
0
0
0
0
0
0
0
0
0
0
24
154
242
318
102
180
233
236
218
190
134
30
0
0
0
0
0
0
0
0
0
0
0
0
0
0
0
0
0
0
0
0
0
0
0
0
0
0
0
24
0
0
19
0
40
57
70
79
101
88
45
0
0
0
0
0
0
0
0
0
0
12
31
79
40
3
16
0
0
0
0
87
37
26
57
82
120
101
0
18
1
0
6
22
10
0
0
45
44
104
150
57
41
66
74
102
150
189
164
167
194
225
260
343
253
306
355
446
387
435
333
213
155
160
165
224
230
230
198
50
0
0
0
0
0
0
0
54
185
210
283
337
362
322
154
124
49
12
0
0
0
0
0
0
0
0
0
0
0
0
0
0
0
40
56
33
128
145
154
127
9
0
23
0
0
0
0
0
0
0
118
244
325
348
0
100
143
170
150
136
192
224
295
279
274
207
210
304
326
260
253
171
80
21
0
0
0
0
0
9
0
0
0
0
0
0
0
0
0
0
19
61
96
93
148
70
103
15
0
18
1
0
0
0
0
0
0
0
0
0
0
0
0
0
0
44
140
125
55
0
0
0
0
0
0
0
0
0
0
0
0
16
36
118
79
63
48
0
0
0
0
0
0
10
0
0
0
35
109
167
69
11
0
0
0
0
0
0
0
0
0
4
56
96
150
150
256
262
169
223
223
220
174
155
179
178
220
220
220
220
140
80
0
0
0
0
0
0
0
0
0
0
0
0
0
0
12
106
234
115
17
0
0
0
0
0
0
0
0
0
0
0
0
0
25
33
0
0
0
0
0
0
0
0
0
0
0
0
0
0
0
0
0
0
0
0
0
0
19
0
0
0
0
0
0
0
0
0
0
0
0
0
0
0
0
0
0
0
40
61
125
147
210
109
0
0
0
0
0
0
0
0
0
0
0
0
0
0
0
0
0
0
34
51
100
190
259
181
141
204
268
330
373
346
0
0
0
0
0
0
0
0
18
55
6
0
0
0
25
59
129
19
20
80
69
68
50
3
1
0
0
0
0
0
0
0
0
0
0
0
0
0
0
0
0
0
56
98
98
0
76
37
83
20
38
76
80
80
80
80
80
0
0
0
0
43
112
126
198
265
183
202
193
142
117
0
0
0
0
0
0
0
0
0
0
0
0
22
94
154
184
151
197
94
22
50
99
111
87
71
31
0
0
0
0
0
0
0
0
0
0
0
0
0
0
0
0
0
0
0
0
0
0
0
0
0
0
0
0
0
0
0
0
0
0
0
0
0
0
65
120
101
12
31
36
62
31
0
0
0
0
0
0
0
0
0
0
0
0
0
0
0
71
119
160
157
7
2
0
0
0
0
0
0
0
0
0
0
0
0
0
0
0
0
0
0
0
15
30
5
0
57
77
119
155
131
0
0
0
0
31
92
21
56
57
9
0
0
0
0
0
0
23
43
32
39
38
58
32
15
0
0
0
0
0
0
0
0
0
0
0
15
34
38
50
50
103
131
0
0
0
0
0
0
0
0
0
0
0
0
0
0
0
0
0
0
0
0
0
0
0
0
0
0
0
0
0
0
0
0
0
0
0
0
0
0
0
0
0
0
0
0
0
0
0
0
0
0
0
0
0
0
0
0
0
0
0
0
0
0
0
0
0
0
0
0
0
0
0
98
20
62
25
50
72
150
73
8
0
0
0
0
2
129
132
85
79
93
136
145
173
150
210
230
132
184
220
248
268
171
113
159
138
100
63
13
122
154
163
169
80
0
0
5
40
25
63
33
0
0
0
0
0
0
0
5
0
0
0
0
0
0
0
1
0
0
0
0
0
0
0
29
0
56
78
50
0
0
0
0
0
0
0
0
0
0
0
0
0
0
0
0
0
0
56
152
65
17
23
21
0
0
0
0
0
0
0
0
0
0
34
89
31
68
76
0
0
0
1
91
100
100
100
44
0
0
0
0
0
0
0
0
0
0
0
41
75
47
123
106
140
174
272
349
311
256
221
248
220
191
55
31
50
50
57
77
70
82
36
25
0
0
54
82
130
133
160
205
234
219
130
132
80
70
23
5
5
50
6
0
0
0
0
0
0
0
0
0
0
0
0
0
0
0
17
0
0
0
0
0
0
0
0
0
0
0
53
88
63
43
104
82
125
126
87
0
49
0
0
106
243
330
233
176
136
120
171
239
300
300
312
334
261
222
73
0
0
0
0
0
0
0
0
37
100
135
180
187
197
150
96
94
151
170
156
108
139
259
219
180
183
200
328
384
477
420
394
296
244
262
393
409
378
306
300
300
378
257
177
110
80
10
30
0
0
0
20
22
0
17
27
20
52
106
0
0
0
19
40
33
20
47
0
0
0
0
0
0
0
0
0
0
0
54
0
0
0
0
91
177
160
57
0
0
1
62
117
120
153
160
141
99
117
158
144
217
213
179
129
125
65
24
161
171
146
108
79
54
147
78
173
287
289
357
234
83
0
0
0
0
0
0
0
0
23
119
82
50
15
58
111
115
157
142
196
242
155
120
120
124
120
142
140
116
148
184
217
251
180
202
102
81
120
114
21
0
0
0
0
0
0
0
0
0
0
0
0
31
144
270
285
230
160
95
6
0
0
0
0
0
0
0
0
0
0
0
0
0
0
0
0
40
73
141
241
244
296
209
143
105
114
59
81
222
292
267
360
518
668
845
770
713
674
538
522
433
389
412
454
378
116
0
34
0
0
0
0
0
0
0
114
240
232
177
104
0
0
0
0
36
88
47
44
43
0
0
0
0
0
7
32
0
192
255
310
448
487
567
507
496
416
351
188
156
143
15
31
21
3
0
0
0
0
0
0
0
8
59
0
29
28
50
50
3
24
118
246
261
262
127
130
87
98
76
23
99
118
120
120
80
117
158
150
150
125
119
140
161
180
265
244
307
252
99
55
104
131
90
57
0
0
0
0
0
0
0
19
83
100
124
150
153
200
184
174
220
219
138
58
75
30
29
0
0
0
0
0
0
13
100
100
100
106
190
296
228
408
454
456
328
277
165
118
39
10
0
0
38
8
0
5
0
121
204
133
154
152
239
252
225
260
260
331
335
281
261
217
139
0
0
0
0
0
0
0
0
41
201
187
212
258
337
336
298
327
426
525
539
529
287
146
151
250
292
348
239
235
250
250
254
271
219
147
125
26
0
0
0
0
0
0
0
0
0
0
0
0
0
0
0
0
0
0
0
0
0
0
123
176
179
187
120
119
142
189
160
150
7
46
22
0
0
0
0
0
0
0
0
77
64
77
151
156
108
69
132
187
241
248
250
250
245
150
121
140
193
4
4
39
48
77
55
91
62
59
84
150
221
340
406
331
383
380
300
287
164
196
154
132
121
0
41
16
0
0
0
41
50
1
0
29
65
37
29
121
120
120
139
311
271
260
167
148
47
9
17
50
50
50
17
77
110
110
168
161
150
178
179
184
169
181
111
100
100
4
0
0
0
0
0
0
0
0
0
0
55
150
150
150
150
155
109
85
23
0
0
5
0
0
0
0
0
0
0
0
0
0
0
0
0
0
0
0
0
26
0
0
15
51
0
50
57
0
0
0
0
0
10
0
0
0
0
0
0
0
0
0
0
0
0
0
0
47
0
60
0
0
0
0
0
0
0
0
0
0
0
0
28
59
121
133
90
112
120
120
117
65
30
32
8
0
0
0
0
0
0
0
0
0
0
0
0
0
0
0
0
0
0
68
0
34
58
30
0
0
0
0
11
0
0
0
0
37
91
252
299
353
451
447
457
423
409
411
439
464
479
499
395
200
200
208
266
590
614
492
315
119
21
0
0
0
0
0
0
0
0
53
134
144
144
248
318
273
100
100
97
2
0
0
0
0
0
140
218
158
80
94
163
284
294
320
225
181
43
0
0
0
0
0
0
0
0
0
0
0
47
104
128
177
236
358
377
439
417
390
307
227
264
292
196
0
0
0
0
0
0
0
0
0
0
0
0
0
83
225
142
95
0
0
8
18
25
136
135
37
11
1
83
1
26
80
40
30
3
80
79
145
150
20
46
128
130
150
181
227
222
197
219
14
0
0
0
31
0
0
86
125
296
315
475
502
508
478
498
332
255
140
85
0
0
0
0
0
0
0
0
0
0
0
0
0
0
0
0
0
292
456
443
345
259
201
123
8
0
34
2
0
0
0
0
0
0
0
0
0
0
30
27
0
26
124
91
75
75
49
34
96
100
155
200
159
0
0
0
0
0
0
0
0
0
51
31
0
0
0
0
0
0
40
66
157
169
214
291
210
93
30
21
0
0
0
0
35
52
41
52
0
113
309
176
87
1
96
225
206
80
54
211
179
229
384
367
0
0
0
0
0
0
0
0
0
0
0
0
0
0
0
0
0
0
0
0
0
0
0
16
0
0
0
0
0
0
0
0
0
0
0
8
0
25
158
309
417
470
472
582
592
442
466
458
77
40
13
0
0
0
2
71
50
87
100
95
68
121
100
41
38
0
6
67
50
21
0
0
0
0
0
0
0
0
0
0
0
0
0
0
0
0
0
0
37
26
0
28
36
0
3
0
0
0
0
0
0
19
25
80
80
29
15
76
50
0
0
0
0
0
0
0
0
0
0
0
0
0
0
0
0
0
0
0
0
0
0
0
0
0
5
0
0
0
0
0
0
0
0
0
0
0
44
23
0
0
18
43
0
0
0
0
0
0
17
5
6
0
0
0
0
0
0
0
0
0
0
0
0
0
0
0
0
0
0
0
0
0
0
3
30
18
0
0
0
0
0
0
176
202
226
207
206
151
77
59
0
0
0
0
31
138
161
80
4
0
0
104
111
4
23
58
63
116
102
105
103
95
68
71
142
253
270
271
311
275
263
225
241
306
325
319
393
173
158
101
102
174
247
269
206
235
204
195
258
273
303
363
388
417
385
338
264
126
82
21
123
32
130
38
204
152
103
54
21
31
89
76
44
0
0
0
0
0
41
22
0
0
0
0
0
0
0
0
200
263
361
400
241
135
182
200
209
168
154
130
97
6
43
50
57
58
38
62
69
1
0
0
0
0
0
0
0
0
0
57
50
18
20
34
0
0
0
0
0
0
0
0
0
0
0
0
0
0
0
0
0
8
37
61
12
52
34
43
0
0
0
0
11
0
0
0
60
60
72
70
104
55
87
90
96
221
196
355
384
0
0
0
0
0
0
0
0
0
0
0
0
0
0
0
379
324
296
253
203
231
285
287
277
210
31
0
0
0
0
0
0
0
0
0
37
45
62
0
131
196
245
286
385
441
443
487
464
455
455
349
318
205
203
219
275
287
197
148
98
91
174
169
0
0
0
0
0
0
0
0
0
0
0
0
0
0
0
0
0
0
0
0
169
258
419
381
74
70
70
20
0
0
0
0
0
0
0
0
87
102
65
139
114
40
143
213
200
112
37
90
45
58
58
20
7
0
20
3
0
0
0
0
0
0
0
0
0
0
0
0
0
0
0
0
33
0
52
99
91
6
0
42
118
257
376
381
361
348
419
359
197
131
81
29
88
2
0
0
55
29
19
72
48
71
145
206
210
250
248
234
155
70
115
132
142
141
85
172
349
432
523
656
285
195
0
0
0
0
0
0
0
0
0
0
31
165
169
145
143
19
51
250
276
75
0
0
0
136
99
9
0
77
131
38
0
0
0
17
37
28
24
13
51
147
264
209
210
315
268
309
0
10
80
80
45
3
22
182
226
275
253
223
211
191
251
264
186
119
52
121
156
115
18
5
0
0
0
0
0
0
0
0
0
0
0
0
0
0
43
298
390
314
114
17
50
0
0
0
20
0
0
0
0
0
0
0
36
0
0
8
85
14
19
0
0
0
7
0
0
28
9
40
40
12
0
0
20
78
183
93
151
224
325
374
355
282
227
200
200
423
665
735
592
323
198
32
0
0
0
0
0
0
0
18
0
0
0
0
0
0
0
0
11
198
190
190
190
128
50
23
0
0
0
0
0
33
51
1
34
88
41
0
0
0
0
0
0
0
12
73
97
21
0
0
16
0
0
0
0
38
58
28
21
38
14
0
0
0
0
0
0
0
0
0
121
211
206
288
269
169
110
93
137
146
91
106
106
13
0
0
108
195
242
280
373
308
137
0
0
0
0
0
0
0
0
0
0
0
199
216
251
310
286
291
414
532
745
818
659
426
300
293
133
0
0
0
0
15
0
0
0
26
98
137
280
348
424
293
277
167
43
10
12
18
0
0
19
0
0
0
0
0
9
0
14
0
23
45
89
131
95
95
174
230
250
344
374
441
489
475
476
343
195
163
77
42
104
150
164
188
191
236
235
236
266
219
197
152
152
146
113
149
137
157
135
136
28
17
0
13
40
53
97
154
160
176
238
261
181
213
176
270
199
65
17
0
0
0
0
19
4
67
117
119
101
85
83
95
129
184
110
63
0
0
0
0
0
0
0
0
0
0
0
0
0
0
0
0
0
0
25
37
83
97
36
0
10
76
128
98
73
108
210
173
176
97
33
0
0
0
0
0
0
0
0
0
0
0
0
46
0
0
144
300
393
423
479
357
255
239
72
41
25
0
56
51
76
77
69
265
171
187
207
159
95
32
81
31
0
0
24
0
0
0
0
0
0
0
111
53
50
22
7
0
4
52
5
29
25
33
14
0
0
0
56
5
0
0
0
13
46
0
0
0
0
0
0
0
0
0
0
0
0
0
35
0
115
189
227
323
374
255
69
0
0
0
0
0
0
0
0
0
0
0
0
0
0
0
0
0
0
0
0
0
0
0
0
0
0
0
0
0
0
0
0
0
0
0
0
4
0
0
0
0
0
0
0
3
88
147
139
187
197
147
119
96
158
172
146
170
182
207
134
129
124
182
210
154
195
263
231
154
126
86
62
9
0
0
0
0
0
0
0
0
0
0
0
0
0
40
47
0
24
43
49
72
48
0
0
0
0
0
0
0
0
0
0
7
0
0
0
0
0
0
0
0
0
22
35
62
41
11
29
62
36
0
0
0
0
0
0
0
0
0
0
0
0
0
0
0
0
0
0
0
0
5
7
14
0
0
0
0
0
0
0
56
39
95
97
63
72
95
16
66
55
26
48
58
108
84
1
0
0
0
0
0
0
0
0
0
3
26
70
139
81
10
0
0
0
0
50
128
140
56
0
23
70
62
37
45
49
53
31
35
45
41
46
12
39
27
20
17
0
7
10
38
60
41
10
13
66
0
0
0
0
0
22
54
43
22
16
0
0
0
16
0
8
56
195
291
289
241
115
115
183
197
0
0
0
0
0
0
0
0
0
0
0
0
0
0
0
0
0
0
0
0
0
0
0
0
0
0
0
0
0
0
0
0
0
0
0
0
0
0
0
24
0
7
0
0
2
27
37
222
335
287
253
432
657
647
339
411
414
461
404
287
231
198
150
187
234
223
123
97
78
19
0
39
123
114
128
152
132
169
148
144
122
40
0
0
0
0
0
0
54
14
0
131
93
132
168
75
0
21
38
43
14
32
22
18
0
0
17
0
0
0
0
0
0
6
0
20
5
18
0
0
0
0
0
0
0
0
0
0
30
108
161
150
35
0
0
0
32
98
0
0
0
0
17
0
0
0
0
0
0
0
0
0
0
40
0
0
0
0
28
0
0
0
0
0
0
0
0
0
4
25
33
12
24
37
66
109
222
259
226
212
153
82
82
138
108
6
0
0
0
0
0
0
0
0
0
0
0
0
0
0
0
0
0
0
0
0
0
0
0
0
0
0
0
0
0
0
0
0
2
0
0
0
43
56
70
0
0
0
0
0
0
0
0
0
0
0
0
0
0
0
0
0
0
0
0
0
1
0
50
182
212
246
254
256
281
258
300
247
216
240
233
225
227
42
0
0
0
0
0
0
0
0
0
0
0
0
0
2
59
104
204
271
284
242
135
59
65
0
1
0
0
0
0
11
0
0
95
110
98
0
0
33
98
0
0
0
0
0
53
152
173
116
0
0
27
40
40
25
0
0
83
0
0
20
0
133
183
0
0
0
0
0
0
29
21
0
0
0
0
0
0
0
7
0
0
0
0
0
0
0
15
36
134
112
57
60
20
40
38
0
82
126
115
93
112
60
32
47
42
27
50
35
0
0
0
38
60
45
0
0
0
0
11
38
98
80
77
6
0
0
0
0
113
311
267
298
256
232
200
54
8
0
0
0
0
0
0
0
0
17
139
199
273
227
310
376
341
298
402
449
419
362
254
264
230
220
265
258
332
459
382
277
257
354
423
400
349
279
268
300
243
197
239
268
245
232
188
192
158
112
132
129
84
75
0
35
65
17
46
51
41
68
98
161
184
169
99
67
55
60
66
58
31
0
0
0
0
0
0
0
0
0
0
0
0
0
0
21
0
0
0
0
0
0
0
0
0
0
0
0
0
0
20
40
317
320
215
48
0
45
183
210
212
138
146
274
392
463
474
408
264
208
193
234
330
316
289
226
190
247
268
257
257
145
188
89
42
47
43
79
89
80
93
41
37
0
0
0
0
0
0
0
0
0
0
0
0
51
4
0
0
0
0
0
0
0
0
0
0
0
0
0
0
0
0
0
0
0
0
0
0
0
0
0
0
0
0
0
10
6
30
42
26
58
39
0
0
0
0
0
0
0
0
0
0
0
0
0
0
0
0
0
0
0
0
0
0
42
14
0
0
0
0
0
0
0
0
0
0
0
0
0
0
0
0
0
0
0
0
0
0
0
0
0
0
0
0
0
0
0
0
0
0
0
3
7
0
0
0
0
0
0
0
0
0
44
0
0
0
0
0
0
30
0
0
0
0
23
0
0
0
0
0
0
0
0
0
0
0
0
0
0
0
0
0
0
0
0
0
0
0
0
0
0
0
0
0
0
0
0
0
0
0
0
0
0
0
0
0
0
0
0
0
0
0
0
0
7
62
102
59
72
68
108
162
167
208
228
283
289
309
267
291
384
83
0
0
0
0
0
17
152
36
0
0
0
0
46
52
0
74
219
287
322
186
121
29
40
61
60
60
60
53
1
0
0
0
11
30
61
47
63
70
60
31
90
152
235
230
223
188
126
50
50
40
29
12
29
78
115
193
265
249
218
250
297
297
299
282
208
175
113
0
0
0
0
0
0
0
0
0
0
0
0
10
24
96
84
25
0
23
43
40
49
19
79
96
2
8
28
0
0
0
0
0
0
0
0
0
0
0
0
0
0
0
0
1
31
67
67
6
7
0
0
0
51
0
0
0
0
0
0
0
67
86
110
0
0
0
40
93
185
126
150
22
0
0
0
0
0
0
0
0
108
17
69
117
73
33
7
0
0
0
0
0
0
0
0
0
0
0
0
0
0
0
0
0
0
0
82
105
109
132
105
46
0
0
0
0
0
0
69
211
160
21
3
0
0
0
17
34
0
14
27
104
114
172
206
226
199
89
44
53
54
50
114
127
18
0
0
0
0
0
0
0
9
0
11
40
22
13
0
18
0
0
0
0
0
0
0
0
0
0
0
0
0
0
0
0
0
18
32
4
0
0
1
0
0
0
0
0
0
0
0
0
0
0
0
15
0
0
0
0
0
0
32
0
0
33
200
200
248
250
194
0
0
0
50
196
4
0
0
0
0
0
0
0
0
30
67
51
150
150
150
129
133
150
150
150
150
150
150
106
0
0
0
0
0
0
0
0
29
26
0
0
0
0
0
0
0
0
0
0
0
0
0
0
0
0
0
0
0
0
0
0
0
0
23
25
0
0
0
0
0
5
0
0
0
9
30
19
0
0
0
0
0
0
0
0
0
0
0
0
0
2
0
87
62
0
9
0
0
0
0
0
0
0
0
0
0
0
0
0
0
0
0
0
0
0
0
0
0
0
25
78
149
140
122
103
61
48
81
137
106
18
0
0
0
0
31
23
0
0
0
0
0
0
0
0
23
0
0
0
0
0
0
0
0
0
0
0
0
0
0
0
0
0
0
0
0
0
50
73
68
85
56
44
20
0
0
0
0
0
0
0
0
0
0
0
0
16
0
0
0
0
0
0
0
0
0
0
0
0
0
0
0
0
0
0
0
0
5
0
10
0
0
0
0
0
0
0
0
0
0
0
0
0
0
0
0
0
0
0
0
0
19
16
0
0
2
40
40
40
40
40
29
5
38
0
0
0
0
0
39
57
76
58
0
0
79
114
119
175
198
103
30
10
5
0
0
0
0
0
0
0
0
0
0
0
0
0
0
0
0
0
0
0
45
19
161
245
350
380
344
192
90
0
0
0
0
0
0
0
0
0
0
21
0
0
0
0
0
0
0
0
0
0
0
0
0
0
0
0
0
0
0
0
0
0
0
0
7
0
0
48
54
35
0
21
8
15
14
3
0
8
0
0
0
0
0
0
0
0
1
37
0
0
4
0
3
6
0
0
16
19
109
77
6
10
0
0
0
16
0
0
0
0
0
0
0
0
0
0
0
0
0
0
49
94
85
28
0
0
0
0
0
0
0
0
0
0
0
0
0
0
0
0
0
0
0
0
0
0
0
0
0
0
0
0
0
0
0
0
0
0
0
0
0
34
0
0
0
0
20
30
23
31
0
0
21
0
0
0
0
0
0
0
0
0
0
0
0
0
3
24
0
0
8
30
28
0
0
0
0
0
0
0
0
0
0
0
0
0
0
13
0
0
0
0
0
0
0
0
0
19
0
0
0
10
4
67
28
0
0
0
0
0
0
0
0
0
12
6
0
0
23
75
50
23
0
0
0
0
0
0
0
0
0
0
0
0
0
0
0
0
0
0
0
0
0
0
0
0
0
0
0
0
0
0
0
0
0
0
0
0
0
0
0
0
0
0
0
0
0
0
0
0
0
0
0
0
0
0
0
0
0
0
0
0
0
0
0
0
0
0
0
0
0
0
0
0
0
0
0
0
0
0
0
0
0
0
0
0
0
0
0
0
0
0
0
0
0
0
0
0
0
0
0
0
0
0
0
0
0
0
0
0
0
0
0
0
0
0
0
0
0
0
34
17
8
28
0
0
0
0
0
0
0
0
0
0
24
0
0
0
0
0
0
0
0
0
0
0
0
0
0
0
0
0
0
0
0
0
0
0
0
0
5
0
0
0
0
0
0
0
0
0
0
0
0
0
0
0
0
0
0
0
0
0
0
0
0
0
0
0
0
0
0
0
0
32
50
252
351
132
0
0
0
0
0
0
0
0
0
0
0
69
155
240
322
288
318
263
289
255
163
111
121
230
407
431
326
280
341
370
398
459
470
421
435
476
544
618
638
547
494
392
370
285
183
97
144
232
281
288
302
184
156
142
139
144
58
15
34
68
166
166
195
219
238
253
276
207
135
114
109
60
0
24
65
46
35
40
40
28
0
0
0
0
13
42
26
16
0
0
0
0
0
0
0
0
0
0
0
0
0
0
0
0
0
0
5
76
84
61
38
45
96
50
71
90
81
40
76
0
0
0
0
0
0
0
0
0
0
0
0
2
11
13
72
94
6
0
0
7
14
10
0
1
0
0
0
5
0
0
0
0
0
0
0
0
48
119
192
143
112
232
144
142
142
76
13
0
0
0
0
42
64
68
44
65
23
25
7
53
77
89
86
58
0
0
5
53
69
51
0
0
0
0
64
0
30
0
0
0
0
0
0
0
0
6
121
269
411
324
425
378
170
2
0
0
25
32
0
113
0
45
38
17
0
0
0
0
63
138
162
223
291
187
194
166
114
35
0
0
0
0
0
0
0
0
10
5
0
10
0
25
49
0
0
0
0
0
0
0
0
14
0
0
0
0
0
0
0
0
0
3
2
0
29
50
0
0
0
16
0
0
40
51
22
62
79
61
19
68
74
0
0
0
0
0
0
0
0
0
0
0
0
0
0
71
46
136
218
388
500
409
351
482
530
369
217
75
116
220
278
341
472
555
544
376
295
291
390
249
155
144
189
14
43
0
0
0
0
0
0
0
0
0
0
0
29
30
0
0
6
50
53
141
115
165
72
38
41
2
0
0
0
0
0
0
0
0
0
0
36
12
0
0
15
88
87
80
144
3
0
93
84
28
0
0
0
0
0
0
0
0
0
0
0
0
0
0
0
0
0
0
0
0
0
0
0
0
0
0
0
22
70
98
97
88
79
139
169
115
79
58
0
0
0
0
0
0
0
0
0
0
0
0
51
0
0
0
0
0
0
0
88
138
104
92
76
30
64
29
71
35
54
74
64
0
0
0
0
27
40
57
60
67
5
41
24
90
23
27
40
80
142
134
150
165
46
39
0
0
0
0
0
25
21
0
0
0
53
35
2
137
142
115
101
140
73
130
149
236
219
202
116
23
0
0
0
0
0
0
0
0
0
0
19
18
11
0
0
0
0
0
0
0
0
0
0
0
0
0
34
0
0
0
0
0
0
0
0
8
15
1
0
14
0
0
0
0
0
0
0
0
2
65
45
14
0
0
0
0
0
0
0
0
0
0
0
0
0
0
0
0
0
0
0
0
0
0
0
5
0
0
0
0
0
0
0
0
0
0
0
0
0
0
0
0
0
0
0
0
0
0
0
0
0
0
0
2
0
0
0
0
0
0
0
0
0
0
0
0
0
0
11
137
291
360
354
173
146
150
120
100
0
0
0
161
162
291
378
274
236
258
239
290
358
238
180
116
157
0
0
0
0
0
0
0
0
0
0
0
0
0
0
0
0
0
0
0
0
0
0
0
0
0
0
118
147
177
135
51
0
0
0
0
0
0
0
0
0
0
0
0
57
25
27
0
0
0
0
2
0
0
0
0
0
0
0
0
0
0
0
0
0
13
113
164
72
0
0
0
0
0
0
19
33
63
73
80
89
48
11
0
0
106
184
179
96
45
21
12
4
0
0
0
0
0
0
0
0
0
0
33
58
72
100
106
106
106
238
188
136
150
132
128
52
0
0
0
0
0
0
0
0
0
0
0
0
34
45
125
103
48
48
2
0
0
0
0
20
0
9
3
81
65
102
0
0
0
0
0
0
0
0
0
0
0
0
0
0
0
0
0
0
0
0
0
0
0
36
18
0
0
17
0
0
0
82
54
75
75
71
55
0
31
2
0
0
0
0
0
0
1
31
0
0
0
0
0
0
0
34
1
0
0
0
0
0
0
57
95
26
0
0
0
72
0
0
0
0
0
0
0
0
0
0
0
0
34
127
152
253
223
177
55
0
0
0
0
12
0
0
18
26
0
0
0
0
0
0
0
0
0
0
0
0
0
0
0
0
0
0
13
0
2
8
0
0
0
0
0
0
0
0
0
0
0
0
0
0
121
264
341
292
121
0
0
0
0
0
0
0
0
0
0
0
0
0
0
0
0
0
0
0
0
0
0
0
0
0
143
158
140
124
0
0
0
0
0
0
0
0
40
41
171
268
293
416
249
155
216
235
245
227
215
100
0
0
0
0
0
0
0
0
38
322
144
104
128
248
275
318
318
276
276
238
171
75
104
111
155
202
0
14
6
0
2
0
18
0
61
58
0
0
0
0
8
0
0
0
0
0
0
19
34
86
0
0
0
0
0
37
109
0
55
0
0
0
0
26
26
0
0
0
0
0
3
0
18
0
0
0
0
0
0
2
84
122
135
190
216
126
127
174
261
285
209
104
77
43
85
111
127
91
30
14
11
20
20
22
0
0
0
0
0
27
0
31
26
0
0
0
0
0
0
0
0
0
0
0
0
0
9
0
102
0
0
0
0
0
0
0
28
56
71
32
28
9
0
0
0
0
0
0
0
4
0
0
0
0
0
12
0
0
48
76
114
95
126
69
0
0
77
41
85
0
35
0
0
0
34
11
60
94
86
80
57
50
100
109
110
140
70
32
15
0
0
0
0
0
0
0
0
0
0
0
0
0
0
0
0
0
139
149
197
185
209
131
46
0
0
0
0
0
0
0
0
0
0
0
0
41
76
0
0
0
0
0
0
0
0
0
0
0
0
0
25
0
0
0
0
0
0
0
0
0
0
0
0
0
0
0
0
0
0
0
0
0
0
0
0
0
0
34
50
23
0
0
0
0
5
27
8
158
277
155
230
252
187
73
0
0
98
102
26
41
3
24
63
20
0
0
0
0
0
0
0
0
94
144
73
0
0
0
0
0
0
2
0
0
0
0
0
0
0
0
49
21
0
0
0
0
15
0
0
0
0
0
18
92
221
168
96
33
0
0
0
0
0
0
0
2
20
5
0
0
0
0
0
0
0
0
0
0
0
0
0
0
0
0
0
14
78
120
172
54
96
121
130
170
117
100
222
158
29
0
0
0
104
55
3
10
0
0
0
0
0
62
239
31
89
88
137
241
326
377
304
347
373
387
379
272
198
204
227
180
132
96
23
0
0
0
0
0
0
0
0
45
152
173
209
190
197
180
130
70
0
0
0
0
71
82
78
78
95
127
65
0
26
11
0
26
29
47
39
3
0
0
0
0
0
0
0
0
0
0
0
0
0
0
0
53
41
82
46
10
36
59
97
71
193
190
70
8
107
95
11
8
0
0
0
0
0
0
0
40
33
11
0
19
24
65
62
8
0
0
0
0
0
0
0
0
0
0
0
0
0
0
44
0
0
0
0
0
0
0
0
0
0
17
0
0
10
0
0
0
0
0
0
0
0
0
39
91
0
0
0
0
36
45
41
72
70
36
8
24
3
39
0
0
0
0
0
0
0
0
55
113
90
3
0
0
62
109
158
144
210
163
149
232
336
229
310
375
177
112
90
80
74
64
69
26
42
2
11
37
104
96
70
29
0
0
0
0
0
0
0
0
193
152
169
192
181
197
212
241
336
323
271
266
245
287
285
319
337
314
365
529
513
556
576
576
305
283
275
214
184
151
178
195
331
333
252
198
183
160
160
167
176
38
192
331
85
79
0
0
8
0
0
17
19
6
95
31
0
0
0
0
0
0
0
33
0
0
0
0
178
79
32
33
56
43
42
48
65
28
0
0
0
0
0
24
64
0
0
0
0
0
0
0
0
0
0
0
0
0
0
0
0
4
182
214
217
22
246
250
250
248
75
4
0
0
0
0
0
0
0
0
0
0
0
0
0
0
0
0
0
0
0
0
0
2
67
122
136
150
165
138
291
251
330
294
86
10
0
0
0
0
0
0
0
0
0
0
0
0
0
0
0
0
0
95
120
0
0
0
0
0
0
0
0
0
0
0
0
0
0
0
0
0
0
0
0
0
0
0
0
0
0
0
3
70
120
140
200
231
260
243
176
203
125
21
16
0
0
0
36
0
150
190
299
310
176
64
52
106
134
112
44
33
76
195
248
314
246
221
220
115
68
63
71
0
0
0
0
0
0
0
0
0
0
0
0
0
0
0
0
0
0
0
0
0
0
0
0
0
0
0
0
0
0
0
0
0
6
0
0
0
92
57
9
0
0
0
0
0
0
4
100
100
4
0
33
0
0
0
0
0
0
0
0
0
9
84
47
52
78
72
98
158
239
236
150
0
75
114
98
83
67
12
0
0
0
29
0
48
130
88
42
36
0
0
0
0
0
0
0
0
0
85
164
186
187
153
0
0
0
0
0
0
24
8
23
0
0
0
0
0
0
0
0
0
0
0
19
114
56
34
61
0
0
0
0
0
0
1
75
88
22
41
68
0
0
0
0
0
0
0
0
0
0
0
0
0
0
0
0
0
0
0
0
0
0
0
34
0
0
0
0
0
0
0
15
0
0
0
118
76
71
74
104
114
88
215
200
204
300
300
292
21
0
0
44
2
1
61
0
0
0
0
0
0
0
13
9
111
100
142
134
83
28
0
0
0
0
25
157
163
210
199
152
165
152
222
87
56
52
87
97
51
48
37
61
40
0
0
0
0
0
0
0
0
38
129
155
103
161
167
173
119
150
127
56
76
187
203
171
39
52
20
0
75
218
245
152
91
127
210
183
87
7
0
190
290
288
319
299
269
318
324
306
293
283
218
30
0
0
0
0
0
0
0
0
0
0
0
102
103
180
175
172
248
364
402
291
217
193
144
204
246
230
115
62
0
97
304
288
338
380
323
144
101
59
27
0
39
0
58
80
92
44
74
1
0
0
0
0
0
39
113
196
319
340
243
33
0
0
0
0
82
170
54
0
0
0
0
0
0
0
0
0
0
0
0
0
0
0
0
0
0
0
0
0
0
0
0
0
0
0
0
0
0
0
0
0
0
0
0
23
0
0
0
48
0
0
0
0
0
0
0
0
0
0
0
0
0
0
0
0
0
0
0
24
12
0
0
72
39
37
21
62
105
189
170
120
150
125
44
0
0
0
0
0
0
0
0
0
0
0
0
0
0
55
80
149
227
231
260
289
164
179
142
88
83
34
0
0
0
0
0
0
0
0
0
0
79
111
115
98
6
55
8
0
0
0
0
0
0
0
0
0
0
0
0
0
0
0
0
0
0
0
0
0
0
0
96
85
71
0
0
0
0
0
0
0
0
0
0
0
0
0
0
0
0
0
0
0
0
0
31
123
183
87
7
32
0
0
0
0
0
0
0
0
0
0
0
0
0
0
0
0
0
0
74
2
0
0
0
0
0
0
0
0
0
14
0
0
0
0
0
0
0
0
0
0
0
0
0
0
1
0
32
105
81
26
4
0
0
0
0
0
0
0
0
0
0
0
0
0
0
0
0
0
0
0
0
0
0
0
0
0
0
0
92
76
170
267
291
37
85
69
120
184
107
0
0
0
0
0
0
39
159
239
239
45
0
0
9
0
0
0
0
0
0
0
0
0
18
32
6
0
0
133
200
183
0
167
183
0
0
0
15
150
150
148
75
39
18
69
70
70
76
69
23
0
0
0
0
0
0
0
0
0
0
0
42
133
118
125
57
0
0
0
0
0
0
0
0
0
0
0
0
0
0
0
0
0
30
56
0
0
0
0
0
0
0
0
0
0
0
0
0
0
0
0
0
0
0
0
0
0
0
0
0
0
0
0
0
0
0
0
0
0
0
0
0
0
12
63
73
40
44
35
80
81
0
0
3
96
101
94
85
118
93
153
151
76
47
46
52
43
158
102
49
23
25
0
40
59
0
101
156
298
503
386
201
22
112
0
0
0
0
0
0
0
0
0
0
0
0
117
191
420
506
600
508
341
224
139
126
3
0
0
0
0
0
0
0
40
40
68
0
16
79
101
182
200
221
340
336
267
159
46
0
0
91
200
200
200
196
0
4
0
0
0
0
0
0
0
0
0
0
0
0
0
25
71
41
224
182
106
118
177
164
0
15
0
0
0
0
0
0
0
0
0
0
0
0
0
0
0
0
200
196
4
0
0
0
0
0
0
0
0
0
0
0
0
0
0
0
0
0
108
277
330
352
248
311
344
348
301
254
90
5
0
0
0
0
39
191
189
218
399
332
294
192
102
23
76
82
0
0
0
0
0
0
0
0
0
0
38
136
136
161
0
0
0
0
0
0
0
0
0
0
0
0
0
0
0
60
151
227
253
368
364
411
446
404
385
352
290
187
86
112
62
117
110
135
0
0
18
66
111
157
121
42
0
0
0
0
0
0
30
30
30
64
122
139
127
96
146
34
0
0
0
0
0
0
0
18
7
0
0
0
0
0
0
0
0
0
0
0
27
0
0
0
0
0
0
0
0
0
0
0
0
0
0
0
0
0
0
0
0
0
0
0
0
0
0
0
0
0
0
0
0
102
184
68
188
255
203
211
234
280
269
197
37
0
0
0
0
0
0
0
0
246
448
450
446
379
205
118
0
29
0
0
0
0
0
19
0
1
0
0
0
0
0
0
11
73
63
52
75
11
0
0
0
0
0
0
0
0
0
0
0
0
0
0
0
0
0
0
0
0
0
0
0
0
0
46
145
232
231
187
200
368
440
392
131
0
0
10
128
201
259
446
191
111
24
0
0
0
0
0
0
0
142
292
381
208
400
358
304
149
169
170
65
149
128
259
18
0
0
0
0
0
0
0
0
0
0
0
0
0
0
0
0
0
3
83
94
103
187
179
9
0
0
68
113
77
91
80
61
17
0
14
85
59
100
125
192
313
410
401
275
258
248
264
221
157
82
0
0
0
0
0
0
0
0
0
35
14
15
68
105
76
242
215
241
125
95
139
155
124
163
198
169
131
16
51
0
0
0
0
0
0
0
0
0
0
129
134
178
130
165
206
18
21
0
0
0
38
100
26
0
6
55
85
60
3
0
3
29
45
50
19
33
222
342
413
355
315
157
88
99
109
4
0
0
0
0
0
0
0
0
0
0
115
178
294
207
189
191
144
0
0
0
0
0
0
0
0
0
0
0
0
0
0
0
0
0
0
0
0
0
0
125
189
134
137
135
198
209
126
60
56
158
200
296
300
300
300
154
105
92
102
104
125
159
163
205
210
116
51
117
190
310
333
364
467
554
628
669
629
650
597
606
551
569
596
636
646
640
577
444
399
6
7
108
182
253
384
520
476
505
459
373
346
300
208
172
126
47
0
0
0
0
0
0
0
123
206
200
164
113
31
16
11
0
0
0
1
68
162
254
168
128
144
132
123
108
44
2
0
189
304
413
418
371
274
200
200
43
18
61
140
177
305
398
427
446
494
410
377
401
400
400
370
177
4
0
0
0
0
0
0
0
0
0
0
0
0
0
0
30
234
241
394
370
380
271
139
0
0
0
0
0
0
0
43
3
0
0
0
0
29
90
99
120
116
155
95
16
0
0
16
12
61
100
100
110
119
42
126
138
165
139
102
119
114
100
169
407
350
316
221
231
207
164
29
24
0
17
16
0
13
20
51
6
36
30
82
71
48
63
67
57
208
193
24
66
19
7
68
0
0
0
0
31.2
42.5
43.3
50
70.6
77.6
31.7
49.2
2.1
0
0
0
0
0
0
0
0
0
0
0
