0
0
0
0
0
0
0
0
51
150
193
200
111
0
0
0
0
0
0
2
115
168
182
160
116
184
184
184
136
126
186
225
167
84
0
0
41
53
91
129
135
79
55
63
101
170
53
49
92
137
170
170
197
264
339
287
287
294
186
136
0
0
0
0
0
0
2
4
7
0
0
0
0
0
0
0
0
13
82
18
16
9
0
0
0
0
0
0
0
0
0
0
0
0
0
46
198
181
175
131
91
50
0
0
0
0
0
0
0
20
275
427
549
490
417
367
177
37
0
0
0
0
0
0
0
0
0
0
0
0
0
0
0
0
0
0
0
0
0
0
0
0
0
0
0
0
0
0
57
115
256
365
472
403
356
350
219
130
81
182
236
184
268
265
300
267
129
30
0
0
1
30
83
229
210
300
444
463
424
336
224
52
63
0
125
143
169
169
84
0
0
0
0
0
0
0
0
0
0
0
0
0
0
0
0
0
0
0
67
0
0
0
0
0
0
0
0
0
0
0
0
0
0
0
0
0
0
0
0
0
0
19
52
0
0
0
0
0
0
0
23
67
136
155
174
224
187
235
243
272
250
278
384
328
386
269
193
8
0
0
0
0
0
0
0
0
49
34
1
52
43
0
0
8
4
54
123
130
137
160
154
45
0
33
4
67
78
144
65
0
0
0
0
0
0
0
0
20
8
0
0
0
47
116
143
0
0
89
56
75
33
27
0
0
0
0
0
0
0
0
0
0
0
0
0
0
0
0
0
0
0
0
0
0
0
0
0
0
0
0
0
0
0
0
0
0
0
0
0
0
0
0
0
0
0
0
0
0
0
0
0
0
0
0
0
0
0
0
0
0
0
0
0
0
0
0
0
0
0
0
0
0
0
0
0
0
0
0
0
0
0
0
0
0
4
1
0
0
0
0
0
50
70
46
50
16
7
37
84
100
100
100
146
130
165
161
214
176
109
120
100
52
91
152
266
296
278
339
341
300
222
183
74
34
60
38
20
0
0
0
0
0
0
0
0
0
0
0
51
0
16
20
0
0
0
0
0
0
0
0
0
0
0
0
0
0
0
0
0
0
0
0
0
0
0
35
60
60
41
36
17
0
30
30
17
30
41
70
96
129
169
212
210
200
180
184
249
217
225
199
199
164
99
100
161
204
274
283
281
249
274
321
305
206
221
309
310
386
499
521
551
557
616
545
494
496
522
543
225
199
181
160
143
94
20
0
0
0
0
0
0
0
0
0
0
0
0
0
0
0
0
1
99
52
115
167
206
264
242
159
191
160
105
193
300
343
490
631
684
666
469
410
307
320
220
120
44
67
70
70
70
121
243
258
181
158
140
145
178
130
60
21
18
0
0
0
0
0
0
0
71
80
36
81
139
177
305
416
446
450
474
482
425
329
294
221
290
270
210
225
162
205
244
285
57
7
20
20
20
27
14
0
0
1
40
75
50
39
0
86
94
103
17
27
32
48
60
63
155
181
153
96
81
29
0
0
0
0
0
0
0
0
26
46
35
58
23
51
26
4
0
0
0
0
0
0
0
0
0
0
0
0
0
0
0
11
30
47
89
87
2
0
20
0
0
0
0
0
0
0
0
0
0
9
0
0
0
11
104
93
123
184
214
108
75
83
23
0
0
0
0
0
0
0
0
0
0
0
4
45
0
0
17
0
0
0
48
14
0
0
0
0
0
0
0
0
0
0
0
0
0
103
90
106
80
50
49
0
0
0
0
0
0
0
0
0
0
0
0
0
0
0
0
0
0
0
38
21
47
88
80
24
0
0
33
47
0
50
106
154
194
245
225
139
85
122
193
240
270
302
408
385
485
531
530
436
424
364
392
415
190
12
0
0
0
0
0
0
0
0
0
0
0
0
0
0
0
0
0
0
0
0
0
0
0
0
0
0
0
0
169
179
154
129
107
9
0
0
0
0
0
0
0
0
0
0
0
57
0
30
0
0
0
0
27
0
0
0
0
0
0
0
0
40
75
165
25
0
0
11
166
79
102
85
0
0
0
0
0
0
0
70
189
260
278
312
400
461
445
423
499
550
531
575
677
687
676
763
773
671
570
472
200
162
193
167
18
0
23
0
0
0
0
0
0
0
0
0
0
0
0
0
0
0
0
0
0
0
0
6
10
20
80
0
60
52
52
87
113
111
114
140
175
196
118
75
25
9
0
15
50
50
50
50
51
100
61
52
34
95
110
96
143
153
129
129
130
96
38
45
0
0
0
0
211
145
0
0
0
50
0
0
0
0
0
0
0
0
51
120
254
360
422
417
333
316
228
245
126
139
188
199
199
163
113
69
86
47
0
0
0
0
0
0
0
0
0
0
0
0
0
0
0
0
0
0
0
0
0
0
125
53
67
162
239
234
200
221
223
266
178
266
182
134
80
30
43
60
68
98
150
188
337
340
356
346
304
285
349
373
467
568
631
574
442
349
320
258
162
160
69
49
0
25
50
3
23
0
101
135
60
127
228
261
256
274
235
124
0
57
32
0
0
0
0
0
0
0
0
0
0
0
0
0
0
0
0
0
0
0
0
22
34
93
20
36
40
40
3
0
0
0
0
0
0
0
35
83
119
107
66
104
149
150
160
121
76
157
116
168
98
48
0
0
0
0
0
0
20
211
389
470
527
470
371
209
243
313
330
322
88
70
80
73
0
0
0
0
80
111
195
278
343
232
288
252
196
291
397
362
432
420
452
461
471
383
225
121
112
85
138
0
0
0
0
0
0
0
0
0
0
0
0
0
0
0
0
0
39
113
175
171
224
260
186
223
245
245
191
157
76
127
164
143
121
214
236
186
207
241
248
283
265
198
276
248
193
182
0
0
0
0
0
0
0
0
0
0
0
0
0
0
0
0
0
0
0
0
0
0
0
0
0
0
6
29
106
172
137
310
305
291
323
285
198
141
61
0
0
0
0
0
0
0
0
0
0
0
0
0
0
0
0
0
0
50
60
100
80
69
50
87
0
0
0
0
0
0
0
0
0
0
0
0
0
0
0
0
0
0
0
0
0
20
50
35
35
84
0
0
0
0
0
0
0
0
0
0
0
0
0
0
0
0
0
6
88
96
129
72
84
50
0
0
0
0
0
0
39
0
0
1
30
5
0
0
0
0
0
0
0
0
0
0
0
0
0
0
0
0
0
30
0
12
0
0
24
97
55
6
69
100
119
151
106
100
79
104
146
190
252
289
211
142
115
214
14
0
18
51
139
208
221
355
228
179
115
112
50
0
8
63
76
167
189
202
222
285
303
240
0
0
0
0
0
0
0
0
5
26
76
126
136
119
140
101
88
1
0
0
0
0
43
60
0
0
0
0
0
0
0
36
39
30
18
47
80
89
50
27
40
127
139
46
0
0
0
0
0
0
0
0
0
0
0
0
0
0
0
0
0
0
0
33
72
30
69
1
0
0
0
0
0
0
0
0
0
0
0
9
0
20
0
66
168
198
260
341
301
285
330
304
329
363
461
533
54
0
0
0
5
61
98
160
106
28
44
147
144
91
0
0
6
0
22
0
0
0
0
0
0
0
0
0
0
0
0
195
256
337
425
409
334
128
9
0
0
0
0
0
0
0
0
0
0
0
0
0
0
0
0
0
0
0
0
0
0
0
0
0
0
0
0
0
0
0
0
0
84
100
80
51
50
22
1
0
23
8
0
0
0
0
0
0
0
0
0
0
0
0
0
0
48
50
42
0
24
30
30
68
6
0
0
0
0
0
0
0
0
0
0
0
0
0
0
0
0
0
0
0
0
0
0
0
0
0
0
0
0
0
0
0
0
0
0
0
0
0
0
0
0
0
0
0
0
0
0
56
104
86
0
0
0
0
0
0
0
0
0
0
0
0
0
0
0
0
0
0
0
0
108
226
360
493
398
347
340
312
336
219
119
0
0
0
0
0
0
0
0
0
0
0
0
0
0
0
0
5
40
55
36
9
0
0
0
0
0
0
0
0
0
0
0
0
0
0
0
0
1
0
0
0
28
51
90
152
173
242
260
218
193
127
78
0
0
0
0
0
0
0
0
0
0
20
63
174
316
419
349
442
491
389
362
314
311
74
0
0
0
0
14
57
0
0
0
0
0
52
55
112
205
255
232
185
163
219
215
131
107
45
0
0
48
158
102
96
195
211
262
285
350
338
361
471
501
454
360
359
357
436
448
477
573
527
480
501
564
599
18
0
37
41
110
144
203
229
186
126
56
0
0
0
0
0
0
0
33
0
0
70
148
123
178
227
145
104
80
2
0
0
0
0
0
0
0
6
108
165
182
113
174
115
56
0
29
0
0
0
0
0
0
0
0
0
0
0
0
0
0
0
0
0
31
133
306
148
42
30
0
0
0
0
0
0
7
75
177
266
287
424
456
606
557
502
568
587
358
195
154
31
14
0
0
0
0
0
0
0
0
0
40
33
19
253
385
422
508
493
408
433
381
236
97
95
120
76
111
174
188
165
202
217
273
294
244
247
269
349
417
498
499
532
503
451
501
350
122
44
0
0
0
0
0
0
0
0
0
0
0
0
0
90
202
204
199
199
199
169
129
28
67
3
0
0
53
201
32
0
0
0
0
0
0
0
0
0
0
0
0
76
79
100
106
113
160
148
36
0
0
0
0
0
0
0
0
0
0
0
0
44
155
256
216
220
248
284
331
310
367
405
204
163
128
128
0
0
0
0
0
0
0
32
137
279
274
164
98
75
0
124
146
100
173
213
38
64
94
37
89
140
175
179
179
130
90
52
63
0
0
0
0
0
0
0
0
0
0
0
0
0
0
0
0
0
0
0
10
0
0
0
0
0
0
0
0
0
0
0
0
0
0
62
0
0
0
0
0
0
0
0
0
0
0
0
0
0
0
0
25
226
200
210
112
84
35
0
0
0
0
0
0
60
72
99
100
100
100
100
100
100
193
249
248
193
179
202
281
269
213
282
153
119
85
30
0
32
0
0
0
0
0
0
0
0
0
19
0
0
0
0
0
0
72
162
233
143
101
0
0
0
0
0
0
59
186
333
418
517
616
510
450
243
315
317
315
254
214
47
0
0
0
0
22
97
80
80
90
180
237
352
368
397
368
312
84
137
196
239
107
0
0
0
0
0
0
0
190
353
398
350
356
371
402
498
633
577
597
556
485
379
314
399
423
421
334
214
111
0
0
58
32
46
144
200
322
311
301
352
383
408
424
430
440
461
446
495
564
565
664
687
529
433
318
330
0
0
0
0
0
0
0
0
0
0
0
0
0
0
0
0
0
0
4
87
33
0
0
0
0
0
0
0
0
191
255
232
150
108
102
124
150
150
149
86
58
11
0
0
0
0
0
0
0
34
16
0
5
24
0
0
0
0
0
0
0
0
0
0
0
0
0
0
0
0
0
0
0
0
0
0
0
0
0
108
16
0
0
128
164
186
221
236
306
337
142
71
48
0
0
0
0
4
0
0
0
0
0
50
26
0
0
0
0
0
61
64
176
200
143
106
118
96
260
219
214
298
297
336
350
350
382
488
553
580
597
597
531
374
175
137
126
71
11
71
0
0
0
0
0
0
0
0
0
0
0
0
0
0
26
111
239
204
187
170
183
209
202
114
0
0
0
98
23
2
0
0
0
0
0
0
0
0
0
0
0
7
60
64
154
278
289
359
414
403
351
493
286
242
225
212
137
85
7
64
100
100
116
105
29
50
50
50
35
0
0
0
0
0
0
0
9
4
0
0
0
0
0
0
0
0
0
0
5
0
0
0
0
0
0
55
96
61
44
30
67
80
80
80
80
219
395
544
492
601
609
606
551
390
219
81
132
9
0
0
0
0
0
0
0
0
0
0
0
0
0
0
0
0
0
0
0
0
0
0
0
0
0
0
0
0
0
0
0
0
0
0
0
0
0
0
2
16
6
53
60
47
60
60
17
115
203
218
188
97
0
0
0
0
0
0
0
0
0
0
0
0
0
46
89
145
209
196
221
299
230
213
216
129
100
63
0
0
0
0
0
0
0
0
0
0
0
0
0
22
63
115
177
223
169
163
168
10
0
0
0
0
0
0
0
0
0
0
0
0
0
0
31
20
20
31
83
110
110
54
0
0
0
0
4
50
50
33
82
114
177
143
157
200
200
200
230
164
38
81
110
6
0
21
97
115
80
108
158
179
200
165
150
72
0
0
16
130
139
131
15
0
0
0
0
0
0
0
0
0
0
0
41
144
165
200
221
150
110
0
0
0
0
0
0
0
0
0
0
0
0
0
0
0
0
0
0
0
0
0
0
0
0
0
0
0
0
0
0
0
0
0
0
0
0
0
0
0
0
0
0
0
0
0
0
0
0
0
0
0
0
0
0
0
0
0
0
0
0
0
0
0
0
0
0
0
0
0
0
0
0
0
0
0
0
0
0
16
72
115
180
132
104
237
385
513
578
398
116
0
0
5
122
221
330
285
259
364
452
449
489
490
398
252
129
80
35
5
0
90
75
79
4
0
0
0
0
0
20
6
137
198
189
160
242
224
96
156
76
0
0
0
31
0
0
0
0
0
0
0
0
0
0
129
149
227
290
406
377
300
251
202
207
223
219
348
298
139
42
0
0
11
0
20
40
68
133
123
196
169
169
186
160
190
171
90
136
100
0
0
85
87
0
0
0
0
0
0
0
0
0
0
50
29
0
0
30
49
66
162
88
123
117
45
64
105
106
145
0
0
0
0
0
0
0
29
22
48
0
0
0
0
0
50
120
220
226
300
360
264
127
131
92
119
108
21
0
0
0
0
0
0
0
0
0
0
0
0
42
200
197
229
186
129
63
50
107
199
223
250
288
318
330
333
316
381
307
123
10
7
58
60
105
127
85
37
0
0
0
0
0
0
0
0
0
13
0
0
0
0
0
51
0
0
0
0
0
0
0
0
0
0
0
0
0
0
0
0
0
0
0
69
0
0
0
0
0
64
56
0
27
55
35
30
134
41
0
0
0
0
0
0
0
0
0
0
0
0
0
55
43
52
0
56
54
42
50
40
0
0
0
0
0
0
0
0
0
0
0
0
0
0
0
0
0
0
0
81
145
183
123
60
47
72
71
93
95
70
70
83
68
91
165
144
0
0
0
19
72
113
157
120
120
113
112
152
64
80
128
0
0
0
0
0
0
2
58
30
0
0
0
0
0
10
55
70
86
110
66
19
0
0
2
0
38
80
111
110
138
155
183
199
180
179
188
264
221
200
212
154
144
140
187
163
100
65
25
0
0
0
0
0
0
6
68
0
0
0
0
0
0
0
0
0
0
0
0
0
0
0
0
0
0
0
0
0
0
33
50
85
111
167
128
90
11
0
0
0
0
0
0
0
0
0
0
0
0
0
0
0
0
0
0
0
0
0
0
0
115
233
364
449
405
247
186
57
0
0
0
0
0
29
1
50
60
50
0
0
0
21
23
4
0
40
76
17
0
0
0
0
8
99
23
30
0
0
0
0
0
0
0
0
0
0
0
0
0
0
0
0
110
198
305
367
407
469
502
412
138
66
75
80
62
58
13
0
50
86
45
40
40
40
40
43
121
160
176
302
361
362
306
276
9
0
0
0
0
8
72
172
219
138
0
0
0
0
0
0
0
0
0
0
0
0
0
0
0
0
25
90
130
126
25
98
162
190
120
15
28
70
90
192
160
179
233
287
232
105
24
40
4
0
0
0
0
0
0
0
0
0
0
14
77
98
120
159
234
218
167
186
201
86
90
33
16
29
70
70
94
123
158
200
223
373
454
538
469
429
366
373
400
294
250
213
131
126
140
62
0
0
0
0
0
0
0
0
0
0
0
0
0
0
0
0
49
97
91
59
105
54
0
0
0
16
0
0
0
0
34
110
112
179
150
115
52
12
0
0
0
0
0
0
0
0
0
0
0
51
60
60
60
60
60
38
0
0
0
0
0
0
0
0
0
0
0
0
0
0
0
0
0
0
0
0
0
0
0
0
0
0
0
0
0
0
0
0
0
0
0
0
0
14
29
69
0
0
0
0
0
0
21
43
47
122
92
125
156
313
465
394
437
418
316
317
311
249
132
117
0
0
0
0
0
0
62
400
516
630
600
447
296
237
219
138
13
0
0
0
0
132
325
332
199
217
180
124
120
100
124
191
307
226
197
200
99
0
0
0
0
0
0
0
0
0
0
0
0
0
0
0
0
0
0
0
0
0
0
0
0
0
0
0
0
0
0
0
0
0
0
0
0
0
0
0
0
0
58
152
270
400
373
327
261
209
450
521
414
328
329
263
203
192
160
111
0
0
0
0
0
0
0
0
0
0
0
0
0
0
0
0
0
0
0
0
0
0
0
0
88
219
204
232
212
319
344
474
490
575
524
465
307
287
150
101
0
0
0
0
0
0
0
0
186
162
138
167
216
249
212
199
268
226
126
91
14
80
158
174
247
236
214
268
309
300
302
287
136
143
249
262
326
180
85
127
182
109
48
10
27
66
40
40
40
4
0
0
0
0
0
0
0
0
0
0
0
0
0
0
9
46
67
110
154
130
119
95
7
0
0
0
0
0
0
0
0
0
80
80
92
172
291
420
463
539
592
693
832
864
908
867
763
706
485
251
18
0
0
0
0
0
0
0
0
0
0
49
239
335
324
352
371
353
390
433
439
465
400
400
327
206
165
0
0
0
0
0
0
0
0
0
0
0
0
0
0
0
0
0
0
0
0
0
0
0
0
0
0
19
19
0
0
0
0
0
0
0
0
0
2
30
6
2
53
44
0
10
8
0
0
0
43
63
81
100
132
137
100
132
287
379
305
264
297
207
230
215
232
217
189
88
54
0
0
0
0
0
0
0
0
0
0
0
40
22
0
0
0
0
0
0
0
0
0
20
12
0
0
0
0
9
40
40
59
49
45
140
293
300
300
298
214
178
184
114
85
39
0
0
0
0
0
0
0
0
0
0
0
0
0
0
0
0
0
0
0
0
0
0
0
0
0
19
7
0
0
0
0
0
0
0
0
0
0
102
154
105
70
70
70
70
100
27
0
13
0
0
0
0
0
0
0
0
0
0
0
0
0
0
0
0
0
0
0
0
0
0
0
0
0
0
0
0
0
0
0
0
0
0
0
0
0
0
0
0
0
10
40
30
10
23
80
76
50
0
0
0
0
0
0
0
0
0
0
0
0
0
0
0
0
0
0
0
0
0
0
0
0
0
0
0
3
9
7
55
100
100
115
251
258
315
389
266
204
201
162
109
77
0
26
0
0
0
0
0
0
0
0
0
0
0
0
0
0
11
62
100
218
346
384
257
201
92
81
146
149
148
91
25
0
0
0
0
0
0
0
0
0
0
0
0
48
86
121
162
205
300
256
109
18
0
0
0
0
0
0
0
0
0
0
0
0
0
0
0
0
9
0
75
106
130
105
0
0
0
0
0
0
0
0
0
0
0
0
0
0
0
0
0
0
0
0
0
0
0
0
53
181
190
129
83
87
23
14
15
30
30
11
50
81
90
94
127
109
67
48
81
92
93
151
180
97
140
152
105
35
0
21
90
66
17
0
24
53
78
139
101
36
36
68
0
0
0
41
70
7
0
0
0
0
0
90
114
80
51
18
73
63
73
119
162
101
56
55
0
0
0
0
0
0
0
0
0
0
0
0
0
0
0
0
0
0
0
0
0
0
0
0
0
20
30
44
35
0
0
0
0
0
0
0
0
0
0
0
0
0
0
0
0
0
0
0
0
0
0
0
0
0
0
0
0
0
0
0
35
0
0
16
0
16
24
19
0
2
0
0
9
0
95
49
39
0
0
0
0
0
0
0
0
0
0
0
0
0
5
72
166
272
229
165
148
150
150
109
108
76
38
0
0
0
0
0
0
0
0
0
0
0
0
12
69
169
234
229
229
229
234
258
270
233
189
106
12
0
0
69
55
10
0
0
0
36
156
230
284
237
120
26
0
0
0
12
14
0
0
0
0
0
0
0
0
0
0
0
0
0
0
0
0
0
0
0
0
0
0
0
0
0
0
0
0
0
0
0
0
0
0
0
0
0
0
0
0
0
60
33
37
18
0
0
0
0
0
0
0
0
0
0
0
0
0
0
0
0
0
0
0
0
0
0
0
0
0
0
0
0
0
0
0
0
0
0
0
0
0
0
0
0
0
0
0
0
0
0
0
0
3
35
0
0
0
0
0
0
0
0
0
0
0
0
0
0
0
0
15
110
220
273
203
224
152
99
40
0
0
0
0
0
0
0
0
0
0
0
0
0
0
0
0
0
0
0
0
96
149
79
42
0
0
0
0
0
0
0
0
0
0
0
0
0
0
0
0
0
0
0
0
0
0
0
0
0
0
0
0
0
0
0
0
0
0
0
0
0
12
106
89
70
70
0
0
0
0
0
0
0
0
0
0
0
0
33
18
0
0
0
0
0
20
143
256
393
463
450
369
309
250
68
15
0
77
164
175
100
155
0
0
0
0
45
254
391
721
799
771
644
492
245
157
148
189
191
168
37
0
0
0
0
0
0
0
0
0
0
50
209
299
490
530
580
529
342
367
371
326
393
383
275
250
188
100
28
7
39
34
19
19
2
0
0
0
0
0
0
0
0
0
0
0
0
0
0
0
49
49
51
79
149
174
145
113
105
190
282
352
509
587
667
676
589
550
441
405
424
384
342
294
201
142
128
84
99
99
99
86
84
99
99
172
239
213
227
256
216
237
256
164
122
112
95
132
159
134
110
92
118
109
79
94
102
86
82
129
119
144
128
104
94
94
94
52
49
46
20
58
79
79
95
22
0
0
0
0
0
23
35
111
137
127
152
188
225
199
136
99
119
104
99
97
47
50
69
69
77
77
69
82
89
87
79
129
179
164
158
135
87
58
79
79
79
42
0
0
0
0
0
0
0
0
0
0
0
0
0
24
19
19
19
0
0
13
19
19
9
0
0
0
0
0
0
0
0
0
0
0
0
0
0
0
0
0
17
49
24
0
0
0
0
0
0
0
0
0
0
0
0
0
0
0
0
0
0
0
0
0
0
0
0
0
0
0
0
0
0
0
0
0
0
0
0
0
0
0
0
0
0
0
27
18
0
0
0
0
0
0
0
0
0
0
0
0
0
0
0
0
0
0
0
0
0
0
0
0
0
0
0
0
0
0
0
0
0
0
0
0
0
0
0
0
0
0
0
0
0
0
89
0
0
0
0
0
0
0
0
0
0
0
0
0
0
0
0
0
0
0
0
0
0
0
29
33
60
69
39
0
15
19
19
18
0
0
0
0
0
0
0
0
0
0
0
0
0
0
0
0
0
0
0
0
0
0
0
0
0
0
0
0
0
0
0
0
0
0
0
0
0
0
0
0
0
0
0
0
0
0
0
0
0
0
0
0
0
0
0
0
0
0
0
0
0
0
0
0
0
44
79
79
79
48
84
118
137
140
42
0
0
0
0
0
18
39
39
24
0
0
0
0
0
19
0
0
0
0
7
83
0
57
0
0
0
0
26
79
79
79
79
62
3
7
0
0
0
0
39
37
33
14
93
136
141
212
204
150
144
145
0
0
0
0
0
0
0
0
57
190
256
299
359
280
250
207
199
166
131
70
14
19
41
98
119
169
136
99
54
49
49
34
70
49
51
89
52
0
0
0
0
0
42
49
49
28
9
99
0
0
0
0
0
0
0
0
0
0
0
0
0
0
0
0
110
169
134
213
272
141
39
37
93
80
105
113
109
68
116
93
132
141
159
172
199
199
133
45
87
40
0
0
0
0
0
0
40
59
42
19
19
19
21
56
59
87
136
121
103
39
48
34
84
129
109
129
129
40
0
0
0
20
59
68
71
37
124
49
49
85
236
315
226
159
152
99
22
0
0
0
0
0
0
0
0
0
0
0
0
0
0
0
0
0
0
73
86
62
84
76
96
121
100
12
0
0
0
0
0
0
3
83
139
147
219
297
412
543
458
450
493
500
500
456
450
475
472
457
400
206
215
241
0
0
0
0
0
0
0
0
87
124
151
124
55
0
29
42
59
53
47
18
0
0
0
0
0
0
0
0
12
54
82
7
67
150
169
190
199
211
311
413
426
480
475
416
322
211
100
128
108
61
59
59
59
65
109
109
127
303
324
339
339
308
259
249
220
184
99
19
0
0
69
137
83
0
0
0
0
0
0
0
0
0
0
0
0
0
0
0
0
0
0
0
0
0
0
0
0
0
0
0
0
0
0
0
0
0
0
0
0
0
0
0
0
0
0
0
0
0
0
61
89
137
139
131
99
60
22
0
0
0
0
0
0
0
50
142
149
111
14
0
0
0
0
0
0
0
0
0
0
0
0
0
0
0
0
56
0
0
0
2
49
71
77
6
0
0
0
0
0
0
0
0
0
0
0
0
0
0
0
0
77
225
250
180
420
400
303
226
0
0
0
0
0
0
0
0
0
0
0
0
0
101
139
139
125
48
99
112
99
78
0
0
0
0
0
0
0
0
0
0
0
0
0
0
0
0
0
0
0
0
0
0
0
0
0
0
0
0
0
0
0
0
0
0
0
0
0
0
0
83
87
0
0
0
0
0
0
0
0
0
0
0
0
0
0
0
0
0
0
0
0
0
0
0
0
0
0
0
0
0
0
0
0
0
0
0
0
0
0
0
0
0
0
0
0
0
0
0
0
0
0
0
0
0
0
0
0
0
0
0
0
0
0
0
0
0
0
0
0
0
16
0
0
0
25
0
0
0
0
0
0
0
0
0
0
0
0
0
0
0
0
0
0
0
0
0
0
0
0
0
14
28
0
0
0
0
0
0
0
0
0
0
0
0
0
0
0
0
0
0
0
0
0
0
0
0
0
0
0
0
0
0
0
0
0
0
0
0
0
0
0
0
0
0
0
0
0
0
0
0
0
0
0
0
0
0
0
0
0
0
0
0
0
0
0
0
0
0
0
0
0
0
0
0
0
36
0
0
0
0
0
0
0
0
0
0
0
0
0
0
86
300
507
488
456
410
406
354
379
347
309
341
237
134
207
139
0
0
0
0
0
0
0
0
22
79
79
79
57
34
89
133
223
201
129
89
10
0
0
0
0
0
21
29
23
0
0
0
0
0
0
0
0
0
0
0
0
0
0
0
0
0
0
0
0
0
0
1
28
27
0
26
36
58
102
124
114
149
152
157
239
204
85
61
56
45
151
159
31
20
29
29
29
29
29
79
176
204
213
155
87
13
4
49
42
0
0
0
0
0
0
0
0
10
0
0
0
0
0
0
0
45
161
387
511
656
766
774
866
826
719
656
531
355
349
324
0
0
0
0
0
0
14
39
85
159
174
230
185
54
45
97
186
225
233
267
248
213
209
140
0
0
0
0
26
0
10
24
39
84
99
99
129
164
189
179
98
0
0
0
0
0
0
0
0
0
0
0
0
0
0
0
0
25
0
0
0
0
0
0
0
0
0
0
0
0
0
0
0
0
0
0
0
0
0
0
0
0
0
0
0
0
0
0
32
19
32
41
0
0
0
0
39
42
0
0
26
26
60
119
149
104
151
213
246
238
269
354
357
239
157
59
0
0
0
0
0
0
0
0
0
0
13
49
49
49
49
0
0
0
0
0
0
0
0
0
0
0
0
0
0
14
0
0
0
0
0
0
0
48
97
0
0
0
0
0
0
0
0
0
0
0
0
0
0
0
0
0
31
133
239
230
183
114
119
101
74
0
0
0
0
0
0
0
0
53
139
174
45
0
0
0
0
0
0
0
0
0
0
0
60
127
219
211
223
148
267
281
44
12
0
0
0
0
0
0
0
29
5
0
0
0
0
0
0
0
0
0
0
0
0
0
0
0
0
0
0
0
0
0
30
49
28
38
99
67
10
15
44
0
46
78
99
55
0
0
0
0
0
0
0
0
0
0
0
0
0
0
0
0
0
0
0
0
0
135
243
206
115
96
54
30
28
59
50
1
0
0
0
0
0
0
0
0
0
0
0
0
0
22
29
11
0
0
0
0
0
0
0
0
0
0
0
0
0
0
0
0
54
161
191
149
179
248
285
219
162
157
116
153
138
62
6
14
57
59
59
59
35
39
13
0
0
0
0
0
34
13
0
15
36
6
0
0
12
27
25
9
0
0
0
0
0
0
0
0
0
0
0
0
0
0
0
0
0
0
72
155
119
76
146
235
239
189
147
64
0
0
0
0
0
0
0
0
0
0
0
0
0
0
83
0
23
119
0
0
0
0
0
0
0
0
0
0
0
0
0
0
0
0
0
0
0
0
0
0
0
0
60
69
88
149
162
224
146
77
229
273
313
391
357
321
329
308
311
149
0
0
20
65
79
20
32
49
95
99
99
63
31
61
84
135
90
67
32
27
49
17
61
0
0
0
0
0
0
0
0
0
0
0
0
0
0
0
0
0
0
0
0
0
0
0
0
0
0
0
0
0
0
0
26
38
36
29
35
88
0
0
34
75
138
203
332
370
295
208
214
161
3
0
0
22
107
59
106
122
153
219
275
254
307
154
179
206
155
137
131
82
25
0
0
0
0
0
0
0
0
0
0
37
39
39
39
39
0
0
0
0
0
30
92
100
129
155
220
221
38
33
59
11
0
16
49
49
49
49
49
26
0
12
49
29
47
99
99
88
59
59
58
0
0
0
0
0
0
0
0
0
0
0
0
0
0
0
0
0
0
0
0
0
0
0
0
0
0
0
0
0
0
0
0
0
0
0
0
0
0
0
0
4
9
0
0
11
79
117
119
85
73
89
69
0
0
0
12
0
0
0
0
0
0
0
0
0
0
0
0
0
0
0
0
0
0
14
118
190
203
203
121
119
144
112
106
127
86
12
0
0
0
0
0
0
0
0
0
0
0
0
0
0
0
0
0
0
0
0
78
164
361
370
455
462
284
179
111
213
283
372
429
357
264
112
37
70
136
215
34
14
34
39
39
39
72
92
40
47
96
117
61
0
0
0
0
0
0
0
0
0
0
0
0
0
0
41
88
153
36
0
84
110
123
179
148
163
159
150
112
239
210
62
0
0
0
0
191
164
112
49
49
89
55
0
0
0
0
0
0
0
0
0
12
68
60
0
0
0
0
0
15
79
79
79
79
29
0
0
0
0
0
0
0
0
0
0
0
0
0
0
0
20
23
39
0
0
0
0
0
22
49
17
10
55
88
49
106
179
151
82
59
21
0
0
0
0
0
0
0
0
28
59
59
59
118
156
167
47
94
120
76
22
28
16
12
33
0
0
0
0
0
0
0
0
0
20
86
228
149
182
203
102
12
11
100
59
47
0
0
0
0
0
0
0
0
45
49
85
99
114
129
129
94
46
160
39
0
16
33
0
0
0
0
0
0
0
0
0
0
0
0
11
88
123
178
173
155
149
149
113
100
245
169
99
66
52
144
204
275
169
100
12
0
0
0
0
76
191
242
249
153
98
88
95
59
116
231
241
266
230
164
21
0
0
0
0
0
0
0
0
0
0
0
0
27
0
0
0
0
0
0
0
22
29
0
0
0
0
0
0
0
0
0
0
0
0
0
0
0
0
0
0
0
0
0
0
0
0
0
0
0
0
0
0
0
0
14
23
14
0
0
0
0
0
8
70
53
47
0
0
0
0
0
0
0
0
0
0
0
0
8
0
0
0
0
0
0
57
167
188
152
133
0
0
0
0
0
0
0
0
0
0
0
0
0
9
0
0
0
73
3
122
135
128
132
201
234
195
177
160
174
269
148
30
0
9
39
39
0
0
0
0
0
0
0
0
0
6
0
0
0
0
0
0
6
74
27
0
47
58
0
0
66
2
0
0
36
109
122
185
252
249
220
274
234
320
367
405
385
334
197
203
229
69
0
0
8
99
99
124
131
248
277
417
346
302
300
356
453
504
489
430
326
187
150
166
189
176
121
119
5
0
0
0
0
0
39
89
81
84
21
22
102
156
135
122
88
48
0
39
157
221
219
168
0
0
0
0
0
0
0
0
0
0
0
0
0
0
0
0
0
0
0
44
159
184
199
199
47
0
0
23
52
129
114
40
70
77
50
118
190
238
283
188
165
12
0
21
82
0
0
0
0
0
0
0
0
0
0
0
12
37
0
29
125
206
237
264
167
16
0
0
15
0
0
0
17
89
89
89
114
153
254
144
190
151
139
139
120
49
30
0
0
0
0
0
5
35
0
0
0
0
0
0
0
0
0
0
0
0
0
0
0
0
0
0
0
0
0
0
0
0
0
0
0
0
0
0
0
0
0
0
0
0
0
0
0
0
0
0
0
0
0
0
77
134
190
199
162
122
103
62
0
0
0
0
0
0
0
0
0
0
5
0
0
0
0
0
0
0
0
12
0
0
0
0
0
39
91
113
119
243
361
389
430
449
361
300
275
200
112
135
176
92
30
19
0
45
93
60
0
0
0
0
0
0
0
0
0
0
0
0
0
0
0
0
0
48
146
219
313
229
152
209
174
136
97
143
165
105
23
0
0
0
0
0
0
0
0
0
0
0
0
0
0
0
0
0
0
0
0
6
86
166
214
258
197
4
24
99
95
0
0
136
235
109
73
0
0
0
0
0
0
0
64
265
317
355
342
379
362
309
309
227
146
67
42
39
7
0
0
0
0
0
0
0
0
0
0
0
0
0
0
0
0
0
0
0
0
0
0
0
0
0
0
0
32
0
0
4
59
41
0
0
0
0
0
0
0
29
89
49
0
0
0
0
0
0
0
0
0
0
0
0
0
0
0
0
1
0
0
0
0
0
0
0
0
0
0
0
0
0
0
0
0
0
0
0
0
0
0
0
0
0
0
0
32
20
0
0
0
0
0
0
45
0
0
0
0
0
0
0
0
0
0
0
0
0
0
0
0
0
0
0
0
0
45
0
0
0
0
0
125
142
76
6
0
0
0
0
0
0
0
0
0
0
0
0
0
0
0
0
0
0
0
0
200
204
227
162
64
0
0
0
0
0
0
0
0
0
0
0
0
0
0
0
0
0
51
119
39
0
0
0
0
0
0
0
0
0
0
0
0
0
0
0
0
0
0
0
49
277
279
247
99
131
149
99
99
99
74
74
0
0
0
0
0
0
0
33
27
0
29
287
299
261
224
168
240
297
240
208
183
219
274
271
217
233
369
373
433
380
344
317
400
137
140
100
12
0
0
0
0
3
0
0
0
0
0
0
0
0
0
0
0
0
0
0
0
0
0
0
0
0
0
0
28
0
0
0
0
0
0
0
0
0
0
0
0
0
0
0
0
0
0
0
0
0
0
0
0
0
0
0
0
0
0
0
0
0
0
0
14
29
39
97
10
0
0
91
150
199
293
391
14
0
0
0
0
0
0
0
44
183
235
253
286
233
191
130
141
69
109
109
35
75
46
22
0
0
0
0
0
0
0
0
0
0
0
0
0
0
0
0
0
0
0
0
0
0
0
0
19
71
137
196
228
217
209
187
98
26
35
69
140
275
337
319
262
102
150
219
219
209
147
270
148
89
103
87
109
126
146
129
178
176
143
131
143
161
120
112
185
97
108
199
58
11
0
0
0
0
0
0
0
0
0
0
0
0
0
0
0
0
0
17
0
0
0
0
0
0
0
0
0
0
0
0
12
75
58
0
0
0
0
0
0
0
0
0
0
0
0
8
0
0
0
0
0
0
0
0
0
0
0
9
79
137
137
136
121
37
0
0
59
125
103
0
0
0
0
36
0
0
0
0
0
0
0
0
0
0
0
0
0
33
0
0
0
0
0
0
0
0
0
0
0
0
0
0
0
0
0
0
0
0
0
0
0
0
0
0
0
0
0
0
0
0
0
0
2
6
0
0
0
0
0
20
0
0
0
0
0
0
0
39
22
104
27
88
72
85
139
135
71
0
0
0
0
0
0
0
0
0
0
0
0
0
0
0
0
0
0
0
0
0
0
0
0
0
0
0
0
0
0
0
0
0
0
0
0
0
0
8
0
0
0
0
0
0
0
0
0
0
0
0
0
0
0
0
0
0
0
0
0
0
0
0
0
0
0
2
0
21
64
45
246
307
164
113
130
15
0
0
0
0
0
0
0
0
0
0
0
0
0
0
0
0
0
27
0
0
0
0
0
0
0
41
0
8
0
0
0
0
0
0
0
0
0
0
0
38
75
118
149
164
102
24
16
43
115
0
0
0
0
0
0
0
0
0
0
2
39
39
29
170
301
308
161
149
149
128
120
129
149
159
125
133
179
179
154
67
8
0
0
0
0
0
0
0
0
0
0
0
0
0
0
0
0
0
0
0
0
13
73
87
28
46
0
0
0
0
34
79
39
45
0
0
0
0
0
0
16
0
0
0
0
0
0
0
0
0
0
187
252
315
317
433
476
538
237
205
253
295
329
380
413
362
243
178
89
44
16
0
0
0
0
0
4
39
94
152
38
67
0
0
0
0
0
0
129
194
265
259
202
119
17
28
0
0
0
0
0
0
0
0
0
0
0
79
46
0
25
24
0
30
0
13
0
0
12
0
0
37
33
26
25
97
0
0
0
0
0
0
0
0
0
0
7
0
0
0
0
0
0
0
0
0
0
0
0
0
0
0
0
79
38
17
10
15
45
76
122
89
75
83
0
0
0
25
0
0
0
0
0
0
0
0
0
0
0
0
0
0
0
41
54
79
79
79
65
32
13
45
143
192
256
203
235
300
277
136
24
0
0
0
0
0
0
0
0
0
0
0
0
0
0
0
0
0
0
0
0
0
0
0
0
0
0
0
0
0
0
0
0
0
0
0
0
0
66
64
44
109
87
0
0
0
0
0
0
0
0
79
79
79
94
47
0
0
0
0
0
0
0
0
8
0
0
0
0
0
0
0
0
0
50
0
0
0
0
0
0
0
0
0
0
0
0
0
0
0
0
0
0
0
0
0
0
0
0
14
0
0
0
0
0
0
0
0
0
0
0
0
0
0
0
0
0
0
0
0
39
39
39
39
26
0
0
0
0
0
0
0
36
19
31
49
49
49
82
72
0
11
49
49
42
19
0
0
0
0
0
0
0
32
0
0
0
0
0
0
0
0
0
0
0
0
0
0
0
21
53
63
55
59
35
53
74
5
8
69
90
29
0
0
0
11
31
0
0
5
0
0
0
19
75
129
129
140
134
115
0
0
0
0
0
0
0
0
0
0
0
0
0
0
62
131
77
152
0
0
0
0
0
21
118
80
235
392
460
520
509
483
499
535
367
168
56
0
0
30
70
191
0
0
0
0
0
0
0
0
0
0
0
0
52
286
544
702
717
775
713
695
532
543
376
333
136
129
97
49
0
2
36
0
0
0
0
0
32
140
172
175
137
117
21
20
0
0
0
0
0
0
34
39
39
39
39
64
47
29
0
0
0
0
0
0
0
8
46
48
31
31
0
0
0
0
14
29
29
29
0
0
0
0
0
0
0
0
0
0
0
17
79
105
51
0
52
169
0
0
0
0
0
0
0
19
0
0
0
0
0
0
0
0
0
0
32
0
0
0
0
0
0
0
49
194
184
0
0
0
0
0
0
0
0
0
0
0
18
0
0
0
0
0
0
0
0
0
0
0
0
78
93
49
25
29
20
0
0
0
0
0
0
0
0
0
0
0
0
11
49
49
49
49
49
51
177
231
131
21
0
0
0
0
0
0
0
0
0
0
0
0
0
0
0
0
0
0
0
0
0
75
337
481
426
200
0
0
0
0
0
0
192
251
51
6
49
49
15
0
0
0
0
0
0
0
0
0
0
0
0
0
0
0
0
0
0
18
37
54
113
120
184
256
274
219
164
124
80
0
49
40
0
0
0
0
0
0
0
0
0
0
0
0
0
0
0
0
0
0
0
0
0
0
0
0
0
0
0
0
0
0
0
0
0
0
0
0
0
0
0
0
0
0
0
0
0
0
31
139
256
320
354
393
441
444
474
444
385
369
390
399
438
379
