0
0
0
0
0
0
0
0
0
0
0
0
0
0
0
0
0
0
0
0
0
0
0
0
0
54
136
151
150
150
163
324
195
120
85
60
46
41
49
70
33
46
0
23
10
0
0
0
0
0
0
0
0
0
0
0
0
0
0
0
0
0
0
0
0
0
0
0
0
0
0
0
0
0
0
0
0
0
0
38
263
0
0
0
0
0
0
59
41
0
15
109
0
0
0
0
0
63
69
59
0
9
68
16
0
0
0
0
0
0
0
94
142
126
186
170
228
273
330
280
163
268
288
321
358
385
477
473
406
349
209
106
120
184
303
472
639
563
455
445
404
406
391
349
117
57
45
85
122
94
72
168
195
108
85
1
0
0
0
26
96
50
0
0
0
0
0
96
134
191
109
186
200
179
96
78
0
0
147
222
367
362
312
318
233
108
0
0
0
0
0
0
41
0
0
0
0
0
0
0
100
0
0
0
0
0
0
0
73
175
213
125
150
148
124
48
22
0
0
0
0
3
47
9
0
0
0
107
195
230
261
229
232
118
165
321
287
272
216
162
51
2
0
0
0
0
0
112
144
119
80
117
237
279
395
580
694
597
517
326
127
106
48
29
30
2
0
0
0
34
65
64
133
145
167
182
154
168
130
185
248
92
35
84
42
1
99
83
206
191
139
68
0
0
19
0
21
17
0
0
0
0
0
30
133
17
54
93
80
74
52
157
23
0
0
0
0
0
0
0
0
0
0
0
12
73
92
15
95
0
0
88
80
100
93
50
0
0
0
0
27
27
27
123
134
172
191
191
87
88
130
185
196
183
135
125
80
83
2
0
116
152
142
116
100
65
50
39
117
0
0
0
0
0
0
0
5
37
0
50
52
53
45
46
12
0
0
0
0
0
45
0
0
0
0
0
0
0
0
0
0
0
0
0
0
0
0
54
140
28
0
0
0
0
2
50
98
47
0
0
19
18
119
515
394
250
250
619
496
0
169
44
0
0
0
0
0
0
0
0
0
38
0
0
0
23
79
116
130
104
60
1
0
0
0
0
0
0
0
0
0
0
0
0
0
0
0
0
0
0
0
0
0
0
0
0
0
0
0
0
0
0
0
0
0
0
0
0
0
0
0
35
130
33
6
152
357
452
389
286
146
104
0
0
0
0
0
0
0
0
0
34
40
67
25
47
54
80
62
66
129
184
74
80
136
147
109
48
48
0
0
0
14
0
0
29
0
0
0
0
58
123
35
0
0
0
0
0
0
0
0
0
0
0
0
0
0
0
0
0
0
0
0
0
0
0
0
0
0
0
0
0
0
0
0
0
0
58
55
0
0
0
103
208
374
418
372
401
362
408
335
217
164
0
53
138
197
144
114
0
92
61
40
25
39
67
0
0
0
0
0
0
0
0
0
14
79
65
0
0
0
0
0
0
0
0
0
0
0
0
0
0
0
0
0
0
0
0
0
0
8
33
0
0
0
0
0
0
0
0
0
0
0
0
0
0
0
0
0
0
0
0
0
0
0
15
0
0
0
0
0
0
5
0
0
0
0
0
0
0
0
0
0
0
0
0
0
0
0
0
0
0
0
0
0
0
40
82
87
28
129
178
111
197
333
379
442
596
650
680
741
683
702
592
489
523
474
474
401
342
386
401
409
380
471
481
519
552
488
425
476
456
394
365
358
383
448
394
296
400
325
400
400
340
337
299
250
214
258
371
230
265
239
230
180
168
184
234
253
214
199
292
271
252
204
230
168
158
206
154
136
106
61
45
29
111
104
91
48
41
27
0
0
15
131
171
189
74
0
42
33
39
77
76
50
50
21
0
0
0
0
0
0
0
0
0
0
0
0
0
0
0
0
0
0
0
1
79
143
162
224
247
286
297
263
275
178
104
10
0
0
8
35
27
38
0
0
0
0
0
0
0
0
0
0
0
0
0
0
0
0
0
0
0
0
0
0
0
0
0
21
57
71
31
55
59
111
169
154
201
292
313
352
447
432
329
200
80
84
80
96
143
141
225
167
146
205
151
42
40
51
30
0
0
0
0
0
0
0
0
0
9
98
76
130
133
16
43
29
24
21
51
80
73
63
9
0
0
20
65
0
0
0
0
42
110
224
284
377
394
337
395
541
448
408
356
270
94
34
19
0
0
15
0
0
0
0
16
0
0
0
0
0
13
39
103
118
114
114
41
42
0
0
2
52
74
54
71
0
0
0
0
0
27
110
100
100
71
0
0
0
0
0
0
0
0
0
0
0
0
0
0
0
0
0
0
0
0
0
0
23
10
0
0
0
0
0
0
0
43
55
52
50
30
0
0
0
0
0
0
0
0
0
0
13
43
9
31
22
0
0
26
0
0
0
44
74
85
107
89
160
185
153
181
192
170
186
150
168
173
63
0
0
0
0
0
0
0
0
0
0
1
0
26
180
0
0
0
46
103
99
33
0
0
0
0
0
0
0
0
0
0
0
1
1
14
75
101
33
62
91
76
85
2
0
53
61
50
28
60
6
26
117
72
98
169
147
211
229
127
139
125
237
284
338
338
388
432
425
380
421
473
490
551
590
534
500
461
208
223
213
177
134
131
146
157
213
171
82
4
0
0
0
0
0
0
0
0
62
53
0
0
56
103
72
74
59
55
124
123
146
149
101
55
8
0
0
0
0
0
0
0
0
0
0
24
36
45
56
41
42
35
61
97
114
99
81
153
122
119
61
90
4
90
99
58
88
82
98
71
29
1
0
0
2
50
78
0
0
0
0
0
0
0
0
0
0
0
0
0
0
0
0
0
0
0
0
0
0
2
40
78
132
138
164
202
155
61
76
116
158
223
177
200
200
168
174
98
25
0
0
0
0
0
0
0
0
0
0
0
0
0
0
0
2
45
0
0
0
0
0
0
0
0
0
0
0
0
0
0
0
0
0
0
0
0
0
0
0
0
0
0
102
181
189
132
0
0
46
0
0
0
37
0
2
70
158
215
170
180
163
244
261
231
102
67
0
0
0
0
0
0
0
0
0
0
0
10
18
0
0
0
0
0
0
0
0
0
0
0
0
0
0
0
0
0
0
0
0
0
0
0
0
0
0
0
0
0
0
0
0
0
0
0
0
0
0
0
0
0
0
0
0
0
0
0
0
40
97
140
95
207
185
175
116
234
235
92
153
156
229
266
349
369
394
116
0
0
0
0
0
0
0
0
0
0
0
0
0
0
0
0
0
0
0
0
59
60
2
0
3
42
33
2
58
13
13
67
100
101
150
169
172
148
24
48
0
2
71
55
0
0
0
0
25
0
0
0
0
0
0
0
0
0
0
0
0
114
46
8
0
0
0
0
68
47
50
15
0
29
17
0
67
99
76
25
3
43
0
0
0
0
0
0
0
0
0
0
0
0
0
42
0
0
0
0
0
0
0
0
0
0
0
1
25
57
0
0
0
0
0
0
0
0
0
0
0
0
0
0
0
0
0
0
0
8
0
0
0
0
0
0
0
0
0
0
28
13
3
23
83
33
35
0
0
0
0
0
0
0
1
0
0
0
0
0
0
0
0
3
13
0
0
0
0
0
0
0
0
85
2
0
0
0
0
0
0
23
43
0
0
0
0
0
0
0
0
0
0
0
0
29
78
65
58
119
189
182
238
316
365
384
365
347
367
352
416
370
106
53
0
0
0
0
0
0
40
122
173
369
301
283
237
254
211
104
128
83
72
31
37
23
0
4
69
113
104
89
124
103
214
265
312
360
394
413
402
389
437
387
390
241
331
403
526
562
62
0
0
0
0
0
0
3
133
239
348
402
437
429
390
363
302
264
164
22
0
0
0
0
2
0
0
0
0
0
0
15
23
0
0
2
1
9
0
0
0
0
0
0
0
0
0
0
0
0
0
0
0
0
0
48
172
159
0
0
0
0
0
0
0
0
43
17
0
0
0
23
16
0
0
0
0
0
0
0
0
0
0
0
0
0
0
33
85
118
139
2
0
0
0
0
60
5
0
0
0
23
151
38
40
1
0
24
1
0
0
0
0
0
0
0
0
18
0
4
97
85
93
58
11
0
0
0
0
0
0
0
0
0
0
0
0
0
0
0
0
0
0
0
0
0
0
0
8
78
43
46
0
0
0
43
25
65
44
33
0
0
0
0
0
0
0
0
23
0
0
0
0
0
14
52
25
0
0
0
0
0
0
0
0
0
0
0
0
0
0
0
48
9
0
0
63
66
133
108
85
216
236
273
265
279
173
190
149
49
87
2
0
0
0
0
55
29
42
51
2
99
194
189
190
280
399
574
598
545
460
362
316
185
143
45
8
97
39
25
37
39
52
73
80
95
108
83
95
63
0
43
14
0
0
0
0
0
17
83
60
16
1
8
10
0
0
0
0
0
99
76
40
1
0
0
0
20
181
157
199
221
206
103
93
0
0
4
51
0
0
0
50
120
117
194
162
136
148
112
104
90
72
150
235
176
161
17
13
0
0
0
102
73
59
0
0
0
0
10
0
0
0
0
0
0
29
171
303
445
459
377
403
397
313
349
227
211
150
66
115
141
180
256
197
230
234
231
236
208
241
245
189
233
176
156
171
160
228
246
497
549
0
533
492
589
690
762
589
271
136
93
27
70
0
0
0
0
0
52
51
1
0
0
0
0
0
0
0
0
59
182
203
196
271
267
282
100
56
0
0
0
74
355
414
383
421
310
49
4
0
0
0
2
108
86
92
163
48
14
0
0
82
101
126
202
406
300
143
94
16
25
161
162
122
82
52
102
276
287
257
250
256
98
120
123
158
153
217
241
426
262
119
62
159
362
72
0
0
41
59
24
54
50
60
60
0
0
25
0
0
0
0
0
34
89
32
83
135
15
0
0
0
0
0
0
0
2
0
16
15
110
200
206
325
327
140
155
15
67
0
15
129
24
13
26
39
6
29
54
59
31
33
0
0
0
0
0
19
43
27
28
0
0
0
3
71
18
0
0
0
0
0
0
0
0
0
0
0
0
0
0
0
0
0
0
0
0
0
0
0
0
72
63
38
37
58
19
20
0
0
0
27
50
139
222
349
268
300
307
389
422
152
0
0
0
0
0
0
0
0
0
0
0
0
0
0
0
0
0
0
0
0
0
0
0
0
0
0
0
0
0
0
0
0
0
0
0
0
0
0
0
0
0
0
30
0
0
0
0
0
0
0
0
52
0
0
0
2
72
225
348
350
350
350
360
381
462
522
529
508
439
280
313
236
140
214
210
63
0
0
0
0
0
0
0
0
0
4
176
259
302
235
314
334
351
242
282
177
101
0
104
0
0
0
0
2
40
40
22
0
37
43
6
0
0
0
0
0
0
198
259
181
0
17
86
99
157
182
159
80
0
0
0
0
0
0
0
0
48
88
187
266
238
176
255
292
221
163
206
226
218
148
115
157
130
121
222
107
140
126
113
76
0
0
0
61
155
134
160
125
0
4
0
11
0
16
44
50
58
115
182
99
90
212
197
158
90
51
57
51
87
82
4
58
0
18
35
0
6
77
156
202
233
374
407
210
69
0
0
0
0
0
0
0
0
0
0
0
0
0
0
0
0
0
0
0
0
54
271
166
15
0
0
0
0
0
0
0
0
0
0
0
0
0
0
0
0
0
0
0
0
2
78
22
81
129
88
71
81
110
149
221
237
225
319
198
0
0
0
0
0
0
0
0
0
0
0
0
0
0
121
151
125
100
101
142
119
1
22
111
11
0
0
14
16
30
11
49
86
108
169
145
112
52
100
88
151
184
213
171
29
31
139
187
184
121
78
4
0
0
3
60
104
87
161
157
113
14
98
194
199
166
120
182
295
357
404
369
264
74
0
0
0
3
137
145
120
192
268
181
273
316
383
381
363
336
332
341
296
265
267
278
137
136
175
86
0
40
0
0
0
108
132
52
63
73
100
87
99
135
95
166
131
209
157
174
150
165
188
220
151
270
381
345
273
274
106
18
26
0
0
0
0
0
12
51
11
0
0
1
13
0
0
31
2
0
0
0
0
28
27
0
0
0
0
10
111
174
185
165
117
89
118
204
112
139
190
37
0
0
0
0
0
0
0
0
0
0
139
169
217
230
262
262
175
131
134
110
42
67
48
27
81
119
100
112
74
71
26
36
0
0
0
0
0
0
21
28
0
0
0
0
0
0
0
0
0
0
0
0
8
0
10
0
48
0
9
16
0
0
0
2
25
0
0
0
0
0
8
7
0
0
0
0
0
48
100
100
4
0
0
0
0
0
0
0
0
0
0
0
0
0
0
0
0
0
0
0
0
0
0
0
0
0
0
0
0
0
0
0
0
0
0
0
0
0
0
2
0
0
0
0
42
34
0
0
0
0
35
5
80
101
113
65
57
66
113
151
151
82
47
37
0
0
0
0
0
0
0
0
0
0
0
0
0
0
0
0
33
82
0
0
0
0
0
0
0
0
46
50
29
71
108
34
125
110
70
28
0
0
0
33
229
300
217
0
0
0
0
0
0
0
0
0
0
0
0
0
0
0
35
46
91
108
95
141
169
203
286
325
196
153
226
93
164
190
182
146
258
364
492
594
575
638
637
626
669
678
692
719
794
829
879
734
570
443
385
123
42
0
0
0
0
0
0
0
0
3
76
73
0
0
24
116
254
183
0
167
133
0
0
63
98
120
120
116
47
76
2
16
0
0
69
112
184
190
203
141
234
282
306
251
223
138
122
173
196
150
95
90
93
185
121
120
105
0
0
118
239
310
299
276
213
267
284
192
240
78
138
84
129
149
119
94
33
38
0
0
40
150
94
36
157
152
193
204
244
167
121
40
28
66
75
164
190
190
163
154
177
167
168
96
67
80
51
43
152
104
159
137
51
0
0
0
27
50
85
115
169
224
233
195
187
116
78
57
94
99
158
158
189
287
275
239
183
199
168
127
187
151
61
97
58
38
0
50
153
268
231
0
0
101
226
328
327
280
313
357
233
120
4
78
43
37
0
0
0
0
0
0
15
228
29
0
0
2
34
42
0
0
0
0
0
0
0
0
0
0
0
38
60
98
48
0
0
20
80
64
50
0
1
44
0
0
0
0
0
0
0
0
0
0
0
0
113
100
100
96
0
11
0
0
0
0
0
0
0
0
0
0
17
46
0
0
0
0
0
0
0
0
0
0
0
0
0
0
0
0
0
0
17
0
2
18
0
0
0
0
0
0
0
0
0
0
0
0
0
0
0
0
0
0
0
0
20
0
0
0
0
0
25
2
62
39
52
67
80
72
82
122
148
154
130
265
286
334
328
280
243
192
160
134
148
157
169
63
0
0
0
0
0
0
0
0
0
43
76
2
4
42
70
64
67
68
83
14
0
0
0
0
0
0
0
97
0
0
0
0
0
0
0
0
0
0
0
0
0
0
0
0
0
0
0
0
0
0
0
0
0
0
0
0
0
0
0
0
0
0
0
0
0
0
0
0
0
0
0
0
0
60
0
0
39
62
39
58
100
252
258
66
78
0
0
31
53
63
95
91
34
46
0
0
0
0
0
0
0
0
0
0
0
0
0
0
0
0
0
0
0
0
0
0
0
0
0
0
1
67
0
53
16
42
0
0
0
0
0
0
0
0
0
0
0
0
0
0
0
0
0
0
0
0
0
0
0
0
0
0
0
0
0
36
166
175
93
25
0
0
2
0
0
0
0
0
0
0
0
0
0
0
0
113
166
17
0
0
0
0
0
0
0
190
267
278
70
0
0
0
0
0
0
0
40
80
178
225
140
189
156
104
106
348
460
519
474
419
359
348
352
369
270
92
0
0
0
0
0
0
0
0
0
0
0
0
0
0
0
0
0
0
0
0
0
0
0
0
0
0
0
0
0
0
0
0
0
0
0
0
0
0
0
14
99
135
188
260
222
140
219
168
51
0
0
0
0
0
0
0
0
31
125
103
148
60
0
0
0
0
0
0
0
0
0
0
0
0
0
0
0
0
0
0
13
96
0
0
0
0
0
0
0
0
0
0
0
0
0
0
0
0
0
0
0
0
0
0
0
46
0
0
0
0
0
0
0
41
143
171
194
255
281
154
145
102
41
0
0
0
0
0
0
35
72
101
93
133
98
94
35
44
41
45
0
0
0
0
0
0
0
27
0
0
0
0
0
0
0
27
51
0
0
0
0
0
36
57
0
0
0
0
0
0
0
36
151
0
0
0
10
0
0
13
17
0
0
0
0
0
0
0
0
0
0
0
130
180
159
64
0
13
0
0
0
0
0
29
100
100
63
49
96
51
55
0
0
0
0
0
0
0
0
0
0
0
0
0
0
0
47
0
53
0
0
0
0
0
0
0
26
107
130
107
64
0
0
0
0
0
0
3
60
35
39
25
17
0
15
133
206
218
213
150
205
200
185
201
144
69
1
0
0
0
0
0
0
0
0
0
0
0
0
0
0
46
1
0
0
0
0
0
0
0
0
0
0
0
0
0
0
0
0
0
0
0
0
0
2
54
30
167
100
67
0
0
0
0
0
0
0
0
0
0
0
0
0
0
14
0
58
158
124
167
139
127
83
74
42
0
0
0
0
0
0
0
0
0
0
0
0
19
23
0
0
0
0
0
78
96
31
51
34
20
0
0
0
0
0
0
0
0
29
0
4
0
0
0
0
0
0
0
0
8
0
0
0
0
0
3
32
0
2
0
0
117
0
8
43
11
58
45
63
43
75
10
60
60
29
58
15
0
0
0
0
0
0
0
0
0
0
0
0
0
0
0
0
0
0
0
0
0
0
0
0
0
0
0
0
0
0
0
0
0
0
0
0
0
0
0
0
0
0
0
0
0
0
0
0
0
0
0
0
0
0
0
0
0
0
0
0
0
0
0
0
0
0
0
0
0
0
0
0
0
0
0
0
0
0
0
0
0
0
0
0
0
0
0
0
0
0
0
0
0
0
0
0
0
0
0
0
0
0
0
0
0
0
0
0
43
23
120
55
0
0
0
0
0
0
0
0
0
0
0
0
0
0
0
0
0
0
0
0
0
0
0
0
0
0
0
0
0
92
45
0
0
0
0
0
0
0
0
0
0
0
0
0
0
0
0
0
0
0
0
0
0
0
0
33
21
0
0
0
0
0
0
0
0
0
0
0
0
0
0
0
0
0
0
0
0
0
0
0
0
0
0
0
0
0
0
0
0
0
0
0
0
0
0
0
0
0
0
0
0
0
0
0
0
0
13
0
0
0
0
0
0
0
19
4
0
0
0
88
286
8
0
0
0
0
0
0
0
0
0
0
0
0
0
0
0
0
0
0
41
91
72
89
162
137
115
152
212
111
30
1
0
0
0
0
15
0
0
0
0
0
8
58
74
276
214
96
0
0
0
0
0
0
0
0
0
0
0
0
0
0
0
0
0
0
0
0
0
0
90
82
23
0
0
0
0
0
0
0
0
0
0
0
0
0
38
0
0
0
27
22
88
166
144
127
121
101
136
153
133
154
179
179
111
71
42
0
0
0
0
0
0
0
0
21
0
0
0
0
0
0
0
0
0
0
0
0
0
0
0
0
0
0
0
0
0
0
0
0
0
0
0
0
0
0
0
0
42
0
0
0
0
0
0
0
0
0
0
0
0
0
12
2
0
0
0
0
0
0
0
0
0
0
0
0
0
0
0
0
4
48
33
0
0
0
0
0
0
0
0
0
0
0
0
0
0
0
0
0
0
0
0
0
0
0
19
50
65
77
154
131
227
238
301
312
300
266
288
277
289
321
266
229
154
139
58
71
0
0
0
0
0
0
32
0
0
0
0
0
0
0
0
0
0
0
0
0
0
0
0
0
0
0
0
0
0
0
0
39
15
0
0
14
0
98
269
141
77
80
0
0
0
0
0
0
0
0
0
0
0
0
0
0
0
0
0
60
8
0
0
0
0
0
0
0
0
0
0
0
0
0
0
0
0
0
0
0
0
0
0
0
0
0
0
0
0
0
42
44
23
0
0
0
0
0
0
0
0
0
0
0
0
0
0
0
0
0
0
0
0
0
0
0
0
0
0
0
0
0
0
0
0
0
0
0
0
0
0
0
0
0
0
0
0
0
0
0
0
0
0
0
0
0
0
0
0
0
0
0
0
0
0
0
0
0
0
0
0
0
0
0
0
0
0
0
0
0
0
0
0
0
0
0
0
0
0
0
0
0
0
0
0
0
0
0
0
0
0
0
0
0
0
0
0
0
0
0
0
0
0
0
0
0
0
0
0
0
0
0
0
0
0
0
0
0
0
0
0
0
0
0
0
0
0
0
0
0
0
0
0
0
0
0
0
0
0
0
0
0
0
0
0
0
0
0
0
0
0
0
0
0
0
0
0
0
0
0
0
0
0
0
0
0
0
0
0
0
0
0
0
0
0
0
0
0
0
0
0
0
0
0
0
0
0
0
0
0
0
0
0
0
0
0
0
0
0
0
0
31
140
0
0
0
0
0
136
123
71
85
0
0
5
192
189
193
28
0
0
0
0
0
0
0
0
0
0
0
0
0
0
0
0
0
0
0
0
0
0
37
53
20
0
0
0
0
0
0
0
0
0
113
274
436
402
237
91
144
60
202
52
0
0
1
35
147
429
471
364
284
167
139
70
0
0
0
0
0
0
0
0
0
2
98
97
74
19
0
0
0
0
0
0
0
0
0
0
0
59
45
30
0
0
0
0
1
0
0
0
0
0
0
0
0
0
0
0
0
0
0
0
0
0
0
0
0
0
0
0
0
0
0
0
0
0
0
4
137
0
0
0
0
0
0
0
0
0
0
0
0
0
0
0
0
0
0
0
0
0
0
0
18
90
149
149
97
31
23
22
66
85
14
0
0
0
0
0
0
0
0
0
0
0
0
0
0
0
0
0
0
0
0
0
0
0
0
0
0
0
0
0
0
0
0
0
0
0
0
0
0
0
0
0
0
0
0
0
0
0
0
0
0
0
0
21
0
0
21
50
8
0
0
0
30
0
0
0
0
0
0
0
0
0
0
0
1
0
0
0
118
20
0
0
0
0
0
0
0
0
0
0
0
0
0
0
0
0
0
0
0
0
0
26
1
0
0
0
0
0
0
0
0
0
0
0
0
0
0
0
0
0
0
0
0
0
0
0
0
0
0
0
0
0
0
0
3
80
80
123
120
84
38
118
198
318
371
330
282
253
102
75
38
0
0
0
0
0
0
0
0
0
0
0
0
0
0
0
0
0
0
0
0
0
0
0
0
0
0
0
0
0
0
0
0
0
0
0
0
0
0
0
0
0
0
0
0
0
0
0
0
0
0
0
0
0
0
0
0
0
0
0
0
0
0
0
0
0
0
0
52
38
11
0
0
0
0
0
0
0
0
0
41
74
50
150
184
158
159
150
125
118
0
0
0
0
0
0
0
0
0
0
0
0
0
0
0
0
0
0
0
0
0
0
0
0
0
0
0
0
0
0
0
0
0
0
0
0
0
0
0
0
0
0
0
0
0
0
0
0
0
0
0
0
0
0
0
0
0
0
0
0
0
0
0
0
57
149
142
65
83
147
128
115
114
0
0
0
0
0
0
0
0
0
0
0
34
37
49
57
194
187
145
0
0
0
0
0
0
0
0
0
0
2
73
0
0
0
0
0
0
0
48
72
46
2
50
23
0
0
0
0
0
0
8
27
54
0
0
20
60
51
2
0
0
0
0
0
0
0
0
0
0
0
0
0
0
0
0
0
0
0
0
46
113
128
126
96
158
102
59
83
86
0
0
0
0
0
0
0
0
0
0
29
42
0
0
19
47
60
44
53
44
72
36
0
0
0
0
0
0
0
0
0
0
0
0
0
0
0
0
0
0
0
0
0
0
67
25
16
5
126
105
28
2
1
4
118
145
136
164
95
32
66
0
34
27
0
46
112
144
89
68
182
178
233
271
377
392
401
421
397
444
441
416
377
327
281
219
0
0
0
38
65
46
38
52
159
275
314
387
367
391
328
292
27
0
0
155
194
158
0
0
0
0
0
0
0
0
0
0
0
0
0
0
3
9
0
0
0
0
0
0
0
0
0
0
0
0
0
0
0
0
35
0
0
0
0
0
0
0
0
0
0
0
0
0
0
0
0
0
0
0
0
0
0
5
5
2
78
27
61
97
187
127
201
168
173
156
149
74
1
0
0
0
32
75
65
48
58
25
13
84
146
124
155
207
200
182
52
3
0
0
0
20
57
16
67
69
68
16
0
0
0
0
0
0
0
0
0
0
0
0
0
0
0
0
0
27
133
182
248
208
386
396
414
380
248
166
97
52
21
90
94
106
77
18
20
33
40
21
0
24
0
0
6
84
150
149
107
77
99
67
36
0
0
0
0
0
0
0
0
0
0
0
0
0
0
0
0
0
37
18
41
24
0
0
0
0
0
0
25
88
34
0
0
0
18
13
0
0
0
0
0
0
0
0
0
0
0
0
0
88
160
21
34
101
64
0
0
0
0
0
0
0
0
0
0
0
0
0
0
0
0
0
0
0
0
0
0
0
0
0
0
0
0
0
0
0
0
0
0
0
0
0
0
0
0
0
0
0
0
0
0
0
0
0
0
0
0
0
0
0
0
0
0
0
0
0
0
0
0
0
0
0
0
0
0
0
0
0
0
0
0
0
0
0
0
0
0
0
0
0
0
0
0
0
0
0
0
0
0
0
0
0
0
0
0
0
0
0
0
0
0
0
0
0
0
0
0
0
0
0
0
0
0
0
0
0
0
0
0
0
0
0
0
0
0
0
0
0
0
0
0
0
0
0
0
0
58
123
115
64
62
39
28
0
0
0
0
0
0
0
0
0
0
0
0
0
0
0
0
0
0
0
0
0
0
0
0
0
0
0
0
0
0
0
0
0
0
0
0
0
0
0
0
0
0
0
0
0
0
0
0
0
0
0
0
0
0
0
0
0
0
0
155
198
178
0
0
0
0
0
0
0
0
0
0
0
0
0
0
0
0
0
0
0
0
0
0
0
0
0
0
0
0
0
0
48
50
58
0
0
0
22
76
120
184
262
225
239
215
190
164
80
52
0
0
0
0
0
0
0
0
0
0
0
0
0
0
0
0
0
0
0
0
0
0
0
0
0
0
0
0
0
0
0
0
0
0
0
0
0
0
0
0
3
0
0
0
0
0
0
0
0
0
0
0
0
0
0
0
0
0
0
27
113
11
0
0
0
0
0
0
0
0
0
0
0
0
0
2
127
114
136
110
79
82
10
0
0
0
0
58
31
0
0
0
0
0
0
0
0
0
0
0
0
0
0
7
0
0
0
0
28
26
19
71
67
3
68
73
0
0
0
0
0
0
0
0
0
0
0
0
0
0
0
0
0
36
56
0
0
72
190
221
351
393
405
360
377
546
395
159
126
202
230
172
83
3
0
0
0
0
0
0
0
0
0
0
0
13
114
71
42
0
52
95
145
194
113
133
152
180
186
168
130
118
162
185
226
189
283
291
267
273
170
136
73
4
144
247
201
120
96
148
200
199
130
170
145
64
0
17
31
0
0
0
0
0
0
0
0
0
0
0
0
0
14
135
195
290
414
341
337
302
333
300
219
5
0
0
0
0
0
0
0
0
0
0
68
70
3
0
0
0
0
0
0
0
0
0
0
0
0
0
0
0
0
0
24
99
123
103
70
0
0
0
0
0
0
65
39
0
0
0
0
26
16
0
0
7
0
0
0
0
0
28
104
183
253
287
187
150
137
123
108
18
0
0
60
31
51
78
86
116
143
64
51
72
54
66
65
35
18
17
0
0
0
0
0
0
0
0
0
24
20
3
0
0
0
17
0
0
0
74
84
129
204
245
143
172
59
106
90
133
244
62
69
91
27
3
0
0
12
0
0
0
0
0
0
0
0
0
0
0
0
0
0
0
0
32
0
0
48
49
16
0
7
2
0
0
0
0
0
0
0
0
0
0
0
0
0
2
63
34
0
0
0
0
0
0
0
0
0
0
0
0
0
0
0
0
0
0
0
0
0
78
77
114
108
0
0
0
0
0
0
0
57
88
0
0
15
98
96
25
15
20
37
46
0
0
0
14
0
0
30
49
50
50
50
48
7
53
43
80
147
166
233
276
230
241
174
54
28
0
0
0
2
70
82
100
100
100
88
3
0
0
0
2
76
146
170
143
131
56
43
0
75
125
102
100
0
0
0
0
0
0
0
0
0
0
0
0
0
0
0
0
0
0
0
0
0
0
0
0
0
0
0
0
0
0
0
0
0
0
0
1
46
162
164
158
189
202
290
249
107
0
0
0
0
0
0
0
17
63
70
94
109
180
195
149
338
335
211
155
164
226
317
263
0
0
57
54
73
78
54
77
92
119
121
41
23
140
76
0
0
59
114
24
0
0
0
0
0
0
0
0
0
0
0
0
0
0
0
0
0
0
0
0
0
0
0
0
0
0
0
16
154
178
273
231
178
146
160
147
192
139
127
12
0
0
0
0
0
0
0
0
0
0
0
0
0
0
0
0
0
0
0
0
0
0
0
0
0
0
0
0
0
0
0
0
0
0
0
0
0
0
0
0
0
0
0
0
0
0
0
0
0
0
0
0
0
0
0
0
0
0
0
0
0
0
0
13
9
0
0
0
0
0
0
0
0
0
0
0
0
0
0
0
0
0
0
0
0
0
0
0
0
0
0
0
0
0
0
32
0
0
0
32
254
187
118
75
0
0
0
0
0
0
0
0
0
0
0
0
0
0
0
0
0
0
0
0
0
0
0
0
0
0
0
0
0
0
0
0
0
0
0
0
0
0
0
0
0
0
0
0
0
0
0
0
0
0
0
0
135
3
0
0
7
3
17
0
0
0
0
0
0
0
0
0
0
15
29
0
50
177
105
13
0
0
0
0
0
0
0
0
0
0
0
0
0
0
0
0
0
0
0
0
0
0
0
22
54
122
23
35
19
0
0
0
0
0
0
102
3
53
46
45
108
83
6
0
0
0
0
0
0
0
10
25
21
4
0
0
0
0
0
0
0
0
0
0
0
0
0
0
0
0
0
0
0
0
0
0
0
0
0
0
0
0
0
0
0
54
79
0
0
18
107
0
44
0
0
0
0
0
0
0
0
0
0
0
0
0
2
67
112
150
85
7
1
40
59
173
180
159
169
153
81
234
251
370
324
11
41
63
99
52
0
0
0
0
3
83
202
232
274
252
235
236
0
0
0
0
87
183
216
272
269
493
336
80
0
0
16
13
5
62
72
176
256
203
223
151
277
208
0
142
233
271
164
154
173
243
274
393
471
509
378
335
322
253
197
267
247
257
299
190
78
0
0
0
0
0
0
0
0
0
0
0
0
0
0
0
0
0
0
151
95
136
50
21
0
0
0
0
0
0
0
0
0
0
0
0
0
0
1
102
148
121
145
96
0
0
0
0
0
0
0
0
0
3
0
0
0
0
0
0
0
0
0
0
0
0
0
100
122
145
49
45
63
0
0
0
0
0
0
32
127
138
128
0
31
40
39
93
33
0
0
0
0
0
0
0
0
0
0
0
0
0
0
0
0
0
0
0
0
17
0
0
0
0
0
0
0
0
0
0
0
0
0
0
0
0
0
26
0
0
0
0
0
0
0
0
0
0
0
0
0
0
0
0
0
0
0
0
0
0
0
0
0
0
0
0
0
0
0
0
0
0
0
0
0
0
0
0
0
0
0
0
0
0
0
0
0
0
0
0
0
58
103
111
52
0
0
0
0
0
0
0
0
0
0
0
0
0
0
0
0
0
0
0
0
0
0
0
0
0
0
0
0
0
0
0
0
0
0
0
0
0
0
0
0
0
0
0
0
3
0
0
0
0
0
0
0
0
0
0
0
0
0
0
0
0
0
0
0
0
0
0
0
3
0
0
0
0
0
0
0
0
0
0
0
0
0
0
0
0
0
0
0
0
0
0
8
41
48
0
0
0
0
0
0
0
0
0
0
0
0
0
0
0
0
0
0
0
0
0
0
0
0
0
0
0
0
0
0
0
0
0
0
0
0
0
0
0
0
0
0
0
0
0
0
0
0
35
48
0
0
118
125
32
10
0
0
0
0
110
263
349
243
237
209
239
246
266
248
408
440
433
318
195
67
0
0
0
0
0
0
0
0
0
0
0
0
0
0
0
0
0
0
0
0
0
0
0
0
0
0
0
0
0
0
0
0
0
0
0
0
47
0
78
71
32
4
66
0
20
49
0
0
0
0
0
0
1
20
0
0
0
0
0
26
0
0
13
146
190
127
285
321
175
209
199
241
170
72
77
0
13
165
244
275
226
185
153
113
0
12
135
150
140
0
0
0
0
0
0
0
0
0
0
0
0
0
0
0
0
0
0
0
0
0
0
0
0
0
0
0
0
0
2
75
44
31
0
0
0
0
0
0
0
0
0
0
0
0
25
0
0
0
0
0
0
0
0
0
0
0
0
0
0
0
0
0
0
0
0
0
0
0
0
0
0
20
58
0
0
21
0
0
15
79
123
283
483
588
659
778
694
556
453
384
71
57
20
45
84
88
81
129
114
27
49
148
272
246
159
274
175
183
313
479
553
577
586
577
110
87
195
145
45
76
45
89
49
36
69
156
136
171
84
41
29
0
0
0
0
0
0
0
0
0
0
0
0
0
0
0
0
0
0
75
161
0
0
2
77
11
8
0
0
0
0
0
0
0
0
0
0
0
0
0
0
0
0
0
0
0
2
113
87
59
11
51
88
147
183
173
157
88
34
102
53
94
101
75
22
8
0
75
201
176
205
136
160
65
124
282
367
357
415
486
26
0
166
189
153
55
1
22
72
119
242
298
237
157
168
190
195
104
236
262
327
379
359
307
0
20
100
134
190
167
193
139
0
0
0
27
63
120
146
121
115
50
123
145
131
107
63
66
0
0
0
0
67
89
190
72
13
1
16
151
115
20
0
0
0
0
0
0
0
0
0
0
0
0
0
0
0
0
0
0
0
0
0
0
0
0
0
0
0
0
19
24
19
54
160
244
184
271
275
348
339
269
125
0
0
0
0
0
0
0
2
99
323
223
184
212
212
98
0
87
0
0
0
0
0
0
0
0
1
16
16
18
0
0
0
0
0
0
64
299
407
368
284
351
234
239
248
201
227
287
257
150
13
0
0
0
82
36
0
0
0
0
0
0
0
0
0
0
0
0
0
0
0
0
0
0
0
0
8
0
40
56
151
82
18
0
0
0
0
0
0
6
0
0
49
94
16
32
108
73
191
236
259
297
339
271
299
366
416
382
458
562
588
511
534
404
73
50
93
131
0
59
155
135
135
100
134
221
195
200
150
140
170
45
0
10
0
0
0
0
71
113
64
14
0
0
75
149
169
188
100
38
0
9
29
60
46
0
0
0
0
0
0
0
0
0
31
56
99
35
153
20
80
93
75
73
0
0
0
0
0
4
300
334
354
479
537
528
69
0
0
0
0
0
47
25
0
0
0
0
0
0
0
0
0
0
0
0
0
46
139
137
202
269
266
335
318
317
300
196
135
0
0
0
0
0
0
0
0
0
0
0
0
0
3
3
77
124
124
173
139
100
99
34
9
28
0
0
0
0
0
0
0
0
65
70
126
144
195
253
50
57
112
165
208
240
221
136
62
155
157
160
99
48
0
0
0
25
0
0
0
0
0
47
70
54
44
0
0
21
13
0
0
0
0
0
0
0
0
0
0
0
0
18
7
20
0
22
0
0
0
0
0
0
0
0
0
0
2
116
141
98
150
90
52
0
0
2
71
58
72
55
27
98
52
0
0
3
97
51
79
185
174
177
144
44
1
0
0
0
0
0
0
7
7
64
0
0
65
180
150
109
193
291
225
249
274
328
321
192
151
127
23
0
0
0
50
32
2
0
0
0
12
105
150
189
172
144
176
225
234
252
282
281
267
225
238
429
542
571
624
732
671
392
4
0
37
117
187
230
262
312
313
355
250
260
253
177
122
148
233
268
396
476
507
488
380
208
131
150
150
150
150
131
0
0
0
0
0
0
5
128
139
196
208
87
171
142
169
210
175
20
79
223
254
250
250
288
13
0
0
0
0
0
0
0
0
0
0
0
0
0
0
0
2
55
28
0
0
0
0
0
0
0
0
0
0
0
0
0
0
0
0
0
0
0
0
0
4
198
48
0
0
0
0
0
0
0
0
63
168
188
154
0
0
0
0
0
0
0
0
0
0
0
0
0
0
0
0
32
148
272
293
309
241
238
221
149
108
20
0
0
0
0
0
0
0
3
180
102
71
56
56
77
29
14
0
99
90
69
65
103
177
91
148
156
126
232
305
118
237
203
307
144
0
0
38
30
61
71
0
0
102
8
33
80
128
59
0
23
46
3
0
0
0
0
0
0
0
0
0
0
0
0
0
0
0
19
50
50
2
75
75
3
102
113
185
205
227
123
129
133
111
77
25
0
79
300
319
310
271
263
231
124
18
0
0
0
0
0
0
0
0
0
13
138
200
153
189
172
125
59
165
276
195
136
0
0
0
0
3
143
160
199
58
148
166
98
0
0
0
0
86
120
60
321
396
461
444
396
376
336
318
299
223
187
59
0
0
0
21
208
24
0
0
0
11
51
0
0
45
26
101
59
0
0
0
0
0
0
0
0
0
0
83
138
0
0
0
0
0
0
0
0
0
0
0
0
0
0
0
0
0
0
0
0
0
0
0
0
0
0
0
0
0
0
24
31
0
0
3
83
0
93
1
0
29
190
317
346
198
285
308
295
130
107
71
70
32
35
46
33
19
0
0
0
0
0
0
0
0
0
86
190
153
0
0
0
0
0
0
0
0
7
168
158
127
47
0
6
28
116
191
192
164
181
367
372
236
106
72
68
0
3
62
102
99
35
111
288
290
350
346
256
158
69
24
0
0
1
82
264
475
436
354
314
199
232
307
264
245
246
209
221
264
217
171
289
219
161
184
190
213
274
300
334
340
384
377
347
221
332
392
468
424
465
539
477
387
349
393
396
161
75
1
0
0
0
0
0
0
0
0
47
127
195
211
200
138
70
0
0
0
0
0
0
0
0
4
111
181
33
110
143
118
67
0
0
13
266
246
251
135
77
0
0
181
79
81
0
0
0
10
1
170
183
295
317
274
210
155
69
0
0
0
0
53
138
264
116
118
75
83
59
25
72
115
136
123
92
90
131
267
208
228
270
176
166
163
158
159
138
194
122
80
6
0
37
67
34
133
160
128
100
95
146
285
351
370
410
361
416
346
285
181
200
285
233
64
38
0
0
0
0
0
41
88
1
39
6
82
25
12
54
169
151
122
178
258
355
493
432
395
424
340
341
365
382
491
540
494
398
384
321
243
197
301
364
309
321
311
306
280
253
114
2
60
196
294
313
431
422
391
383
217
2
0
0
5
56
35
48
0
122
0
0
0
126
102
0
0
0
0
0
0
0
0
0
0
0
0
0
0
0
0
0
8
73
148
150
150
148
100
206
206
240
298
361
323
353
239
250
206
56
47
28
0
0
0
0
0
0
0
0
0
0
0
36
49
0
0
0
0
0
0
0
0
0
0
0
38
100
54
0
0
0
0
0
0
0
52
73
141
122
73
80
94
139
135
193
224
129
90
78
68
99
89
161
170
203
201
273
309
264
328
340
111
13
76
75
21
73
101
60
69
32
76
135
197
170
103
169
31
72
92
118
90
115
114
214
169
170
49
48
0
67
94
21
0
0
0
0
0
0
0
5
0
0
0
0
0
0
52
126
31
0
67
65
43
104
130
67
93
45
73
197
164
139
89
8
0
0
40
0
0
0
44
170
281
276
307
293
300
318
372
411
482
474
179
0
0
0
0
0
0
13
124
42
259
341
364
598
625
602
547
515
440
399
197
64
0
0
0
0
0
0
0
2
412
458.8
364.3
427.2
497.8
545.7
585.1
586.8
599.4
598.4
522.3
358.3
362.3
430
472.9
602.4
823.6
895.7
821.9
731.2
935.5
848.8
819.2
733.1
