109.8
0
0
0
0
0
0
0
0
0
0
0
0
0
0
0
20.8
54.2
0
0
0
46.4
62.2
73.3
792.8
753.3
709.4
569
554.9
523.3
542.8
420.7
237.5
161.8
187.3
82.1
155
290.5
355.5
156.4
1.3
0
19
97.6
11.8
0
12.5
300
130.7
109.9
106.6
163.6
180.3
97.8
146.8
126.9
22.9
72.9
98
66.3
35.1
49.2
104.2
287.5
213.8
128.8
229.2
192.7
132.3
1
0
8
354.1
489.8
521.3
559.6
471.4
408.3
410.8
325.1
193.1
119.6
148.8
179.6
195
200.6
206.9
151.9
181.3
134.3
100
0
0
0
0
0
0
0
0
0
0
0
0
99.8
344
392.9
353.6
285.7
148.1
0
0
0
0
0
0
0
0
0
0
0
106.5
0
0
0
0
0
0
0
0
0
0
131.7
175.2
279.3
255.4
124.3
76.5
0
15.9
207.9
343.3
356.7
371.6
320.5
257.8
210.7
206
199.9
166.2
145.6
195.7
243.2
237.3
206.8
229.8
200.4
188.7
195.8
297.6
236.2
208.3
232.3
282.3
255.2
259.4
255.2
167.7
108.4
12.5
135.4
235
321.7
390
366.6
187
330.3
260.5
202.1
71
0
0
0
0
0
0
0
0
0
0
0
0
0
0
0
0
0
0
0
0
0
0
0
0
0
0
0
0
0
0
0
0
0
0
0
0
0
0
23.7
43.6
58
74.8
2.3
0
0
0
0
0
0
0
0
0
0
2.8
104.9
76.6
0
0
0
0
0
0
0
0
0
0
0
0
0
0
0
0
0
0
0
0
0
0
0
28.2
0
0
0
10.5
20.8
77.6
87
119
73.5
107.3
102
223.9
209.4
182.6
220.5
204.4
205.9
200.4
131.6
70.3
105.6
109.6
133.1
148.1
110.1
59.7
22.9
0
0
0
0
0
0
0
0
0
0
0
0
0
0
0
0
0
0
0
0
0
0
0
0
0
0
0
0
0
0
0
0
0
34
17.3
80.6
175.7
248.5
283.8
349.7
337.8
286.8
198.9
63.1
35.9
75
3.4
0
0
0
0
0
0
0
0
0
160.4
374.2
304.8
280.8
250.4
190.8
122.1
131.9
162.1
180.8
127.4
68.4
18.1
84.1
134.8
135.5
59.3
48.5
107.6
116.5
124
184.4
231.3
234.4
384.4
490.6
473.4
311.8
193.2
185.9
175.4
100.8
100
101.9
100.3
130.4
73.8
103.2
128.2
140.7
106.7
12.6
0
0
0
0
0
0
0
0
0
0
0
0
0
0
0
0
0
0
0
0
34.5
53.3
85.6
0
0
0
0
0
0
154.5
195.5
152.1
0
0
0
0
0
0
0
0
0
0
0
0
0
0
0
0
0
0
0
0
0
0
0
30.3
0
0
0
0
0
72.9
120.8
56
78.1
0
0
0
0
42
63.5
0
47.5
123.8
18.7
0
0
0
6.3
48.2
0
0
0
4.2
58.3
184.4
213.5
176.4
219.9
186.5
183.3
176.5
171.4
58
0
0
0
0
0
0
0
0
0
0
0
0
0
0
0
0
0
0
0
0
0
0
0
0
0
0
0
0
0
0
0
0
0
0
0
0
0
0
0
0
0
0
0
0
0
0
0
0
0
0
0
0
0
0
0
0
0
0
82
214
228.4
244.4
274.5
228.1
63.8
0
0
0
0
0
0
0
0
0
0
0
0
0
0
0
0
50
200
8.3
0
0
0
0
0
0
0
0
48.1
4.8
0
0
0
0
0
0
0
0
0
66.7
528.7
452.1
259.2
0
0
3.2
62.3
262.5
262.5
0
0
95.8
4.2
26.5
8.4
0
0
0
0
0
0
0
0
8.3
461.7
500
495.8
141.7
0
95.8
100
25
95.8
0
12.5
100
61.8
0
0
0
0
0
0
0
0
0
0
0
0
0
0
0
0
0
0
0
0
0
0
0
0
0
0
0
0
0
0
0
0
0
0
0
0
0
0
0
0
0
0
0
0
0
0
0
0
0
0
0
0
0
0
0
0
0
0
0
0
0
0
0
0
0
0
0
0
0
0
37.7
1
44.5
2.3
0
0
0
0
0
0
0
0
0
57.1
40.9
0
0
0
0
0
91.7
163.5
125
136
211.8
185.8
264.4
211.9
179.7
134.1
161.3
262.6
189.5
187.6
247.3
248.2
201.9
131
148.4
0
0
0
0
0
0
0
35.9
105.8
0
0
0
0
0
0
0
0
0
0
0
0
0
0
0
0
0
0
0
0
0
0
0
2.5
53.8
0
0
0
0
0
0
0
0
0
0
0
0
0
3.6
0
0
0
0
54.1
91.8
224.2
304.1
308.1
166.6
0
0
0
0
0
0
0
0
0
0
0
0
5.8
67.8
159.6
177.5
167.4
235
191.3
136.5
113.5
179.7
188
178.5
124
134.8
93.8
115.2
84.4
32.4
0
0
0
0
0
2.6
21
86.4
109.4
80.2
34.4
0
0
0
31.3
24
42.7
0
0
0
0
0
0
0
0
0
0
0
0
0
0
0
0
0
0
0
0
0
0
0
0
0
0
0
0
0
0
0
33.6
41
92.5
122.5
155.6
178.3
201.6
181.8
193.2
133.3
185.4
294.8
296.9
318.8
352.1
422.9
409.4
400
250.8
229.6
178.4
198.9
137.3
78.5
52
56.9
58.4
77.1
104.5
79.2
48.2
12.1
0
0
0
16.7
67.1
66.2
97.7
81.8
161.8
135.2
97
45.3
68.5
32.8
56.8
74
0
0
0
0
0
0
28.4
16.7
175
0
0
0
0
0
0
0
0
0
0
0
0
0
0
0
0
0
0
0
0
0
0
0
0
0
0
0
0
0
0
0
0
0
0
0
0
0
0
0
0
0
0
0
11.3
106.5
116.3
104.4
0
43.8
11
0
0
0
0
13.5
43.9
0
0
0
0
0
0
0
0
0
0
0
0
0
0
0
181.4
241
295.7
273
295
279.3
160
31.9
0
0
0
0
0
0
0
0
0
11.5
54
58.2
47.6
52
55.9
149.3
170.7
85.9
110
142.9
55.2
0
0
0
0
67.5
107.2
192.6
189.8
120
0
0
0
0
0
0
0
0
0
0
0
0
0
0
0
0
0
0
4.5
71.3
0
0
0
0
0
0
0
0
0
0
0
0
0
0
0
0
0
0
0
0
0
0
0
0
36.5
91.1
251.7
379.6
369.5
342.8
79.9
72.7
60.6
38.8
51.3
161.1
176.3
264.9
172.9
46.8
0
0
0
0
0
0
0
103.2
78.9
0
0
0
0
0
0
0
0
0
54.2
95.8
0
181.3
193.2
75.8
386.2
185.1
0
0
0
0
0
0
0
0
0
0
0
0
0
0
0
0
0
0
0
24.5
0
0
0
0
0
0
15.7
0
0
0
0
56.8
107
111.8
135.9
74.3
0
0
0
0
0
0
0
0
0
0
0
0
0
46.7
102.8
131.3
92.6
66.5
23
147.6
189.6
184.3
187.7
159.8
0
0
0
0
0
0
0
1.4
34.9
34.3
14
0
0
0
0
0
1.8
26.1
0
0
0
0
0
0
0
0
0
0
0
0
1.3
37.9
20.3
0
0
0
0
0
0
0
0
0
0
0
0
0
0
0
0
0
19.4
9.4
0
0
0
0
0
0
0
0
0
0
0
0
0.8
14.8
27.5
1
0
0
0
0
0
0
0
0
0
0
39.3
124.4
185.5
267.7
292.3
377.7
242
150.7
144.9
248.2
348.3
394.2
427.6
432.6
297.7
251.1
209.2
255.6
309.6
222
204
180
161.9
148.3
84.7
140.7
157.4
33.5
51.9
150
147.9
52.1
2.1
0.4
171
212.1
320
90.2
55
182.5
272.8
332.5
46.9
127.8
160.4
175.6
179.2
173.4
139.3
188.2
267
195.1
40.8
0
0
0
0
0
0
0
0
0
0
0
0
0
0
0
0
0
0
0
0
0
0
0
0
0
0
0
0
0
0
0
0
0
0
0
0
0
3.8
0
0
0
0
0
0
0
0
0
0
0
0
0
0
0
0
0
0
0
0
0
0
0
0
0
0
0
0
0
0
0
0
0
25.4
90.3
133.9
86
24.3
2.7
33.5
0
0
0
0
0
0
0
0
0
0
0
0
0
1.4
25.9
101
159.6
243.6
338.6
419.6
389.4
390.8
424.5
305.7
222.7
75
40.5
1.4
0
1.7
42.4
0
0
0
0
0
0
0
0
0
0
0
0
0
0
79.2
79.2
0
0
0
0
0
36.4
75
38.7
0
0
0
0
0
0
18.8
112.5
56.3
0
0
0
0
0
0
11.8
109.4
205.4
182.7
234.4
161.6
278.6
93.4
57.4
0
0
0
0
0
0
7.5
107.8
259.1
306
15.4
0
0
0
0
0
2.9
55.8
0
0
0
0
0
0
0
0
0
0
0
0
0
0
0
0
0
0
0
0
0
0
0
0
66.7
200
195.8
4.2
0
0
0
0
0
0
0
0
0
0
0
0
0
0
0
0
0
0
0
0
0
0
0
0
0
0
0
35.4
200
200
200
166.7
0
0
0
0
0
0
0
0
0
0
0
0
0
0
0
0
0
0
0
0
0
0
0
0
0
0
0
0
0
0
0
0
0
0
0
0
0
0
0
17.3
0
0
0
0
0
0
0
0
0
0
0
0
0
0
0
0
0
0
0
112.5
0
0
0
21.9
0
0
0
0
0
0
3.1
53.5
122
210.9
214.9
180.1
208.4
258
256.5
240
254.9
264.7
301.5
222.7
75.5
0
0
0
0
0
0
0
0
0
99.6
192.4
310.8
488.1
491.7
360.3
229.9
136.7
160.9
185.4
260.3
209
200
237.9
200.2
57.2
49.2
22.6
97.9
86.5
0
3
118.5
105.3
81.5
47.5
18.8
0
0
0
0
0
29.5
59.6
70.8
135.5
233.1
408.7
429.9
255.2
202.8
317.5
424.2
472.5
0
0
0
0
0
0
0
16.2
1.1
0
0
62.7
148.8
143.1
172.6
259.7
301
242.6
220.3
11.6
0
0
0
0
0
0
0
0
0
0
0
0
0
0
3
69.4
51.2
59.2
2.1
4
57.5
139.3
131.3
11.5
0
0
0
17.1
158.5
210.9
228.4
210.8
186.4
135.9
0
72.8
111.2
0
0
0
0
0
59
48.6
84.1
135.5
123.8
110.9
123.2
76.5
0
0
0
0
0
0
0
0
0
46.6
145.8
18.8
0
0
0
0
0
0
0
0
0
0
0
0
0
0
0
15.2
65.6
177.3
270.8
308.3
59.5
171.8
176.1
296.2
292
261.5
220.3
154.5
38
50.3
87.3
136.8
144.4
194.3
100.7
169.4
65.5
0
0
0
0
0
0
0
0
0
12.1
117.9
136.6
174
245.6
112.5
91.3
28.1
34.4
24.1
240.8
145.6
87.7
90.2
93.4
135.4
0
0
0
0
0
0
16.7
69.5
258
408
479.6
486.9
258
102.1
4.2
0
0
0
0
0
0
0
0
0
0
0
21.1
55.6
82.7
90.4
47.7
53.6
66.4
133.3
115
75.3
31.7
0
0
0
0
0
0
0
0
0
0
0
0
0
0
0
0
0
0
0
0
0
0
0
0
0
0
0
0
0
0
0
0
0
0
0
0
0
0
0
0
14.4
0
0
0
0
0
0
0
0
0
0
0
47
107.3
1.6
0
0
0
0
0
0
0
0
0
10.9
130.1
28.8
0
0
0
53.9
101.3
143
167.7
245.3
240.7
290.9
333.9
246.4
139.6
132.9
91.8
148.7
96.9
58.5
15.8
0
0
0
0
97.6
67.5
4.1
0
0
0
0
0
0
0
0
0
0
0
0
2.1
14.6
0
0
0
0
0
0
0
0
0
0
0
0
0
0
0
0
0
0
0
0
0
0
0
0
1
0
0
0
0
0
0
0
0
0
0
0
0
0
0
0
0
0
0
0
0
0
0
0
0
28.8
57.2
58.4
62.5
57.4
48.8
25
0
0
0
0
0
0
0
0
0
0
0
0
50.4
199
210.5
203.3
171.1
152.3
152.3
76.6
54
8.4
0
0
0
0
0
0
0
0
0
0
0
0
0
0
0
0
0
0
0
0
0
0
0
0
0
0
0
0
0
0
130.8
161.8
95.3
57.7
133.4
165.1
255.6
296.1
18.2
0
81.6
145
87.3
76.6
74.2
70.5
2.2
0
0
0
0
0
0
0
94.2
155.1
213.3
291.4
417
471.6
579.9
528.2
198.8
17
18.4
33.3
0
0
0
0
0
0
16.7
12.6
0
0
0
0
54.2
95.8
54.2
86.2
125.4
162.1
101.5
0
0
0
0
2.5
88.3
109.7
53
44
38.7
19.6
53.3
0
0
13.1
0
22
2
0
0
60.4
91.7
193.7
256.3
237.5
4.2
21.9
15.6
0
0
43.8
56.5
74.8
55.4
116.5
138.9
69.4
112.1
55.3
66.8
0
3.3
0
16.7
31.3
20.8
45.8
275
248.9
158.4
120.8
150.2
192.3
3.3
0
0
0
0
0
0
0
0
0
0
0
0
0
0
0
0
0
50.1
156.2
79.2
0
0
34.6
133.4
203.3
217.6
211.2
198.3
198.1
168
253.3
264.6
167.3
102.9
87.7
246.3
340
310.5
217.7
291.4
334.8
479.4
500.8
307.7
164.1
250.6
231.8
107.7
147.7
138.7
135.4
124.6
93.5
8.5
33.8
0
0
0
0
0
0
0
0
0
0
0
0
0
0
0
0
0
0
0
0
0
0
0
0
0
54.4
166.1
310.7
289.5
225.8
243.6
264
255.3
173.3
156.7
155.4
0
0
0
0
0
0
0
0
0
0
0
0
0
0
0
3.8
85.9
63.5
160.2
142.2
259.4
174
316.8
387.9
246.4
37.9
0
0
0
0
0
0
0
0
0
0
2.7
28.8
30.6
0
0
0
0
0
0
0
43.3
132.8
61.7
0
0
0
0
83.9
262.3
220.9
142.9
167
154.8
174.4
0
0
0
0
0
0
0
0
56.3
245.8
293.8
359
349.6
340
424.8
534.1
87.3
108.5
82.2
68.4
33.6
5.8
0
1.6
62
279.1
330.2
252.8
238.9
244.5
297.8
322
304.5
213.3
230.3
307.8
156.4
2
0
0
0
0
0
0
0
0
78.3
97.3
139.8
145.8
74.3
73.3
4.5
0
0
2.2
53.8
134.5
226
295.6
123.6
0.6
24.2
120.4
117.6
218
291.9
183.4
226
205.8
50.2
2.3
0
0
0
0
0
0
0
0
0
0
39.3
101.5
83.5
14.5
0
73.6
0
0
0
0
0
0
0
0
0
0
0
0
0
0
0
0
0
0
0
0
0
0
0
0
0
0
0
0
31.8
124.4
135.4
49.9
0
0
0
0
0
0
0
0
33.3
0
0
0
0
0
0
0
0
0
0
5.1
109.8
217.9
287.1
129.3
41.1
26.4
0
0
0
0
0
0
0
0
0
0
0
0
0
0
0
0
0
0
0
0
0
0
0
0
0
0
0
26.4
1.4
49.7
41
99.1
124.6
108.5
138.9
27.4
0
0
0
0
0
0
0
0
0
0
0
0
0
0
0
14.6
50.5
89.6
66.9
21.5
0
0
0
0
0
0
0
10.4
42.9
0
0
0
16.1
49.1
66
85.2
150.1
122.3
55.6
0
0
0
0
0
0
0
0
0
0
0
11
40
40
1.7
0
0
38.5
22.4
92.4
91.3
104.8
121.9
40.9
24.8
52.2
15.3
22.3
0
0
0
0
0
0
0
0
0
0
0
0
0
0
0
0
0
0
0
0
0
0
0
0
0
0
0
0
0
0
0
40
100.8
99.4
3.8
0
29.7
14.3
0
0
0
0
0
0
0
0
29.2
71.9
135.2
83.9
50.2
79.6
0
0
0
0
0
0
0
0
0
39.2
25.9
0
0
0
0
0
54.1
126.8
301.2
343.8
437.2
417.7
300.6
235
112
58.1
91.7
0
0
0
0
0
0
0
0
0
0
0
0
0
0
0
0
0
0
0
40.7
94.2
43.8
0
0
0
0
0
0
0
0
10.9
28.7
0
0
0
0
0
0
0
0
0
0
0
0
0
0
0
0
57.9
83.3
76.7
28.2
0
2.1
35.7
42.5
84.5
149.3
238.6
297
309.6
303.3
318.8
263.6
275.8
168.5
107.8
97.5
80.4
14.1
0
0
0
34
47
80.8
58.8
38.6
58.2
45.7
0
0
0
0
0
0
0
0
75.3
52.3
0
0
0
0
0
0
0
0
0
0
0
31.7
80.9
123.4
237.4
268.9
169.5
103.9
302.6
290.9
279.9
267.4
268.2
338.7
306.6
345.3
228.6
112.4
110.9
133.6
0
0
0
0
0
11.8
59.4
64.7
90.4
53.1
0
0
0
0
0
0
0
0
0
0
0
0
0
4.2
15
0
0
0
0
0
2.9
0
0
0
0
0
0
0
0
0
0
0
0
0
0
0
0
0
84.3
98.9
80.3
121
94.1
45.1
82
43.8
32.2
0
0
120.9
99
111.5
136.2
165.2
114.6
64.3
0
0
0
0
0
0
0
42.8
39.7
39.6
52.3
35
14.7
62.4
0
0
0
0
0
0
0
0
0
0
0
0
0
0
0
0
0
0
0
0
0
0
0
0
3.2
7.3
0
22.9
37.5
51
9.4
0
0
0
0
115.1
75.3
0
0
0
27
50.5
55.3
154.3
229.8
316.2
256.7
111.2
60.4
32.3
42.7
50
43.8
0
0
0
0
0
0
0
0
0
0
0
0
61.3
70
85
109
68
70.6
2.1
0
0
97.9
250
68.8
0
0
0
0
0
0
0
0
0
0
0
0
0
0
0
0
0
0
0
0
0
0
0
0
0
32.1
5.8
0
0
0
0
0
0
0
0
43.3
43.3
0
0
0
0
5.9
76.2
253.4
305
206.3
143.8
93.8
80.8
0
0
0
0
0
0
0
0
0
0
0
0
0
0
61.9
115.4
208.7
277.1
397.3
438.1
415.7
385.4
354.2
260.4
278.1
288.3
372.2
404.3
331.9
318.7
273
241
247.2
237.4
137.5
58.3
58.1
79.6
87.2
98.6
93.8
95.3
172.2
164.2
162.9
142
99.4
61.7
44.2
0
0
48.8
123.9
154.9
98.2
89.9
49.7
34
0
0
0
59.8
58.8
34.1
0
0
12.5
86.2
106.9
170.1
150.4
177.5
184.3
125.9
177.4
198.3
103.7
37.7
0
0
0
3.8
77.6
118.9
119.8
165.1
133.5
104.9
84.9
65.2
83.3
64.8
76.3
12.7
72.9
100
134.4
144.1
137.1
95.1
83.9
0
3
41.7
0
0
0
0
0
0
0
0
0
0
0
0
0
12.3
0
41.7
23.3
0
0
25
106.8
160
102.1
60.5
0
0
0
0
0
0
0
0
0
0
0
0
0
0
0
0
49.5
155
223.9
271.3
305.5
193.2
190
91.2
0.1
0
0
0
0
0
0
0
0
0
21.1
20.2
0
0
0
0
0
0
0
0
0
0
10.4
55.5
0
0
4.3
54.8
61.2
34.4
0
87.1
68.5
90.3
78
55.9
62.5
34.9
2.1
0
0
30.6
26.8
34.7
0
8.9
18.5
67
0
0
0
0
0
0
0
0
0
12.1
0
0
0
0
0
15.5
71.8
51.3
80.2
119.3
79.8
82.2
44.8
93.6
35.8
0.2
4.3
56.3
62.5
51.6
28.4
20.7
20
12.5
62.8
29.5
43.6
51.2
50
128.4
160.9
202.8
254.6
235.3
248.9
259.7
277.9
218.5
78.5
69.5
190.3
233.9
256.6
163
108.1
126.7
200.1
224.9
312.2
394.3
467.8
486.5
465.7
455.5
484
518.7
525.3
526.7
467.1
442
281.9
2.9
0
0
0
0
0
1
61.3
99.2
141.2
84.9
117.2
38.2
0
0
0
0
0
0
31.7
99.5
82.6
112.5
125.4
52.7
0
0
0
0
0
0
0
0
0
0
0
0
0
0
0
0
0
43.6
52.5
55.8
85.3
0
0
0
0
0
54.2
287.8
79.2
80.3
113
120
11.7
0
0
0
0
0
0
0
0
0
0
0
0
0
0
0
0
0
0
0
0
0
0
0
0
0
0
0
0
0
0
0
0
0
0
0
0
0
0
0
0
0
0
0
0
0
0
0
0
0
0
0
0
0
1.5
60.7
89.2
48.1
19.7
0
0
0
0
0
0
0
0
0
31.3
50
50
50
69.2
80.4
85.1
44.1
4
0
0
0
0
0
0
26.8
0
0
0
0
0
0
0
0
0
0
0
0
0
0
0
0
0
0
0
21
121.9
60.9
159.4
152.1
175
171.9
113.5
154.2
139.2
0
0
0
0
0
0
0
107.9
42.6
48.7
161.3
173.4
109.6
2.1
0
0
0
0
0
0
0
0
0
0
0
0
0
0
0
0
0
0
0
0
0
0
0
0
0
0
0
0
0
0
0
0
0
47.2
40.8
0
0
0
18.4
95.6
112.2
81.6
35.1
135.2
140.7
70
81.7
0.8
0
0
24.5
64.8
82.9
75.5
75.6
22.2
0
0
0
0
0
0
0
0
0
0
0
0
0
0
0
0
0
0
0
0
0
0
0
0
0
0
0
0
0
0
0
0
0
0
0
0
0
0
0
0
0
0
0
0
0
0
0
0
0
0
0
0
0
0
0
0
0
0
0
0
0
2.4
99.9
131.7
162.9
125.1
108.8
37.5
22.8
0
0
0
0
0
0
0
0
0
0
0
0
35.8
0
0
0
11.3
74.5
16.4
0
57.9
87.7
128.4
139.5
83.9
68.4
50.8
32.7
0
0
0
0
0
0
0
0
0
0
122.9
6.3
2.1
48.3
4.3
0
0
0
0
87.5
4.2
0
0
0
0
0
0
28.1
97.9
125
123.8
27.9
0
52.1
150
81.3
0
0
0
0
0
27.1
139.6
0
0
0
0
0
0
0
42.7
0
0
0
0
0
0
0
0
0
0
0
0
0
0
0
0
0
0
0
0
0
0
0
0
0
0
0
0
0
0
1.2
0
0
0
0
2.2
80.7
64.8
1.7
0
0
0
0
0
0
0
0
0
0
0
0
0
0
0
0
0
0
0
0
0
0
0
0
0
0
0
0
0
0
0
0
0
45.8
100
100
100
100
49.9
0
0
0
0
0
0
0
0
0
0
0
0
0
0
43.8
33.5
79.2
97.9
87
81.7
94.6
133
148.3
101.2
35.7
100.1
86.4
89.5
17
43.1
58.7
12.8
0
0
0
0
0
0
0
0
0
0
0
0
1.6
0
0
0
0
0
0
0
0
0
0
0
0
0
0
0
0
0
0
0
0
0
0
0
0
0
0
14.5
0
0
0
0
0
0
0
0
0
0
0
0
0
0
0
0
0
0
0
0
0
3.9
13.9
52.5
25.1
0
2.9
17
68.1
30.9
0
32.3
56.8
169.1
194.7
95.1
49.2
6
27.3
41.2
4.1
0
0
73.3
118.1
144.5
145.6
168.3
402.7
317.8
370.2
380.5
418
415.9
276.3
158.7
86.9
66.7
95.5
225.7
293.8
279.1
248.5
165.5
77.7
0
0
0
0
0
0
0
0
0
59.4
130.7
120.6
82.5
0
0
0
0
0
0
0
0
0
0
0
0
43.8
51.6
91.5
94.6
50
50
50
87.1
169.2
238.8
320
346.7
417.9
370
322.1
289.4
319.4
227.6
93.3
8.1
0
0
0
0
0
0
0
0
0
0
14.6
53.5
94.2
80
80
40
55.2
153.1
250
250
250
223.8
157.9
144.2
97.9
47.9
0
0
0
1.5
68.5
68.5
142.8
224.7
167.5
50.3
0
0
0
0
0
95.3
86.5
70
67.1
0
0
0
0
0
0
0
0
0
0
0
0
0
0
0
0
0
0
0
0
0
0
0
0
0
0
0
0
0
0
0
10.8
0
0
0
0
0
0
0
0
0
0
0
0
0
0
15.5
0
0
0
0
0
0
0
0
0
0
0
0
26.2
28.4
27
21.3
97.6
195.3
273.4
350.5
342.9
314.4
426.6
457.7
519
569.8
569.1
593.9
608.9
607.1
599.6
33.3
0
0
0
0
0
0
0
0
0
0
0
0
0
0
0
0
0
0
0
0
0
0
0
0
0
0
0
0
0
0
0
0
0
0
0
0
0
0
0
0
0
0
0
0
0
0
0
0
0
0
0
0
0
0
0
0
0
0
0
0
0
0
0
0
0
0
0
0
0
0
0
0
0
0
0
0
0
0
0
0
0
0
0
0
0
0
0
0
0
0
0
0
0
0
0
0
0
0
0
0
0
54.4
124.3
188.1
244.9
210.1
257
173.2
86.9
0
0
0
0
0
0
0
0
0
0
0
0
0
0
0
0
0
0
0
0
0
0
0
0
0
0
44.5
127
3.3
99.5
87
25.2
30.6
0.8
0
0
0
0
0
0
0
0
0
0
0
0
0
0
0
0
0
0
0
0
0
0
0
0
0
0
0
0
0
1.1
46.1
68.2
11.1
0
0
0
0
0
0
0
0
0
0
0
0
0
0
0
0
0
0
0
0
0
0
0
0
81.3
28.3
0
0
18.8
17.6
0
0
14.3
90.4
57
4.5
0
0
0
0
0
0
0
13.3
0
13.1
58.8
90.2
55.6
0.8
0
0
1.3
83.4
25.6
98.3
21.3
0
0
0
0
0
0
0
0
0
0
0
0
0
0
0
0
0
0
0
0
0
0
0
0
0
0
0
0
0
0
0
0
0
0
0
0
0
0
0
0
0
0
0
0
0
0
0
0
0
0
0
0
0
0
0
0
0
0
0
0
0
0
0
0
0
0
0
0
0
0
0
0
0
58
33.3
0
0
0
0
0
0
0
0
0
0
0
0
0
0
0
0
0
0
0
0
0
0
0
0
0
0
0
0
0
0
0
0
0
0
0
0
0
0
0
0
0
0
0
0
0
0
0
0
0
0
0
0
0
0
0
0
0
0
0
0
0
0
0
0
0
0
0
0
0
0
0
0
0
0
0
0
0
0
0
0
0
0
0
0
0
183.3
145.8
0
0
0
0
0
0
0
0
47.5
87.5
98
70.2
0
0
0
0
0
0
2.9
68.8
0
0
0
0
0
0
0
0
0
0
0
0
0
0
0
0
0
0
0
0
0
0
0
0
0
0
50
0
0
0
0
0
0
0
0
0
0
0
0
0
0
0
0
0
0
0
0
0
0
0
5.5
67.6
99.1
90.9
27.4
0
0
0
0
0
0
0
0
0
0
0
0
0
0
0
0
0
0
0
0
0
0
0
0
0
0
0
0
0
0
0
0
0
0
0
0
0
0
0
0
0
0
0
0
0
0
0
0
0
0
0
0
0
0
0
0
0
0
0
0
0
0
0
0
0
0
0
0
0
0
0
0
0
0
0
0
0
0
0
0
0
0
0
0
0
0
0
0
0
0
0
0
0
0
0
0
0
0
0
0
0
0
0
0
0
0
0
0
0
0
0
0
0
0
0
0
0
0
0
0
0
0
0
0
0
0
0
0
0
0
0
0
0
0
0
0
23.2
0
0
0
0
0
0
0
0
0
0
0
0
0
0
0
0
0
0
0
0
0
0
0
0
0
0
0
0
0
0
0
0
0
0
0
0
0
0
0
0
0
0
0
0
13.3
20.3
0
0
0
0
0
0
0
0
0
0
0
0
0
0
43.8
122.9
150.3
128
94
97.9
95.9
101.7
99.7
90.5
98.4
78.9
99.8
137.4
196.3
211.5
158.4
170
180
189.4
157.3
140.7
253.1
196.9
184.4
200
229.2
266.7
0
0
61.6
63.8
35.3
42.3
101
144.6
210.2
300
300
298.5
226.9
117.5
54.6
0
2.1
46.9
0
0
0
0
0
0
42.6
164.5
166.1
178.1
188.8
153.3
169.8
145.3
151.6
137.7
85.3
132.1
180
221.9
125.4
102
60.9
74
82
30.4
68.1
77.9
52
35
10.4
25.1
24.5
25.1
33.3
53.3
39.4
31.6
0
0
0
0
0
48.3
186.7
256.4
304.1
239.5
182.2
194.4
160.8
46
32.3
70.6
47.9
6.7
80
80
40
0
52.8
0
0
0
0
0
0
0
0
0
0
0
12.1
0
24.7
49.4
4.9
0
0
0
0
6.7
80
80
63.3
153.1
175.5
134.2
160.4
184
188.7
187.8
208
204.3
193.9
196.3
174.1
91.3
66.8
0
26.9
46.2
4.2
0
0
0
0
0
0
18.3
0
0
37.1
3.3
44.4
72.2
21.7
25.8
64.6
73.5
61.8
32.9
1.4
0
0
0
0
0
0
0
0
0
0
0
0
0
0
0
0
0
0
0
0
0
0
0
0
0
0
0
0
0
0
0
0
0
0
0
0
0
0
0
0
0
0
0
0
0
0
0
0
0
0
0
0
0
0
0
0
20.8
4.2
0
0
0
0
0
0
0
0
0
0
0
0
0
0
0
0
0
0
0
0
0
0
0
2.2
26.6
0.3
0
0
0
0
0
136.1
146.1
31
15.1
0
0
0
0
0
0
0
0
0
0
0
0
0
0
0
0
0
0
0
28.3
69.8
60.5
109.5
62.7
37
0
0
0
0
0
0
0
0
0
0
0
0
0
0
0
0
0
0
0
0
0
0
0
0
0
0
0
0
0
0
0
0
0
0
0
0
36.5
0
0
0
0
0
0
0
0
0
0
0
0
0
0
0
0
0
0
0
0
0
0
0
0
0
0
0
0
0
0
0
0
0
0
0
23.3
60
73.3
65
50.8
12.1
100
100
100
66.7
5
0
0
0
0
0
0
155.4
167.9
155.4
2.9
0
0
0
0
0
0
0
0
45.8
100
100
95.8
50
50.6
45.6
59.6
51.7
0
0
0
0
0
0
0
50.8
126.3
93
55.2
86.3
41.1
19.3
82.3
100
79.6
80
78.3
40
40
160.7
89.5
115
124.7
159.9
188
225.1
162
173.8
121.4
49.1
0
0
0
0
0
0
0
0
0
0
0
0
0
0
75.4
47.9
0
0
0
0
0
0
0
0
0
0
0
0
0
0
0
0
0
8.3
37.7
29.8
39.3
40.5
0
0
0
0
0
0
0
0
0
0
0
33.4
79.2
0
0
0
0
0
0
0
0
0
0
0
0
0
0
0
0
0
0
0
0
0
0
0
0
0
0
0
0
0
0
0
0
0
0
0
0
0
0
118.8
177.1
225.1
287.6
248
328.1
288.9
351
312.7
292.9
160.1
81.6
6.1
2.1
97.9
8.3
0
0
0
0
0
0
0
0
0
0
0
0
0
0
0
0
0
0
0
0
0
0
0
0
0
0
0
0
3
0
0
0
0
0
0
0
8.2
192.8
133.3
4.6
0
0
0
0
0
0
0
0
0
0
0
0
0
0
0
0
0
0
0
0
0
0
0
0
0
0
0
0
0
0
0
0
0
0
0
0
0
0
0
0
0
0
0
12
67.7
117.3
122
202.1
276.9
443.8
420.8
345.8
395.8
375.1
12.5
0
0
0
0
0
0
0
0
0
0
0
0
0
0
0
0
0
0
0
0
0
10.4
60.4
116.3
149
112.5
99.2
55
15
0
0
0
95.8
200.2
297.9
201.4
164.9
139.3
81.7
84.7
145.3
152.1
130
115.2
31
0
31.3
122.9
80
115.8
95.8
0
0
0
0
1
74
150
150
150
150
144.9
35.3
0
0
0
0
0
0
0
0
0
0
0
0
0
0
0
0
0
0
0
0
0
0
0
0
0
0
0
0
0
0
0
0
0
0
0
0
0
0
0
0
0
0
0
0
0
0
0
0
2.1
121.5
160.8
197.9
18.8
0
0
0
0
43.8
70
9.1
0
9.6
122.7
8.8
0
0
15.6
75
71.9
0
0
2.9
25.3
0
0
0
0
0
32.8
0
27.1
189.6
200
150
0
0
0
0
0
0
0
0
0
0
0
0
0
0
0
0
0
0
0
0
0
0
0
0
0
0
0
0
0
0
0
0
0
0
0
0
0
0
0
0
0
0
0
0
0
30.8
100
91.7
0
0
0
0
0
0
0
0
0
0
0
0
2.2
183.4
47.9
0
0
0
0
0
0
0
0
0
0
0
0
0
0
0
0
0
0
0
0
0
0
0
0
0
0
0
0
0
0
0
0
0
0
0
0
0
0
0
0
0
0
0
0
0
0
0
0
0
0
0
0
0
0
0
0
0
0
0
0
0
0
0
0
0
0
0
0
0
0
0
0
0
0
0
0
0
0
0
0
65.1
5
0
0
0
0
0
0
0
0
0
0
0
0
0
0
0
0
0
0
0
0
0
0
0
0
0
0
0
0
0
0
0
0
0
0
0
0
37.5
0
13.4
0
0
0
0
0
0
0
0
0
0
0
0
0
0
0
0
0
0
0
0
0
0
0
0
0
0
0
0
0
0
0
0
0
0
0
0
0
0
0
0
0
0
0
0
0
0
0
0
0
0
0
0
0
0
0
0
0
0
0
0
91.7
0
0
145.7
288.6
304
305.6
248.3
158.9
39.2
0
0
0
0
0
0
0
0
0
0
0
0
0
0
0
0
0
62.5
65.6
49
3.8
69.3
56.1
0
0
0
0
0
0
0
0
0
0
0
0
0
35.5
0
0
0
50
111.3
181.2
203.4
213.8
178.8
109.8
14.9
0
0
0
0
0
0
0
0
0
0
0
0
0
0
16.1
0
2.9
86.6
54.4
0
0
0
0
0
0
0
0
0
0
0
0
0
0
0
0
58.3
0
0
0
0
0
0
0
0
0
82.2
96.1
159.8
139.2
137.3
3.1
0
0
0
91.7
183.3
0
0
0
0
0
0
0
0
0
0
0
0
0
0
0
0
0
81.5
72.3
25.1
29.7
6.3
43.8
20
0
0
0
0
0
0
0
0
0
0
0
0
0
0
0
0
0
0
0
0
0
0
2.1
97.9
100
62.5
0
47.9
37.9
39.2
0
0
79.2
70.8
0
0
0
0
0
0
0
0
0
0
0
0
0
0
0
0
0
0
0
0
0
0
0
0
0
0
0
0
0
0
0
0
0
0
0
0
0
0
0
0
0
0
0
0
0
0
0
0
0
0
0
0
0
0
0
0
0
0
0
0
0
0
0
0
0
0
0
0
0
0
0
0
0
0
0
0
0
0
0
0
0
0
0
0
0
0
0
0
0
0
0
0
0
0
0
0
0
0
0
0
1.3
80.8
90
57.7
2.3
0
91
109.4
9.2
58.3
70.9
0
0
0
0
0
0
0
0
30.8
146
104.2
109.2
75
81.7
30.4
0
0
0
0
0
0
0
0
0
0
0
0
0
0
0
0
37.8
8.3
0
0
0
0
0
0
0
0
0
0
0
0
0
0
0
0
0
0
0
0
0
0
0
0
0
0
0
0
0
0
0
0
0
0
0
0
0
0
0
0
0
0
0
0
0
0
14.2
34.6
27.7
54
0
0
0
0
0
0
0
0
0
0
0
0
0
0
0
25.8
46.7
0
0
0
90
120.8
111.7
163.3
107.4
25.7
0
0
0
0
0
0
0
0
0
0
0
10.3
44.2
59.8
0.8
0
0
0
0
0
0
0
0
49.2
116.7
170.8
76
28.1
0
27.1
12.4
66.7
39
23.5
0
0
0
0
0
0
0
100
72.9
0
44.6
110.5
133.9
126.5
195.1
120.3
150.1
24
0
0
0
0
0
0
0
39.3
101.8
61.3
1.7
79.3
80
142.7
200.2
170
200
253.8
138.7
106
20.6
0
0
0
0
0
0
0
0
0
0
0
0
0
0
0
0
0
0
0
0
0
0
0
0
0
0
0
0
0
0
0
0
0
0
0
0
0
0
0
0
0
0
0
0
0
25.8
51.3
35.4
29.2
0
0
0
0
22.2
69.1
1.7
4.2
100
100
100
100
100
95.8
0
40
110
21.7
84.2
167.9
230
231.3
175.4
11.1
0
0
0
0
0
4.2
0
0
0
0
0
0
0
0
0
0
0
0
0
0
0
0
0
0
0
0
0
0
0
0
0
0
0
0
0
0
0
0
22.6
30.8
17.7
45.8
51.3
25.2
2.3
0
0
0
0
0
0
0
0
0
0
0
0
0
0
0
0
0
0
0
0
0
0
0
0
0
0
0
0
0
0
0
0
0
0
0
0
0
0
0
0
0
0
0
0
0
0
0
0
0
0
0
0
0
0
0
0
0
0
0
0
0
0
0
0
0
0
0
0
0
0
0
16.5
0
0
0
0
0
0
0
0
0
15.6
64.6
75.4
51
0
0
0
0
0
0
0
0
0
0
0
0
0
0
0
0
0
0
0
0
0
0
0
0
0
0
0
0
0
0
0
0
0
0
0
0
0
0
0
0
0
35.8
1.3
0
0
0
0
0
0
0
0
0
0
0
0
0
0
0
0
0
0
0
0
0
0
0
0
0
0
0
0
0
0
0
0
0
0
0
0
0
0
0
0
0
0
0
0
0
0
0
0
0
0
0
0
0
0
0
0
0
0
0
0
0
0
0
0
0
0
0
0
0
0
0
0
0
0
0
0
0
0
0
0
0
0
0
0
0
0
0
0
0
0
0
0
3.5
0
75
8.3
164.9
0.8
0
0
0
0
0
0
0
0
0
0
45.8
61.3
80.6
147.8
172.7
103.8
28.5
0
0
105.3
191.9
177.8
168
70.8
95.8
0
0
0
0
0
0
0
0
0
0
0
0
0
0
0
0
0
0
0
0
0
0
0
0
0
0
0
0
0
0
0
0
0
0
0
0
0
0
0
0
0
0
0
0
0
0
0
0
0
0
0
0
0
0
0
0
0
0
0
0
0
0
1.5
23
52.3
0
0
0
0
0
0
0
0
0
0
0
6.6
0
0
0
0
0
0
0
0
0
37
183.6
157.1
2.3
0
0
0
0
0
0
0
0
0
0
0
0
0
0
0
0
0
0
0
0
0
0
0
0
0
0
9.8
0
0
0
0
0
0
0
0
0
0
0
0
0
0
0
0
0
0
0
0
0
0
0
0
0
0
0
0
0
0
0
0
0
0
0
0
0
0
0
0
0
0
0
0
0
0
0
0
0
0
0
0
0
0
0
0
0
0
0
0
0
0
0
0
0
0
0
0
0
0
0
18.3
0
0
0
0
0
0
0
0
0
0
0
0
0
3.1
76
100
100
60.4
20.8
0
0
0
0
39.4
56
70.8
146.7
197.1
110.8
110
71
54.8
0
0
0
0
0
0
0
0
0
0
0
0
0
37.5
75
0
0
0
0
0
0
0
0
0
0
0
0
0
0
0
0
0
29.2
85.9
95.8
0
0
44.5
0
9.8
22.4
22.1
104.8
159.2
125.1
59.1
33.7
0
0
0
0
0
0
0
0
0
0
0
0
0
0
0
19.5
49.4
23.3
0
0
0.8
39.2
69
45.7
0
49
38.8
2.3
0
0
0
0
24.2
5
0
0
0
0
0
0
0
0
0
0
0
0
0
0
0
0
0
0
0
0
0
0
0
0
0
0
0
0
0
0
0
0
0
0
0
0
0
0
0
0
0
0
0
0
0
0
0
0
0
0
0
0
0
0
0
0
0
0
244.1
253.9
210.6
162.8
131.3
139.6
183.3
26.3
70
70
2.9
0
0
139.1
193.6
156.5
0
0
0
0
0
0
95.9
168.8
87.5
0
58.3
0
29.2
100
97.9
25
0
0
0
0
0
0
0
0
0
0
58.8
13.9
0
0
0
18.8
50
50
53.3
76.2
0
0
0
0
0
0
0
0
10.5
16.5
0
0
0
0
0
0
0
0
135.4
100
100.8
302.9
229.2
0
0
189.6
175
0
0
0
0
83.3
104.1
120.7
71.8
39.6
139.6
0
63.1
0
0
0
74.2
40
1.3
0
7.3
0
0
0
0
0
0
0
0
0
0
0
50
22.9
64.6
0
0
0
0
0
0
0
0
0
0
0
0
166
49
25
0
0
0
0
0
0
0
0
0
0
0
0
0
0
0
0
0
0
0
0
0
0
0
0
0
0
0
0
0
0
0
0
0
0
0
0
0
0
0
16.7
100
100
91.7
0
43.8
50
4.2
0
0
0
0
0
73.6
93.3
50.9
1.8
0
0
0
0
0
0
67.1
70
67.1
0
0
0
0
0
0
0
0
0
0
0
0
0
0
0
0
0
0
0
0
2.1
112.9
161.4
103.5
100
8.3
0
0
4.2
277.1
68.8
56.3
150
231.3
402.1
389.6
279.2
295.8
295.8
487.5
379.2
0
0
0
0
80.3
8
0
0
0
0
0
0
0
0
0
0
0
99.4
170
79.6
0
0
0
0
0
0
0
0
0
0
0
0
0
0
0
0
0
0
0
0
0
0
0
0
0
0
0
0
0
47.4
60.4
2.7
30
80
84.4
128.6
32.1
0
0
0
0
0
7.5
60
2.5
78.8
71.7
60.9
68.8
98.1
76.5
90.3
0
0
0
0
0
32.5
49.2
52.6
107.8
98.5
125.1
200
79
44.4
41.6
50.3
14.6
0
0
0
0
0
0
0
6.3
68.8
100
95.8
41.7
0
0
0
0
0
0
0
0
4.2
0
0
0
0
0
0
0
0
0
0
21.9
40.6
0
45.8
8.3
52.1
31.2
41.3
79.8
111.9
20.6
61.3
160.4
121.3
117.5
118.8
49.2
51.7
57.5
107.9
232.1
257.1
173.8
181.7
86.7
104.2
95.8
47.5
21
55
2.3
0
0
0
22.1
85.4
98.3
0
0
0
0
0
0
0
0
0
0
0
0
0
0
0
0
27.5
73.3
61.3
31.7
50.8
112.1
140.4
175.1
203.6
172.6
200.8
120.3
42.3
149.2
167.1
230.4
251.7
372.5
430.8
332.3
169.8
136
2.7
53.5
60.3
94.3
167.7
137
116.8
76.2
201.1
3.8
0
0
0
0
0
0
0
0
0
0
0
70.8
116.3
136.7
256.3
0
63.8
120.2
31.4
0
0
0
0
0
0
0
0
0
0
0
0
0
0
0
0
0
0
0
0
0
0
0
0
0
0
78.6
182
326.7
351.7
398.4
300.6
177.6
173.2
59.3
2.1
0
0
0
0
0
0
0
0
127.7
161.4
190.3
216.9
282.2
371.8
394.3
341.2
240.4
73.5
1.5
0
0
0
0
31.3
47.9
0
11.5
167.1
209.2
190.8
200.8
229.6
23.3
0
23
57.5
51.1
0
0
0
0
0
0
0
0
0
0
0
0
0
0
0
0
0
0
22.3
11
150.8
179.7
283.6
300
280.5
274
200
255.4
297.1
214.3
219.7
242.2
83
3.8
0
0
0
0.6
27.5
50
0
0
32.5
102.4
148.9
162.5
150.8
143.2
112.9
52.9
0
0
9
22.6
13.5
7.5
0
51
0
0
0
0
0
0
0
0
0
28.8
1.3
0
0
21.3
82.9
95.8
1.7
1.5
99.5
135.7
181.4
190
47.4
25.3
0
0
0
0
0
0
0
0
0
0
0
0
0
0
0
0
0
36.3
0
0
0
0
0
0
0
0
0
0
0
0
0
0
0
0
0
0
40.6
92.3
61.3
44.6
16.7
0
0
0
0
0
0
0
0
0
0
0
0
0
0
0
0
0
0
0
0
0
0
0
0
0
0
0
0
0
0
0
0
0
0
0
0
0
0
0
16.7
18.5
0
0
0
0
0
0
0
57.8
43.4
55.9
67.3
40.4
40
30.4
0
23
0
35.2
81.9
91.8
123
98.8
168.7
12.9
0
0
2.1
47.9
0
0
0
0
0
0
38.3
143.1
238.4
447.4
543.8
486.2
274.4
295.2
356.6
523.5
474.1
420.5
389.6
28.3
90.6
139.6
185.2
277.4
236
182.3
93.6
51.7
0
0
0
0
0
0
0
0
0
0
0
0
0
0
0
0
0
0
0
0
0
0
0
0
0
0
0
0
0
29.1
92.1
88.8
0
0
0
0
0
0
0
0
0
0
0
0
0
0
0
0
0
0
0
0
0
0
0
0
0
0
0
0
0
0
0
0
0
0
0
0
0
0
0
0
22.5
92.6
86.3
70.4
62.1
90.1
131.2
99.4
0
49.6
115.4
77.9
62.1
60
10.8
0
0
0
0
0
0
0
0
0
0
0
0
0
0
0
0
0
0
0
0
0
0
0
0
0
0
0
0
0
0
0
0
0
0
0
0
0
0
0
0
0
0
0
0
0
0
0
0
0
0
31.3
50
14.6
0
0
0
0
0
0
0
0
0
0
0
0
0
0
0
0
0
0
0
0
0
0
0
0
0
0
0
0
0
0
0
0
0
0
0
0
0
0
20.8
34.4
1
0
0
0
29.6
58.8
49.4
80.2
103.3
214.2
217.1
250.4
217.5
258.1
360.8
429.6
700
684.2
351.7
195.1
0
19.8
26
87.5
187.5
334.8
439.6
163.5
116
69.2
0
0
4.6
68.4
152.1
291.9
290.4
260
249.4
197.2
131
145.2
191
100
208.3
272.9
345.8
339.6
339.2
458.8
510
75.4
0
0
0
0
0
0
0
0
0
0
0
0
0
0
0
0
0
0
0
0
0
0
0
0
0
0
0
0
0
0
0
87.5
95.8
0
0
0
0
0
0
0
0
0
0
0
0
0
45.8
0
0
0
0
0
0
27.1
12.5
114.6
62.5
0
0
0
0
0
0
150
0
0
0
0
0
0
0
0
41.7
0
0
0
0
40
0
0
0
0
0
0
0
0
0
0
0
0
0
0
0
0
0
0
0
0
0
0
0
0
0
0
0
0
0
0
0
0
0
0
0
0
0
0
0
0
0
0
56.3
150.4
168.8
141.7
177.1
254.2
218.8
487.5
400
400
400
381.3
83.3
172.9
208.3
0
0
0
0
0
0
0
0
0
0
0
0
0
0
0
41.7
183.3
229.3
16.7
82.5
130
271.5
342.3
424.6
368.8
344.1
263
270
277.5
325
237.9
140
12.5
129.2
160.4
127.1
145.8
138.5
107.3
104.2
95.8
52.5
0
24.2
100
87.5
41.7
27.1
343.4
539.6
221.7
170.7
75.4
122.5
128.8
228.4
219.8
239.6
249
215.6
188.5
134.4
122.9
93.8
20.8
0
0
0
0
0
0
0
0
0
0
0
0
0
0
0
120
140
140
140
140
91.3
227.1
27.1
0
0
0
0
0
0
0
0
0
0
0
0
0
0
0
0
37.5
97.9
50
47.9
35.4
47.9
0
38.3
0
0
0
0
0
0
0
0
0
0
0
0
56.7
0
0
0
0
0
0
0
0
0
31.9
2.1
0
0
0
0
0
0
0
0
0
25
45.5
88
4.8
0
25
1.7
0
0
0
0.8
39.2
16.7
0
0
0
0
0
0
0
0
0
0
0
0
0
0
0
0
0
0
34.6
40.6
49.8
50
75
88.1
4.8
129.2
0
89.6
27.2
17.3
51
88.5
56.3
0
25
45.8
43.8
24.2
66.2
52.1
62.5
23.8
4.2
100
120.8
101.6
145.8
49
0
0
0
0
0
0
0
0
9.5
143
243.5
338.1
372.1
450
451.7
510
520
492.7
261.4
220.7
257.9
260
259.6
239.5
203.5
282.2
255
244.6
276.7
181.3
148.8
120.8
172.1
222.9
213.4
60.8
0
0
57.9
119.6
64
0
0
0
0
20
109.2
105.6
93
62.9
0
0
0
0
0
0
0
0
0
0
0
0
0
0
0
0
0
0
35.4
6.3
62.9
148.8
254.4
69
0
0
0
17.1
84
8.3
17.3
0
0
0
0
0
0
0
0
0
0
0
0
0
0
0
0
0
0
0
0
0
0
0
62.5
120
39.2
165.6
320.2
454.2
392.1
485
557.1
519.7
348.6
345.8
246.6
182.3
178.8
131.9
198.5
138.3
160.6
226.5
315.6
356.1
357.8
367
402.6
389
343.8
359.6
401.7
438.3
487.5
371.3
189.2
94.3
0
0
0
0
0
0
51.1
228.7
309.8
302.6
196.6
82.3
0
0
0
0
0
0
0
0
0
0
0
0
0
27.1
14.6
0
0
0
0
22.5
0
0
0
0
0
0
0
0
0
0
18.8
14.6
74.8
233.3
338.6
366.3
19.6
0
0
0
0
0
0
0
0
0
0
0
0
0
22.9
64.6
91.7
25
0
0
31.7
0
0
0
68.4
190
252.9
210.4
259.2
168
0
196.8
151.7
97.9
0
0
0
0
0
193.8
400
68.8
32.5
93.3
72.9
47.9
52.1
224.2
301.3
290.8
202.9
201.3
90.8
38.3
48.3
45
0
0
0
0
0
0
0
0
57.9
0
0
0
0
0
0
0
40
0
0
0
0
0
55
149.2
100
150
0
0
0
0
83.3
89
155.8
317.1
358.3
355.9
475
51.3
0
0
0
0
0
0
0
0
0
35
0
126
149.3
144.7
154.2
195.8
152.5
60.7
0
0
0
0
0
0
0
0
0
0
0
47.9
50
45.6
6.2
112.5
140.6
200
271.3
232.6
209.7
226.3
277.4
303.8
248.3
138.3
122.9
147.7
209.6
317.4
276.7
277.5
121.3
184.9
121.6
83.2
54.8
77.7
103.5
219.8
139.4
147.1
88.1
0
0
0
0
0
0
0
0
0
0
0
0
0
0
0
0
0
0
0
0
0
0
0
0
0
0
0
0
0
0
0
0
0
0
0
0
29.2
0
0
0
0
0
0
0
0
0
0
0
0
0
0
45.8
0
0
12.5
79.2
80
0
0
0
0
0
0
0
0
0
0
68.5
125.6
0
15.8
8.3
0
0
0
0
0
0
0
0
0
0
27.9
0
84.6
67.9
107.9
122.1
80.4
91.7
78.3
89.2
7.1
0
0
0
0
18.8
52.1
72.9
138.3
97.9
12.9
29.2
0
16
69.8
109.2
24.6
0
0
0
0
0
0
0
0
0
0
0
0
0
0
0
0
0
0
0
0
0
0
0
0
0
0
50
166.7
199.6
166.3
101
96.3
167.8
163.5
164.3
150
150.6
187.4
158.5
129.2
87.1
11.7
0
21.3
12.5
0
0
41.7
163.3
163.9
126.9
141.2
198.8
188.8
173.7
130.4
105.8
57.5
0
0
0
0
0
0
0
0
0
0
0
0
0
0
0
0
0
0
0
0
0
0
0
0
0
0
0
0
0
0
0
0
0
0
0
0
0
0
