0
0
43.7
49.8
49.8
52
121.5
198.4
249.2
249.2
249.2
249.2
249.2
249.2
249.2
249.2
343.1
349.8
290.7
338.8
228.7
170
111.7
150.6
249.3
249.2
249.2
249.6
249.2
249.6
249.2
259
250.2
250
250
250
256.3
300
269.3
86.6
51.6
0
0
0
0
0
0
0
0
0
0
0
0
5.3
18.2
108.7
144.4
251.5
208.8
182.6
213.7
132.7
88.3
111.9
156.3
0
0
0
53.3
3.9
0
0
60.2
79.9
77.6
0
0
0
0
0
0
0
0
0
0
0
0
0
0
0
0
0
0
0
0
0
0
0
0
0
0
0
0
0
0
0
0
0
0
0
0
0
0
0
0
0
0
25.5
13.9
0
120.5
110.2
79.9
90.5
119.2
170.3
254.6
273.5
309.8
278.8
259.7
219.6
157.5
80
48.5
63.9
194.8
245.8
202.5
75
0
0
0
0
0
0
0
0
0
0
0
0
0
0
0
0
3.8
53
122
213.9
260.7
274.8
274.8
253.8
287.1
385.6
399.8
386.5
324.5
349.2
349.2
349.2
349.6
349.6
349.2
368.4
399.6
390.9
331.5
278.4
265.3
349.6
349.6
278.8
181.8
73.5
20.7
25.2
33.4
49.9
49.8
49.8
15.5
0
0
0
0
0
0
0
12.4
0
0
14.6
49.9
49.8
66.1
0
0
0
0
0
0
0
0
0
0
0
0
0
0
0
0
0
0
0
0
0
0
0
19.9
45.6
120.7
104
124.8
202.7
310.5
424.1
489.7
404.2
302
299.2
255.5
249.2
249.2
249.2
229.7
0
0
0
0
0
0
0
0
0
0
48.9
148.1
268.5
351.9
548.6
638.8
455.8
349.7
311.7
255.5
299.2
273.7
208.2
86.8
0
0
0
0
28
58.5
80
95.1
227
366.9
414.4
483.7
494.3
435.1
429.8
335.5
194.4
111.8
133.3
169.4
181
205
242
343.3
356.3
300.9
284.7
238.7
220
192.7
145
65.8
0
0
0
0
0
0
0
0
0
0
0
0
0
0
0
0
0
0
0
0
0
0
0
0
0
0
0
0
0
0
0
0
0
0
0
0
0
0
0
0
0
0
0
0
0
0
0
0
0
0
0
0
0
0
0
0
0
8.8
49.3
153.3
174.6
70.7
0
0
0
0
0
0
0
0
76.5
154.4
151.8
107.9
165.4
145.8
181
216.5
276.2
279.7
189.2
0
0
0
0
0
0
0
0
126.6
189.5
239.8
289.1
357.1
371.3
393.5
466.5
549.1
574.8
534
537
422.5
387.3
308
201.9
77.3
43.9
0
0
0
0
0
0
0
0
0
0
0
54.2
118.4
119.8
155.3
11.3
0
0
0
0
0
0
0
0
0
0
0
0
0
0
0
0
0
0
0
0
0
0
0
0
0
0
0
0
0
27.6
49.9
0
0
0
0
0
0
0
14.8
138.2
180.3
274.3
349.2
325.8
349.6
373.2
437.3
264.9
231.7
190.9
133
167.6
290.2
200.5
51.2
0
0
0
0
0
0
0
0
0
0
0
77.1
117
95.3
22.7
0
0
0
0
0
0
0
0
10.1
99.8
106
138.4
169.4
196.9
209.3
308.7
249.8
184.9
150
114.9
80.2
80
65.5
24.3
0
0
0
0
0
0
0
0
0
0
0
0
0
0
0
0
0
0
0
0
0
0
0
0
0
0
0
0
0
0
0
0
0
0
0
0
0
0
0
0
0
0
0
0
0
0
0
0
0
0
0
0
0
0
0
0
0
0
0
0
0
0
0
0
0
0
0
0
0
0
0
13.7
59.2
36.9
14.8
0
8.9
0
0
0
0
0
0
0
0
0
0
59.9
114.1
179.7
185.3
271.3
326.1
339.7
405.6
441.6
405.6
406.9
395.2
435.3
397.1
401.9
328.7
276.6
84.9
20.2
0
0
0
0
0
0
0
0
0
5.6
45.1
29.5
63.8
90.7
221.3
242.1
264.9
275.2
318.8
254.6
248.5
264.2
186.8
101
34.8
0
0
0
0
0
0
0
0
0
0
0
25.5
137.7
234.8
239.6
129.8
111
91.9
0
0
0
0
0
0
0
0
64
122.1
150.8
141.5
64
0
0
0
0
0
0
24
66
0
0
0
0
0
0
0
0
0
0
0
0
0
0
0
0
0
0
0
18.5
204.6
212.1
36.4
0
0
0
0
0
0
0
38.8
248
249.6
249.6
206.9
113.9
24.2
0
0
0
0
0
0
0
0
0
0
0
0
0
0
184.3
195.4
192.8
0
0
0
0
0
0
0
0
0
0
0
0
0
24.7
168.2
232.2
320.6
387.4
424.4
454.6
357.3
336
158.7
129.6
104.3
32.4
0
0
0
0
0
0
0
0
22.7
151.3
282.3
255.3
197.5
198.1
269.9
235
162.7
160
139.2
32.1
0
0.8
148.4
203.9
229.2
229.2
244.3
256.2
340.3
165.4
207.2
127.3
103.1
72.8
137.5
106.9
86.9
7.5
0
0
0
0
0
0
0
13.4
141.5
444.4
494.1
495.2
495.2
600.2
769.2
858.4
858.7
840.3
651.5
563.9
463.3
282.7
260
273.4
221.7
208.3
67.2
99.7
99.7
151.3
222.3
249.2
297.5
307.7
346.9
328.5
299.7
292.1
298.8
126.5
86.6
21.3
0
12.9
10.3
0
0
0
0
0
0
0
0
0
0
0
151
206.5
180.3
158.4
136
60.3
70.8
134.6
79.7
45.1
0
0
0
0
0
0
0
0
0
0
0
0
103.2
100.2
135.9
132.6
159.5
197.5
219.3
184
205.8
195.4
200.7
248.8
304.5
330.8
381
379.8
430.9
422.2
351.1
347.8
233.7
217.4
174.1
118.6
34.7
27
99.7
111.4
145.1
207.6
247.3
320.3
419.3
377.1
421.1
405.1
407.4
442.1
462
403.7
342.7
213
125
24.7
0
0
0
0
0
133
324.4
375.1
398.8
400.4
420.7
393.5
392
266.3
166.1
26.8
40.8
122.9
45.4
73.6
182.6
200.8
233.9
186.6
0
0
0
0
0
0
0
0
0
0
0
0
0
0
20.1
19.7
36.9
75.3
99.1
54
4.6
0
0
0
0
0
0
0
0
0
0
0
0
0
0
0
0
0
0
0
0
0
0
0
0
0
0
0
0
0
0
0
0
0
0
0
0
0
0
0
0
0
0
41.8
56
91
59.9
59.8
97.9
45
0
0
0
0
0
0
0
0
0
0
0
0
0
0
0
0
0
0
0
0
0
87.8
49.8
116.2
146.7
164.9
38.1
11
0
0
0
0
0
29.9
3.9
0
0
0
0
0
0
0
0
0
0
0
0
0
0
0
0
0
0
0
0
0
0
0
0
0
0
0
0
0
0
0
0
0
0
0
0
0
0
0
0
0
0
0
0
0
0
0
0
0
0
0
0
0
0
0
0
0
0
0
0
0
0
0
0
0
0
0
0
0
0
0
0
0
0
0
0
0
0
0
0
0
0
0
0
0
0
0
0
0
0
0
0
0
0
0
0
0
0
0
0
0
0
0
0
0
0
0
0
0
0
0
0
0
124.5
99
100.1
195.3
87.7
50.6
39.5
19.9
19.9
19.9
2.6
48.6
88.8
34.5
24.6
63.1
101.2
94.6
89.7
89.7
67.5
65
15.9
0
0
0
0
0
0
0
0
0
0
0
0
0
0
0
0
26.6
48.8
52.1
79.7
145.6
189.4
165.2
0
0
0
0
0
0
0
0
0
0
0
0
0
0
0
0
0
0
0
0
0
26.1
103.4
108.7
43.8
13.5
80.4
147.1
139.4
89.7
11.8
0
0
0
0
12.5
18.8
0
0
0
0
0
0
0
0
0
0
0
0
0
0
14.9
45.6
0
0
16.6
0
0
0
20
27.5
37.1
19.9
48.6
49.8
49.8
77.8
52.1
20.4
39.9
27.2
83.8
63.7
44.7
118
138.6
148.5
337.6
535.2
368.6
399.8
490.9
510.4
460.4
279.3
380.9
259.7
180.7
69.8
32.3
313.4
353.2
392.7
379.6
403.8
370.9
158.2
60.1
18.9
0
0
3.9
0
0
0
0
0
0
8.8
4.2
0
0
21.5
158.1
273.8
293.4
364.6
367.5
374.1
321.3
396.6
364.2
364.2
328.9
194.3
12.4
14.4
0
0
0
0
1.9
19.1
18.4
49.8
49.8
78
144.7
179.8
254.2
265.6
297.2
342.1
303.1
76.3
26.9
22.8
7.8
41
46
0
0
0
0
0
0
64.3
240.9
329.4
364.5
407.6
423.4
382.8
236.9
238.8
253.9
314.7
411.5
417.2
347.4
321.9
312.3
352.8
258
250
250
250
250
250
250
107.3
0
0
0
0
0
0
0
0
0
19.9
126.4
146.8
174
165.1
167.1
99.1
56.5
102.5
180
212.1
160.9
155.4
205.2
162.9
211.9
188.2
238.4
295.3
281.9
255.1
214.1
226.1
214.1
218.7
237.9
223.7
143.2
198.3
225.4
205.3
94
0
0
0
0
0
31.1
0
0
0
0
36.8
99.7
99.7
139.3
205.3
282
339.8
410
459.3
417.5
409.6
316.8
301.3
301.6
96.4
50.3
50.3
46
19.3
0
0
0
0
0
0
0
0
0
0
0
79.9
179.9
203.4
232.7
219.8
205.8
228.9
280.2
200.1
210.5
229.2
247.4
282
252.3
322.5
211.1
248.2
148.7
79.7
52.2
141.5
130.7
200.1
249.2
249.6
256.7
226.1
165.2
159.5
206.3
159.2
140.3
22.4
0.4
0
0
0
0
0
0
0
0
0
0
10.8
71.3
79.7
59
31.5
28
42.2
8
14.8
29.9
9.2
32.9
69.1
0
0
0
0
0
0
0
0
0
0
0
0
43.3
92.8
130.5
85
46.4
0
0
0
0
46.4
124.6
152
173.4
210.5
247.3
249.2
243.2
241
207.2
214.4
146.3
36
26.1
33.2
19.9
19.9
84.9
153.3
176.3
267.7
313.1
386
437.4
434.5
316.2
174.9
173.1
160.6
139.9
66.2
0
0
0
0
0
0
0
0
0
0
0
0
0
0
0
0
0
0
0
0
0
0
0
0
0
0
77.5
26.3
117.7
126.4
94.4
178.3
176.3
150.4
144.2
180.1
253.7
346.3
359.5
359.5
276.6
249.2
249.2
218.3
249.2
255.5
288.5
202.9
89.6
44.2
4.8
50.4
0
0
78.6
133
74.1
97.7
108.7
55.2
21.7
5.5
0
0
0
0
0
0
0
0
0
0
0
0
69.1
11
51.9
59.8
59.8
78
159.8
169.8
169.8
155.8
172.3
200.6
156.4
199.8
323.6
313.4
286.4
37.2
0
0
0
0
34.5
183.8
290.2
260.5
229.5
178.6
162
0
0
0
0
0
0
0
0
0
4.4
7.4
20.4
0
0
0
0
0
0
0
0
0
0
0
0
0
0
0
0
0
0
0
0
0
0
0
0
0
0
0
0
0
0
0
113.8
77.3
170.9
167
246.3
276.5
252.6
217.6
161.1
107.6
76.4
27.2
0
0
0
0
0
0
4.1
21
0
0
0
0
0
0
0
0
0
0
0
0
0
0
0
72.9
50.6
61.8
87.9
115
95.5
89.5
99.7
144
169.4
162.7
89.1
122.7
105
12.4
0
0
0
0
0
0
0
0
0
0
0
0
0
81.6
129.6
80.3
84.9
163.8
151.6
64.5
0
0
0
0
0
0
0
0
0
0
0
0
0
0
0
152.9
309.4
476.2
489.6
190.3
70.8
25.7
0
0
0
0
0
0
0
0
0
0
0
0
0
0
25.2
0
0
0
0
0
0
0
0
0
0
0
0
0
0
0
0
0
0
0
0
0
0
0
0
0
0
0
0
0
0
0
8.9
27
39.9
10.4
0
11.3
0
0
0
0
0
41.2
47.9
29.9
29.9
77.4
125.6
105.2
0
0
19.9
12.9
0
47.5
69.9
88.2
89.9
120.4
127
223.9
227.8
219.2
226.6
233.3
200
207.5
139.8
113.5
119.6
119.6
119.8
185.3
156.1
139.5
83.4
0.2
0
0
0
0
0
0
0
78.9
116.7
75
130.1
256.8
374.8
397.9
478.8
498.9
447.6
450.6
361
187.1
31.2
5.3
0
0
0
0
0
0
0
0
0
0
0
73.7
107.7
117
126.9
89
90.8
13.2
0
0
0
0
0
0
0
0
0
39.9
55.8
47.5
42.4
66.2
97.7
131.5
161.6
153.2
179.1
142.6
127.9
123.7
135.1
161.4
187.1
257.8
226.5
239.4
112.8
2.7
0
0
0
0
0.8
49.9
59.6
85.5
123.2
243.9
291.5
248.4
278.5
304
345.2
381.8
381.8
268.2
249.9
254.8
250
261.3
57.3
10.4
0
0
0
0
0
0
0
0
0
0
0
0
0
0
0
0
0
0
0
0
0
0
39.9
0
0
0
0
29.9
0
0
0
0
0
0
0
0
0
0
0
0
0
0
8.8
0
0
7.1
79.9
47.4
39.9
11.5
30.1
0
0
0
0
0
0
0
0
0
0
0
0
0
0
0
0
0
0
0
115.2
125
149.8
181
253.3
323.2
302.5
292.3
236.1
200
165
44.7
0
0
2.3
0
0
0
47.3
65
98.5
247.7
225.8
252.7
269.9
73.7
37
34.7
69.8
0
0
0
0
0
0
0
0
0
0
0
0
15.7
0
0
0
65.4
69.8
144.6
196.6
59.4
0
0
0
0
0
0
0
0
0
0
0
0
0
0
0
0
0
0
0
22.4
83.7
146.5
169.1
28.4
0
0
0
0
0
0
0
0
0
0
0
0
0
0
31.1
134.8
192.4
188.6
163.6
218.8
236
236.6
317.4
222.5
0
0
37.1
35.2
3.5
0
0
0
0
0
0
0
0
0
104
104
104
96.8
74
42.8
64.1
30.2
0
0
0
0
0
0
32.7
49.8
58.2
69.8
69.9
11
0
0
0
0
21.7
52.1
69.9
61
17.7
2.5
11.5
0
35.9
54.9
54.9
65.1
87.3
69.9
51.8
83.1
89.9
89.9
107.7
109.8
117.6
154.8
60.4
0
40.3
122.3
93.3
112
179.7
214.8
206.4
165
154.5
76.6
57.1
0
0
73
109
117
99
60
25.2
0
33.9
148.7
121.2
104
104
100.8
50
56
86.7
176.5
152.7
220.4
312.2
251.9
73
66
178.3
69.8
44.2
19.9
19.9
19.9
99.5
0.3
0
0
111.1
266.3
295.5
293.7
225.8
247.5
205.2
242
254.6
337
278.7
119
111.3
173.1
190.6
132.6
119.6
155.2
203.7
203.2
185.6
175.2
210.1
232.9
289.4
344.1
394.2
360
360
257.1
352.1
415.6
380.9
318.4
169.5
92.3
76.1
99.8
202.6
48.2
17.4
52.9
28.3
17
0
0
32.5
0
0
0
0
0
0
0
0
0
0
0
0
0
0
0
0
0
0
0
0
0
0
0
0
0
0
0
0
0
0
0
0
0
0
0
0
0
0
0
0
0
0
0
0
0
0
0
30.7
82.9
85.8
144.9
118.8
155.7
173.1
140.3
135.1
158.8
113.8
97
83.5
32.5
0
0
0
0
0
0
0
0
0
0
15
0
4.7
28.3
14.3
0
0
0
0
39.9
39.9
39.9
0
0
0
0
0
0
0
0
0
0
0
0
0
0
0
0
0
51.7
78.9
117.4
177.5
172.7
243.2
244.7
188.9
183.9
159.9
124.4
174.8
40.8
0
0
0
0
0
0
0
0
30
58.2
75.3
12
0
0
0
0
0
0
0
0
0
0
0
0
11.7
0
0
0
20.4
59.8
59.8
11.6
0
0
0
0
0
5.2
127.3
147
214.1
142.3
123.8
91.2
0
0
0
0
0
0
0
0
0
17
8.8
0
35.1
48.1
71.5
73.8
57.2
18
36
30.2
0
0
0
0
0
0
0
3.5
0
0
0
0
0
0
19.9
0
0
0
0
0
0
0
0
0
0
0
0
0
0
0
0
0
0
0
0
0
0
0
0
0
0
0
0
0
0
0
0
0
0
0
0
0
0
0
0
0
0
0
0
0
0
40.9
126.5
147.6
90.6
48.4
80
55.1
0
0
0
0
4.5
0
0
0
0
0
0
0
0
0
0
0
0
0
0
0
0
0
14.9
124.2
111.9
137.6
245.8
335.2
280.8
168.4
62.6
30.8
0
0
0
0
0
0
0
0
0
0
35.1
17.7
6.3
0
0
0
0
0
0
0
0
0
0
0
0
0
0
0
0
0
0
0
0
0
0
0
0
0
0
0
0
48
100.5
127.9
75.5
0
0
25.5
0
0
0
0
0
0
0
0
0
0
0
0
0
0
0
0
0
0
0
0
0
74.2
191.7
273.7
143.1
0
0
12.9
79.7
79.9
79.7
80.1
119.7
126.9
31.8
0
0
0
0
0
0
0
0
0
0
0
0
0
29.9
56.8
66
10.9
64.9
67.4
57.3
18.9
10.7
48.6
24.8
0
0
0
0
0
0
0
0
0
0
0
0
43.5
16.3
0
0
39.9
39.9
10.6
0
0
0
0
0
0
0
0
0
0
0
0
0
0
0
0
0
0
0
0
0
47.8
69.9
81
98.8
112.8
177.2
272.9
177.8
85
131.9
124.5
100.2
101.3
112.5
118.9
139.1
187.3
134.8
115.5
266.8
265.8
88.3
0
0
0
0
0
0
0
0
0
38
0
0
0
5.3
90.7
120.9
237.9
99.6
242.9
346.5
330
322.2
310.1
173.4
74.4
163.6
0
0
0
0
0
0
0
46.7
0
0
0
0
0
0
0
0
0
0
0
0
0
9.3
0
10
49.9
49.8
45.2
20
24.1
56
117
131.1
86.1
86.4
0
16.2
26.3
77.7
92.4
73.1
39.9
0
0
0
0
0
134.9
193.5
0
0
0
0
0
0
0
0
0
0
0
0
0
0
0
0
0
0
0
0
0
0
0
0
68.8
99.7
99.8
92.7
57
7.3
0
0
0
16.5
23.4
0
0
0
0
0
0
56.9
68.4
99.8
83.7
42.3
0
7.2
32.4
49.5
52.3
49.9
49.9
46.2
64.7
33.7
137.6
129
41.2
0
0
0
0
0
0
0
0
0
0
0
0
0
0
10
0
0
0
4.1
38.6
0
0
0
0
34
0
0
0
0
0
0
0
0
0
0
0
0
0
0
0
0
0
0
0
0
0
0
0
0
0
0
0
0
0
0
0
0
0
0
0
0
0
0
0
0
0
0.9
49.3
59.9
69.9
141.4
85.9
78.3
0
0
0
0
0
0
0
0
0
27.6
0
0
0
0
0
0
0
2.7
0
0
0
0
0
0
0
0
0
35.7
24.4
27.2
29.1
17.3
0
19.1
0
0
0
0
0
0
0
0
0
0
0
0
0
0
0
0
0
0
0
0
0
0
0
0
0
6.8
95.7
142.6
167.4
167.3
121.3
160.4
174.2
136.2
146.9
139.1
131.8
185.6
262.6
305.8
169.1
267.3
246.3
225.4
193.9
186.3
143.9
140.7
100.2
50.9
22.6
39.9
39.4
0
0.3
17.4
0
0
0
2.5
0
0.3
71.9
57.6
75
79
62
0
0
0
0
0
0
0
0
0
0
0
0
0
0
0
0
0
0
0
0
0
0
0
0
0
0
0
0
0
0
0
6.1
40
40
13.6
10.1
9.2
62
104
94.9
139.3
132.1
98.1
59
16
11.7
0
0
0
51.8
0
0
0
0
0
0
0
0
0
0
0
0
0
0
0
0
0
26.6
96.2
76.2
89.9
100.8
163.9
157.5
189.2
146.8
99.9
11.9
9.7
0
0
0
0
0
0
0
0
0
0
0
0
0
0
33.2
100.1
185.7
131.6
104
138.7
109.8
35
0
0
0
0
0
0
0
0
0
0
0
0
0
0
0
0
0
0
0
0
0
0
0
0
0
0
0
0
0
0
0
0
0
0
0
42.5
61.6
98.4
35.4
5.4
0
0
0
0
0
0
0
0
0
0
0
0
0
0
0
0
0
0
0
0
0
0
0
0
0
0
0
0
0
0
0
0
0
0
0
0
0
0
0
0
0
0
0
0
0
0
0
0
0
0
0
0
0
0
0
0
0
13
49.9
92.8
54.6
0
0
0
0
0
0
0
0
0
0
0
0
0
0
46.1
28.6
99
0
0
0
0
0
0
0
0
2.1
37.1
39.9
0
49.1
78.2
5.5
28.9
67.4
89.5
182.6
204.5
316.5
337.9
349.4
333.5
265.2
244.5
234
236.8
0
0
0
0
0
0
0
0
0
0
0
0
0
0
0
0
0
0
0
0
0
0
0
0
79.9
79.7
79.9
79.9
79.9
81.7
109.8
117.3
127.3
128.9
100.1
54.9
83.5
119.8
119.8
39
0
0
0
0
0
17
95.5
146.7
146.4
188.5
132.9
119.8
119.8
108.8
91.2
94
59.9
52.4
7.4
0
11.3
40.1
49.9
49.8
49.9
4.2
0
0
0
0
39.9
39.9
11.6
0
0
0
0
18.1
0
0
0
0
0
0
0
48.7
109.8
115.4
85.1
24.4
11.8
39.9
78.1
43.5
30
46.6
68.5
79.7
79.9
79.9
79.9
79.9
95.4
77.7
109.1
158.1
175.4
182
253
219.3
211.5
274.8
371.1
235
132.8
123.9
55.9
0
0
0
1.1
49.8
49.8
49.8
11.3
0
0
0
0
0
0
0
0
0
0
49.7
107.4
87.1
99.7
89.4
10.3
0
0
0
0
0
0
0
0
0
0
0
0
0
0
0
0
0
0
0.3
31
77.5
99.7
99.7
214.9
282.8
27.3
49.8
0
0
0
0
0
0
0
0
0
0
0
0
4.7
90.7
148
248.4
275
309.8
269
182.3
102.9
99.8
99.7
99.7
0
0
0
0
0
0
0
0
0
0
0
0
0
0
0
0
0
0
0
0
0
0
0
0
0
0
0
0
0
0
0
0
0
0
0
0
0
0
0
0
0
0
0
0
0
0
0
0
0
0
0
0
0
0
0
0
0
0
0
0
0
0
0
84.9
338.2
266
353.9
378.7
326.7
181.1
119
99.7
0
0
0
0
0
0
0
0
0
0
0
0
0
0
0
0
0
0
0
0
0
0
0
0
0
49.8
49.8
49.8
39.8
0
7.5
74.2
149.4
179.7
178.9
159.7
129.8
120.4
245
348.4
550.6
611.6
515.5
459.5
290.8
280.7
181.9
93.8
0
0
0
0
0
0
0
0
0
0
0
0
0
0
0
0
0
0
0
0
0
0
0
0
9.5
71
159.7
199.3
194.3
197.5
225.8
320.5
189.9
157.2
150.4
155.3
172
164.1
176.7
224.4
329.7
371.9
397.4
345.7
357.6
326.1
220.3
130
9.2
0
35.4
0
0
0
0
0
0
0
0
0
0
0
0
0
0
0
0
0
0
0
0
0
0
37.6
63.7
99.8
58.4
69.8
69.8
69.8
69.8
69.9
53.8
0
0
0
0
0
0
0
0
0
0
0
0
0
5.4
39.9
16.7
0
5.8
26
45
0
0
0
0
0
0
0
0
0
0
0
0
0
0
0
0
0
0
0
0
0
0
0
0
0
0
0
0
0
0
0
0
0
0
0
0
0
0
0
0
0
0
0
0
0
12.5
13.9
4.2
0
0
0
0
0
0
0
0
41.6
113.6
237.3
228.6
216
118
98.9
69.2
32.7
0
0
0
0
0
0
0
0
71.8
39
0
0
0
11
56.2
71.7
128.5
228.3
263.9
147.4
111.5
91.6
0
0
0
19.9
19.9
0
0
0
0
23.3
51.3
167.5
193
229.3
173.4
148
171.9
147.3
144.6
76.5
0
0
0
0
49.1
56.5
0
0
0
0
0
0
0
0
0
0
0
0
0
0
0
0
0
0
0
0
0
0
0
0
8.8
0
0
0
0
23
49.9
54.5
153.6
172.6
155.8
140.1
235.7
301
386
424
380.9
239.9
208.3
227.5
220.9
186
143.6
79
145.5
169.3
204.4
175.7
202.4
245.5
229.1
336.8
452
424.1
424.1
453.5
454
468.5
497.3
543.3
550.9
586.2
478.1
458.3
355
273.5
231.6
138
42.5
0
0
7.9
19.9
63.2
75.3
40.5
0
1
0
0
0
0
0
0
0
38.6
49.9
16.3
0
0
0
0
0
0
0
0
0
0
0
0
82.4
145.5
110.7
111
34.8
25.7
36.3
0
27.2
82.5
154.9
193.7
212.6
154.7
104
13
0
0
0
0
0
19.7
0
0
44.5
41.7
0
0
0
0
0
0
0
0
13.1
58.7
36
0
0
0
0
0
0
0
0
0
0
0
17.1
26
19.8
49.9
50.9
89
129
108.1
104
136.9
143.9
150.9
130.9
104
139.2
76.5
0
0
0
0
0
0
0
0
0
0
0
0
0
0
0
26.9
76.1
77
71.6
86.2
33.9
19.9
19.9
9.4
0
0
0
0
0
0
0
0
0
0
0
0
0
0
0
0
0
0
0
0
0
0
0
0
0
0
0
0
0
0
0
161.2
277.7
246.7
80
0
0
22
0
0
0
0
0
0
0
0
0
0
0
0
0
0
0
0
0
0
0
0
0
0
0
0
0
0
0
0
0
0
0
0
0
0
0
0
0
0
0
0
0
0
0
0
0
0
0
0
0
0
62.2
166.3
138.4
50
0
0
0
0
0
0
0
0
0
0
0
1.2
56.2
101.5
170.9
288.6
294
322.8
355.4
321
436.6
386.1
339.9
269.9
185.8
82.5
30
35.1
0
0
0
0
0
7.2
83
179.6
167.8
172.8
152.5
104.1
66
72.7
187.1
92.9
0
0
0
89.9
185.6
176.5
128.9
51.6
85.1
12
0
0
0
15.6
21.5
0
0
41.2
18.3
3.1
0
0
0
0
0
0
0
0
0
0
0
0
0
0
0
0
0
0
0
0
0
0
0
0
0
0.3
0
0
0
0
0
0
0
0
0
0
142.6
284.4
306.6
287.8
291.9
291.9
295.7
212.7
223.9
231.3
245.9
247.1
291.1
308.8
320.8
282.8
287.7
240.9
147.1
243.7
274.4
277.7
326.4
357.4
1.1
0
0
0
0
50.4
135.7
117.8
125
69
23.4
62.9
114.9
86.4
212.2
235.9
249.8
177.3
213.4
215.8
207.7
78.3
20.1
0
0
0
0
0
0
0
0
0
0
0
0
0
12.5
0
0
0
0
0
0
0
0
0
0
0
0
0
0
0
0
0
0
6.8
74
125.6
84
79.7
29.8
76.4
97.1
116.3
93.3
25.8
83.2
144
197.4
43.3
0
12.5
58.6
102.4
150.3
203.1
272
357.9
492
439.7
453.1
351.3
175.9
189.7
240
170.5
205.5
150.8
129.6
179.1
252
251.3
295.5
86.6
66.2
39.9
55.7
69.8
69.2
33.7
0
0
0
0
0
0
0
0
0
0
0
0
0
0
0
0
0
0
0
0
0
0
0
0
0
0
0
0
0
0
0
0
0
0
14.2
35.9
0
0
0
0
0
0
17.2
0
0
0
0
0
0
15.6
33
32.2
0
23.4
0
0
0
0
0
7.4
0
10.9
0
0
0
0
0
0
0
0
0
0
0
0
0
0
0
0
0
0
0
0
0
0
0
0
0
0
0
0
0
0
0
0
0
0
0
0
0
12.5
0
0
0
0
0
0
0
0
0
0
0
0
0
0
0
0
0
0
0
0
5
14
54.6
94.7
118.2
164
173
155.7
50.7
12.5
0
102.2
126.3
185
156.1
123.9
105.1
98
32.8
45.6
0
0
0
0
0
0
0
38.8
150.6
175
107.4
83.9
85.8
51.1
20.1
0
26.3
0
0
0
0
0
0
0
0
0
0
0
0
0
28.9
49.9
151.4
123.4
61.7
10.5
0
0
0
0
0
0
0
0
0
0
0
0
0
0
0
0
0
0
0
0
0
0
0
0
0
0
0
0
0
0
0
0
0
0
0
0
69
82.5
64.6
100.7
87.4
117.9
159
186.3
197.9
203.9
162.3
126
101
42.7
84.2
104.8
112.4
81.4
16.9
23.3
148.3
87.7
79.9
100.6
0
0
89.9
89.7
89.9
89.9
89.9
49.9
0
0
0
0
0
21.9
0
28.5
30.1
0
0
0
0
0
0
4.4
11.2
0
0
0
0
0
30.4
99.3
226.6
292.1
328.5
347.3
303.5
384.2
484.7
444.2
422.4
361.8
299.3
259.8
303.7
292.4
317.5
269.9
24.8
0
0
0
0
0
0
33.6
118.3
158.9
186.1
111.8
105
104.2
90
136.4
125.4
86.1
62.8
68.2
24.3
0
0
0
0
31.1
69.8
120.5
104
65.1
80.1
168.7
205.6
321.6
345.3
357.4
311.3
301.8
211.4
199.8
124.4
97
127.5
99.8
0
21.8
0
23.5
83.6
94.6
92.2
85.9
26.9
53.5
83.8
52.4
68.6
31.6
10
8.2
10
10
23.6
32.1
0
0
0
0
0
0
0
5
0
14.8
49.8
49.8
30.5
25.6
58.6
48
58
72
62.3
85.2
92.2
94.2
135.9
93.7
105.1
124.4
112.1
69.5
60
35.7
0
0
54
79.7
79.7
79.7
70.3
73.3
88.8
125.4
119.6
149.5
179.2
233.6
73.3
0
0
0
215.7
259.6
219.9
238.7
191.6
160.8
149.8
149.8
91.5
82.5
66.8
73.7
124.2
175.5
286.1
321.2
380.7
374.6
374.8
395.8
450.1
473.4
506.9
453.5
404.6
311.3
240.1
224.5
229
103.1
101.5
118.5
94.3
80.9
28.5
0
0
0
0
26.5
17
44.3
15.2
20.3
80.8
159.5
188.2
194
217.2
216.9
220.4
246.3
250.8
200.3
194
136.1
88.7
79.8
94.7
119.1
84.7
48.3
75.9
170.4
202
160.5
117.5
44.3
48
62.6
18.7
56
56
83.1
105.8
79.5
49
0
0
0
0
0
0
0
0
0
0
0
0
11.1
13.4
7
19.5
30.6
49.8
61.6
99.5
123.6
108.8
98.5
17.5
0
0
0
0
0
0
0
0
0
0
0
0
0
0
0
0
0
0
0
0
0
0
0
0
0
0
0
0
0
0
0
0
0
0
0
0
0
0
0
0
0
0
0
0
0
0
0
0
0
0
0
0
0
0
0
0
0
0
0
0
0
0
0
0
0
0
0
0
0
0
0
0
0
0
0
0
0
0
0
0
0
0
0
0
0
0
0
0
0
0
0
0
0
0
0
0
0
0
0
0
0
0
0
0
0
0
0
0
0
0
0
0
0
0
0
0
0
0
0
0
0
0
0
0
0
0
0
0
0
0
7.6
14.2
0
0
0
0
0
0
0
0
0
0
0
0
0
0
0
0
0
0
0
0
0
0
0
0
36.6
0
0
0
0
0
0
0
0
0
0
0
0
0
0
0
0
0
0
0
0
0
0
0
0
0
0
0
0
0
0
0
42.4
0
0
0
0
0
0
0
0
0
0
0
0
0
0
0
0
0
0
0
0
0
0
0
0
0
0
0
0
0
0
0
0
0
0
0
0
53.4
106.9
31.6
37.1
0
0
0
0
0
42.4
37.3
30.7
43.2
19.9
0
0
0
0
0
0
0
0
0
0
0
0
0
0
0
0
0
0
0
15.5
82.7
31
0
0
0
0
0
0
0
0
0
0
0
0
0
0
0
0
0
0
0
0
0
0
9.5
19.9
74.2
97.1
72.7
41.6
13.4
0
0
29.9
29.9
29.9
29.9
29.9
0
0
18.4
48.9
0
0
54.4
30.6
41.4
0
0
41.9
17.3
0
2.2
87.1
12.3
0
49.8
49.8
59.7
57.5
39.8
79.4
99.5
63.2
128.3
216
265.1
252.9
254.8
263.2
236.6
223
192
179.1
88
71.3
95.2
32.4
43.5
83.6
64.1
46.7
69.1
54.9
23.7
0
0
0
0
0
0
0
0
0
0
0
0
43.5
157.1
222.4
215.4
208.1
161.7
129.2
59.8
21.2
71.2
44
12.5
19
59.8
67.3
79.7
85.3
53.4
44
44
4.8
0
35.2
0.2
0
2.4
101.4
150.9
129.2
12.8
62.5
0
0
0
0
0
0
0
0
0
0
0
0
0
0
0
0
0
0
0
0
0
0
0
0
0
0
0
0
0
0
0
0
0
0
0
0
0
0
0
0
0
0
0
0
0
0
0
0
0
0
0
0
19.1
0
0
0
0
10.2
0
0
0
0
0
0
0
0
0
0
0
0
0
0
0
0
0
0
0
0
0
0
0
0
0
0
0
0
0
0
0
0
0
0
0
0
0
0
0
0
0
0
0
0
0
0
0
0
0
0
0
0
0
0
0
0
0
0
0
0
0
0
7.5
0
0
86.6
135.3
119.6
79.2
63.7
89.7
52
49.8
49.8
49.8
49.8
49.8
102.7
120.7
137.5
95.5
75.7
14.3
0
0
0
0
0
0
0
0
0
0
0
0
0
0
0
0
19.3
49.8
34.3
32.2
33.3
39.9
39.8
5.6
0
0
0
0
0
0
0
0
0
0
0
0
0
0
0
0
0
0
0
0
0
0
0
0
0
0
0
0
0
0
0
0
0
0
0
0
0
0
0
0
0
0
0
0
0
0
0
0
0
0
0
0
0
0
0
0
0
0
0
0
0
0
0
0
0
0
0
0
32.4
102.2
99.7
30.4
0
0
34.5
29.3
13.1
0
0
0
0
19.8
0
39.4
39.8
42.3
39.9
0
0
0
0
0
52.1
44.2
55
47.6
0
0
0
0
0
0
0
0
0
0
41
32.4
76
94.9
149.5
158.4
173.3
167.2
159.1
223.8
244.3
142.7
188.6
141.4
48.7
0
0
0
0
0
0
0
0
0
0
0
0
0
0
0
0
0
0
0
0
0
0
0
20
33.8
68.3
0
0
0
0
0
0
0
0
0
0
12.8
76.6
82.6
84.8
198.5
275.1
296
325.1
358.2
267.2
120.1
0
0
0
0
0
0
0
0
0
0
0
0
0
0
0
0
0
0
0
0
28.8
87.4
124.9
33.3
0
12.8
5.8
0
0
0
0
0
0
0
0
0
5.6
94.6
80
92.3
43.1
0
12.3
144
204.4
166.4
60.4
0
0
0
0
0
0
0
0
0
0
0
0
0
0
0
0
0
0
0
0
0
0
0
0
0
0
0
0
0
0
0
0
0
0
0
0
0
0
0
0
0
0
0
0
0
0
0
0
0
0
0
0
0
0
0
0
0
0
0
0
0
0
0
0
0
0
0
0
0
0
40.7
0
0
0
0
0
0
0
0
0
0
0
0
0
0
0
0
0
0
0
0
0
0
0
0
0
0
0
0
0
0
0
0
0
0
0
0
0
0
0
0
0
0
0
0
0
0
0
35.6
65.7
0
0
0
0
13.5
66
59.8
59.8
28.5
0
0
0
0
5.8
0
0
0
0
0
0
0
0
0
0
0
0
0
0
0
0
0
0
0
0
0
0
0
30.4
0
20.5
27.1
7.1
34.2
0
14.5
0
0
0
0
0
0
0
0
0
0
0
0
0
0
11.8
80.5
120.8
173.5
207.9
305.9
234.5
243
251.6
191.2
148.9
155.4
90.4
78.1
69
78.5
63.8
118.6
119.4
119.4
119.6
126.5
139.3
120
30.2
70.8
150.6
147.7
160.9
207.6
207.4
229.4
256.3
255
217.4
130.8
113.5
45.6
0
0
0
0
0
0
0
0
0
0
7.3
8.6
32.3
70.8
97.8
102.8
173.5
197.6
197.6
275.7
291.1
206.4
117
0
0
0
0
0
0
0
0
0
0
0
0
0
0
0
0
0
0
0
0
0
0
0
0
0
0
0
0
0
61.5
119.4
139.4
194.3
223.6
179.8
124.7
97.6
65.6
0
0
0
0
0
0
0
0
0
0
0
0
0
41
94.1
115
119.6
119.6
120.9
102.4
92.2
116.2
69
20
49.6
49.8
0
0
0
0
0
0
0
0
0
0
0
0
0
0
0
0
0
0
0
0
0
0
0
0
0
0
17.3
18.8
20.1
45.6
30.5
46.6
0
0
0
0
0
0
0
0
0
0
0
0
0
0
0
0
28.1
39.2
75.1
110.9
46.3
0
0
38.3
85.5
103.6
36.8
0
0
0
0
0
0
0
0
0
0
0
0
0
0
0
0
0
0
0
0
2.7
0
7.1
16
109.7
55.9
40.1
59.2
14.7
0
0
0
0
0
0
0
0
0
119.8
98.7
78.7
8.3
0
0
0
0
0
0
0
83.9
0
0
0
0
0
0
69.3
22
19.9
135.3
175
263.9
162.2
134.3
131.2
57.7
0
0
0
0
0
0
0
0
0
0
0
0
0
0
0
0
0
0
59.5
75.7
22.7
9.5
0
0
3.8
94.5
47.2
0
0
0
0
0
0
0
0
0
0
0
0
0
0
43.7
142.6
94.9
91.6
130.2
184.1
174.4
82
32.3
0
0
0
0
0
0
0
0
0
0
0
0
0
0
0
0
0
0
0
0
32.2
21.5
0
0
0
0
0
0
0
0
1.5
0
43.5
54.7
49.4
0
0
3.1
0
0
0
0
0
0
0
0
0
0
0
0
0
0
0
0
0
0
0
0
0
0
0
0
0
0
0
0
0
0
0
0
0
0
0
0
0
0
0
26
69.8
119.8
143.7
112
38.8
0
0
0
0
0
41.5
2.8
0
0
7.7
58.3
36.1
4.3
71
79.7
131.9
211.3
210.4
0
0
0
0
0
0
0
0
0
0
0
0
0
13.5
196.9
257
212.7
207.2
179.9
159.8
81.1
22.8
19.9
40.9
0
13.6
0
0
0
0
0
0
0
0
0
53.3
113
119.9
100.4
84.5
58.3
19.9
22.1
34.8
79.1
266
307.6
354.2
261.7
243
267.7
266.8
182.9
181.6
151.6
52.2
36.8
0
0
0
0.3
0
0
0
0
0
0
0
0
0
0
0
0
0
0
13.8
4.9
23.1
0
0
0
0
0
14
0
0
19.6
35.2
36.1
0
0
0
0
0
0
0
0
0
0
0
0
0
0
0
0
0
0
0
0
0
0
0
9.3
0
0
0
0
0
0
0
0
0
0
0
0
0
0
0
0
0
0
0
0
0
0
0
0
0
0
0
0
0
0
0
5.5
26.8
10
10
10
10
32.2
80.5
112
94.6
66.2
136.3
229.2
163.2
178.2
351.1
317.8
329.2
195.3
102.7
27.5
30.3
51.4
70.7
109.5
37.5
0
0
0
0
0
0
0
0
0
0
0
12.1
34.5
49.8
49.8
85.6
13
29.9
53.4
79.7
79.6
79.6
0
0
0
40.3
49.8
49.8
96.2
123.3
82.5
4.5
40
92.8
147.7
162.2
147.8
117.9
188.6
187.5
61.8
0
0
0
0
0
0
0
0
23.4
11.9
13.9
39.4
0
0
0
0
0
45.9
0
0
0
0
0
0
0
0
0
0
0
0
0
0
0
0
0
0
0
0
0
0
0
0
0
0
0
0
0
0
0
0
29.5
0
0
0
0
16.5
49.8
49.8
21.2
0
0
0
0
0
0
0
0
0
0
0
0
0
0
0
0
0
0
0
0
0
0
0
0
0
0
0
16.4
0
0
0
0
0
0
0
0
0
0
0
0
0
0
0
0
0
0
0
0
0
0
0
0
0
0
0
0
0
0
0
0
0
0
0
85.9
99.7
109.5
109.7
99.5
99.5
99.7
133.5
159.5
165.4
134.4
163.8
226
229.2
193.2
208.3
227.2
359.7
365.1
348.6
311.7
210.9
125.7
158.3
98.9
151
158.3
147.9
116.1
119.6
119.6
119.6
113.5
85.5
0
0
0
0
0
0
0
0
0
0
0
0
0
0
0
0
0
39.3
42.8
14.3
2.3
0
0
0
0
0
0
0
0
0
0
0
0
0
67.3
144.8
8.1
0
20
83.8
83.6
24.7
0
0
0
11.2
28.7
7
3
30.9
13
0.5
0
0
0
0
0
0
0
61.5
0
0
0
0
0
0
0
0
0
0
0
33.3
50.7
104.9
159.7
152.2
181.2
117.5
0
0
0
0
0
0
0
0
0
0
0
0
0
0
0
0
0
0
0
0
10.5
0
13.8
0
0
0
0
0
0
0
0
0
0
0
0
0
0
0
0
0
0
0
1.9
30.4
61.1
95.8
151
179.3
165.2
129.1
160.3
107.8
115.8
32.1
86.4
148.6
76.6
45.3
0
0
0
0
0
0
0
0
0
0
0
0
0
0
0
0
0
0
0
0
0
0
0
0
0
0
29.9
29.9
29.9
29.9
29.9
2.4
0
0
0
0
0
0
0
0
0
0
0
0
0
0
24.2
71.5
164.9
86.3
132.2
130
152.8
179.9
181.1
220.1
186
151.9
114.2
15.9
0
38.6
75.5
78
63.7
73.7
49.4
0
0
0
0
0
0
0
0
0
0
0
0
78.1
118.3
236.2
337
347.5
321.1
294.2
256.1
249.7
223.5
129.7
149.7
136.8
151.8
234.2
163
56.7
115.2
245
267
247.9
211
131
39
0
0
75.8
132.4
141.8
64.7
35
0
0
29.9
0
0
0
95.4
266.4
207.2
45
1.3
0
0
0
30.6
0
13
104.5
170.6
135.7
145.9
134.1
126.7
125.6
34.9
83.2
103.9
88.5
0
0
37.6
145.2
104.6
80.9
57.2
0
0
0
0
0
0
0
0
0
0
0
0
0
0
2.7
19.9
19.9
3.2
0
0
72.3
114.3
85.1
81.5
88.4
79.6
79.7
79.7
60.3
29.9
0
0
26.5
2.4
5.8
0
3.6
50.8
26.4
19.9
35.4
25.7
0
13.7
52.9
67.9
64.2
59.8
59.8
38.9
0
0
0
0
0
0
0
7
2.7
0
0
0
45.8
136.6
207
270.8
212.4
302.9
354.1
419.7
454.2
496.1
270.8
273.7
272.1
287.6
295.8
299
395.9
427.6
251.8
235.3
179.8
177
3.3
0
0
24.2
0
0
0
5.3
102.2
217.2
356.5
355.3
40
103.1
209.1
242.8
219.5
233.7
212.1
108.1
153.8
129.6
83
80
70
0
2.9
5.3
0
0
0
0
0
0
0
0
0
0
0
0
5
4.1
0
64.2
51.8
76.6
62.8
165.7
158.2
134.4
120
125.1
99.6
69.2
0
0
84.4
170.7
109.6
41
0
0
0
63.4
94
30.6
10.2
49.6
59.7
1.4
10.2
1.3
0
0
0
0
0
0
0
0
0
45.1
0
0
0
0
0
0
0
0
18.5
121.9
0
0
0
0
41.3
92.2
95.1
44.4
14.7
0
0
13.6
116.3
98.5
92.4
149.5
281
335.3
383.5
423.3
396.5
424.8
406.2
498.6
615.4
841.7
856.3
853
803.9
468.7
125.3
0
0
139.8
382.5
453.5
329.4
250.1
191.9
70.2
0
0
0
0
0
0
0
0
0
0
0
0
0
0
0
0
0
0
0
0
0
0
0
0
0
19.9
44.7
29.9
22.8
42.7
0
0
0
0
0
39
0
0
0
0
47.9
42.3
0
44.8
0
0.2
83.1
27.9
0
8.5
0
7.1
68.6
165.1
106.6
163.4
296.9
384.4
382.4
288.2
282
340.3
400.4
389.4
445.4
460.7
348.9
273.2
211.6
106.3
0
0
0
0
0
0
0
0
0
0
0
0
23.5
74.1
156.4
159.9
132.5
111.6
77.1
125.1
184.6
296.8
406
407.3
415.5
406
147
86.5
114
95.1
92.2
138.1
42.9
54.6
79
99.7
99.7
187.5
149.6
134.4
169.8
152.6
94.3
43.7
0
29.9
76.4
30.2
0
6.7
0
0
0
0
0
0
0
0
0
0
0
0
0
0
0
0
0
0
0
0
0
0
0
0
0
7.5
0
0
0
0
0
0
0
0
0
0
0
0
0
0
0
0
0
0
0
62.5
12.5
0
0
0
0
0
9.7
0
0
0
0
0
0
166.4
199.3
132.5
11
0
0
0
0
0
0
0
52.2
112.1
0
16
0
0
0
0
0
0
0
0
0
0
22.4
5.5
0
0
0
0
0
0
0
11.7
64.6
112.3
149.3
85.6
55
50.2
67.4
80.9
152.5
328
260.3
189.1
132.4
109
174.2
74.3
0
0
0
0
0
0
0
0
0
0
0
0
0
0
0
0
0
51.4
72.3
77.1
98.2
144.9
158.4
45.7
0
0
0
0
0
0
0
0
0
0
0
0
0
0
0
0
0
0
11.2
0
0
0
0
0
0
0
0
0
0
0
0
0
0
12.9
44.8
29.9
29.9
29.9
39.8
81.7
42.5
82.4
198.8
223.1
164.5
210.1
185.4
100
12.5
0
0
0
0
0
0
0
0
0
5.8
60.5
69.8
59.3
0
0
0
22.4
7.8
0
0
0
0
0
0
0
0
0
0
0
0
0
0
0
1.8
69.2
39.9
29.9
29.9
34
100
79.7
102.1
134.1
95.9
45.4
59.8
52.7
0
0
0
0
0
0
0
0
0
0
0
0
0
0
0
0
0
0
0
0
0
0
0
0
0
16.4
5.1
0
78.3
87.9
39.1
44.2
0
0
0
0
0
0
0
77.7
189.1
179.8
151.8
152.9
93.3
28.4
0
0
0
0
0
0
0
0
0
0
0
0
0
0
0
0
0
0
0
0
39
87.9
71
85.9
68.7
29.9
14.7
0
24.7
110.9
247.2
265.5
249.2
301.2
253.8
228.3
4.9
0
0
0
79.8
92.9
165.4
176.6
264.3
219.8
189.8
172.5
140.1
42.7
0
0
16.6
150.7
182.3
214.5
96.3
79.6
79.7
76.2
0
0
0
0
0
0
0
0
0
0
0
0
19.3
0
0
0
0
0
0
0
0
0
0
0
0
0
0
0
0
20.6
8.6
24.8
105.7
88.4
9.2
0
0
0
0
0
0
0
0
0
0
0
0
0
0
0
0
0
0
0
0
0
15.9
0
0
0
0
0
0
0
0
0
0
0
0
0
0
0
0
41.8
61.4
21.3
15.1
0
0
0
0
0
0
0
0
0
0
0
0
0
0
0
0
0
0
0
0
0
0
0
0
0
0
73.2
86.9
132.7
77.7
72.4
111.3
113
117.5
72.4
62
19.4
52
35.7
2.8
0
0
0
0
0
0
0
0
39.1
30.8
39.1
43.8
122.7
107.3
135.2
138.5
89.9
67.8
61.1
42.2
93.8
125.1
216.6
176.2
126.7
151.4
159.7
79.7
104.1
119.6
120.6
184.8
170.3
80
188.3
192.6
223.1
222.7
214.9
151.3
106.4
109.9
109.9
59.8
72.3
81.8
160.3
143.9
131.5
124.1
130.6
18.1
39.9
72.6
69.4
11.3
0
0
0
0
0
0
0
0
0
0
0
0
0
0
0
0
0
0
0
0
0
0
0
0
23.7
0
0
0
0
0
0
0
0
0
0
0
0
0
0
0
31.2
30.4
62.9
135.4
147
220.6
249.2
242.3
249.5
262.5
468.1
581.3
567.6
525.6
404.3
249.1
101
35.3
55.3
63
65.8
127
219.2
237.5
210.7
165.5
87
72.7
27.8
1.5
44.8
44.9
64
0
0
18.8
36.8
36
0
40
77.3
28.4
19.4
0
70.1
80
105.3
75.6
54.3
12
11.3
0
0
0
0
0
0
0
0
0
49.8
49.8
49.8
71
42.6
39.8
61.3
0
0
0
0
0
0
82.8
0
24.8
19.9
32.7
67
129.2
150
135.4
179.7
112.5
57.9
0
0
0
0
0
0
0
0
3.9
4.7
0
0
0
0
0
0
0
0
0
0
0
0
0
14.4
0
0
0
0
0
13.1
58
150.6
271
319.7
275.7
216.4
167.4
152.6
164
130.8
169.1
278.2
358.3
388.1
441.5
404.3
356.8
317.5
183.7
70.3
0
0
0
0
0
0
0
0
0
0
0
0
0
0
0
0
0
0
63.6
56.2
109.8
138.3
162
165.9
117.4
69.8
78.8
86.2
94.1
147.9
126.8
65.8
29.9
0
10.6
59.8
38.4
37.5
60
90.9
177.2
243.2
232.3
249.4
304.6
293.4
280.1
319
344.9
330.6
334.4
323.9
263.8
328.2
274.6
206.6
156.2
0
0
0
0
0
0
0
0
0
0
0
0
0
0
0
0
0
0
0
0
0
0
0
0
0
0
0
0
0
0
0
0
12.9
78.9
9.9
0
40.3
28.5
103.3
152.6
99.2
59.5
50.1
99.3
77.6
22.4
54.1
0
0
0
0
0
0
0
0
0
0
0
0
0
0
0
0
0
0
0
0
0
0
0
0
0
0
0
0
0
0
0
0
19.9
49.5
102.8
259.5
192.4
71.8
0
0
0
0
0
0
0
0
0
0
0
0
0
0
0
0
0
0
0
0
0
0
17.5
35
37.5
38.9
0
3.3
3.5
18
0
0
0
0
6.3
0
0
0
0
0
0
0
0
0
0
13.8
0
0
0
0
0
0
0
0
0
0
0
0
0
0
0
0
0
0
0
0
0
0
0
0
0
0
0
0
0
0
0
0
0
0
3.5
0
0
0
0
0
0
0
0
0
0
0
0
0
0
64.8
71.2
79.6
120.1
0.8
0
0
0
0
59.9
82.8
0
0
0
0
0
49.8
49.8
97.8
99.7
74.8
124.3
222.5
175
181.1
224.3
208.5
87.8
0
0
0
0
0
25.1
90
0
0
0
0
0
0
0
0
0
4.9
35.6
130.1
162
151.6
59.8
4.9
0
12.5
0
0
0
59.3
57.1
0
0
0
0
0
0
0
0
0
100.7
155.8
129.9
250
365.6
364.7
232.5
148.8
118.5
113.7
211.3
147.9
87.5
161.4
29.3
0
10.2
0
0
0
0
0
32.7
93
160.3
89.9
87.2
125.3
180.5
143.5
115.9
0
0
0
0
0
0
5.8
98.3
184.8
114.3
52.4
107.3
126.4
18.8
0
0
74.2
99.7
99.7
116.3
201.2
273.2
224.6
110.5
60.1
55.5
55.3
0
0
7
51.3
39.3
0
0
0
0
0
0
14.4
39.9
39.9
39.9
0
0
1.3
93.8
108.1
16
0
0
0
0
0
0
112.8
229.4
135.7
0
0
0
0
0
0
0
0
0
0
52.7
77.4
41.3
127.6
189.7
261.9
433.7
494.3
527.2
535.7
428.3
304.3
313.6
179.7
0
0
0
0
0
0
0
0
0
0
0
0
0
0
0
0
3.5
0
6.3
0
0
23.3
0
53.1
28.5
0
0
0
0
20.2
86.8
108.8
109.6
109.6
137.1
227.4
223.7
169.2
119.6
104.7
24.1
0
55.9
0
0
0
0
0
0
0
0
0
0
0
0
0
0
135.6
390.8
413.1
467
437.5
349.3
355.1
308.5
301.6
381.8
418
371.6
420.7
417.4
501.8
503.8
555.7
513.2
495
162.5
149.3
149.5
133.7
79.6
60.6
0
0
0
0
0
0
77.3
146.9
189.3
320.5
294.1
359.5
390.3
350
215.9
248.3
285.2
346.3
170.3
128.6
88.7
83
150.9
201.1
184.5
164.6
115.4
59.5
58
89.7
89.7
98.4
53.5
0
0
0
0
0
0
0
0
0
0
0
0
0
0
0
0
0
0
0
0
0
0
0
10.5
29.7
36.8
0
0
0
0
0
0
0
0
0
0
0
0
0
0
0
0
0
0
0
0
0
0
0
0
0
0
0
0
0
0
0
0
0
0
0
0
0
0
0
0
0
0
0
0
0
0
0
0
0
0
0
0
24.8
0
0
4.8
0
0
0
0
0
0
0
66
52.1
47.4
80
83.2
122.4
209.7
250.2
270.9
231.9
160.7
158.9
98.9
90.1
93
101.6
32.2
71.1
106.2
138.6
118.8
43.7
0
0
0
67.4
70
174.9
240.3
271.9
237.6
235.8
209.7
186.1
127
169.1
97.8
160.4
139.5
136.8
139.5
139.3
116
164.9
209.5
191.9
182.3
245.7
278.2
167.5
139.5
145.6
154.7
129.8
134.4
76
61.2
0
0
15.9
21.5
110.1
195.2
235.4
157.8
169.3
219.5
226.1
219.8
219.8
191.1
243.5
232.8
187.2
145.6
139.8
118.7
113.1
98.6
119.1
109.7
90.4
0
0
0
0
0
0
0
8.3
29.9
43.7
49.8
49.8
5.7
0
0
0
0
0
0
0
0
0
0
0
0
10.8
0
0
21.3
0
0
0
49.8
49.8
46.6
29.7
29.9
29.9
57.6
68.5
49.8
31.4
19.9
43.5
69.8
54.5
27.5
3.9
0
0
7.8
0
0
0
0
0
0
0
0
0
0
0
0
0
0
0
8.7
12.9
0
47.7
20.7
0
0
0
0
0
0
7.1
75.7
56.1
49.8
60.8
97.4
99.7
168.8
181.5
102.9
69.9
39.9
39.9
1.4
34.9
80
115.4
119.6
130.6
193.3
239.7
253.2
326
355.2
333.4
109.1
99.7
99.5
99.7
110.1
158.6
164.5
202.5
168.4
117.4
53.4
39.9
2.3
0
0
33.9
40.6
49.8
84.2
182.1
178.8
242.4
160.4
116.1
0
0
0
0
0
0
0
0
0
0
0
0
0
0
0
0
0
0
0
0
0
0
0
0
117.6
123.6
134.6
117
72.5
69.8
75.5
199.5
189.6
180
140.3
115.9
109.1
120.5
115.1
139.5
139.5
214.9
155.3
149.5
149.5
92.1
69.8
69.8
2.9
0
29.9
29.9
29.9
25.7
0
76.7
159.5
218.5
176.5
142.8
139.8
147.8
186.1
201
118.5
4.4
0
15.4
64.9
85.2
137.4
159.6
0
