5302
5095
4854
4655
4488
4428
4428
4482
4484
4644
4838
5047
5142
5225
5237
5257
5377
5704
5803
5785
5724
5614
5476
5252
4941
4652
4454
4295
4241
4253
4404
4608
4736
5018
5307
5502
5623
5672
5695
5749
5890
6313
6393
6303
6181
5985
5747
5409
4938
4649
4466
4355
4317
4417
4826
5520
6028
6358
6711
6819
6896
6921
6871
6862
6983
7188
7247
6958
6747
6469
6153
5711
5181
4829
4613
4509
4469
4540
4939
5635
6126
6443
6575
6651
6695
6677
6650
6650
6747
7014
7168
6946
6709
6423
6081
5627
5130
4761
4535
4416
4348
4424
4835
5529
6059
6401
6599
6628
6683
6630
6598
6601
6650
6912
7053
6830
6594
6318
5973
5570
5049
4650
4425
4328
4304
4360
4755
5466
6020
6368
6630
6653
6733
6672
6698
6698
6756
6966
7033
6816
6530
6264
6094
5684
5245
4950
4737
4596
4514
4511
4603
4771
5050
5320
5628
5801
5895
5858
5840
5757
5769
6018
6284
6183
6100
5906
5712
5508
5200
4905
4516
4510
4372
4368
4405
4549
4672
4893
5116
5297
5413
5429
5424
5426
5469
5809
6075
5997
5947
5812
5576
5267
4876
4581
4379
4267
4231
4329
4733
5458
5966
6257
6432
6493
6553
6472
6508
6442
6523
6759
6889
6646
6411
6176
5846
5429
4903
4512
4346
4237
4215
4281
4638
5189
5942
6229
6418
6508
6550
6495
6511
6461
6522
6766
6957
6682
6473
6247
5877
5427
4979
4595
4376
4274
4234
4320
4705
5410
6008
6369
6540
6633
6686
6679
6652
6615
6723
6959
7017
6747
6475
6223
5871
5454
4996
4574
4355
4237
4198
4276
4658
5433
5933
6216
6394
6434
6493
6451
6460
6427
6441
6664
6871
6607
6379
6112
5771
5398
4894
4540
4329
4212
4169
4246
4654
5376
5916
6266
6471
6549
6577
6531
6543
6497
6524
6709
6854
6511
6268
6002
5715
5369
4965
4633
4420
4283
4208
4199
4307
4511
4763
5152
5414
5618
5709
5705
5684
5694
5720
5941
6021
5951
5842
5740
5572
5417
5099
4797
4556
4453
4366
4383
4462
4617
4749
5039
5358
5602
5733
5733
5746
5758
5766
6009
6353
6266
6230
6078
5935
5706
5300
5043
4871
4715
4651
4716
4964
5367
5650
6041
6311
6501
6558
6512
6478
6452
6464
6646
6970
6784
6630
6370
6071
5707
5208
4887
4707
4585
4551
4661
5026
5774
6254
6526
6711
6754
6808
6790
6807
6817
6909
7069
7218
6936
6675
6402
6075
5616
5093
4712
4513
4384
4345
4410
4768
5525
6056
6347
6601
6708
6789
6763
6761
6681
6771
6928
7100
6853
6614
6330
6056
5606
5111
4713
4523
4426
4397
4498
4871
5581
6085
6413
6566
6633
6673
6595
6594
6528
6589
6778
7009
6734
6502
6268
5932
5510
5015
4623
4422
4334
4291
4368
4779
5488
5965
6245
6409
6482
6514
6458
6432
6385
6403
6600
6762
6473
6216
5960
5681
5361
4917
4631
4401
4295
4195
4204
4300
4542
4745
5056
5339
5559
5587
5558
5507
5464
5490
5679
5937
5910
5805
5638
5479
5238
4955
4663
4467
4317
4237
4243
4305
4455
4547
4805
5073
5272
5382
5414
5390
5371
5399
5672
5980
5969
5869
5752
5573
5256
4825
4536
4383
4309
4256
4373
4778
5520
6069
6393
6651
6745
6826
6815
6779
6727
6772
6957
7035
6782
6527
6284
5945
5471
5041
4644
4487
4378
4381
4438
4798
5485
5796
6301
6508
6573
6615
6573
6531
6495
6549
6673
6941
6700
6474
6212
5885
5486
4998
4623
4422
4325
4287
4373
4771
5432
5932
6302
6495
6530
6681
6686
6676
6609
6683
6859
7081
6787
6556
6343
6017
5596
5087
4757
4545
4450
4402
4507
4930
5627
6122
6441
6654
6722
6793
6750
6717
6707
6749
6906
7166
6916
6731
6455
6194
5781
5289
4937
4734
4622
4622
4651
5044
5704
6255
6513
6728
6782
6817
6738
6720
6634
6682
6739
6966
6690
6461
6158
5899
5547
5181
4801
4605
4468
4364
4370
4492
4674
4912
5261
5454
5628
5661
5624
5553
5455
5485
5548
5912
5852
5763
5594
5445
5223
4938
4622
4382
4271
4208
4164
4264
4385
4482
4802
5041
5261
5403
5464
5510
5520
5581
5755
5977
5908
5809
5663
5453
5182
4778
4467
4302
4189
4167
4259
4666
5323
5830
6155
6344
6434
6430
6438
6450
6387
6438
6645
6900
6590
6378
6119
5821
5398
4881
4527
4342
4226
4196
4289
4703
5482
6059
6377
6607
6691
6752
6753
6788
6751
6808
6935
7033
6753
6559
6250
5930
5511
5272
4942
4746
4643
4605
4684
5110
5807
6315
6576
6809
6820
6820
6797
6739
6719
6743
6909
7103
6935
6740
6454
6172
5736
5241
4840
4635
4578
4538
4590
4987
5769
6193
6508
6714
6753
6769
6755
6745
6706
6752
6871
7120
6903
6718
6499
6163
5697
5211
4846
4633
4545
4516
4566
4957
5657
6186
6463
6667
6782
6764
6738
6697
6715
6841
6931
7111
6899
6642
6373
6084
5643
5106
4757
4574
4468
4414
4515
4891
5658
6197
6471
6713
6756
6791
6720
6661
6590
6597
6641
6888
6617
6405
6158
5877
5528
5083
4749
4557
4390
4305
4340
4471
4625
4905
5219
5482
5595
5305
5254
5217
5165
5160
5243
5963
5979
5822
5635
5516
5276
4950
4661
4431
4287
4238
4222
4313
4333
4515
4818
5074
5260
5371
5363
5338
5306
5307
5432
5845
5880
5757
5657
5463
5188
4775
4496
4320
4224
4191
4274
4739
5352
5943
6234
6422
6468
6517
6465
6457
6439
6454
6545
6901
6666
6481
6180
5875
5430
4885
4540
4340
4197
4219
4307
4748
5397
5980
6263
6480
6570
6559
6550
6507
6464
6465
6656
6898
6663
6420
6131
5830
5380
4937
4517
4320
4204
4169
4234
4673
5312
5923
6213
6347
6435
6452
6421
6436
6442
6474
6566
6782
6584
6379
6112
5788
5381
4850
4494
4311
4198
4134
4215
4669
5347
5975
6310
6521
6617
6595
6606
6561
6522
6563
6726
6984
6786
6619
6346
6009
5578
5109
4742
4552
4439
4402
4484
4846
5543
6025
6403
6574
6676
6651
6640
6621
6580
6552
6661
6877
6709
6417
6180
5901
5542
5138
4800
4627
4461
4405
4414
4514
4722
4973
5293
5560
5709
5790
5717
5655
5605
5625
5736
6044
6053
5906
5741
5531
5303
5028
4671
4496
4352
4267
4256
4360
4453
4603
4885
5112
5314
5415
5439
5446
5393
5400
5535
5919
5940
5792
5768
5625
5287
4896
4571
4414
4305
4306
4383
4774
5443
6102
6423
6626
6684
6749
6792
6787
6787
6945
7028
7104
6820
6552
6286
5954
5543
4992
4603
4400
4275
4226
4300
4708
5352
5868
6194
6400
6441
6449
6438
6426
6393
6394
6476
6726
6564
6353
6140
5791
5314
4855
4461
4279
4177
4148
4240
4633
5266
5814
6213
6354
6437
6480
6449
6455
6508
6723
6903
6892
6720
6471
6471
5962
5436
4981
4592
4437
4333
4303
4389
4493
5431
6000
6349
6603
6648
6668
6657
6647
6605
6644
6725
6940
6807
6547
6277
5968
5584
5093
4723
4533
4415
4403
4478
4887
5486
6079
6414
6631
6741
6803
6795
6735
6681
6712
6786
6979
6871
6644
6344
6098
5768
5404
4998
4843
4710
4649
4654
4795
4909
5182
5507
5774
5898
5926
5919
5843
5763
5739
5812
6045
6159
6075
5915
5708
5495
5190
4884
4685
4537
4455
4430
4519
4558
4713
4976
5211
5360
5460
5437
5421
5414
5413
5507
5910
5907
5865
5767
5651
5370
5100
4775
4586
4458
4414
4466
4666
4874
5197
5570
5891
6094
6166
6179
6206
6175
6185
6333
6495
6418
6279
6084
5824
5521
5072
4733
4566
4432
4398
4464
4847
5359
5911
6291
6508
6590
6655
6583
6667
6593
6593
6607
6796
6664
6469
6235
5929
5513
5034
4667
4467
4359
4322
4405
4766
5311
5853
6254
6498
6597
6623
6608
6608
6604
6602
6641
6810
6833
6575
6324
6036
5667
5198
4821
4596
4483
4462
4504
4891
5393
5984
6355
6632
6733
6822
6824
6843
6828
6892
7015
7167
7074
6734
6512
6182
5788
5336
4955
4770
4632
4612
4662
5054
5470
5997
6395
6613
6768
6787
6734
6716
6717
6686
6729
6803
6742
6509
6295
5987
5641
5281
4957
4729
4591
4515
4492
4664
4768
5046
5340
5625
5761
5872
5806
5758
5692
5670
5759
5988
6110
6008
5860
5697
5450
5137
4884
4682
4531
4476
4469
4548
4594
4786
5038
5308
5463
5560
5549
5548
5509
5530
5610
5932
6110
6048
5901
5705
5356
4996
4680
4493
4418
4383
4430
4892
5492
6086
6430
6690
6795
6816
6821
6860
6814
6910
6947
7171
6997
6734
6502
6142
5726
4996
4680
4493
4418
4383
4430
4892
5492
6086
6430
6690
6795
6816
6821
6860
6814
6910
6947
7171
6997
6734
6502
6142
5726
5222
4839
4644
4551
4519
4593
4988
5510
6017
6459
6737
6888
6944
6816
6801
6728
6886
6861
7007
6939
6717
6433
6121
5697
5164
4791
4608
4516
4490
4553
4958
5611
6115
6448
6665
6755
6719
6691
6633
6602
6681
6778
6889
6876
6693
6430
6106
5709
5193
4829
4660
4575
4515
4587
4999
5589
6136
6556
6760
6826
6837
6807
6943
6751
6805
6829
6914
6914
6721
6540
6238
5761
5232
4901
4722
4604
4578
4635
5002
5594
6136
6488
6724
6778
6455
6408
6701
6627
6629
6679
6734
6729
6505
6234
5964
5642
5214
4846
4669
4527
4446
4467
4556
4667
4996
5327
5576
5688
5718
5688
5619
5548
5550
5555
5713
5966
5875
5762
5586
5364
5032
4737
4533
4392
4317
4322
4405
4414
4607
4897
5093
5331
5426
5425
5497
5416
5487
5619
5829
5944
5868
5727
5516
5160
4765
4483
4303
4200
4188
4278
4724
5312
5903
6206
6363
6407
6450
6430
6392
6346
6367
6474
6561
6576
6397
6104
5801
5372
4841
4461
4256
4153
4094
4172
4581
5233
5870
6245
6551
6674
6779
6834
6886
6820
6885
6966
7007
7069
6902
6661
6330
5853
5318
4970
4792
4684
4601
4618
4991
5552
6066
6435
6710
6808
6834
6794
6788
6702
6802
6811
6893
7113
6692
6618
6308
5840
5336
4965
4795
4672
4645
4721
5098
5683
6229
6568
6799
6865
6867
6840
6826
6818
6787
6863
6959
7034
6769
6526
6171
5751
5251
4856
4664
4567
4534
4620
4960
5556
6126
6529
6787
6859
6834
6769
6671
6676
6658
6709
6749
6672
6505
6227
5915
5667
5184
4920
4625
4536
4415
4453
4584
4725
5036
5318
5582
5745
5768
5736
5639
5614
5558
5606
5724
6003
6046
5739
5547
5276
4958
4698
4501
4359
4285
4276
4331
4382
4566
4857
5094
5266
5366
5375
5366
5313
5332
5386
5569
5923
5933
5748
5538
5203
4802
4526
4386
4309
4288
4401
4771
5422
5993
6319
6512
6560
6309
6198
6644
6652
6687
6722
6741
6830
6809
6531
6179
5696
5073
4748
4623
4531
4560
4639
4951
5565
6064
6400
6588
6618
6345
6635
6622
6207
6573
6639
6655
6717
6504
6264
5974
5509
5019
4693
4510
4394
4362
4453
4807
5423
5897
6272
6500
6563
6593
6558
6586
6479
6509
6606
6637
6716
6495
6225
5949
5506
5017
4663
4478
4341
4322
4418
4759
5367
5942
6254
6375
6532
6561
6530
6490
6470
6482
6490
6560
6647
6442
6183
5867
5462
4955
4573
4397
4269
4241
4341
4653
5324
5813
6196
6377
6457
6466
6418
6430
6326
6345
6361
6394
6452
6211
5945
5667
5358
4881
4519
4619
4290
4230
4229
4291
4473
4743
5114
5350
5466
5527
5520
5454
5384
5304
5323
5473
5790
5679
5580
5406
5166
4862
4546
4330
4210
4112
4115
4158
4215
4433
4789
5073
5289
5410
5465
5521
5512
5503
5643
5716
5879
5771
5660
5460
5109
4721
4415
4255
4168
4110
4237
4632
5240
5831
6179
6478
6534
6592
6579
6513
6550
6567
6574
6603
6596
6418
6162
5885
5422
4898
4571
4340
4264
4223
4286
4651
5247
5771
6098
6295
6387
6408
6372
6366
6310
6350
6406
6429
6552
6372
6103
5752
5338
4874
4482
4311
4204
4168
4226
4619
5235
5881
6260
6554
6616
6700
6724
6713
6744
6866
6930
6949
6823
6654
6365
6025
5631
5116
4728
4562
4418
4390
4464
4818
5367
5960
6337
6609
6695
6671
6606
6562
6535
6535
6572
6590
6580
6350
6104
5807
5452
4977
4636
4409
4297
4246
4287
4306
4986
5485
5936
6197
6261
6253
6217
6186
6142
6119
6163
6211
6231
6046
6007
5792
5557
4957
4903
4583
4304
4230
4236
4242
4432
4717
5029
5315
5439
5486
5457
5283
5323
5360
5438
5463
5577
5448
5335
5148
4923
4614
4303
4088
3966
3863
3853
3854
3937
4142
4437
4921
5144
5189
5182
5158
5120
5105
5167
5284
5568
5513
5450
5317
5012
4670
4406
4247
4136
4101
4201
4593
5195
5868
6310
6580
6722
6751
6757
6763
6746
6796
6819
6807
6660
6503
6145
5853
5391
4870
4532
4311
4171
4139
4182
4550
5230
5854
6150
6473
6480
6534
6502
6502
6467
6456
6493
6484
6508
6308
5996
5680
5303
4834
4475
4290
4174
4130
4190
4516
5115
5680
6053
6273
6369
6373
6343
6321
6334
6315
6389
6367
6423
6268
5982
5704
5227
4788
4431
4231
4137
4113
4168
4453
5113
5652
6030
6260
6297
6373
6370
6351
6351
5933
6195
6468
6512
6286
6065
5756
5291
4820
4479
4013
4168
4157
4219
4535
5201
5844
6253
6454
6522
6563
6516
6477
6423
6404
6421
6404
6358
6195
5957
5678
5325
4954
4578
4369
4243
4179
4202
4301
4396
4812
5207
5602
5783
5951
5838
5767
5764
5799
5867
5892
5983
5853
5688
5506
5251
4880
4553
4453
4344
4231
4140
4169
4198
4331
4633
4905
5120
5338
5370
5375
5349
5362
5422
5424
5553
5740
5681
5559
5266
4822
4515
4340
4144
4100
4158
4531
5196
5719
6004
6276
6322
6455
6440
6446
6378
6362
6341
6253
5972
6225
6078
5885
5427
4958
4468
4233
4143
4084
4138
4514
5121
5673
6046
6242
6323
6358
6355
6342
6302
6334
6303
6209
5960
6192
5998
5738
5298
4762
4376
4152
4050
4011
4064
4418
5015
5572
5991
6209
6300
6354
6308
6435
6433
6430
6424
6337
6025
6161
5988
5718
5314
4795
4384
4211
4071
3985
4085
4437
5077
5707
6085
6294
6424
6491
6515
6525
6566
6615
6655
6507
6252
6336
6057
5803
5334
4870
4300
4275
4094
4071
4099
4465
5144
5767
6129
6349
6410
6436
6414
6460
6372
6369
6277
6227
5917
5969
5838
5591
5217
4806
4495
4231
4106
3999
3983
4088
4209
4500
4891
5129
5270
5370
5332
5282
5258
5172
5138
5158
4960
5512
5481
5245
5020
4720
4422
4150
4032
3940
3935
3980
4026
4225
4481
4791
4737
5080
5133
5147
5128
5102
5135
5121
5139
5463
5439
5324
4959
4578
4247
4044
3952
3895
3993
4339
4977
5607
5941
6198
6249
6320
6312
6315
6272
6248
6263
6161
5922
6080
5968
5649
5208
4682
4348
4150
4032
3977
4061
4495
5070
5704
6069
6284
6124
6342
6295
6296
6263
6298
6250
6136
5881
6124
5997
5707
5236
4721
4370
4134
4032
3999
4050
4454
5090
5643
6028
6254
6333
6321
6325
6311
6291
6287
6295
6215
5991
6102
6008
5666
5234
4755
4388
4167
4042
4025
4064
4416
5072
5634
6070
6262
6361
6377
6377
6453
6315
6314
6308
6173
5959
6133
5952
5675
5315
4744
4428
4192
4083
4065
4119
4481
5085
5679
6024
6277
6372
6373
6328
6281
6228
6213
6174
6089
5823
5908
5836
5563
5198
4809
4450
4291
4102
4018
4028
4190
4279
4586
4952
5150
5285
5398
5344
5291
5206
5193
5140
5093
5185
5373
5442
5312
5026
4765
4431
4214
4086
3990
3964
4027
4044
4233
4535
4781
4969
5083
5126
5141
5123
5092
5107
4746
5099
5371
5445
5272
4963
4573
4264
4087
3983
3950
3986
4379
5041
5597
6048
6366
6467
6559
6497
6578
6568
6625
6618
6454
6043
6105
6061
5707
5219
4697
4336
4114
4027
3978
4041
4442
5037
5696
6075
6322
6111
6569
6621
6687
6656
6648
6657
6484
6170
6202
6132
5806
5359
4890
4454
4215
4103
4043
4127
4490
5245
5933
6399
6722
6851
6967
7158
7228
7228
7257
7268
7062
6687
6701
6576
6290
5763
5204
4820
4552
4427
4312
4340
4652
5194
5840
6148
6390
6477
6539
6527
6510
6362
6561
6547
6307
6031
6018
6003
5744
5263
4922
4583
4449
4272
4230
4224
4421
5013
5453
5867
6130
6215
6253
6198
6202
6190
6201
6143
6148
5937
5897
5675
5438
5145
4809
4439
4183
4049
4027
4008
4051
4172
4368
4923
5215
5440
5547
5617
5479
5390
5433
5388
5404
5390
5503
5426
5288
5041
4767
4538
4233
4092
3986
3948
3988
4047
4213
4499
4772
4935
5009
5028
5041
4988
4996
4974
5129
5099
5318
5343
5191
4884
4589
4287
4117
3988
3940
4013
4285
4837
5257
5792
6010
6179
6234
6217
6222
6167
6182
6194
6078
5909
5915
5915
5627
5240
4667
4320
4128
3997
3939
4004
4321
4866
5467
5851
6138
6255
6300
6286
6313
6344
6333
6318
6149
5857
5886
5900
5593
5205
4700
4344
4120
4024
3954
4020
4357
4904
5526
5981
6299
6388
6419
6410
6434
6396
6388
6396
6360
6002
6037
5960
5656
5223
4737
4356
4116
4026
3975
3952
4276
4858
5420
5840
6125
6199
6274
6303
6272
6273
6286
6212
6139
5777
5798
5860
5521
5201
4716
4343
4128
3994
3943
3999
4198
4805
5318
5768
5994
6140
6175
6205
6167
6163
6101
6114
5965
5699
5706
5676
5427
5109
4728
4363
4131
3992
3901
3905
3979
4121
4427
4820
5143
5358
5490
5509
5458
5458
5440
5447
5504
5454
5540
5486
5291
5069
4770
4445
4206
4064
3960
3960
3986
4005
4242
4528
4810
5006
5090
5099
5098
5057
5020
5027
5060
5082
5192
5386
5246
4928
4535
4192
3961
3840
3809
3921
4218
4883
5548
5860
6123
6198
6296
6301
6305
6275
6285
6385
6335
6226
6127
6028
5620
5172
4677
4299
4074
3993
3938
3990
4255
4907
5537
5911
6124
6231
6270
6240
6252
6217
6211
6252
6154
5890
5834
5913
5630
5165
4646
4301
4071
3973
3898
3993
4274
4939
5541
5906
6120
6216
6238
6240
6258
6210
6229
6250
6134
5986
5937
5921
5610
5207
4700
4287
4066
3945
3919
3979
4269
4917
5539
5919
6139
6273
6294
6297
6283
6266
6312
6260
6119
5895
5846
5915
5597
5160
4691
4285
4094
3981
3939
3989
4270
4948
5560
5941
6129
6270
6312
6233
6261
6237
6217
6311
6271
5994
5938
5821
5560
5205
4770
4427
4208
4041
3979
3965
4018
4180
4497
4894
5157
5333
5374
5307
5281
5201
5191
5150
5150
5156
5218
5360
5245
4984
4661
4377
4128
4002
3886
3850
3834
3945
4155
4484
4754
4937
5038
5028
5006
4995
4978
4969
4950
4957
5079
5264
5160
4886
4452
4176
4000
3903
3880
3955
4238
4896
5538
5910
6155
6278
6346
6345
6411
6394
6408
6430
6297
5975
5873
5928
5650
5142
4685
4293
4082
3972
3918
3974
4262
4950
5567
5975
6187
6358
6410
6425
6436
6442
6469
6458
6285
5934
5888
5913
5598
5182
4653
4292
4058
3960
3906
3946
4269
4955
5596
5994
6198
6339
6453
6503
6584
6570
6584
6573
6419
6062
5980
6003
5670
5219
4791
4416
4181
4077
4030
4080
4431
5205
5840
6228
6458
6525
6571
6628
6591
6569
6571
6544
6293
6074
5921
5973
5650
5202
4655
4301
4049
3941
3889
3927
4196
4861
5465
5845
6096
6180
6228
6259
6245
6215
6200
6160
6018
5729
5597
5687
5463
5108
4709
4331
4141
3982
3917
3912
3899
4110
4424
4788
5113
5287
5357
5401
5396
5386
5347
5334
5327
5261
5311
5442
5303
5055
4760
4458
4227
4083
4006
3970
3922
4022
4271
4605
4941
5227
5391
5497
5531
5534
5539
5532
5508
5491
5527
5694
5511
5185
4742
4397
4221
4103
4087
4154
4429
5112
5772
6211
6456
6565
6681
6706
6709
6724
6769
6752
6564
6183
6099
6126
5757
5347
4803
4377
4154
4034
3986
4016
4294
4982
5613
6048
6274
6401
6445
6427
6463
6539
6606
6598
6434
6139
6002
6039
5735
5317
4759
4336
4084
3975
3933
3978
4214
4898
5581
5975
6202
6343
6442
6436
6532
6525
6568
6572
6394
6118
5934
5998
5668
5258
4720
4339
4113
4014
3951
3993
4283
4941
5594
6060
6344
6452
6539
6538
6590
6584
6591
6557
6380
6021
5920
5896
5619
5160
4687
4308
4123
4010
3964
4011
4274
5012
5647
6096
6296
6393
6420
6414
6407
6326
6324
6319
6157
5765
5653
5729
5487
5130
4714
4378
4130
3994
3921
3907
3896
4090
4454
4799
5070
5234
5341
5362
5313
5286
5283
5266
5251
5217
5356
5386
5216
4964
4626
4339
4106
3955
3865
3860
3813
3900
4141
4423
4737
4952
5045
5088
5108
5085
5159
5164
5192
5162
5201
5335
5167
4860
4462
4173
3960
3874
3808
3904
4173
4839
5484
5893
6186
6247
6297
6302
6328
6283
6347
6358
6278
6041
5945
5891
5582
5133
4619
4254
4031
3932
3889
3946
4211
4903
5575
5996
6181
6254
6335
6322
6376
6350
6397
6385
6253
6028
5983
5873
5561
5151
4603
4239
4042
3928
3870
3921
4236
4914
5596
5967
6247
6341
6371
6386
6355
6354
6377
6426
6361
6116
6030
5936
5615
5210
4677
4299
4104
4003
3920
3981
4246
4944
5600
6015
6182
6291
6377
6365
6329
6315
6320
6379
6319
6016
5905
5902
5598
5217
4674
4332
4106
4004
3935
3987
4242
4887
5564
6033
6310
6460
6557
6586
6657
6580
6521
6456
6314
6021
5903
5843
5594
5236
4822
4473
4242
4087
3984
3957
3922
4133
4503
4926
5244
5455
5562
5549
5576
5465
5419
5378
5400
5402
5352
5336
5211
4979
4678
4364
4163
4011
3934
3899
3800
3922
4155
4466
4736
5026
5138
5182
5216
5204
5220
5208
5157
5055
5024
5228
5172
4957
4628
4361
4155
4009
3903
3925
3919
4099
4391
4714
5048
5287
5383
5429
5419
5406
5424
5404
5409
5338
5342
5525
5407
5105
4691
4373
4173
4059
4025
4055
4347
5094
5791
6354
6701
6874
6953
7048
7065
6699
7082
7027
6789
6398
6212
6199
5908
5432
4884
4486
4269
4141
4082
4141
4437
5117
5862
6273
6481
6616
6690
6707
6736
6727
6738
6821
6551
6177
5998
5996
5757
5286
4797
4393
4177
4062
4019
4046
4360
5041
5704
6181
6400
6491
6564
6588
6623
6629
6696
6694
6508
6133
5955
5998
5768
5327
4813
4423
4189
4082
4030
4090
4360
5066
5768
6216
6508
6589
6674
6731
6820
6786
6795
6784
6577
6241
6077
6012
5729
5389
4952
4590
4358
4196
4131
4115
4120
4346
4701
5105
5421
5758
5898
5944
5944
5984
6001
5982
5970
5909
5837
6002
5928
5753
5412
5092
4756
4582
4456
4394
4301
4517
4806
5199
5636
6007
6243
6370
6425
6516
6582
6561
6577
6477
6473
6690
6673
6394
5934
5605
5340
5167
5115
5175
5479
6264
7110
7825
8267
8549
8679
8752
8877
8945
9012
8827
8508
8082
7702
7544
7158
6556
6032
5583
5348
5191
5124
5194
5463
6347
7114
7723
8155
8448
8693
8854
9018
9075
9102
9131
8965
8532
8218
8261
8026
7525
6864
6333
6010
5815
5707
5713
6014
6865
7733
8352
8814
9083
9349
9406
9468
9483
9652
9633
9262
8846
8564
8656
8511
7922
7271
6701
6369
6138
6039
6062
6318
7124
7947
8587
9090
9408
9554
9603
9619
9636
9743
9733
9417
8902
8492
8405
8111
7478
6911
6398
6067
5892
5815
5853
6135
6949
7612
8122
8475
8783
9027
9112
9238
9261
9348
9274
8898
8333
8035
7882
7614
7204
6687
6197
5871
5687
5507
5429
5396
5686
6218
6782
7269
7675
7953
8068
8000
7971
7879
7770
7619
7472
7445
7492
7440
7221
6874
6419
6074
5891
5692
5625
5510
5570
5992
6451
6972
7394
7635
7753
7778
7851
7841
7801
7819
7741
7715
7981
7922
7617
7208
6820
6546
6382
6309
6361
6572
7322
8122
8858
9332
9624
9780
9828
9899
9935
9880
10099
9919
9641
9343
9394
9191
8698
8007
7495
7203
7031
6939
6956
7204
7909
8756
9284
9724
9912
10047
10068
10172
10229
10343
10479
10318
9970
9680
9691
9471
8971
8287
7741
7400
7183
7050
7052
7259
7785
8328
8643
8785
8793
8843
8818
8755
8629
8552
8413
8076
7520
7238
7137
6864
6391
5839
5382
5100
4985
4946
4982
5325
6054
6748
7247
7526
7632
7819
7916
8049
7938
7941
7980
7810
7382
7227
7110
6773
6223
5642
5156
4880
4715
4630
4670
4944
5679
6377
6895
7223
7379
7468
7449
7476
7394
7411
7382
7105
6700
6440
6411
6147
5773
5362
5016
4730
4572
4500
4448
4425
4625
5052
5538
5861
6063
6254
6238
6218
6148
6135
6164
6088
6015
5954
6003
5944
5729
5421
5049
4781
4584
4482
4429
4348
4453
4662
4969
5252
5545
5643
5705
5693
5656
5603
5599
5589
5457
5473
5683
5676
5407
5060
4723
4540
4423
4388
4488
4776
5479
6225
6729
7086
7230
7365
7376
7450
7417
7444
7383
7111
6683
6367
6368
6132
5654
5174
4749
4550
4445
4385
4454
4778
5564
6313
6900
7360
7610
7786
7844
7964
8027
8080
8072
7872
7357
7120
7107
6894
6485
5940
5470
5185
5005
4942
4965
5273
6101
6874
7463
7787
8089
8137
8251
8338
8402
8259
8176
7946
7412
7153
7008
6770
6363
5827
5379
5096
4876
4767
4750
5013
5766
6434
6943
7261
7404
7499
7534
7590
7655
7694
7749
7502
7030
6676
6617
6403
5998
5522
5115
4871
4728
4658
4730
5074
5851
6653
7240
7724
8001
8201
8287
8408
8456
8469
8428
8242
7809
7513
7409
7271
6844
6268
5821
5455
5267
5164
5070
5054
5307
5818
6371
6875
7253
7533
7737
7861
7860
7866
7907
7821
7592
7487
7559
7523
7300
6916
6524
6150
5928
5753
5655
5493
5594
5917
6414
6881
7328
7673
7822
7955
8035
7987
7894
7754
7548
7519
7688
7732
7514
7028
6636
6392
6209
6104
6180
6410
7059
7812
8400
8822
9015
9132
9163
9160
9176
9191
9063
8784
8387
8213
8126
7868
7399
6776
6299
6003
5845
5771
5830
6152
6845
7609
8244
8693
8959
9145
9274
9318
9410
9533
9630
9544
9122
8875
8906
8669
8226
7499
6950
6653
6421
6288
6345
6629
7356
8092
8670
9069
9253
9459
9550
9664
9636
9409
9220
8953
8524
8311
8208
7925
7517
6940
6435
6205
5918
5843
5894
6209
6959
7696
8154
8534
8782
9027
9087
9105
9090
9095
9054
8768
8324
7989
7889
7604
7190
6674
6219
5896
5740
5646
5684
5973
6635
7298
7865
8341
8660
8887
8982
9011
8940
8845
8750
8327
7964
7700
7596
7427
7033
6589
6164
5895
5705
5584
5529
5436
5697
6014
6374
6664
6837
6947
6919
6892
6906
6877
6942
6900
6758
6604
6594
6580
6332
6016
5660
5370
5128
4971
4906
4791
4897
5155
5493
5803
6054
6226
6262
6259
6238
6239
6254
6180
6025
5868
5984
5938
5746
5466
5211
4991
4837
4743
4734
4722
4932
5257
5582
5914
6211
6375
6455
6484
6507
6528
6532
6475
6318
6189
6305
6243
6175
5950
5716
5525
5424
5333
5419
5736
6382
7043
7623
8030
8322
8580
8697
8869
8939
8876
8769
8471
8045
7929
7958
7740
7334
6770
6283
5946
5762
5692
5743
6050
6769
7517
7956
8387
8557
8767
8852
8956
9047
9089
9085
8909
8466
8118
8026
7781
7342
6694
6154
5794
5544
5452
5456
5705
6389
6976
7364
7614
7716
7781
7857
7866
7877
7851
7847
7673
7286
7095
7018
6770
6415
5888
5440
5130
4998
4900
4945
5217
5804
6410
6848
7138
7242
7286
7311
7290
7198
7129
7060
6912
6595
6346
6250
6016
5636
5266
4931
4688
4557
4457
4432
4403
4654
5077
5512
5947
6240
6420
6474
6490
6523
6346
6370
6412
6321
6205
6211
6160
5943
5624
5290
5045
4874
4762
4739
4657
4827
5119
5494
5831
6179
6485
6682
6865
6988
7081
7228
7254
7168
7095
7285
7350
7130
6702
6291
5984
5749
5629
5666
5883
6544
7297
7910
8363
8694
8951
9168
9387
9575
9626
9828
9769
9367
9166
9203
8995
8526
7851
7327
6960
6707
6596
6615
6828
7481
8269
8787
9102
9336
9443
9456
9496
9453
9379
9252
8897
8269
7842
7844
7564
7138
6560
6117
5823
5687
5612
5679
5983
6692
7350
7837
8173
8279
8307
8323
8465
8620
8710
8715
8451
8059
7808
7760
7539
7202
6682
6276
5978
5856
5773
5817
6157
6886
7674
8226
8576
8788
8998
9064
9160
9246
9306
9322
9067
8605
8241
8181
8027
7603
7040
6602
6314
6118
6040
6102
6398
7092
7803
8310
8769
9059
9272
9357
9407
9469
9502
9497
9228
8676
8347
8291
8006
7637
7152
6723
6427
6179
6065
5995
5963
6148
6549
6962
7393
7591
7701
7729
7673
7734
7798
7775
7717
7557
7423
7527
7423
7166
6852
6540
6288
6067
5977
5913
5862
5950
6133
6422
6765
7110
7385
7471
7513
7631
7646
7600
7571
7536
7607
7807
7723
7455
7083
6731
6474
6359
6299
6373
6668
7350
8127
8666
9211
9599
9876
10087
10256
10327
10367
10221
10030
9635
9349
9372
9103
8638
8013
7485
7171
6973
6891
6907
7124
7868
8694
9380
9926
10204
10412
10471
10562
10667
10774
10725
10524
10194
9929
10004
9675
9173
8453
7901
7573
7339
7140
7144
7356
7984
8707
9208
9590
9841
10019
10069
10192
10234
10260
10199
10008
9638
9285
9260
9049
8496
7936
7354
7008
6708
6603
6607
6765
7445
8191
8749
9187
9468
9677
9761
9844
9981
10093
10130
9978
9596
9327
9346
9101
8595
8012
7478
7148
6922
6777
6747
6955
7547
8351
8954
9432
9638
9795
9900
10004
10108
10095
10032
9813
9399
9162
9153
8922
8449
7884
7399
7017
6740
6569
6440
6328
6450
6857
7155
7642
7825
7895
7858
7821
7791
7780
7779
7705
7545
7403
7459
7379
7170
6803
6464
6124
5904
5742
5654
5529
5645
5936
6322
6707
7053
7279
7368
7497
7538
7601
7638
7595
7499
7430
7696
7746
7505
7037
6734
6462
6321
6256
6275
6529
7134
7743
8241
8601
8818
9096
9297
9588
9839
10020
10143
10063
9704
9470
9572
9340
8855
8121
7541
7197
6961
6849
6815
7062
7718
8536
9170
9690
10011
10200
10396
10536
10680
10771
10805
10660
10214
9853
9919
9691
9220
8591
8046
7692
7479
7378
7402
7554
8295
9045
9699
10252
10610
10811
10909
11043
11064
11139
11148
10842
10117
9754
9656
9268
8560
7783
7209
6800
6508
6366
6355
6572
7022
7320
8044
8362
8534
8679
8726
8768
8801
8862
8858
8653
8238
7883
7851
7599
7222
6711
6298
5949
5802
5721
5753
6049
6702
7365
7952
8436
8666
8777
8753
8868
8921
8988
8993
8755
8350
8079
8051
7847
7541
7087
6665
6381
6158
6047
5991
5965
6121
6454
6832
7120
7384
7552
7683
7733
7712
7708
7624
7515
7299
7144
7253
7137
6938
6649
6325
6037
5850
5738
5660
5581
5649
5911
6261
6519
6933
7179
7282
7312
7317
7244
7236
7189
7039
6921
7192
7196
6964
6560
6179
5951
5805
5758
5826
6079
6719
7456
8070
8477
8747
8971
9106
9267
9341
9433
9448
9143
8688
8384
8384
8102
7723
7121
6726
6454
6295
6220
6288
6608
7291
8083
8679
9227
9547
9767
9873
9994
10086
10190
10263
10104
9707
9437
9406
9171
8706
8040
7532
7186
6947
6837
6796
7057
7667
8417
8998
9532
9837
10071
10210
10314
10393
10457
10434
10296
9885
9585
9627
9411
8967
8266
7748
7377
7155
7034
7022
7296
7921
8644
9242
9715
10073
10276
10363
10494
10581
10369
10461
10267
9847
9587
9663
9375
8910
8300
7797
7460
7252
7182
7190
7468
8064
8748
9336
9895
10224
10481
10561
10619
10532
10603
10463
10091
9566
9328
9227
8942
8500
7914
7396
6997
6709
6500
6426
6355
6435
6768
7071
7449
7681
7894
7941
7950
7936
7976
7955
7808
7627
7552
7697
7630
7488
7145
6829
6552
6346
6190
6114
6043
6096
6320
6717
7080
7343
7577
7685
7662
7648
7666
7610
7559
7462
7466
7737
7742
7498
7155
6917
6681
6552
6461
6536
6865
7475
8265
8776
9169
9375
9492
9463
9493
9453
9411
9415
9171
8791
8751
8681
8419
7939
7344
6881
6587
6422
6326
6360
6684
7315
7992
8485
8830
8914
8884
8866
8985
9017
8990
8932
8742
8378
8182
8225
7972
7604
7083
6584
6327
6151
6063
6116
6476
7098
7853
8481
8902
9240
9436
9527
9681
9762
9829
9811
9588
9108
8771
8797
8554
8144
7569
7110
6806
6632
6538
6493
6791
7363
8232
8810
9312
9654
9883
10072
10212
10249
10344
10340
10095
9778
9542
9530
9253
8768
8164
7646
7283
6994
6843
6804
7046
7558
8324
8922
9448
9791
10087
10269
10397
10481
10511
10464
10305
9852
9716
9636
9321
8765
8274
7849
7520
7300
7185
7105
7078
7201
7681
8231
8786
9280
9552
9659
9630
9611
9587
9514
9371
9242
9140
9244
9025
8828
8420
8018
7670
7394
7276
7164
7091
7093
7380
7827
8331
8795
9108
9258
9358
9375
9087
8830
8816
8662
8475
8566
8542
7927
7536
7299
7048
6899
6845
6897
7170
7594
8111
8612
8919
9076
9161
9153
9075
8948
8925
8881
8613
8269
8105
8034
7659
7271
6758
6421
5990
5824
5802
5864
6120
6709
7370
7824
8136
8299
8385
8296
8327
8343
8388
8384
8218
7801
7647
7644
7307
6914
6410
6080
5808
5653
5583
5627
5957
6356
6795
7780
8173
8451
8616
8683
8819
8952
8976
8770
8779
8389
8086
8102
7828
7363
6743
6288
6008
5776
5671
5617
5910
6410
6991
7524
7908
8086
8237
8309
8342
8404
8423
8420
8222
7747
7516
7458
7246
6845
6428
6033
5813
5649
5598
5648
6019
6621
7297
7856
8239
8403
8413
8383
8357
8322
8321
8282
8093
7736
7621
7476
7190
6856
6506
6092
5831
5702
5613
5547
5639
5801
6157
6562
6924
7203
7432
7455
7444
7484
7572
7535
7472
7347
7445
7484
7467
7230
6966
6610
6354
6131
6004
5967
6016
6028
6288
6728
7201
7680
8005
8195
8291
8341
8384
8360
8328
8198
8220
8407
8286
7985
7508
7068
6734
6538
6392
6400
6662
7056
7724
8311
8769
9034
9210
9318
9407
9406
9400
9356
9085
8559
8252
8107
7748
7278
6626
6181
5871
5754
5609
5657
5976
6422
7143
7570
7954
8179
8307
8405
8462
8493
8542
8504
8260
7832
7744
7678
7466
7029
6541
6079
5785
5600
5514
5512
5840
6322
6950
7479
7849
7997
8111
8093
8089
8107
8131
8094
7899
7476
7257
7251
6916
6571
6102
5694
0
5206
5150
5179
5481
6058
6657
7207
7516
7745
7856
7929
8045
8113
8200
8200
7998
7574
7481
7334
7058
6687
6180
5759
5460
5315
5203
5250
5603
6124
6836
7306
7667
7875
8076
8180
8249
8265
8200
8070
7827
7469
7349
7199
6913
6610
6207
5866
5603
5422
5289
5263
5355
5488
5866
6339
6754
6968
7110
7107
7127
7130
7100
7049
6979
6841
6951
6994
6873
6760
6447
6156
5936
5774
5687
5638
5658
5676
5916
6266
6594
6958
7169
7243
7357
7355
7345
7382
7353
7333
7502
7598
7479
7247
6869
6525
6303
6173
6139
6195
6533
7084
7750
8336
8816
9133
9350
9426
9516
9536
9581
9436
9152
8769
8836
8693
8401
7951
7411
6941
6678
6505
6421
6493
6842
7496
8186
8720
9096
9310
9476
9582
9696
9730
9721
9675
9470
9094
9115
8891
8628
8188
7618
7116
6859
6667
6600
6680
7105
7687
8445
8969
9461
9851
10002
10145
10136
10201
10286
10198
9928
9584
9562
9360
8723
8025
7230
6713
6316
6106
5988
6007
6377
6873
7529
8067
8459
8697
8853
8904
8995
9044
9079
9042
8766
8289
8238
8033
7728
7292
6778
6274
5945
5764
5683
5660
5983
6556
7205
7814
8245
8522
8756
8819
8945
8995
9004
8935
8794
8384
8309
8117
7787
7452
6931
6410
6048
5800
5593
5463
5454
5477
5803
6170
6516
6740
6902
6934
6920
6919
6906
6891
6838
6698
6834
6775
6579
6360
6043
5713
5431
5244
5135
5072
5083
5058
5312
5659
5994
6291
6477
6592
6628
6630
6653
6695
6588
6475
6584
6563
6430
6241
5933
5641
5362
5181
5058
5033
5048
5105
5326
5645
5997
6274
6437
6537
6607
6637
6656
6660
6659
6601
6799
6742
6640
6345
5878
5606
5347
5198
5153
5205
5609
6102
6962
7452
7875
8076
8250
8356
8408
8450
8462
8403
8127
7591
7566
7297
6899
6506
5982
5526
5256
5091
5023
5068
5449
6042
6813
7345
7727
7931
8125
8248
8326
8336
8338
8319
8026
7555
7527
7328
6952
6524
5988
5566
5220
5092
5037
5097
5562
6180
6887
7337
7816
8085
8336
8435
8535
8606
8715
8709
8488
7984
8019
7750
7444
6953
6376
5894
5598
5422
5337
5386
5752
6405
7056
7521
7822
8011
8013
7988
8041
8045
8096
8073
7832
7498
7453
7124
6806
6461
5988
5570
5307
5091
4989
4943
4983
5071
5393
5862
6288
6537
6690
6747
6778
6777
6770
6768
6702
6611
6740
6607
6455
6208
5862
5417
5112
4909
4749
4668
4670
4656
4874
5220
5584
5879
6141
6241
6312
6373
6437
6478
6446
6358
6582
6556
6400
6087
5659
5320
5112
4973
4960
5028
5506
6142
6795
7331
7742
8025
8277
8434
8666
8821
8940
9069
8893
8559
8531
8301
7895
7362
6740
6225
5933
5731
5673
5734
6141
6839
7553
8143
8645
8947
9172
9278
9498
9545
9690
9711
9428
8991
8930
8687
8392
7848
7182
6649
6302
6155
6089
6093
6519
7100
7804
8179
8616
8866
9153
9326
9352
9300
9358
9454
9375
9095
9085
8844
8501
7950
7322
6848
6546
6384
6275
6360
6850
7562
8282
8800
9221
9361
9468
9569
9627
9660
9829
9830
9665
9380
9361
9057
8668
8096
7453
6953
6665
6471
6380
6432
6820
7554
8210
8687
9034
9252
9372
9389
9488
9474
9478
9360
9096
8750
8693
8373
8034
7593
7081
6595
6288
6065
5938
5892
5939
6049
6430
6906
7349
7633
7858
8035
8122
8149
8158
8094
8008
7946
7908
7724
7475
7105
6555
6179
5811
5430
5489
5301
5265
5206
5479
5860
6118
6516
6757
6874
6928
6979
7022
7043
7013
6970
7230
7180
7016
6713
6234
5878
5609
5462
5441
5519
5937
6583
7289
7807
8224
8469
8667
8755
8856
8876
9013
9014
8732
8389
8432
8230
7919
7432
6763
6231
5912
5759
5703
5762
6218
6975
7654
8119
8506
8766
8893
8963
9054
9002
9150
9238
9017
8657
8607
8326
7952
7388
6709
6152
5763
5526
5428
5423
5805
6435
7034
7462
7780
7964
8087
8160
8296
8367
8508
8576
8334
8010
8021
7710
7379
6888
6250
5734
5448
5291
5210
5236
5667
6322
7011
7523
7899
8299
8363
8446
8537
8545
8632
8538
8254
7925
7903
7606
7246
6747
6201
5783
5541
5408
5339
5418
5869
6585
7298
7826
8260
8503
8745
8888
8895
8787
9041
9017
8713
8429
8159
7778
7355
6739
6160
5630
5298
5082
4899
4822
4828
4928
5210
5519
5825
6031
6143
6124
6110
6093
6084
6046
5978
6007
6127
5961
5788
5506
5180
4891
4643
4485
4396
4368
4421
4485
4705
5079
5362
5642
5776
5820
5842
5845
5846
5888
5885
6062
6238
6179
5951
5648
5235
4962
4764
4650
4636
4749
5234
6036
6742
7287
7576
7747
7861
7897
7998
7989
8035
8073
7964
7789
7658
7348
6961
6546
5986
5536
5261
5085
4965
4925
5338
5997
6548
6962
7229
7349
7430
7495
7557
7576
7655
7680
7419
7134
7062
6717
6320
5822
5268
4853
4600
4475
4406
4469
4895
5549
6155
6647
6952
7125
7266
7293
7365
7336
7384
7373
7176
7035
6952
6644
6325
5852
5336
4985
4754
4639
4587
4661
5162
5837
6587
7123
7531
7657
7775
7686
7373
7220
7298
7319
7022
6793
6601
6242
5921
5449
4905
4542
4283
4139
4100
4146
4496
5146
5725
6099
6309
6452
6557
6532
6602
6543
6566
6578
6446
6285
6205
5945
5652
5331
4876
4499
4234
4129
4050
4029
4128
4272
4584
4975
5287
5494
5611
5641
5633
5595
5630
5591
5558
5759
5778
5641
5525
5246
4881
4568
4412
4268
4189
4146
4206
4189
4421
4784
5139
5359
5536
5696
5759
5795
5793
5801
5828
6003
6022
5915
5706
5394
5018
4641
4504
4389
4349
4478
4842
5579
6208
6707
7016
7225
7337
7354
7491
7471
7535
7471
7267
7176
6990
6677
6330
5937
5400
5039
4805
4648
4596
4669
5063
5695
6293
6791
7037
7204
7301
7335
7462
7514
7537
7489
7305
7164
7012
6722
6425
5968
5493
5053
4811
4671
4614
4636
5044
5668
6270
6791
7136
7303
7488
7566
7698
7737
7776
7753
7574
7420
7188
6863
6516
6070
5538
5079
4847
4733
4687
4735
5205
5977
6624
7091
7275
7422
7530
7663
7745
7755
7854
7859
7724
7596
7379
7075
6756
6313
5781
5418
5161
5029
4962
5063
5504
6293
6982
7553
7898
8071
8184
8165
8166
8120
8126
8130
8011
7857
7631
7280
6849
6533
6083
5663
5418
5282
5160
5151
5271
5480
5766
6278
6613
6897
7008
7041
6972
6926
6898
6894
6956
7012
6951
6702
6364
5902
5371
4935
4622
4418
4291
4258
4271
4328
4472
4773
5020
5241
5350
5393
5390
5413
5418
5434
5575
5730
5699
5578
5420
5165
4823
4506
4288
4161
4110
4149
4456
4996
5479
5839
6196
6362
6450
6407
6379
6402
6424
6523
6558
6495
6284
6051
5746
5359
4892
4508
4264
4181
4142
4203
4627
5359
5965
6328
6596
6703
6792
6739
6793
6762
6779
6848
6864
6710
6451
6193
5841
5393
4843
4456
4230
4126
4082
4152
4537
5300
5845
6235
6435
6591
6684
6623
6603
6642
6686
6665
6613
6508
6299
6035
5711
5320
4866
4500
4272
4128
4090
4122
4460
5040
5556
5993
6284
6436
6528
6542
6559
6552
6556
6600
6612
6539
6334
6103
5798
5362
4943
4493
4296
4177
4137
4194
4518
5296
5872
6277
6525
6660
6685
6740
6761
6713
6762
6768
6676
6619
6345
6102
5775
5451
4994
4626
4376
4248
4145
4127
4187
4406
4684
4999
5345
5531
5675
5756
5707
5695
5621
5648
5649
5885
5754
5577
5376
5132
4814
4525
4248
4088
3991
3963
4014
4103
4192
4541
4843
5061
5172
5200
5214
5224
5219
5276
5369
5680
5654
5534
5328
5027
4605
4289
4071
3993
3961
4016
4410
5130
5703
6028
6226
6344
6411
6394
6424
6413
6474
6455
6400
6462
6236
6076
5694
5289
4765
4377
4157
4055
4021
4043
4431
5218
5719
6008
6229
6361
6477
6477
6533
6508
6547
6598
6577
6606
6428
6119
5781
5301
4783
4386
4177
4044
4009
4058
4461
5177
5662
6021
6224
6347
6428
6454
6514
6521
6568
6645
6603
6623
6400
6127
5810
5382
4825
4445
4207
4066
3993
4045
4475
5188
5685
6027
6211
6326
6368
6360
6335
6316
6397
6424
6485
6508
6227
6004
5689
5260
4729
4381
4150
4030
3998
4064
4396
5148
5710
6059
6271
6357
6394
6387
6394
6352
6366
6344
6333
6330
6098
5828
5509
5180
4796
4413
4189
4060
3973
3974
4080
4319
4573
4920
5257
5431
5539
5578
5560
5504
5493
5514
5673
5738
5639
5486
5293
5070
4784
4434
4173
4015
3945
3909
3942
4119
4236
4501
4761
5008
5130
5151
5137
5128
5104
5131
5282
5589
5576
5519
5311
4965
4582
4253
4085
3991
3956
4000
4446
5181
5724
6037
6226
6316
6391
6352
6394
6385
6427
6543
6643
6575
6360
6131
5771
5323
4816
4451
4240
4118
4105
4163
4511
5278
5837
6161
6447
6563
6655
6624
6602
6567
6607
6678
6706
6659
6418
6171
5829
5410
4885
4512
4309
4183
4137
4197
4595
5383
5833
6126
6322
6387
6414
6349
6395
6363
6412
6487
6484
6547
6302
6029
5785
5325
4858
4412
4230
4087
4041
4132
4556
5282
5764
6143
6314
6401
6446
6419
6504
6461
6527
6578
6591
6596
6410
6113
5809
5390
4888
4496
4268
4138
4118
4177
4576
5284
5802
6119
6303
6357
6428
6398
6389
6340
6392
6473
6503
6385
6150
5946
5645
5314
4907
4543
4274
4147
4084
4100
4226
4458
4670
5007
5300
5503
5591
5533
5530
5431
5383
5381
5532
5763
5672
5518
5360
5120
4844
4542
4147
4037
4023
4050
4131
4220
4416
4725
4927
5085
5160
5174
5183
5186
5214
5428
5731
5676
5584
5451
5210
4922
4537
4251
4069
3981
3966
4087
4503
5116
5678
6055
6246
6349
6435
6461
6458
6432
6511
6594
6746
6428
6174
5886
5584
5158
4696
4328
4147
4050
4027
4075
4528
5178
5739
5941
6292
6412
6513
6504
6512
6487
6544
6785
6898
6591
6324
6058
5690
5243
4723
4337
4143
4044
4022
4100
4505
5177
5701
6058
6279
6337
6446
6396
6421
6357
6424
6614
6794
6512
6294
6003
5675
5221
4748
4363
4179
4062
4027
4109
4581
5179
5716
6148
6291
6374
6429
6450
6442
6449
6483
6694
6857
6559
6317
6011
5685
5230
4778
4356
4168
4082
4035
4131
4520
5164
5720
6109
6327
6428
6496
6514
6506
6453
6531
6736
6789
6496
6192
5869
5601
5214
4823
4433
4239
4133
4029
4030
4153
4295
4643
4915
5285
5446
5551
5545
5549
5515
5519
5663
5931
5856
5691
5512
5327
5083
4753
4449
4227
4088
4002
3993
4062
4117
4347
4682
4936
5155
5248
5305
5312
5328
5398
5621
5925
5845
5770
5597
5357
4997
4597
4306
4129
4018
3997
4104
4470
5124
5702
6121
6355
6396
6491
6411
6411
6400
6448
6650
6844
6493
6316
5979
5626
5247
4879
4345
4137
4055
4008
4061
4424
4997
5523
5832
6171
6286
6311
6336
6342
6353
6382
6658
6797
6518
6281
5959
5653
5334
4719
4344
4155
4099
4060
4091
4526
5129
5722
6114
6351
6473
6497
6492
6535
6522
6705
6941
6887
6689
6414
6123
5793
5415
4802
4440
4252
4147
4103
4138
4505
5154
5715
6107
6381
6388
6415
6408
6406
6334
6441
6674
6795
6507
6315
6016
5760
5421
4818
4468
4234
4058
4031
4081
4385
4837
5373
5785
6132
6231
6273
6263
6235
6218
6221
6423
6611
6338
6066
5835
5584
5248
4867
4558
4305
4161
4098
4100
4201
4363
4666
4975
5240
5302
5433
5295
5249
5212
5293
5513
5727
5686
5565
5410
5237
5118
4835
4429
4246
4116
4033
4024
4111
4118
4337
4599
4802
5034
5161
5194
5212
5222
5269
5626
5799
5788
5647
5530
5317
4983
4599
4313
4148
3995
3972
4041
4432
5085
5541
5920
6213
6296
6324
6418
6434
6358
6455
6804
6716
6514
6257
5997
5676
5321
4753
4393
4146
3998
3941
3992
4427
5091
5818
6206
6369
6465
6550
6522
6392
6515
6615
6927
7029
6657
6402
6194
5832
5421
4843
4476
4257
4143
4096
4169
4593
5309
5934
6305
6521
6647
6702
6719
6766
6652
6797
7209
7124
6700
6424
6091
5841
5365
4829
4467
4176
4066
3966
4152
4460
5118
5823
5823
6359
6431
6451
6452
6458
6431
6560
6879
6983
6812
6533
6179
5848
5453
4919
4583
4383
4276
4241
4317
4726
5357
5894
6239
6452
6517
6541
6529
6506
6445
6519
6808
6886
6558
6333
6053
5807
5445
5008
4670
4466
4323
4225
4245
4409
4519
4852
5127
5433
5549
5583
5526
5487
5458
5495
5819
5952
5906
5771
5585
5464
5208
4866
4560
4355
4214
4122
4132
4205
4269
4454
4733
4958
5128
5250
5259
5256
5235
5299
5642
5857
5798
5744
5618
5402
5043
4652
4365
4201
4091
4087
4159
4598
5291
5841
6184
6402
6416
6484
6483
6480
6476
6653
7036
6988
6676
6449
6146
5826
5393
4870
4486
4277
4187
4147
4234
4657
5420
5933
6384
6624
6734
6761
6729
6815
6711
6753
7064
7043
6742
6459
6180
5929
5522
5061
4694
4463
4387
4333
4403
4848
5436
6042
6397
6647
6711
6697
6625
6595
6533
6535
6920
6915
6621
6359
6124
5845
5510
5093
4708
4492
4346
4314
4306
4333
4482
4655
4877
5095
5215
5343
5329
5271
5238
5314
5367
5481
5403
5307
5235
5231
5131
4926
4724
4620
4541
4319
4362
4603
4973
5351
5631
5830
5970
6100
6060
6060
6025
6046
6449
6575
6315
6127
5939
5738
5431
5063
4758
4595
4433
4385
4382
4522
4609
4836
5170
5400
5551
5653
5631
5596
5534
5548
5902
6027
5964
5812
5669
5533
5294
4977
4619
4416
4283
4209
4180
4265
4315
4466
4735
4962
5110
5228
5284
5315
5323
5444
5874
5978
5937
5843
5731
5479
5159
4697
4415
4251
4159
4116
4205
4613
5273
5866
6294
6432
6371
6547
6570
6496
6415
6577
6752
6813
6499
6252
6028
5640
5197
4687
4334
4088
4143
4105
4156
4580
5226
5665
6123
6303
6456
6566
6563
6597
6601
6669
6964
7001
6669
6411
6174
5846
5337
4761
4440
4004
3857
3806
3836
4211
4910
5572
5941
6102
6170
6214
6219
6153
6331
6477
6852
6899
6625
6394
6129
5816
5379
4837
4471
4249
4134
4100
4208
4618
5311
5829
6187
6364
6465
6485
6465
6459
6448
6593
6964
6976
6741
6479
6248
5938
5435
4967
4576
4388
4256
4253
4301
4712
5361
5906
6255
6436
6536
6582
6542
6541
6540
6706
7036
7013
6769
6497
6257
6002
5609
5190
4823
4605
4487
4395
4404
4547
4760
5016
5354
5655
5788
5853
5844
5793
5776
5802
6217
6318
6272
6113
5942
5800
5516
5147
4828
4587
4442
4374
4369
4412
4589
4720
5081
5461
5681
5805
5866
5872
5890
5911
6297
6384
6316
6169
6052
5771
5411
4995
4669
4498
4390
4366
4408
4836
5528
6139
6451
6675
6719
6789
6775
6803
6827
6959
7347
7310
7032
6842
6563
6268
5790
5252
4846
4635
4509
4488
4578
4966
5659
6165
6499
6664
6756
6759
6793
6766
6784
6862
7242
7326
7094
6859
6570
6306
5838
5297
4912
4645
4547
4515
4608
5028
5688
6254
6562
6748
6843
6870
6856
6822
6850
6938
7379
7415
7163
6958
6683
6377
5933
5370
4992
4778
4659
4638
4702
5136
5799
6354
6670
6832
6888
6895
6888
6879
6867
6960
7311
7361
7145
6965
6694
6386
5929
5375
4971
4733
4611
4581
4645
5076
5698
6284
6644
6878
7048
7000
6946
6915
6842
6906
7290
7341
6979
6779
6485
6210
5817
5404
5012
4804
4638
4587
4557
4700
4893
5184
5494
5779
5905
5945
5912
5871
5850
5891
6317
6431
6366
6214
6043
5878
5620
5230
4904
4643
4484
4436
4417
4488
4595
4694
5023
5267
5461
5555
5605
5677
5736
5845
6187
6346
6300
6211
6075
5854
5455
5070
4706
4566
4457
4403
4474
4926
5613
6122
6410
6655
6758
6813
6782
6778
6755
6835
7244
7314
7103
6935
6696
6377
6032
5364
4975
4798
4679
4657
4719
5127
5868
6403
6687
6894
6974
7012
7002
6987
6970
7076
7476
7580
7346
7151
6932
6568
6086
5574
5158
4969
4863
4832
4915
5292
5987
6491
6775
7009
7095
7130
7081
7088
7073
7200
7629
7645
7397
7183
6977
6632
6115
5629
5193
5016
4877
4820
4875
5291
5991
6493
6778
6988
7042
7078
7039
7035
7050
7133
7558
7546
7234
7035
6766
6459
5948
5507
5027
4794
4665
4590
4690
5036
5690
6246
6547
6704
6748
6743
6710
6689
6669
6735
7122
7167
6909
6660
6389
6122
5733
5315
4966
4710
4568
4506
4502
4635
4895
5099
5465
5737
5830
5870
5842
5774
5774
5891
6248
6391
6341
6220
6067
5885
5605
5286
4934
4717
4522
4441
4413
4525
4658
4810
5081
5414
5557
5617
5616
5602
5588
5695
6115
6329
6274
6194
6123
5930
5602
5118
4793
4593
4446
4418
4508
0
5658
6159
6516
6735
6778
6808
6775
6770
6766
6853
7279
7372
7084
6891
6698
6377
5932
5415
5031
4807
4664
4603
4656
5009
5537
5920
6235
6490
6619
6641
6686
6594
6590
6615
6969
7098
6889
6686
6460
6237
5786
5310
4919
4727
4619
4592
4688
5040
5512
5920
6216
6533
6613
6680
6655
6633
6598
6670
7013
7064
6885
6711
6475
6232
5777
5326
4891
4705
4583
4561
4655
5007
5516
5904
6259
6474
6576
6564
6586
6526
6494
6544
6919
7004
6790
6624
6364
6145
5728
5276
4961
4700
4633
4552
4604
4953
5553
6008
6346
6546
6575
6582
6485
6425
6319
6338
6649
6773
6563
6384
6147
5886
5549
5205
4826
4561
4432
4310
4308
4418
4651
4799
5094
5306
5429
5494
5444
5397
5404
5428
5788
5951
5866
5742
5620
5476
5262
5022
4762
4525
4378
4278
4237
4294
4390
4436
4664
4872
5083
5139
5227
5304
5322
5382
5558
5585
5542
5451
5366
5279
5124
4802
4534
4327
4197
4124
4157
4289
4493
4664
5010
5292
5466
5550
5582
5646
5659
5696
6074
6196
6146
5999
5865
5659
5376
4971
4666
4449
4344
4308
4388
4701
5259
5666
6052
6235
6355
6454
6454
6392
6398
6462
6842
6908
6704
6489
6247
5975
5580
5104
4775
4530
4416
4366
4397
4743
5246
5676
6036
6264
6390
6436
6408
6389
6391
6480
6825
6900
6629
6406
6178
5909
5515
5027
4676
4440
4292
4249
4297
4626
5183
5640
6091
6376
6531
6598
6611
6592
6547
6633
6899
6885
6634
6397
6146
5902
5501
5043
4685
4456
4330
4285
4336
4661
5198
5578
5941
6162
6234
6311
6297
6241
6211
6192
6549
6700
6500
6286
6090
5859
5579
5187
4868
4645
4468
4395
4384
4474
4668
4824
5178
5466
5627
5668
5723
5745
5823
5969
6230
6332
6267
6086
5905
5694
5456