3937
3730
3489
3256
3089
3030
2962
2979
2950
3110
3304
3581
3676
3759
3872
4028
4245
4572
4742
4724
4663
4519
4343
4022
3643
3318
3056
2859
2775
2750
2870
3104
3270
3552
3841
4036
4120
4169
4297
4451
4758
5252
5399
5309
5086
4822
4547
4209
3775
3487
3303
3223
3222
3254
3694
4388
4933
5195
5511
5552
5629
5654
5574
5595
5753
5958
6047
5759
5547
5269
4923
4481
3951
3599
3384
3279
3239
3273
3641
4270
4727
4940
5072
5080
5124
5174
5251
5316
5517
5784
6006
5784
5546
5261
4814
4360
3765
3427
3200
3081
3013
3089
3537
4262
4792
5134
5332
5361
5416
5400
5399
5468
5754
6121
6224
6038
5765
5422
5010
4438
3782
3285
3026
2862
2838
2924
3356
4101
4686
5138
5430
5423
5503
5442
5499
5536
5624
5834
5871
5654
5331
5034
4827
4386
3881
3551
3372
3198
3048
2977
3033
3170
3411
3651
3889
4032
4058
4021
4202
4253
4333
4653
4919
4848
4766
4571
4276
4042
3697
3439
3050
3044
2936
2932
2970
3150
3273
3457
3681
3861
3978
3963
3988
4196
4407
4815
5148
5033
5020
4849
4515
4037
3542
3246
3014
2831
2765
2826
3298
4259
4631
4893
5034
5094
5117
5036
5072
5310
5664
6032
6229
6091
5987
5722
5321
4769
4213
3785
3555
3341
3221
3220
3577
3922
4644
4864
4915
5004
5016
4924
5112
5194
5360
5840
6031
5786
5577
5284
4816
4160
3614
3159
2910
2771
2700
2786
3135
3876
4474
4835
5006
5167
5250
5281
5317
5348
5523
5797
5922
5686
5445
5192
4840
4423
3965
3543
3392
3273
3370
3484
3799
4507
5037
5253
5431
5471
5432
5390
5564
5599
5683
5973
6248
6052
5854
5519
4979
4503
3762
3341
3062
2877
2770
2810
3188
3910
4413
4763
4968
5015
5006
5065
5144
5267
5361
5547
5722
5416
5207
4971
4722
4375
3934
3602
3389
3289
3214
3235
3344
3585
4208
4627
4926
5130
5184
5113
5129
5139
5127
5319
5398
5328
5182
5080
4608
4322
3900
3499
3158
2987
2863
2879
2996
3150
3246
3505
3787
4001
4095
4064
4077
4056
4027
4408
4752
4665
4629
4477
4267
3937
3493
3206
2996
2810
2746
2774
3023
3395
3678
4099
4369
4597
4616
4608
4640
4645
4725
5008
5399
5250
5194
4867
4537
4069
3438
3080
2901
2747
2677
2756
3085
3832
4312
4584
4806
4849
4866
4885
5068
5246
5473
5734
5951
5706
5445
5172
4845
4417
3961
3617
3482
3354
3314
3416
3842
4696
5365
5755
6214
6352
6402
6339
6236
6126
6112
6137
6106
5859
5553
5269
4961
4406
3912
3484
3293
3159
3167
3268
3604
4284
4750
5048
5201
5235
5274
5196
5296
5328
5457
5716
6015
5741
5539
5304
4939
4310
3717
3224
2955
2831
2757
2864
3246
3954
4364
4674
4808
4881
4913
4857
5033
5253
5476
5843
6237
6049
5830
5536
5156
4569
3953
3570
3239
3095
2928
2907
2966
3144
3310
3590
3873
4056
4053
4055
4172
4403
4594
4952
5381
5524
5449
5251
4991
4409
4029
3632
3372
3185
3074
3043
3008
3121
3081
3407
3675
3836
3849
3911
4056
4104
4199
4539
4847
4908
4838
4721
4441
3989
3626
3306
3153
3080
3026
3143
3548
4185
4772
5059
5354
5410
5528
5517
5512
5497
5542
5757
5873
5650
5365
5122
4782
4271
3842
3444
3152
3013
2982
2972
3294
3951
4226
4731
4907
4935
4946
4904
4998
5161
5387
5578
5947
5707
5510
5218
4824
4287
3701
3225
2986
2890
2888
3039
3473
4067
4665
5005
5228
5165
5451
5487
5544
5477
5588
5764
5986
5692
5461
5211
4854
4396
3857
3490
3248
3153
3105
3172
3565
4262
4723
5005
5188
5256
5290
5247
5251
5272
5313
5471
5801
5581
5397
5090
4758
4278
3755
3336
3133
2984
2953
2983
3376
4001
4553
4774
4989
4975
4980
4999
5119
5168
5317
5472
5736
5595
5400
5097
4804
4182
3715
3267
3071
2830
2695
2702
2824
2971
3210
3521
3715
3821
3824
3884
3952
3989
4120
4281
4682
4757
4701
4532
4350
3858
3472
3089
2848
2633
2539
2495
2596
2683
2780
3063
3302
3455
3566
3724
3909
4054
4216
4488
4747
4813
4747
4602
4358
3817
3717
3406
3170
2989
2968
3197
3571
4191
4631
4888
5114
5204
5163
5208
5250
5356
5407
6090
6446
6203
5992
5665
5296
4806
4154
3698
3483
3300
3233
3258
3672
4421
4964
5282
5512
5596
5620
5658
5693
5656
5747
5874
5972
5692
5498
5219
4936
4480
3603
3067
2872
2702
2599
2574
2969
3599
4070
4267
4462
4443
4406
4420
4696
5017
5308
5474
5667
5499
5305
5359
4905
4233
3640
3101
2760
2636
2565
2517
2876
3628
4015
4300
4469
4478
4422
4479
4773
5172
5485
5708
5988
5873
5725
5438
4896
4194
3610
3106
2759
2603
2544
2492
2847
3516
4008
4255
4422
4506
4417
4462
4724
5182
5574
5769
5911
5737
5547
5278
4921
4413
3809
3460
3175
3070
3015
3180
3526
4260
4833
5107
5378
5421
5456
5385
5363
5390
5535
5610
5925
5721
5510
5262
4951
4396
3786
3313
3091
2924
2839
2770
3072
3024
3439
3753
3844
3957
3735
3750
4017
4104
4264
4451
5303
5356
5200
4975
4758
4245
3683
3262
2965
2784
2667
2651
2675
2695
2847
3116
3335
3521
3631
3695
4003
4380
4448
4603
5117
5189
5029
4930
4671
4093
3545
3131
2854
2721
2688
2771
3205
3782
4342
4596
4720
4765
4815
4797
5058
5409
5558
5753
6144
5939
5791
5489
5083
4298
3618
3175
2874
2731
2783
2872
3281
3931
4544
4796
5014
5135
5123
5114
5173
5264
5370
5626
6039
5872
5662
5404
5001
4386
3737
3287
3053
2870
2834
2869
3308
3947
4558
4879
5013
5071
5087
5087
5236
5347
5547
5707
5991
5792
5652
5384
4997
4523
3954
3567
3348
3167
3073
3153
3536
4185
4843
5148
5321
5454
5395
5511
5466
5390
5401
5563
5852
5586
5389
5079
4712
4280
3745
3343
3153
3003
2966
3049
3410
4108
4590
4937
5138
5210
5147
5137
5155
5181
5255
5394
5677
5547
5255
5017
4701
4275
3803
3334
3191
3127
3006
2978
3048
3256
3470
3827
4094
4273
4355
4319
4321
4307
4395
4604
4983
5022
4774
4579
4368
4104
3828
3441
3266
2953
2801
2753
3026
3119
3168
3550
3747
3916
4017
4074
4111
4096
4133
4305
4787
4845
4731
4707
4493
4020
3531
3105
2948
2839
2772
2879
3271
3940
4635
4920
5190
5319
5415
5494
5520
5587
5611
5731
5837
5657
5420
5191
4923
4512
4028
3707
3541
3416
3397
3508
3917
4523
5077
5335
5504
5477
5418
5474
5530
5534
5566
5685
5999
5874
5663
5517
5101
4556
3824
3298
3049
2879
2813
2841
3268
3867
4378
4747
4888
4971
5014
5050
5225
5447
5864
6213
6368
6097
5680
5440
4830
4304
3819
3392
3170
3066
2969
2990
3129
3995
4635
4950
5137
5077
5067
5056
5211
5240
5309
5458
5673
5577
5384
5114
4768
4317
3758
3358
3097
3017
2937
3012
3354
3952
4508
4813
4993
5103
5135
5194
5201
5148
5074
5216
5446
5300
5074
4811
4527
4167
3766
3330
3141
2940
2842
2847
2958
3035
3307
3603
3869
3957
3954
4045
4036
4061
4101
4278
4542
4693
4640
4516
4272
4028
3657
3246
2945
2798
2715
2792
2918
2856
2875
3169
3441
3522
3586
3698
3918
3979
4048
4173
4643
4677
4598
4500
4384
4072
3765
3309
3083
2955
2911
2963
3163
3371
3731
4134
4456
4696
4801
4844
4842
4810
4850
5035
5198
5120
4982
4787
4527
4224
3737
3368
3201
3067
3034
3099
3482
3960
4513
4893
5143
5225
5290
5249
5400
5461
5431
5475
5735
5633
5475
5241
4868
4284
3737
3302
3102
2994
3025
3070
3401
3947
4454
4855
5133
5198
5225
5209
5273
5306
5372
5441
5610
5633
5413
5124
4806
4369
3833
3355
3026
2882
2824
2933
3320
3755
4383
4716
5031
5094
5154
5185
5242
5294
5426
5549
5732
5608
5200
4911
4544
4119
3633
3253
3068
2930
2943
2994
3386
3802
4329
4693
4806
4863
4913
4995
5115
5214
5220
5293
5468
5407
5144
4930
4622
4205
3710
3319
2959
2784
2640
2617
2722
2762
2973
3266
3484
3620
3732
3800
3921
3855
3833
4529
4758
4911
4876
4728
4498
4183
3840
3485
3149
2997
2943
2966
3014
2993
3084
3299
3606
3724
3685
3880
3910
3938
4063
4245
4567
4833
4818
4671
4428
4021
3415
3147
2892
2817
2782
2829
3291
3891
4485
4829
5089
5225
5282
5318
5394
5416
5576
5612
5773
5561
5299
5066
4676
4260
3415
3147
2892
2817
2782
2829
3291
3891
4485
4829
5089
5225
5282
5318
5394
5416
5576
5612
5773
5561
5299
5066
4676
4260
3688
3306
3110
3048
3016
3090
3522
4006
4513
4956
5204
5354
5410
5313
5335
5261
5420
5496
5672
5672
5487
5203
4824
4399
3897
3524
3310
3182
3126
3154
3559
4176
4679
5012
5199
5252
5216
5255
5268
5166
5282
5443
5592
5538
5395
5133
4771
4311
3757
3325
3126
3042
2914
2986
3398
3988
4498
4887
5058
5087
5067
5105
5305
5181
5301
5326
5448
5478
5322
5175
4874
4325
3766
3435
3219
3070
3045
3034
3364
3926
4434
4748
4954
4971
4649
4706
5063
5056
5126
5244
5335
5391
5141
4900
4599
4243
3778
3343
3031
2824
2639
2592
2652
2725
3024
3322
3533
3615
3644
3814
4086
4213
4283
4326
4551
4834
4780
4700
4525
4202
3667
3271
3029
2821
2679
2653
2665
2577
2770
3022
3286
3456
3552
3892
4162
4186
4325
4524
4734
4981
4904
4831
4658
4264
3869
3588
3407
3273
3262
3146
3359
3947
4468
4740
4897
4971
5014
5031
5260
5420
5677
5949
6175
6019
6110
5815
5482
5016
4316
3801
3529
3190
3198
3343
3519
4138
4775
5150
5419
5542
5684
5803
5754
5486
5419
5432
5369
5367
5199
4992
4662
4151
3579
3201
2985
2878
2763
2743
3087
3648
4125
4493
4738
4866
4892
4987
5049
5033
5201
5210
5360
5542
5189
5183
4805
4307
3765
3364
3157
2933
2808
2884
3156
3711
4186
4525
4726
4755
4794
5070
5188
5284
5254
5397
5523
5636
5333
5090
4736
4285
3680
3188
2995
2928
2895
2982
3359
3955
4592
4996
5284
5325
5330
5334
5306
5379
5428
5577
5718
5708
5541
5233
4854
4505
3954
3690
3358
3269
3118
3088
3219
3361
3701
3984
4217
4346
4332
4337
4274
4317
4328
4443
4592
4942
5015
4708
4553
4181
3661
3262
3035
2855
2819
2743
2761
2781
3131
3323
3628
3665
3765
4010
4099
4113
4200
4325
4508
4892
4939
4717
4477
4071
3467
3091
2920
2806
2785
2867
3305
4024
4594
4853
5008
5027
4775
4732
5246
5287
5352
5492
5541
5667
5677
5399
4979
4429
3738
3384
3225
3095
3124
3136
3448
4062
4530
4829
5017
5017
4811
5199
5257
4940
5478
5577
5661
5724
5578
5300
4980
4447
3856
3493
3310
3059
3028
3055
3409
4025
4499
4836
5034
4962
5090
5223
5319
5279
5377
5575
5643
5753
5531
5231
4918
4411
3855
3396
3042
2838
2751
2780
3057
3699
4240
4552
4707
4863
4960
5063
5156
5240
5350
5429
5567
5720
5516
5256
4941
4468
3823
3276
2998
2766
2708
2770
3015
3686
4145
4558
4739
4789
4798
5151
5298
5295
5419
5465
5535
5624
5420
5154
4838
4432
3749
3252
3255
2824
2696
2696
2690
2872
3105
3544
3712
3828
3957
4223
4322
4353
4341
4396
4645
4999
4921
4823
4648
4338
3899
3485
3198
3048
2845
2818
2823
2918
3135
3455
3738
3992
4143
4198
4291
4313
4371
4548
4655
4848
4740
4629
4399
4048
3660
3320
3160
3073
3015
3105
3500
4108
4699
5016
5345
5402
5497
5518
5483
5587
5640
5678
5707
5700
5523
5198
4921
4392
3766
3341
3141
3035
2788
2988
3185
3781
4268
4528
4792
4816
4904
5210
5335
5383
5559
5648
5739
5893
5780
5511
5093
4610
3948
3283
3081
2907
2870
2929
3352
3900
4482
4861
5189
5281
5433
5524
5581
5582
5667
5700
5719
5593
5387
5098
4690
4297
3819
3394
3227
3083
3056
3099
3483
4033
4625
4973
5244
5361
5373
5339
5295
5335
5403
5541
5559
5586
5356
5110
4843
4458
3778
3407
3179
3097
3016
2952
2871
3520
4049
4537
4832
4926
4919
4987
5091
5081
5088
5132
5217
5305
5150
5111
4897
4631
3963
3673
3218
2838
2794
2733
2738
2862
3116
3459
3714
3906
4087
4258
4188
4330
4434
4542
4537
4651
4522
4372
4154
3893
3553
3208
2956
2803
2701
2691
2692
2774
2942
3274
3721
3945
4057
4087
4127
4127
4179
4271
4425
4672
4617
4554
4391
4019
3640
3311
3085
2936
2871
2971
3363
3965
4601
5043
5350
5522
5551
5625
5631
5651
5734
5788
5813
5697
5540
5219
4957
4496
4011
3673
3452
3312
3310
3323
3654
4334
4958
5254
5577
5584
5638
5711
5674
5676
5665
5736
5757
5915
5753
5471
5125
4643
4042
3617
3394
3248
3069
2990
3249
3848
4345
4688
4874
4933
5106
5379
5564
5712
5791
5864
5913
5999
5882
5559
5250
4702
4166
3704
3372
3106
3150
3137
3392
3914
4355
4665
4862
4862
5075
5407
5523
5624
5175
5467
5740
5785
5528
5307
4965
4395
3857
3485
3020
3137
3126
3157
3505
4171
4783
5192
5393
5461
5532
5522
5514
5497
5546
5593
5676
5735
5603
5334
4988
4534
4095
3719
3474
3316
3216
3208
3307
3402
3781
4176
4541
4722
4889
4777
4706
4770
4903
5312
5404
5495
5365
5164
4981
4726
4324
4065
3897
3722
3541
3413
3378
3339
3405
3639
3844
4025
4206
4238
4243
4217
4301
4428
4430
4522
4709
4688
4528
4205
3760
3420
3245
3083
3039
3127
3500
4165
4688
4973
5215
5261
5461
5476
5482
5452
5503
5583
5630
5484
5737
5654
5431
4902
4336
3778
3476
3351
3225
3174
3588
4158
4541
4816
4907
4925
5128
5564
5615
5642
5779
5849
5853
5231
5464
5270
5451
4979
4237
3619
3360
3154
3047
3070
3357
3920
4410
4791
4979
5070
5293
5551
5843
6010
4995
4324
4035
3273
2937
2561
2966
4586
4508
4028
3655
3412
3228
3293
3578
4218
4781
5122
5330
5430
5595
5825
5382
4916
4515
4105
3957
3949
4033
3957
4153
3931
3467
4012
3889
3670
3617
3612
3977
4619
5242
5469
5689
5682
5607
5623
5733
5779
5844
5853
5871
5597
5681
5550
5272
4861
4281
3703
3440
3277
3005
2953
2993
3046
3301
3759
4135
4175
4512
4605
4659
4733
4684
4714
4802
4641
5223
5057
4791
4465
3993
3664
3156
3001
2808
2736
2713
2729
2891
3116
3393
3373
3881
4206
4487
3986
3452
3282
2571
2837
2710
2889
2572
4231
4290
3928
3354
3262
3103
3266
3481
4385
5015
5251
5440
5457
5562
5621
5655
5717
5693
5775
5707
5498
5693
5649
5292
4616
3924
3452
3186
2900
2947
3068
3434
3975
4504
4870
4950
4760
5180
5234
5302
5367
5506
5523
5477
5289
5568
5472
5183
4644
3994
3444
3039
2832
2769
2753
3120
3691
4207
4562
4788
4867
5189
5466
5483
5564
5628
5673
5623
5466
5648
5554
5212
4679
3998
3492
3173
2947
2825
2834
3081
3707
4269
4705
4897
5027
5414
5687
5898
5827
5947
5713
5445
4984
5846
5596
5187
4656
3915
3502
3229
3090
3034
3024
3282
3855
4584
4963
5182
5277
5342
5365
5422
5436
5523
5515
5496
5267
5454
5243
4836
4370
3846
3419
3129
2872
2684
2629
2754
2813
3083
3486
3616
3751
4100
4485
4533
4583
4668
4615
4639
4731
4950
4988
4858
4471
4008
3573
3251
3024
2791
2697
2663
2608
2797
3069
3278
3466
3816
4230
4616
3719
2789
2354
2196
2100
2371
2446
2969
4676
4285
3739
3464
3191
3054
3023
3386
3946
4465
4885
5203
5267
5633
5385
4927
4715
4075
3866
3455
3493
3352
3309
3405
4491
4409
3980
3660
3367
3186
3182
3546
4043
4665
5014
5190
5050
5673
6029
5418
4556
3896
2780
2359
2045
2078
2007
2132
3709
4603
4135
3761
3548
3421
3400
3699
4517
5273
5740
6031
6161
5723
4855
3553
2902
2683
2244
2285
1663
1924
2250
2414
2336
2452
2068
3150
2777
2662
2690
3451
4907
5521
5624
5767
5786
5812
5800
5887
5837
6107
6123
5951
5503
5492
5477
5457
4906
4330
3923
3722
3481
3334
3230
3360
3881
4321
4637
4900
4985
5259
5339
5410
5635
5677
5588
5526
5277
5140
4816
4579
4286
3950
3580
3324
3153
3168
3149
3222
3343
3540
4132
4423
4713
4857
4957
4887
4835
5047
5069
5115
5101
5214
5107
4969
4618
4313
4084
3745
3567
3431
3393
3433
3455
3590
3741
3981
4107
4113
4102
4115
4092
4069
4146
4337
4372
4560
4586
4464
4126
3761
3391
3191
2995
2845
2850
3018
3472
3990
4495
4743
4949
5139
5223
5296
5271
5323
5402
5287
5118
5124
5157
4869
4483
3875
3491
3232
2936
2777
2842
3121
3667
4305
4689
4908
5056
5306
5627
5418
5369
5358
4667
4746
4207
4685
5171
5306
4849
4246
3819
3565
3364
3294
3360
3734
4214
4799
5254
5571
5630
5662
5652
5744
5804
5833
5973
5973
5377
5750
5672
5337
4904
4418
3932
3628
3433
3285
3123
3484
3932
4494
4876
5094
5370
5547
5643
5716
5748
5863
5855
5820
5458
5176
5200
4794
4609
4056
3616
3371
3098
2848
2904
2969
3575
4119
4568
4832
5045
5249
5346
5440
5571
5546
5589
5511
5275
5320
5320
5003
4655
4038
3808
3471
3332
3211
3177
3221
3394
3699
4092
4386
4567
4733
4782
4768
4835
4848
4892
5017
5030
5116
5063
4867
4645
4080
3890
3546
3404
3270
3233
3229
3277
3514
3801
4052
4214
4332
4371
4407
4434
4428
4471
4572
4658
4768
4962
4823
4504
4010
3569
3338
3083
2846
2927
3086
3653
4281
4563
4758
4931
5235
5509
5712
5851
5929
5961
5911
5839
5572
5503
4792
4246
3750
3305
3013
2793
2708
2723
2958
3572
4172
4546
4725
4832
5070
5344
5495
5557
5589
5727
5531
5335
5279
5358
5075
4505
3889
3308
3010
2774
2668
2726
2977
3604
4176
4541
4722
4818
5038
5344
5501
5551
5705
5725
5646
5532
5449
5497
5122
4719
4077
3529
3103
2915
2824
2779
3039
3650
4204
4585
4774
4976
5330
5606
5691
5741
5787
5772
5733
5539
5460
5491
5110
4605
4068
3558
3265
3017
2877
2856
3107
3786
4397
4741
4966
5138
5416
5404
5470
5510
5558
5651
5648
5402
5346
5228
4937
4477
4042
3699
3451
3250
3188
3174
3227
3389
3668
4065
4328
4504
4583
4579
4689
4714
4768
4793
4173
4428
4017
4632
4719
4697
4068
3754
3336
3143
2990
3022
2871
3019
3124
3453
3659
3875
4247
4406
4413
4508
4555
4209
3975
3981
4351
4536
4634
4598
3860
3553
3209
3045
2984
3127
3274
3970
4507
4879
5060
5217
5554
5722
5819
5906
5984
5670
5322
4999
5145
5200
5125
4855
4396
3907
3594
3349
3258
3247
3470
4091
4641
5012
5193
5432
5682
5833
5523
6086
5492
4807
4432
3631
3586
3813
4398
4894
4333
3868
3503
3300
3178
3154
3411
4097
4767
5098
5370
5548
5696
5813
5991
5908
4934
4023
3194
2185
1856
2328
1995
2466
2039
3890
3894
3721
3606
3657
3977
4717
5315
5566
6170
6237
6215
6205
5996
6044
5596
5343
4643
4424
4270
4773
4674
4915
4336
3847
3426
3584
3465
3503
3742
4373
4940
5183
5809
5891
5872
5835
5650
5689
5224
4960
5731
5000
5071
5161
4938
4821
4221
3739
3519
3625
3493
3489
3445
3622
3899
4126
4825
4998
5001
4978
4801
4861
4372
4134
5040
4532
4785
4916
4778
2753
2908
2605
3939
3727
3583
3546
3468
3535
3746
3943
4653
4939
5035
5073
4936
5008
4563
4332
5221
4762
5001
5168
4985
3984
4455
4108
3865
3717
3633
3599
3837
4658
5318
5619
5796
5906
6126
6218
6353
5994
6041
5552
4914
4330
4449
4724
4781
5059
4484
3923
3561
3306
3296
3259
3465
4123
4649
5054
5281
5573
5786
5834
6009
6116
6250
6040
5705
5410
5273
5310
5448
5028
4336
3744
3425
3183
3175
3119
3288
4002
4655
5049
5239
5417
5752
5948
6176
5968
5592
5596
5419
5142
4284
4595
5381
4731
4432
3784
3423
3155
3024
2962
3222
3846
4462
4898
5145
5458
5917
6114
5830
5609
5391
4907
4729
4371
4517
4921
5332
4841
4300
3854
3598
3418
3341
3321
3584
4285
4920
5369
5539
5636
5663
5656
5649
5569
5566
5561
5430
5038
4926
5002
4864
4538
4024
3482
3203
2963
2859
2812
2764
2928
3292
3599
3840
4173
4614
4908
4583
4086
3881
3863
3398
3567
3256
3984
4691
4677
4270
3784
3446
3198
3107
3031
2917
2973
3178
3460
3841
4093
4254
4532
4583
4597
4803
4676
4806
4674
4747
4912
4713
4335
3870
3581
3300
3184
3017
3147
3416
4047
4693
5101
5358
5489
5570
5710
5773
5829
5991
6001
5989
5722
5625
5572
5263
4746
4262
3729
3409
3340
3267
3218
3483
4212
4884
5306
5491
5563
5665
5595
5649
5559
5605
5658
5660
5503
5626
5449
4969
4491
3876
3482
3214
3100
3042
3130
3444
4122
4804
5138
5418
5513
5580
5595
5564
5563
5586
5698
5670
5456
5408
5313
4888
4453
3950
3572
3414
3313
3260
3290
3586
4285
4940
5324
5559
5698
5822
5810
5804
5827
5866
5955
5865
5593
5518
5515
5175
4794
4118
3777
3514
3411
3342
3395
3514
4095
4705
5106
5384
5668
5895
5183
4557
4277
3521
2782
2437
1896
1779
1719
3494
4036
4535
4117
3754
3532
3361
3267
3164
3375
3674
4098
4385
4727
4836
3697
3273
2713
2419
2626
3098
3099
4826
5049
4724
4491
4123
3839
3638
3486
3342
3209
3140
3263
3465
3776
3878
4168
4613
4558
4240
3553
3570
2905
2854
3202
2924
3578
3971
3756
4340
4073
3798
3653
3244
3168
3161
3240
3495
3818
4054
4496
4858
4227
3566
3756
3324
3101
2859
3036
3489
4797
5119
4578
4404
3949
3719
3467
3334
3297
3488
4265
4933
5495
5738
6082
6088
5195
4763
4149
4329
4275
3114
2971
2785
3199
3605
3579
3909
4199
3982
3853
3795
3854
4149
4830
5574
5985
6193
6329
6402
6420
6449
6439
6451
6534
5351
4774
4595
4593
4781
4760
4510
4105
3890
3775
3731
3758
4073
4753
5417
5894
6113
6203
6277
6301
6336
6341
6409
5718
4858
4281
4102
4146
4567
5040
4526
4136
3902
3795
3743
3803
4073
4778
5481
5929
6221
6301
6386
6443
6533
6498
6508
6497
6290
5954
5789
5724
5442
5102
4665
4302
4071
3909
3844
3828
3833
4058
4414
4818
5134
5470
5611
4744
4092
3681
3002
2554
2295
2032
1960
2126
2253
2753
3761
4116
4469
4294
4168
4106
4014
4230
4519
4912
5348
4604
3693
2943
2301
2189
2008
1785
1800
1026
774
1441
1896
2967
3631
3753
3937
4192
4387
4650
5191
5977
6823
7537
7741
6899
5927
4875
4101
3696
3561
3375
2809
2833
6501
6569
5957
5153
4832
4607
4147
4216
4836
4466
5176
6060
6827
7436
7629
7247
6840
6304
5793
5198
4528
4107
3717
3283
2969
2810
2575
3648
4112
4480
4809
5289
5420
5426
5727
6578
7446
8065
8527
7231
5922
5079
4219
3785
3751
3282
2911
2945
2663
2755
3262
3347
3596
3026
4067
4488
5063
5086
5793
6837
7659
8300
8362
7555
6330
5726
4842
4387
4292
4282
3516
3203
2793
3381
3335
3353
3237
2971
3067
2892
3512
3550
4035
5096
5759
6022
6375
6481
6477
6112
5811
5586
5022
4497
4122
6030
4608
4005
3805
3777
3687
3198
2871
3497
3407
3576
3543
4284
4837
5379
5416
5575
5200
4641
4325
4161
3260
3151
2595
2448
2668
2872
2821
2894
3649
3420
3479
3296
3390
3435
3320
3380
4140
5048
4872
5091
4636
3876
3901
3277
3064
2777
2795
2717
2691
2957
3146
3493
3781
4067
3996
3832
4209
4261
4472
5941
7394
8130
8604
7074
6353
5951
5774
5361
5103
4648
4670
4190
3442
3943
3942
4371
4333
3371
3079
3604
3939
4406
4204
4909
5756
6982
6500
6036
5923
5494
5395
4777
4442
4331
3967
3619
3329
3340
3570
4644
4163
4517
4400
4633
4950
5199
5608
6383
7127
7443
6932
5119
4718
4244
4181
3605
4226
3389
3299
3846
3563
4385
5213
5415
5313
5094
4813
4697
4659
4695
5037
5766
6461
6959
7239
7344
7532
7188
6196
4938
4514
3856
5507
4629
4677
5910
5370
4820
4914
4869
4593
4428
4342
4383
4657
5392
6090
6608
6936
7091
6739
6248
5826
5991
5761
5979
5005
4599
4137
4108
4047
4370
5074
4729
4443
4285
4213
4161
4137
4337
4765
5251
5573
5776
4851
4587
4118
4048
4035
4064
3785
3465
3404
4150
4294
4326
5133
4761
4494
4297
4194
4141
4061
4166
4375
4682
4965
5258
5356
5179
4965
4005
3750
3297
4187
3807
3171
4033
4026
4679
4773
4435
4253
4135
4101
4200
4489
5192
5938
6442
6799
6942
6637
6648
5800
5317
4692
4833
4358
3458
2940
3615
3829
4251
4446
4462
4262
4158
4098
4166
4491
5276
6026
6613
7073
7323
6585
5541
4739
4353
3956
3746
3546
2783
2344
2983
3017
3058
4087
4495
4898
4718
4655
4677
4985
5814
6586
7176
7500
6889
5834
5701
5113
4975
4832
4299
3372
7125
5053
4008
4468
4961
5099
5092
4809
4589
4479
4462
4725
5479
6147
6656
6974
7117
6524
6132
5490
4903
4694
4322
4075
3153
2799
2740
2976
4348
3871
4387
4584
4441
4370
4443
4787
5563
6366
6953
7437
7714
7001
5985
5184
4579
3895
3652
3218
3032
2489
2632
2697
2967
3718
4170
4255
3864
4435
4782
4766
5020
5531
6084
6588
5850
4780
4063
3534
3083
2167
1759
1223
994
889
1208
2072
2524
2589
3525
3600
3828
4350
4680
4967
4866
5630
6126
6153
5476
4246
3698
2931
2584
1839
1543
1155
950
921
1337
2033
2940
2702
3412
3392
4356
4004
4529
5209
6331
7286
7672
7621
6915
6380
5938
5935
6424
6641
6513
6031
6084
5663
5824
5566
5096
4676
4446
4150
3992
3919
3978
4299
4993
5757
6392
6840
6859
6145
6050
5441
4836
4509
4381
4093
3670
2974
3207
3421
3449
3375
3276
3653
4118
4436
4492
4529
5256
6239
6570
6069
6253
6032
5876
5540
5760
5082
4443
5076
5771
6008
5905
5622
4967
5290
5032
4802
4515
4193
4694
5009
5556
6294
6751
7131
6929
6724
6087
5678
5865
5668
4727
4441
3547
2740
3315
3480
3965
4124
4119
4043
4089
3995
4033
4120
4984
5895
6462
6691
6560
6584
6230
6011
5715
4968
5076
4203
3187
2923
4169
4203
4483
4736
4762
4492
4504
4383
4126
4033
4497
5038
5398
5689
5187
4644
4369
4139
3906
3202
3065
2776
2634
2278
2717
2905
3782
4613
5373
5082
4841
4684
4618
4503
4610
4868
5206
5515
4854
4373
3712
3035
3014
2811
2580
2753
2598
2644
2760
3388
3646
4063
4685
4704
4550
4455
4446
4435
4645
4970
5294
5626
5685
4522
3905
3732
2630
2652
2408
2148
1991
1615
2428
2366
3175
3647
3864
4122
4223
4357
4894
5449
5856
6067
6647
6830
6919
6930
6597
5869
5512
4999
4645
4346
3921
4052
4531
4515
4334
4220
3980
3643
3662
3840
3890
4197
4917
5665
6104
6287
6254
5767
5852
5529
4922
4762
4511
3885
3442
2869
3901
3207
4117
4144
3851
3491
3692
3149
3356
3852
4738
5776
6164
6414
6515
6378
6455
6463
6024
5751
5747
5573
4984
4995
4918
4670
4562
4238
4038
3728
4022
3924
4216
4692
5517
6122
6560
6851
6955
6999
7024
7003
6911
6842
6773
6625
6308
5820
5274
5041
4908
4740
4644
4401
4270
4169
4145
4115
4367
4790
5225
5659
5264
4567
4374
3940
3523
2672
2246
5684
4018
2981
3661
3408
4090
4896
5002
4757
4587
4475
4451
4370
4539
4832
5207
5544
4079
3485
3008
2291
1739
1832
1327
1106
1020
1194
1384
2101
4378
4152
4438
5008
5461
5342
5379
5596
6257
7009
7623
8076
7291
6198
4841
4812
4326
4174
4129
3867
3466
3017
3302
3746
4199
4626
5025
4860
4607
4743
4763
5425
6281
7293
7587
7452
7235
5319
4432
4247
3755
3928
3801
3648
3492
3515
3720
4137
4588
4708
4714
4622
4486
4884
5391
5457
5964
6622
6636
6770
6629
6207
6223
6162
6318
5958
5040
5024
4385
4381
4535
4540
4203
4132
3974
3428
3553
3672
3515
3854
4786
5574
6126
6274
6035
5998
5839
5733
5572
5429
4995
4493
4279
3667
3854
3700
3726
3366
3377
3315
3365
3490
3800
4096
4789
5253
5760
6016
6307
6047
6132
5980
5592
4928
4721
3979
3225
3099
3043
3679
3760
3927
3724
3877
3876
3762
3693
3660
3846
3999
4412
4640
4591
4476
4302
3796
4060
3472
3449
3391
2983
3299
3853
4199
4166
4100
3990
3738
3517
3427
3363
3312
3400
3583
3872
4215
4358
4633
4471
4289
3957
3769
3273
2996
3861
4607
5257
5173
4702
4533
4429
4172
4057
3997
4071
4118
4800
5825
6364
6908
7049
6876
7088
6131
5551
5590
5197
4579
3936
3651
3673
3404
4064
3889
3810
3496
3298
3216
3232
3450
4193
5019
7190
7623
6777
6288
5694
5111
4766
5525
4824
4375
4293
4028
4553
4651
4396
4328
3777
4348
4339
4590
4841
5054
5682
6854
7558
7490
6616
5895
5495
4943
5210
5011
4500
4309
3939
3384
3809
4272
5069
5633
5254
5156
5508
5403
5879
6239
7158
7904
8462
8900
7818
6677
5884
5270
4957
4642
4431
4077
3447
3628
3648
4775
4921
4584
4726
4396
4619
5127
5547
5755
6571
7623
8226
8457
7088
5918
5123
4755
4657
4194
3884
3665
3498
3710
3702
3673
4325
4884
3972
4018
3515
3344
3440
3778
5048
5454
5302
5790
5072
4468
3981
3696
3465
3206
3002
2681
2521
2379
2683
2805
3496
4703
5736
5836
5617
5455
5367
5241
5358
5649
6035
6419
6527
4976
3941
3170
2964
3027
2614
2819
2475
2856
2919
3419
4078
5387
6006
5486
5345
5528
5749
6004
6406
6542
7040
6951
7168
7243
7444
7487
7739
7920
8043
4611
4006
3771
3873
3889
4078
3997
4114
4445
4411
4749
5165
5660
6518
7808
8644
8715
7911
6526
5147
4387
4081
3970
3757
3612
2941
2805
3118
3543
3971
3567
4169
4017
4052
4153
4177
5004
6442
6945
8049
7950
7386
6484
5660
4895
4713
4091
3875
3793
2844
2481
5982
6718
6257
5233
5356
4497
4407
4716
4952
5371
6294
6591
7316
7836
7132
7029
6626
6016
5801
5188
5431
4776
4361
3759
4176
4374
4920
5309
5772
4974
4827
5195
5466
5762
6415
7077
7665
8149
8378
7374
6203
5643
4347
4661
3969
4181
3326
3302
3275
3520
4316
5234
4813
4730
4958
4846
5016
5237
5393
5929
6306
6833
6408
5699
4256
3406
3137
2684
1925
2266
2050
2368
2926
3260
3713
4099
4674
4836
5324
5213
5373
5294
5361
5624
5974
6232
5957
5079
3854
3187
2742
2670
2910
2862
2262
2595
3315
3522
4414
4460
5204
5223
5279
5470
5300
5792
6193
6728
7094
7277
7097
6669
6106
6042
5667
5106
4873
4119
3439
2933
3607
3325
3598
4121
3726
4601
4442
4817
5088
5408
6090
7107
7951
8498
7446
6093
5097
4745
4387
4042
3664
3303
2906
2636
2605
2820
4829
5041
5229
5334
5544
5636
6068
6329
7141
8130
8711
8804
7085
6194
5186
4165
3794
3656
2959
2821
2410
2109
2354
3060
4393
4592
4749
5075
5054
5631
5371
6095
6945
7443
8716
8515
7523
5949
4912
4346
3780
3096
2986
2791
2372
2112
2615
3227
3662
4176
3920
4708
4949
5329
5337
5616
6414
7345
7933
8244
7225
6357
5110
4471
3731
3802
3865
3290
3417
3427
4451
4615
4376
4240
4172
4245
4159
3748
3674
4053
5032
4667
6343
6473
5581
4669
4267
4073
3160
3401
2503
2109
1478
2101
3123
3506
3611
4595
3829
3800
4043
4337
4913
5067
5120
5344
5742
6105
5693
5275
5135
4235
3973
3339
2586
1860
2011
3342
3410
3865
4273
4605
4615
4378
4452
4810
5133
5462
6275
7289
7575
7968
7522
6492
6711
7190
7600
7558
7315
6869
6241
6156
6378
6116
5839
5244
5028
4937
4772
4675
4709
5034
5665
6589
7082
7427
7264
7032
6563
6435
6264
5766
5932
5518
4951
4508
4550
4748
4851
4780
4484
4676
4748
4862
5140
5748
6370
7125
7753
8173
7387
6436
5403
5107
4513
4378
4787
4339
3207
2870
3345
3530
3817
4570
4358
4503
4531
4686
4843
5590
6388
7504
8081
8336
8004
7130
5498
4761
3898
3993
3539
3294
3630
3191
3179
3554
4441
4039
4421
4733
4444
4743
4704
5396
5908
6921
7946
8247
7691
6412
5245
4698
3883
3912
3191
3257
3051
2915
3037
3622
3516
3700
3522
3845
4075
3960
4105
4326
4651
5379
5681
6483
6055
5225
4208
3279
2810
2314
1791
1896
1519
2789
2893
3326
3579
4093
4343
4243
4642
4524
4411
4788
4543
5077
5974
6028
5571
5231
4481
3660
3024
2286
1557
1543
1389
1427
1765
2191
2228
2759
2972
4745
4596
4745
4797
5318
5493
5808
6759
7066
6976
7061
6850
6075
5521
5700
5657
5388
4842
4880
4809
4907
4968
4906
4568
4587
4624
4601
4663
4717
5508
6394
6849
6733
6648
6285
5993
5777
6040
6086
6081
5668
5049
4647
4645
4757
4814
4310
4227
4405
4250
4608
4899
5670
6069
6508
7492
7885
7722
6516
5256
4942
4828
4199
3746
3328
3140
3062
2853
3051
4611
4890
5087
5482
5489
5384
5330
5623
6122
6704
7236
7621
7110
6384
5557
5342
4527
4298
4093
3895
3173
2740
3131
3571
4295
4328
4833
4838
4921
4870
5122
5493
5893
6321
7127
7039
6550
5863
5383
6167
5772
5771
4855
5791
5433
5521
5285
4888
5004
4856
4689
4181
4299
3962
4144
4237
4398
4754
5159
5521
5351
5130
4905
4691
4485
3898
3208
3145
2773
2669
3157
3140
3803
4214
4060
4254
4481
4354
4317
4164
4175
4435
4628
4899
4456
4128
3419
2839
2440
2483
1762
1977
1600
1869
2258
5983
6132
5857
5665
5084
5135
4741
4998
5259
5653
6321
6909
7366
7181
6908
6768
6655
6406
5726
5029
4759
3985
3475
3781
3421
3851
3873
3631
3771
4103
3959
4007
4123
4570
5290
5470
5651
4954
4430
3629
3011
2592
2641
1906
1909
1234
3418
3554
3792
4929
5341
4429
4584
4872
4786
4783
5314
6034
6663
7192
7561
7471
6709
5791
5089
4680
4704
4667
4224
4251
3830
4026
3916
5596
5814
5407
5407
4919
4863
4891
5194
5771
6370
6919
7229
7457
6881
5626
5293
4888
4525
4076
3671
3247
2907
3008
3631
5284
5654
5472
5173
5028
4916
4963
5315
5837
6549
7019
7380
7588
7789
6080
5025
4388
4323
3743
3702
3344
3674
3525
3914
4060
4804
4216
4402
4896
5001
4976
5068
5201
5578
6052
6467
5992
4357
3883
2800
2804
2324
3173
3102
2514
3276
5343
5223
5357
5044
4956
4960
5046
4959
4663
4683
4700
4715
5066
5394
5308
4866
4941
4605
4603
3918
3708
3679
3906
4502
4598
4727
4697
4768
4425
4203
4072
4039
4545
4680
5681
6100
6933
7616
7482
6800
6426
5392
4759
4557
4412
3453
3520
3812
4119
4524
4726
4411
4188
3926
3955
4119
4191
4292
4946
5636
6417
6996
6760
6723
6358
6022
5853
5394
5348
4694
4070
4091
4114
5201
4963
4393
4116
3859
3667
3847
3927
4353
4688
5445
5744
6033
6176
5878
5818
5359
5424
4835
4499
4477
4133
4538
4583
4598
5273
4927
5062
4463
4253
4585
5032
5649
6586
7210
7748
7864
7497
6550
5904
5568
5167
5202
4715
4642
3963
3911
4157
3851
5439
5578
5987
5657
5408
5296
5206
5496
6031
6650
7289
7690
7967
7456
5594
4821
4421
3980
3911
3545
3360
3060
2869
3010
4452
5079
5007
5522
5513
5304
5077
5031
5023
5315
5645
5992
6148
5497
5081
4370
3919
3906
3217
2961
3474
3159
3100
3579
5159
5517
5426
5075
4790
4579
4480
4490
4435
4622
4969
5266
5564
5301
4492
3875
3406
2979
2818
2464
2351
2258
2438
2755
3241
3630
4440
4836
4894
4770
4676
4691
4749
5037
5289
5574
5649
5236
4437
4057
3412
2982
2783
2332
2027
2022
2617
3415
4493
4903
5319
5028
4775
4666
4650
5016
5480
6302
6792
7215
7416
6883
6256
5408
5023
4788
4077
3350
3714
2992
3420
4349
4855
5456
5238
4869
4637
4498
4512
4857
5419
6123
6655
7000
7203
7331
6395
5326
4662
4012
3543
3250
2778
2953
3002
3727
4672
4787
5278
4901
4668
4512
4505
4940
5520
6197
6609
7025
7327
7714
6303
5108
4481
3938
3685
3239
2960
2995
2726
3567
4650
4973
5607
5309
5066
4913
4861
5228
5812
6501
6966
7266
7456
6474
6136
5940
5495
5096
4399
3505
2924
3127
2999
3806
5261
5701
5281
4951
4603
4434
4320
4293
4343
4666
5105
5531
5746
5860
4647
4228
3552
3095
2891
2578
2284
2413
2280
3905
4805
5575
5098
4624
4421
4157
4312
4314
4299
4450
4597
5096
5219
5687
4836
4010
3373
3212
2601
2569
2234
2256
2679
3648
5112
4256
4795
4825
4587
4506
4503
4883
5520
6105
6641
7015
7297
7101
6132
5666
4494
4163
3820
3195
2658
2382
2602
3321
4812
5539
5497
5646
5412
5250
5311
5687
6351
7066
7588
8053
8392
7385
5603
4721
3846
3541
3360
2829
2393
2332
2538
3615
3724
3755
4549
4899
5179
5801
5774
6163
6713
7350
7691
8091
8378
8356
7676
6352
6301
6133
5330
6825
5668
6333
6542
6199
5648
5222
4748
4446
4531
4423
4507
4997
5462
6182
6700
7121
6811
6715
6569
6200
5536
5254
5053
4888
4356
6811
5833
5669
5546
5151
4853
4565
4618
4280
4332
4720
5702
6358
6587
7181
6950
6372
6165
5813
5147
4701
4336
4320
4423
4569
4699
5282
5043
4778
4292
3985
3763
3838
4040
3839
3949
4577
5256
5698
5781
5308
5282
5370
4722
3831
3317
3231
3169
3334
3397
3598
3880
4005
3876
3711
4455
5202
5012
4945
4820
5055
5406
5664
5991
5682
5022
4378
3980
3347
3166
3339
2643
2904
3055
4714
5737
5708
5591
5253
5075
4987
5032
5449
6028
6733
7252
7669
7913
7300
6003
5429
4752
4686
4237
3708
3612
3656
3903
5819
6232
6237
5943
5556
5403
5347
5338
5764
6551
7230
7733
8119
8379
7009
6660
6302
6002
5475
5563
5342
4533
4280
4449
4278
4838
5306
4951
4360
4123
4025
4020
4402
5032
5631
7174
7188
7371
6911
6510
5746
5143
4833
4451
4007
3436
3447
3383
5526
6362
5963
5378
4994
4803
4685
4644
5044
5663
6351
6863
7142
7508
7703
6696
5110
4421
4305
3964
3477
3148
3329
3482
4247
5344
5000
4583
4565
5121
5051
5099
5513
6199
6874
7403
7904
7841
7343
6586
4568
4011
4917
4893
3936
3405
3585
4103
4130
3739
3610
3327
3446
3882
4373
4534
4539
4609
4854
5132
5371
5543
5656
5670
5515
5117
4681
4643
3878
3907
4026
4558
5501
5218
4757
4404
4051
3795
3706
3678
3799
3893
4150
4523
4837
5118
5322
5397
4798
4442
4196
4035
3785
3961
3936
3876
4750
4447
4260
4234
4477
4362
4347
4460
4945
5680
6386
6901
7153
7391
7542
6215
5898
5439
5485
5073
4739
4564
5355
5248
5108
4895
4336
3886
3611
3435
3562
3522
4362
5472
6261
6435
6703
7062
7142
7139
6827
6173
6004
5580
4869
4584
4759
4864
5345
5535
4781
4231
3843
3684
3511
3573
3969
4586
5162
5616
5921
6094
6339
6701
6133
5685
5532
5273
5323
4733
5302
5241
5597
5326
5048
4666
4330
4151
4032
4068
4607
5214
5964
6463
7006
7132
6978
6035
5521
6492
7011
6831
6127
5143
5198
5514
5634
5093
4451
3950
3526
3243
3204
3115
3465
4051
4593
4899
5110
5253
5425
5673
5979
6089
6143
6021
5920
5309
5230
5419
5365
4776
4148
3708
3375
3203
3086
2998
3097
3211
3489
3813
4125
4294
4479
4812
5109
4588
3980
3739
3458
3659
3677
4440
5238
4859
4356
3946
3684
3476
3330
3250
3279
3262
3427
3790
4108
4298
4573
5006
4460
3245
2569
2374
1952
2126
2347
3163
4731
4869
4731
4255
3979
3796
3690
3751
4051
4750
5379
5811
6090
6262
6374
6390
5840
5371
4783
4719
4267
4176
3990
4576
5602
5650
5111
4585
4280
4194
4210
4283
4676
5241
5839
6266
6444
6612
6777
6673
6262
5661
5437
4939
4552
4412
4462
4869
5449
5681
5204
4697
4387
4217
4190
4212
4590
5143
5715
6236
6682
6880
7102
7247
7170
6761
6126
6103
4574
3993
3963
4561
5541
5544
5012
4792
4461
4310
4199
4180
4613
5354
6099
6603
6787
6968
7106
7068
7017
6555
5754
5309
4972
4169
4627
4975
5106
4663
4131
4015
3510
3626
3559
3413
4102
4890
5331
6150
6495
6218
6331
5863
5616
5570
5824
5580
5708
5757
5531
5180
4749
4433
3983
3810
3566
3182
3757
3500
3621
3830
3913
4425
4963
5045
4908
5189
4670
4623
4798
4794
4653
4709
4649
6415
6008
5448
4846
4380
4067
3862
3668
3635
3648
3706
3849
4181
4428
4649
4758
4801
4798
4888
4893
4947
5121
5276
5275
5154
4966
4711
4335
3981
3763
3636
3555
3624
3931
4471
4923
5314
5671
5837
5926
5883
5854
5914
5970
6100
6171
6109
5897
5664
5323
4905
4438
4054
3810
3727
3654
3749
4139
4871
5477
5841
6109
6216
6305
6252
6369
6406
6460
6559
6575
6422
6162
5874
5522
5036
4457
4002
3742
3638
3595
3627
4012
4745
5290
5643
5813
5969
6024
5964
5912
5982
6026
6005
5990
5848
5640
5375
5051
4630
4206
3840
3612
3468
3467
3499
3868
4448
4964
5401
5692
5843
5936
5987
6034
6064
6031
6113
6124
6085
5880
5649
5375
4939
4520
4069
3873
3723
3683
3740
4064
4842
5418
5823
6071
6206
6231
6353
6405
6326
6375
6381
6289
6263
5989
5746
5389
5027
4571
4202
3990
3824
3759
3741
3831
4019
4298
4575
4959
5107
5251
5369
4978
4494
3769
3548
3346
4235
4778
4849
5089
4843
4458
4071
3693
3495
3436
3408
3422
3481
3532
3851
4153
4371
4512
4608
4726
4837
4832
4919
5080
5361
5298
5178
4874
4539
4117
3764
3516
3401
3368
3393
3750
4537
5080
5405
5536
5586
5684
5771
5899
5959
6051
6069
6080
6143
5917
5719
5270
4765
4038
3518
3193
3061
2960
2948
3400
4255
4823
5150
5438
5570
5618
5817
6045
5748
5572
5622
5376
5203
4778
4919
5494
4878
4258
3696
3652
3452
3252
3199
3565
4251
4631
4926
5092
5215
5333
5663
5959
6134
5839
5242
4953
4770
4997
5399
5523
5026
4439
3991
3615
3679
3674
3658
3950
4565
4958
5236
5383
5430
5509
5568
5608
5693
5842
5936
5997
6021
5703
5479
5019
4570
3971
3589
3358
3202
3139
3236
3568
4319
4882
5230
5443
5528
5566
5558
5603
5560
5575
5586
5575
5603
5408
5100
4752
4423
4038
3621
3432
3302
3181
3182
3288
3528
3744
4091
4429
4603
4681
4719
4702
4645
4634
4655
4814
4910
4810
4695
4465
4241
3956
3605
3345
3156
3049
3013
3016
3193
3340
3605
3933
4149
4302
4323
4379
4370
4444
4508
4622
4996
4916
4859
4621
4069
3656
3327
3159
3028
2861
2868
3246
3951
4457
4770
4996
5086
5191
5257
5467
5557
5700
5853
5916
5847
5633
5374
4980
4464
3920
3525
3344
3222
3209
3267
3615
4382
4979
5332
5619
5734
5797
5795
5743
5709
5749
5820
5810
5763
5492
5208
4866
4416
3854
3451
3214
3088
3042
3102
3500
4250
4701
4994
5190
5255
5281
5288
5469
5467
5583
5658
5692
5755
5544
5271
4926
4429
3865
3317
2963
2820
2774
2798
3222
3917
4329
4677
4811
4898
4980
5054
5372
5565
5668
5750
5732
5738
5551
5217
4883
4396
3793
3364
3173
3006
2986
3014
3413
4122
4640
4957
5140
5127
5131
5303
5426
5482
5563
5644
5675
5557
5359
5050
4681
4320
3876
3512
3213
3052
2952
2968
3094
3326
3440
3710
3935
4104
4226
4371
4536
4437
4420
4455
4606
4905
4844
4689
4465
4059
3851
3481
2984
2770
2824
2850
2834
3256
3489
3630
3727
3787
3998
4416
4591
4698
4858
4451
4531
4476
5058
5163
4854
4435
3779
3493
3038
2849
2766
2858
3236
3818
4343
4690
4847
4913
4999
5261
5630
5978
5954
5618
5545
5025
5446
5599
5130
4400
3868
3297
3116
2955
2895
2913
3298
3911
4405
4606
4957
5047
5148
5304
5684
5864
6090
5808
5923
5863
6037
5769
5304
4583
3996
3647
3351
3287
3231
3545
3882
4487
4910
5064
5248
5411
5520
5568
5693
5667
5832
6058
6239
5987
5769
5448
5015
4393
3754
3200
3016
2832
2730
2744
3182
3780
4281
4681
4825
4908
4963
5153
5479
5826
6029
6375
6128
5584
5589
5724
5366
4807
4290
3733
3310
3155
3004
3070
3425
4032
4558
4879
5060
5094
5199
5382
5677
5861
6107
5759
5588
5520
5905
5581
5245
4827
4231
3705
3411
3304
3200
3171
3227
3369
3649
3884
4223
4351
4456
4649
4791
4892
4857
4013
4281
4206
4041
5225
5038
4558
4161
3759
3469
3259
3106
3097
3099
3123
3353
3621
3841
4023
4187
4341
4483
4601
4775
4757
4073
3745
3917
4194
3954
4021
3869
4019
3574
3395
3338
3512
3915
4501
5079
5431
5665
5605
5528
5721
5789
5845
5924
6162
6420
6069
5929
5525
5071
4587
4152
3381
3143
2960
2809
2862
3194
3699
4189
4498
4806
4888
4912
5137
5514
5761
5995
6272
6411
6199
5925
5573
5030
4576
3891
3485
3192
3068
2999
2959
3326
3899
4559
5218
5425
5546
5570
5596
5676
5693
5913
6213
6295
6134
5859
5568
5268
4860
4247
3885
3697
3554
3443
3478
3980
4666
5228
5583
5759
5697
5688
5680
5747
5674
5751
5984
6067
5779
5523
5157
4864
4495
3855
3475
3240
2997
2970
3020
3354
3806
4342
4754
5037
5169
5212
5232
5241
5224
5258
5429
5647
5412
5170
4909
4553
4018
3532
3122
2839
2695
2595
2567
2668
2793
3095
3374
3639
3701
3795
3792
4019
4286
4566
4891
5135
5162
5040
4854
4509
4155
3740
3267
3016
2819
2698
2660
2713
2720
2901
3133
3336
3568
3658
3829
4080
4431
4714
5138
5443
5468
5328
5173
4830
4323
3909
3623
3390
3204
3215
3314
3641
4293
4750
5163
5422
5400
5361
5522
5842
6039
6135
6485
6427
6225
5968
5641
5053
4529
3826
3467
3115
2937
2978
3134
3599
4262
4989
5415
5612
5636
5759
5694
5601
5825
6090
6265
6503
5929
6115
5875
5513
5035
4457
4090
3968
3854
3807
3850
4274
4953
5578
5949
6135
6291
5695
5743
5565
4552
4697
5108
4821
4847
4324
5804
5353
4675
4038
3638
3317
3139
3003
3189
3466
4087
4728
4661
5159
5201
5086
5252
5363
5370
5529
5885
6020
5849
5539
5117
4685
4253
3652
3218
3018
2942
2843
2919
3291
3921
4458
4803
5017
5082
5105
5063
5208
5178
5319
5646
5754
5463
5200
4853
4510
4047
3505
3136
2865
2752
2587
2607
2740
2780
3113
3489
3794
3846
3880
3888
4020
4191
4363
4788
4989
5010
4875
4622
4332
3873
3501
3094
2889
2681
2589
2561
2604
2668
2816
3095
3290
3460
3548
3658
3891
4174
4440
4983
5302
5273
5219
5026
4574
3948
3489
3135
2903
2757
2688
2723
3094
3788
4307
4650
4899
4883
4981
5017
5146
5314
5660
6110
6092
5818
5591
5287
4899
4399
3877
3492
3283
3193
3153
3338
3761
4494
4970
5421
5660
5770
5798
5735
5821
5718
5722
6003
5982
5749
5495
5149
4868
4390
3898
3495
3263
3157
3036
3068
3483
4071
4606
4894
5144
5177
5126
5054
5092
5067
5136
5522
5581
5323
5092
4789
4480
4007
3559
3174
2989
2812
2847
2870
2934
3117
3290
3479
3730
3850
3945
3964
3973
4075
4283
4441
4585
4544
4078
4072
4099
3864
3561
3257
3019
2872
2617
2623
2864
3203
3544
3825
4023
4200
4330
4321
4391
4454
4512
4983
5139
4950
4762
4541
4272
3898
3462
3056
2856
2663
2578
2545
2648
2734
2932
3296
3563
3782
3913
3963
4026
4099
4183
4567
4760
4764
4680
4469
4333
3997
3679
3322
3081
2986
2912
2882
2968
2980
3030
3269
3526
3644
3694
3818
4018
4292
4451
5046
5221
5210
5086
4903
4583
4195
3770
3384
3258
3165
3190
3309
3717
4377
5008
5398
5573
5543
5718
5742
5704
5688
5955
6160
6389
6112
5963
5739
5253
4773
4233
3847
3563
3618
3550
3601
4025
4671
5110
5568
5748
5901
6041
6076
6173
6282
5693
5988
6273
5941
5885
5886
5557
4980
4374
4053
3618
3501
3450
3449
3855
4385
5017
5318
5375
5443
5422
5391
5531
5776
6023
6398
6412
6070
5771
5439
5024
4483
3941
3507
3285
3171
3039
3113
3455
4111
4599
4920
5030
5066
5019
5066
5327
5417
5630
6038
6050
5777
5516
5254
4907
4404
3835
3413
3256
3161
3121
3139
3482
4131
4676
5025
5206
5306
5352
5313
5379
5408
5574
5904
5880
5637
5297
5058
4772
4342
3856
3458
3240
3088
2959
2969
3081
3324
3550
3851
4151
4254
4350
4341
4327
4377
4437
4852
5021
5005
4815
4577
4401
4081
3681
3325
3016
2841
2803
2836
2879
3086
3149
3510
3890
4110
4272
4332
4369
4424
4475
4861
5019
4951
4804
4687
4373
4013
3491
3135
2897
2722
2627
2638
3066
3690
4333
4644
4906
4949
5019
5006
5134
5293
5523
5982
5975
5697
5477
5164
4832
4354
3817
3410
3169
3006
3022
3112
3500
4193
4729
5064
5198
5290
5255
5192
5330
5385
5565
5907
6059
5827
5592
5273
4941
4440
3831
3446
3179
3044
2981
3074
3457
4087
4616
4894
5046
5175
5168
5187
5221
5316
5472
5944
6016
5727
5522
5217
4874
4399
3800
3421
3177
3058
3000
3064
3498
4161
4716
5032
5193
5013
4923
4983
5177
5266
5426
5845
5925
5747
5567
5228
4816
4290
3706
3303
3095
3040
3010
3074
3505
4127
4750
5110
5240
5410
5362
5345
5344
5339
5508
5956
6112
5682
5512
5188
4845
4452
4070
3647
3405
3037
3151
3053
3197
3191
3481
3754
3875
3794
3939
3869
4132
4249
4424
4851
5066
4967
4815
4644
4412
3982
3460
3067
2701
2511
2532
2512
2614
2653
2651
2913
3126
3253
3279
3329
3604
3966
4342
4890
5079
5101
4944
4777
4418
4057
3499
3068
2898
2754
2664
2704
3052
3806
4315
4603
4849
4752
4807
4810
4972
5289
5537
5977
6016
5806
5668
5362
4941
4529
3794
3442
3160
3010
2887
2912
3252
3926
4461
4715
4851
4796
5006
5030
5082
5133
5306
5807
5942
5775
5617
5331
4866
4316
3767
3284
3065
2891
2692
2639
2946
3610
4077
4266
4501
4549
4484
4505
4812
5101
5394
5859
5943
5729
5515
5238
4863
4277
3724
3187
2942
2669
2544
2566
2945
3614
4079
4364
4543
4628
4634
4663
4992
5244
5393
5920
5945
5664
5502
5232
4926
4377
3936
3523
3328
3229
3256
3460
3836
4726
5350
5688
5876
5889
5817
5649
5658
5675
5771
6128
6204
6014
5666
5328
4990
4533
4018
3500
3244
2998
2905
2901
3064
3560
3764
4100
4338
4364
4404
4339
4338
4507
4661
5116
5259
5246
5058
4868
4551
4169
3783
3364
3079
2884
2803
2775
2857
3020
3172
3443
3776
3919
3979
3978
4031
4122
4330
4885
5129
5112
5062
4960
4633
4136
3614
3259
3022
2845
2847
2938
3429
4057
4589
5117
5370
5379
5373
5376
5405
5469
5586
5945
6105
5750
5526
5262
4911
4399
3844
3430
3169
3026
2934
2954
3269
3768
4151
4428
4683
4812
4834
4916
4892
4989
5014
5503
5639
5524
5288
5061
4801
4283
3740
3318
3089
2980
2923
2986
3234
3637
3979
4311
4727
4806
4874
4848
4964
5027
5167
5578
5628
5520
5312
5039
4766
4311
3823
3387
3171
3013
2990
2953
3268
3679
4029
4422
4570
4671
4592
4681
4992
5095
5209
5622
5670
5493
5357
5066
4746
4157
3705
3427
3197
3167
3086
3070
3419
3952
4610
4947
5181
5210
5217
5150
5128
5089
5205
5753
5982
5835
5693
5390
4855
4282
3806
3528
3294
2996
2844
2805
2885
3117
3229
3493
3668
3828
3893
3910
4033
4309
4501
4892
5193
5175
5082
4892
4549
4063
3688
3326
3059
2845
2707
2666
2693
2789
2798
2996
3170
3380
3568
3694
3906
4092
4220
4463
4490
4481
4390
4335
4286
4160
4011
3607
3401
3234
3161
3163
3295
3500
3633
3979
4261
4435
4489
4521
4585
4628
4732
5111
5233
5152
4968
4835
4628
4315
3876
3534
3317
3212
3145
3188
3501
4060
4466
4853
5035
5155
5254
5291
5229
5266
5330
5710
5813
5609
5428
5152
4775
4145
3668
3309
3064
2913
2795
2796
3142
3675
4142
4465
4663
4752
4798
4770
4856
4993
5280
5764
5936
5801
5577
5319
4982
4552
4101
3645
3210
3025
2982
3030
3328
3849
4275
4794
5146
5369
5503
5580
5598
5584
5737
6003
5989
5775
5538
5250
5006
4574
4117
3721
3530
3367
3321
3373
3697
4167
4517
4846
5067
5102
5148
5135
5079
5116
5131
5555
5706
5469
5255
4995
4696
4349
3920
3470
3280
2965
2861
2813
2873
3067
3290
3644
3963
4192
4202
4288
4309
4424
4604
4933
5065
5000
4788
4540
4295
4057