55.6
48.9
46.48
46.33
45.3
46.04
50.22
52.53
58.26
63.88
66.98
64.63
61.94
61.71
59.6
59.93
80.1
86.68
84.63
82.7
82.18
76.02
60.41
56.18
56.64
50.38
45.65
43.96
43.86
41.09
50.57
58.83
63.19
69.99
77.31
77.74
72.8
73.66
70.21
70.66
82.32
100.58
91.62
86.09
85.9
78.22
60.86
56.41
57.11
55.69
53.42
49.96
51.58
55.74
77.1
89.17
90.24
92.18
92.46
91.82
91.81
91.17
89.76
90.72
100.74
124.45
111.8
104.13
91.78
85.61
78.67
61.09
57.04
52.78
52.37
51.59
54.3
59
80.51
90.51
91.24
97.09
95.86
87.84
87.41
87.26
84.92
85.74
108.95
139.81
113.96
100.67
94.01
87.07
76.88
62.36
58.5
56.9
55.57
55.77
58.09
59.36
79.34
86.27
85.35
84.31
85.09
82.6
82.24
80.68
77.72
81.87
105.55
130.57
110.09
94.24
90.09
83.99
73.03
65.25
61.94
60.65
60.8
60.35
64.05
64.76
89.81
93.42
91.28
91.73
91.46
87.13
86.31
84.58
82.63
82.56
111.84
137.36
116.06
99.56
96.46
88.11
79.87
74.36
76.91
67.94
68
64.8
64.8
65.29
71.9
79.32
85.51
86.38
84.04
83.23
80.33
80.06
79.74
77.3
98.36
127.67
97.72
89.41
86.49
82.99
72.03
70.29
67.24
66.64
64.59
62.52
62.48
60.97
64.83
65.41
75.29
80.92
81
80.2
80.31
80.13
70.69
71.11
89.81
110.79
94.83
93.72
88.65
83.22
69.44
67.43
65.02
64.73
63.37
60.6
62.59
65.98
78.02
89.8
89.1
91.22
91.31
91.35
87.89
85.46
85.22
85.64
100.06
120.77
105.46
96.31
91.77
80.94
68.82
68.3
61.84
58.6
56.86
55.59
57.55
62.59
80.59
87.82
90.17
93.96
95.74
92.05
86
87.67
87.15
87.12
104.04
127.36
111.93
102.73
91.01
85.62
74.73
71.01
54.53
50.4
49.46
47.43
50.62
51.5
76.55
86.35
82.26
79.14
78.14
79.05
70.99
74.68
67.5
68.61
82.48
110.3
94.81
86.27
79.24
69.46
60.26
62.83
46.76
46.35
42.5
41.66
45.56
47.63
73.39
80.35
75.35
75.7
75.93
75.29
70.1
73.27
71.21
71.62
78.79
108.26
92.61
84.26
76.14
68.76
59.32
59.99
47.42
48.62
46.5
45.87
46.66
47.99
75.37
82.21
81.3
81.16
81.09
78.75
77.65
76.82
79.51
76.24
85.36
102.25
88.27
86.05
79.71
71.12
63.27
63.58
58.88
55.68
53.84
50.73
50.82
48.43
56.16
72.84
78.52
82.53
83.68
83.12
80.54
78.01
77.31
77.63
88.69
110.05
101.05
94.64
86.44
80.32
76.36
72.48
66.11
59.99
56.58
55.42
54.95
54.52
59.13
65.41
74.98
77.16
80.5
80.34
76.75
74.8
74.44
73.96
86
109.8
108.28
99.74
92.46
80.5
71.31
75.12
67.81
65.31
64.26
63.3
67.58
69.31
75.19
81.42
84.88
86.99
86.9
87.14
84.83
82.86
81.45
80.59
94.69
113.63
103.46
93.98
86.18
78.2
72.43
75.44
72.24
67.8
64.82
62.84
64.54
71.27
81.17
87.95
88.26
88.82
89.07
87.62
85.5
84.32
80.75
80.88
97.28
113.69
100.66
91.69
82.49
77.88
71.99
73.43
58.92
56.53
54.4
53.26
55.74
60.35
75.87
83.37
86.36
87.86
89.55
85.93
84.55
84.6
83.45
83.38
94.25
105.31
100.24
93.23
86.56
76.44
67.07
66.94
60.28
59.3
54.72
53.33
56.75
62.42
72.01
78.82
83.99
85.55
85.34
82.46
82.08
80.31
76.01
77.86
94.54
107.7
105.13
97.17
86.01
73.98
69.6
68.79
59.9
57.42
52.56
51.93
54.03
62.54
72.32
80.19
81.32
82.89
82.66
79.92
78.74
75.53
73.7
74.79
89.9
103.98
98.87
89.83
77.91
71.24
66.98
64.22
57.97
55.02
51.36
49.42
49.23
51.31
55.83
60.22
68.46
72.73
73.53
72.45
70.22
66.97
65.12
64.54
80.99
91.01
91.07
85.48
75.57
69.43
62.85
59.25
56.84
53.03
50.75
50.03
49.19
49.63
52.89
56.8
64.46
72.52
72
71.96
69.43
66.69
63.92
65.17
76.24
99.93
91.89
91.14
83.47
70.57
67.54
58.84
54.13
51.75
50.23
49.86
51.61
56.51
75.69
85.92
87.27
90.27
89.53
90.25
87.43
84.74
82.5
81.91
97.92
110.84
106.99
95.3
87.98
79.09
70.62
63.47
57.02
54.86
53.71
51.97
52.47
61.71
81.76
88.62
89.84
88.82
87.65
84.19
80.3
76.97
74.98
74.88
94.05
110.7
106.65
94.07
89.16
81.52
70.91
62.67
52.89
51.23
50.45
49.04
48.95
53.35
70.92
82.43
82.2
79.35
81.4
77.08
71.97
71.05
70.64
69.97
82.62
105.34
93.7
83.34
79.05
72.63
68.57
62.53
54.53
51.16
51
50.31
51
59.68
76.82
86.09
86.02
84.38
81.44
84.14
81.22
77.97
75.39
75.37
83.06
102.73
94.38
88.04
81.59
75.26
68.01
64.01
58.17
54.01
53.84
52.72
53.98
62.22
75.91
81.58
81.87
80.98
79.45
76.41
75.82
75.93
72.8
71.46
73.52
90.59
88.66
79.47
74.35
69.69
63.32
62.27
54.66
52.06
51.39
50.78
50.36
52.01
52.11
59.64
64.55
74.85
77.55
76.55
65.36
65.38
61.43
60.75
72.74
86.05
86.06
80.09
74.51
65.78
59.72
56.38
56.17
51.22
50.16
48.85
49.17
49.34
50.99
51.87
58
60.45
65.03
64.7
60.65
59.78
58.68
58.19
69.66
84.3
84.77
75.13
70.92
62.57
57.07
52.06
51.4
50.48
48.82
48.44
48.77
52.79
70.61
78.27
80.22
83.35
80.62
80.09
75.99
73.59
71.71
73.14
87.05
99.58
97.98
83.7
76.78
72.21
63.75
54.99
50.29
48.13
48.51
47.38
49.22
53.04
69.19
75.55
76.46
76.45
77.5
78.78
74.53
74.16
71.78
72.4
85.89
98.25
95.93
84.36
75.56
72.01
64.71
57.39
49.82
48.27
45.73
46.19
46.7
51.48
71.43
77.88
83.71
87.53
87.53
87.55
80
77.01
73.21
71.39
78.37
104.85
99.15
83.68
75.15
70.26
61.72
58.89
53.25
51.23
49.73
49.4
50.12
55.79
77.89
77.73
78.83
80.76
80.93
79.02
77
74.33
71.49
71.27
82.74
102.71
100.83
85.9
76.83
67.93
61.25
55.61
52.06
50.15
48.22
48.3
48.64
54.72
75.17
76.19
76.37
78.93
79.07
77.91
72.21
70.85
68.99
69.32
77.83
93.6
89.7
78.73
72.32
66.31
58.53
52.41
51.72
49.49
47.17
46.59
45.85
50.55
48.93
56.53
66.45
73.2
74.75
68.81
62.06
60.85
58.06
58.21
68.09
84.19
82.7
70.97
68.48
61.47
56.22
50.96
51.84
50.86
48.61
48.36
48.22
48.6
50
53.55
59.59
65.98
70.8
68.53
63.68
61.04
59.64
60.13
70.29
88.52
89.23
78.24
74.88
69.41
61.63
53.25
54.41
53.17
53.18
52.65
53.2
58.06
75.83
81.5
82.46
83.27
80.79
81.13
78.92
77.4
72.75
75.34
82.39
104.36
101.55
85.85
78.6
73.07
65.85
58.85
54.94
54.31
53.37
53.32
54.26
59.1
78.27
84.85
83.74
84.27
80.06
82.14
79.16
75.9
72.74
74.09
83.27
101.74
100.11
87.57
79.01
76.33
71.91
60.28
54.33
53.36
51.01
51.13
51.74
57.68
76.8
82.68
85.02
83.88
79.38
78.72
75.69
74.99
72.91
74.03
79.32
97.38
98.01
87.45
81.2
75.01
66.08
58.92
53.97
52.31
50.47
49.67
50.57
59.07
84
82.53
80.04
80.18
75.71
78.69
76.02
74.56
71.84
71.66
74.95
92.09
92.99
86.13
79.76
72.53
64.05
53.26
52.89
51.72
49.63
49.14
50.98
55.85
84.17
79.07
76.55
79.35
75.64
74.65
73.7
72.27
70.19
70.31
68.84
80.49
87.58
79.43
76.23
67.62
56.34
51.68
55.71
42.72
42.09
41.45
42.73
49
61.89
65.32
65.73
67.59
68.8
65.34
65.35
63.71
61.25
62.01
66.18
70.96
76.12
71.06
71.07
63.42
53.16
48.48
44
44.07
43.63
43.46
43.8
52.26
65.76
69.91
67.72
66.59
69.17
62.77
59.26
58.15
56
56.24
60.94
71.87
72.85
69.24
66.94
58.6
51.71
43.44
48.76
44.58
43.68
43.28
43.36
44.18
45.6
50.1
54.8
58.03
61.24
56.11
54.11
48.57
45.49
45.25
53.6
66.03
67.39
66.01
60.53
54.36
45.91
44.19
43.78
43.17
40.79
41.58
39.05
40.5
43.87
43.9
44.68
50.99
50.74
47.53
47.72
44.64
44.49
44.79
47.16
66.45
70.38
67.23
65.9
52.52
44.27
43.6
43.45
41.97
42.65
41.82
42.65
43.46
61.06
56.85
59.5
58.89
57.87
56.47
54.11
51.42
50.24
51.44
53.94
66.21
67.1
63.16
59.39
53.13
47.09
44.09
38.8
35.58
35.13
34.67
35.23
39.14
56.21
56.33
56.81
57.9
55.58
54.78
53.63
51.84
50.13
50.03
52.26
63.58
66.04
62.84
60.28
53.76
47.5
42.47
37.93
33.51
33.62
33.53
34.42
40.43
54.16
56.47
58.33
58.91
61.24
58.3
56.02
53.24
52.95
53.22
54.87
66.98
68.28
66.27
59.96
53.31
46.65
43.55
41.67
39.68
37.6
37.14
39.21
44.61
60.62
66.22
62.1
63.02
62.74
61.27
58.59
55.73
54.76
55.61
58.17
69.77
71.24
66.48
67.43
63.1
51.73
45.39
43.66
43.38
43.25
43.05
43.34
53.92
66.07
71.41
72.73
70.75
71.61
71.78
64.54
60.78
58.68
60.34
70.16
70.5
80.24
73.65
73.58
64.81
54.56
50.57
50.25
50.35
49.57
48.25
47.99
50.93
56.3
56.83
65.38
66.29
70.33
65.66
65.46
54.47
53.3
54.66
56.74
67.2
67.42
66.07
65.45
57.56
50.31
47.07
52.81
52.52
50.46
49.37
47.95
46.04
49.77
52.41
57.2
60.56
62.44
63.54
61.17
55.39
54.6
55.5
58.56
68.88
70.14
69.06
67.95
64.46
49.04
48.1
45.98
44.92
44.37
44.12
44.89
51.78
59.23
57.14
67.95
68.4
70.41
67.37
66.74
56.99
54.47
55.38
56.92
79.41
82.91
80.66
74.04
58.38
48.16
43.82
43.69
41.73
39.88
38.28
40.97
46.43
60.42
56.14
58.36
59.66
60.17
57.18
55.76
54.08
53.85
54.5
56.11
69.59
74.03
69.92
64.69
55.78
48.82
43.73
42.6
39.45
38.6
37.75
38.07
45.53
56.74
57.47
58.4
60.71
60.34
58.67
56.74
55.22
53.89
54.22
55.21
67.75
76.83
70
63.25
55.22
47.93
41.68
42.9
42.3
42.04
40.97
41.93
47.53
59.05
60.54
61.77
62.65
61.59
58.19
58.46
57.45
56.37
57.09
59.44
71.56
80.16
73.71
65.94
57.85
50.37
44.16
45.58
44.94
44.85
44.13
44.85
51.69
62.4
61.41
65.49
66.37
65.83
61.28
56.4
56.18
42.95
35
57.66
66.51
78.31
73.08
76.85
69.83
59.36
56.07
62.13
54.66
50.98
48.45
48.71
56.9
56.1
60.37
63.14
67.44
70.32
66.83
65.18
63.06
60.34
59.56
63
70.54
81.27
72.6
69.43
66.32
65.6
57.52
56.21
48.09
46.75
46.06
45.65
48.27
49.08
51.34
57.51
61.73
63.33
64.04
59.05
56.98
52.42
53.61
57.69
64.99
75.89
70.9
66.18
62.06
56.25
50.21
48.57
46.67
46.23
45.47
46.07
57.96
63.24
67.61
66.55
66.68
67.86
65.88
64.53
57.77
56.08
56.64
57.26
67.83
83.29
76.81
69.01
57.51
49.67
50.53
48
46.58
45.89
45.85
45.93
54.38
63.71
68.05
66.09
72.69
73
69.24
64.98
61.96
57.01
55.55
56.5
69.69
85.1
76.74
67.38
58.69
49.43
49
48.28
47.09
46.67
45.76
46.89
56.86
66.09
70.65
73.82
70.78
67.73
68.38
62.53
57.55
57.98
58.53
59.18
70.26
88.56
79.55
70.74
62
56.86
55.71
51.45
49.92
47.65
47.16
48.8
58.51
68.05
72.11
70.97
67.52
66.18
66.06
60.76
58.25
57.33
57.44
59.1
74.08
87.9
83.97
74.57
63.21
56.97
56.29
49.14
48.24
47.23
46.82
47.66
56.58
67.29
69.42
65.03
65.41
65.7
63.69
56.74
55.96
47.11
52.98
55.26
63.17
79.63
76.02
68.15
60.26
53.97
54.62
49.64
46.37
45.37
45.37
44.79
45.9
49.82
50.52
58.56
62.01
62.71
59.75
55.14
51.6
48.98
49.1
51.04
58.19
69.07
66.28
62.06
58.03
52.49
49.78
54.18
46.95
45.77
45.4
45.02
45.72
45.8
46.6
51.8
57.14
58.48
55.59
53.23
49.04
47.1
47.8
50.88
60.08
73.61
67.14
66.24
60.9
51.63
46.85
47.34
46.83
46.61
45.76
46.07
49.65
61.95
67.51
69.15
70.9
71.04
67.76
62.67
59.49
57.08
57.11
59.4
70.82
84.47
77.87
73.86
62.41
54.33
48.14
45
44.67
43.92
43.73
43.89
48.5
62.27
67.51
68.91
69.22
68
66.72
65.45
57.46
54.94
57.48
56.7
68.42
85.15
81.64
78.31
60.15
59.18
49.19
55.48
50.92
48.85
47.42
49.43
60.27
69.45
74.84
78.72
74.85
72.12
68.68
65
61.15
57.42
57.18
56.72
69.63
91.29
84.65
78.3
63.71
61.23
55.92
60.4
54.48
51.65
50.08
52.48
62.52
71.68
82.89
82.77
79.1
78.11
74.76
69.57
61.41
58.24
58.74
58.71
75.54
91.95
86.73
81.9
70.76
66.81
57.98
59.82
55.18
53.02
51.78
51.83
63.02
68.49
76.94
81.27
81.08
81.95
79.45
69.83
66.32
65.16
64.21
65.49
75.62
92.14
86.42
79.06
71.69
70.59
68.44
63.14
59
56.52
53.79
54.55
58.27
60.73
66.51
72.31
76.27
80.87
80.68
76.22
69.63
64.7
66.44
74.47
79.01
92.43
89.99
83.45
77.79
70.23
68.11
64.83
61.85
56.01
54.4
54.45
56.81
60.53
62.07
66.08
68.37
71.03
69.92
66.67
65.78
63.32
64.54
67.79
70.42
90.1
90.1
81.01
71.63
70.35
67.63
61.88
59.77
57.65
57.27
59.35
64.7
70.99
73.7
80.38
84.53
90.85
90.91
83.37
83.41
78.07
85.31
87.65
89.46
112.18
101.98
91.2
83.17
71.29
67.15
59.17
56.67
53.86
52.69
55.03
63.6
68.43
71.31
73.27
75.16
81.09
81.09
74.98
69.29
67.23
68.98
65.86
72.06
91.34
88.63
79.86
71.15
66.98
65.92
57.03
54.42
51.33
48.66
52.36
63.12
68.4
71.34
74.8
78.71
77.71
79.31
71.18
68.76
65.68
64.49
64.15
69.71
88.83
88.23
79.36
70.62
63.36
63.13
52.99
50.21
47.76
46.5
49.11
63.34
67.55
71.77
73.92
74.29
75.59
75.04
65.84
63.39
62.88
62.83
64.47
66.67
89.7
87.31
77.7
68.28
59.89
59.84
64.5
50.28
49.08
48.78
50.9
65.21
69.5
73.98
77.16
83
90.85
85
78.97
74
71.8
71.9
72.68
80.1
93.65
88.45
80.1
72.86
66.56
65.86
68.01
58.42
56.55
53.41
53.7
60.67
61.57
67.19
71.59
76.03
77.56
78.67
75.88
70.37
67.81
66.63
68.55
75.81
89.04
85.39
81.09
75.12
70.6
67.7
58.04
52.62
48.44
47.32
48.04
51.53
52.2
57.09
62.69
69.05
69.44
69.62
66.1
64.52
59.45
56.83
65.85
68.25
83.15
85.48
82.39
70.55
67.27
64.49
60.16
58.54
56.92
53.97
58.08
67.48
69.46
82.37
91.54
93.27
90.8
90.88
88.36
78.94
73.78
71.09
75.62
79.46
101.09
100.55
92.64
77.56
71.67
68.56
56.64
51.78
50.12
48.88
51.08
66.51
68.21
77.09
85.09
89.61
87.46
83.55
78.82
71.29
67.14
67.18
79.43
73.05
96.68
93.57
87.86
73.95
66.18
61.05
58.31
51.84
50.35
49.12
53.78
66.44
68.95
77.13
86.37
91.61
90.73
88.87
84.6
76.88
71.43
69.9
72.4
80.48
100.69
97.82
91.53
76.56
67.88
65.3
56.04
52.5
50.44
50.17
52.13
64.4
71.42
79.79
82.73
87.52
85.93
84.7
79.72
75.81
67.63
67.9
68.3
75.63
93.64
90.13
82.85
73.73
65.17
61.77
55.6
50.45
48.85
46.99
48.51
57.43
65.73
67.79
70.51
75.12
81.58
81.2
74.13
71.65
66.35
66.69
68.02
79.24
91
85.1
82.86
68.38
60.42
58.01
56.62
51.48
51.46
49.08
50.74
55.57
56.81
67.73
70.21
73.73
76.41
76.32
72.56
69.27
67.01
66.52
66.27
67.56
79.54
79.59
76.53
70.13
63.07
62.9
52.96
52.46
50.33
46.86
47.33
48.86
46.92
51.43
60.61
65.41
67.93
69.39
67.88
67.13
61.97
62.62
67.49
71.08
80.42
85.34
78.14
71.7
64.2
54.34
48.11
47.4
46.69
46.6
46.83
57.72
67.29
74.29
78.69
82.83
82.38
81.5
74.88
71.32
69.51
69.48
70.66
77.9
91.38
89.77
81.29
73.01
69.57
64.04
47.19
46.92
46.56
46.17
46.13
52.15
66.79
75.15
75.43
77.52
78.12
77.92
75.16
74.1
74.58
74.58
76.01
84.26
90.98
90.28
82.7
68.31
61.95
58.71
47.08
46.59
45.55
45.77
45.14
50.31
65
71.99
72.05
74.55
74.78
74.88
70.46
68.89
67.65
71.91
71.76
79.8
85.63
85.53
79.09
63.97
60.23
50.44
44.05
45.57
43.71
43.19
43.19
47.74
65.01
74.62
75.84
77.78
77.72
76.75
72.74
72.68
71.3
73.64
75.35
79.8
83.08
83.09
77.51
75.45
62.35
52.42
47.59
46.27
45.33
44.89
44.58
49.04
62.54
74.65
74.51
79.54
77.54
76.91
70.48
68.35
66.8
65.34
65.79
69.55
74.6
74.6
75.89
68.35
58.98
52.28
70.65
50.44
48.92
48.72
49.47
52.71
58.51
68.69
74.34
81.67
86.46
86.68
77.96
76.47
73.01
71.42
71.88
73.52
88.49
81.59
84.66
81.56
79.98
69.02
67.32
60.42
55.43
50.74
53.2
56.33
64.45
69.16
72.86
76.87
76.49
75.66
69.83
69.66
69.34
69.45
76.39
90.35
97.1
97.16
75.83
70.01
63.06
58.99
57.39
54.13
52.51
55.52
65.14
70.67
79.79
81.89
84.6
85.07
84.19
83.9
81.81
77.56
76.19
76.66
77.61
84.81
91.35
90.72
75.82
71.85
61.06
60.56
59.07
54.47
52.47
57.26
66.76
70.08
83.13
86.8
92.3
93.34
85.52
79.22
76.98
74.92
70.86
71.54
74.18
78.77
97.16
93.5
80.48
69.91
68.31
65.91
62.42
56.05
54.38
56.43
65.22
69.89
79.34
85.24
90.34
87.85
85.38
83.34
80.06
75.07
72.45
75.29
78.99
81.76
87.83
85.54
75.38
69.14
60.61
62.8
54.26
50.21
50.16
50.48
63.67
75.24
81.26
85.32
86.4
87.95
87.44
89.21
86.83
84.19
83.95
84.81
83.87
79.63
88.04
87.83
82.06
78.13
74.7
61.02
55.77
54.46
50.78
52.03
61.83
73.77
77.4
83.79
90.49
88.19
87.12
87.08
87.4
87.49
79.43
78.43
80.81
83.28
85.66
82
75.33
70.89
71.74
74.64
70.55
68.92
68.98
68.99
73.21
70.92
74.38
79.22
83.59
87.55
86.12
81.44
75.41
73.82
73.25
73.53
73.25
77.73
85.96
90.2
80.1
74.9
78.49
75.83
66.77
64.03
62.52
62.57
61.51
66.35
65.37
68.99
69.81
74.48
72.86
72.2
65.79
64.38
63.29
65.22
66.42
70.88
79.24
82.37
74.04
69.04
53.85
48.13
46.85
46.24
46.3
46.83
49.64
65.63
72.36
70.35
70.83
73
72.07
72.9
69.99
66.43
64.74
64.61
66.75
68.15
75
78.57
65.86
56.27
52.91
54.43
47.26
46.84
45.89
46.99
59.21
70.99
78.81
78.52
80.33
80.19
79.62
77.34
74.34
69.88
67.11
66.68
68.85
69.48
81.02
81.1
70.38
58.98
55.85
44.37
40.26
37.4
37.35
39.06
47.06
67.65
69.44
76.34
77.54
75.48
74.91
72.44
69.43
68.67
66.46
67.91
69.68
77.08
81.33
82.44
70.32
55.9
49.1
46.67
42.55
39.7
39.19
40.72
52.85
68.03
77.15
83.52
83.8
84.75
83.95
82.16
76.85
82.1
80.51
68.55
67.68
66.41
73.4
79.71
66.38
52.27
58.78
52.09
42.35
39.2
38.98
39.31
49.53
66
69.15
76.49
78.34
78.69
77.17
76.34
73.46
74.74
70.05
68.26
67.07
67.04
71.63
78.64
66.18
51.72
49.52
46.95
43.13
40.34
38.84
39.25
42.87
46.97
60.49
65.99
67.83
67.82
66.65
65.99
65.93
65.69
64.08
65.69
63.48
65.85
66.52
76.37
66.6
51.68
46.38
46.55
43.29
40.9
39.61
40.37
39.56
43.3
49.66
55.06
62.64
63.64
63.76
60.68
60.23
58.56
57.77
58.87
57.89
59.56
70.36
85.1
82.94
56.27
51.82
40.15
43.91
41.87
40.47
41.4
49.42
70.51
75.19
77.83
80.45
83.75
83.94
81.58
81.29
80.86
77.93
90.97
88.18
83.46
85.2
86.37
85.7
77.45
61.8
46.88
44.52
40.26
39.53
42.57
48.4
65.73
76.02
77.11
75.36
81.8
80.74
80.74
80.71
80.73
79.59
78.05
74.78
72.17
76.95
85.36
76.54
75.88
51.21
51.81
45.82
44.81
43.7
45.8
51.25
67.64
76.02
79.66
82.26
85.92
95.15
95.39
96.57
97.18
94.48
96.7
86.13
81.05
85.61
91.23
82
73.03
67.75
62.55
52.26
45.99
51.34
47.28
57.28
68.08
75.36
75.93
80.7
82.03
84.79
85.43
81.33
82.12
82.01
80.85
73.44
69.38
71.57
80.97
73.69
70.13
61.77
44.77
41.41
37.3
37.05
37.83
46.57
63.88
74.14
73.82
76.38
76.35
77.36
77.22
75.91
71.97
69.73
70.19
67.89
63.74
65.78
69.52
66.69
56.36
48.33
51.83
46.1
42.61
41.09
41.32
41.65
41.8
51.13
64.34
64.46
65.03
65.15
65.61
64.52
60.53
59.5
58.7
56.29
65.94
66.25
69.74
67.17
60.91
46.85
49.04
45.9
39.32
38.28
38.29
38.16
35.75
47.14
49.92
56.56
57.98
63.22
61.29
55.67
54.57
52
53.82
53
67.94
68.59
75.45
68.94
63.25
48.5
47.98
46.99
45.99
45.82
45.91
51.92
65.68
75.12
81.05
80.47
84.6
84.82
84.82
80.19
77.43
75.55
75.03
76.93
78.57
82.75
89.43
77.44
64.3
51.64
48.16
47.06
45.51
45.54
46.26
49.59
63.28
70.74
77.32
77.38
77.37
77.41
77.47
76.74
73.86
72.32
68.86
67.57
66.53
68.14
80.47
68.09
56.36
51.1
47.07
45.02
42.98
42.68
44.5
47.98
62.61
70.28
76.3
77.45
79.22
81.18
76.6
75.44
74.83
69.9
69.27
66.11
65.31
68.12
77.83
66.89
54.08
47.96
46.96
44.37
44.59
44.41
44.75
49.5
67.56
70.91
77.09
79.08
82.29
82.36
79.58
79.07
75.38
74.89
74.56
72.2
68.65
70.71
75
73.38
56.59
51.7
44.82
42.76
42.21
42.1
41.78
47.22
62.83
68.67
77.36
78.64
79.38
78.16
76.4
73.41
71.49
70.21
69.1
65.86
64.1
68.51
72.04
64.1
53.58
49.72
47.92
47.01
43.16
42.74
41.35
42.64
42.28
56.46
68.61
73.95
77.71
77.96
74.07
69.39
66.56
63.91
67.08
62.82
63.98
67.3
74.24
69.86
55.54
47.48
42.51
41.7
39.62
38.14
36.34
36.26
36.89
45.51
50.27
62.62
66.37
67.09
66.27
63.25
61.68
60.76
61.62
61.68
63.69
72.84
74.26
69.14
55.07
46.8
44.63
40.21
39.14
39.08
39.06
43.33
54.31
65.87
72.1
73.86
74.49
71.72
71.94
72.98
71.01
69.65
69.65
69.2
69.11
70.23
77.21
69.06
56.42
45.55
45.26
43.12
42.28
41.35
42.48
46.62
61.12
68.19
71.31
73.07
77.99
77.75
74.77
74.25
71.53
69.77
69.64
68.71
67.61
69.04
74.47
68.4
56.91
48.78
42.43
40.44
37.71
37.62
39.4
45.69
62.27
70.87
73.67
78.67
81.46
81.47
80.31
78.39
76.61
73.78
74.39
73.46
71.64
70.29
80.07
69.69
59.5
47.51
43.77
41.89
39.21
37.92
39.63
45.16
64.29
70.82
73.42
75.43
78.06
79.6
79.56
78.27
78.89
75.75
70.82
73.32
66.11
68.76
77.18
67.1
58.12
48.2
43.97
40.43
37.96
38.01
38.47
45.76
65.16
70.43
72.16
74.52
75.18
77.07
75.75
75.26
71.03
69
69.19
66.11
63.16
63.33
69.91
63.59
55.31
51.02
41.31
39.56
37.88
36.59
35.6
38.26
38.96
42.77
48.53
60.69
66.32
66.32
63.29
59.91
59.28
57.81
57.81
54.96
55.76
57.23
62.07
58.76
49.83
41.67
62.59
44.73
42.02
40.69
40
43.6
42.35
47.13
55.71
62.98
66.38
61.99
61.34
61.15
60.95
60.84
61.01
61.35
62.15
65.36
68.46
68.28
56.22
45.53
43.57
40.69
39
39.64
40.69
45.96
69.09
73.09
72.52
74.36
76.43
77.7
78.84
80.27
79.22
79.75
79.83
74
73.76
72.58
74.42
69.65
60.42
52.56
42.99
41.36
40.61
40.44
40.05
45.5
67.4
70.59
71.16
73.05
74.78
78.8
81.12
80.44
80.3
80.06
78.99
73.76
72.99
70.32
73.27
68.96
59.44
53.96
43.19
41.76
42.47
41.8
41.88
46.43
60.06
72.16
71.04
76.86
80.88
83.05
85.68
83.95
84.84
85.95
85.83
80.98
75.17
71.55
74.4
66.82
58.39
49.59
44.04
41.51
37.99
37.71
39.07
47.77
60.35
72
73.71
75.73
81.01
81.09
81.74
81.89
81.61
81.6
81.3
77.13
71.76
68.57
76.53
69.59
60.44
50.56
49.25
44.42
41.69
42.17
41.54
49.89
60.33
70.21
75.78
78.21
78.09
80.42
78.28
78.26
76.4
74.03
74.04
71.01
65.82
63.46
72.8
67.39
56.63
49.51
46.2
40.56
39.74
38.83
37.88
39.9
39.61
50.65
69.4
72.07
73.14
73.53
73.52
73.05
67.35
66.4
64.23
61.5
61.9
63.31
68.53
64.7
53.83
47.12
49.78
41.38
38.15
37.16
35.39
36.12
33.82
44.4
53.59
59.92
62
63.4
64.97
65.15
62.17
63.36
62.9
63.52
64.56
67.13
72.85
70.17
57.04
46.8
39.7
36.8
35.83
36.93
37.56
43.07
54.1
67.86
69.14
72.11
74.03
74.86
75.17
74.1
74.03
72.15
70.09
69.4
67.22
65.82
69.57
64.73
52.1
46.25
41.96
34.59
33.88
34.75
34.78
45.14
59.34
69.81
68.45
71.53
74.79
76.2
76.12
73.35
73.35
71.84
70.43
70.25
66.73
63.84
73.33
64.68
56.55
49.28
40.84
38.91
34.39
35.3
35.94
42.03
57.52
69.79
71.8
73.66
78.88
78.87
78.92
78.35
78.35
76.84
73.65
71.56
69.6
68.84
75.53
67.62
58.6
49.79
41.9
40.88
38.99
38.73
38.5
43.94
56.8
71.08
69.67
72.39
74.61
74.62
74.63
74.61
74.51
74.62
74.66
71.53
68.64
67.67
72.36
62.35
54.89
47.86
43.15
41.67
40.09
40.03
39.83
43.87
59.19
72.51
63.91
69.64
73.31
77.27
73.72
73.39
70.74
69.01
64.64
62.53
61.04
57.68
65.73
65.8
56.69
48.84
61.28
50.9
59.66
53.85
53.89
50.85
60.34
68.61
71.43
74.62
74.68
76.13
75.04
74.56
73.84
73.12
72.56
72.22
72.07
72.27
74.17
74.05
65.9
65.93
53.33
49.29
48.61
47.05
45.98
44.68
43.93
49.48
56.34
65.3
67.32
70.93
70.99
69.82
69.16
68.39
69.28
69.22
68.68
67.44
74.06
70.83
62.76
55.61
49.72
44.68
44.06
42.61
42.84
46.61
62.21
69.56
71.16
74.21
76.16
78.46
78.27
75.79
74.97
74.75
75.23
73.16
70.81
68.98
73.82
69.95
55.16
50.59
45.4
41.19
41.01
41.27
39.38
47.06
60.46
69.21
70.86
75.26
76.91
77.36
77.92
78.14
75.12
74.02
75.72
72.77
70.02
68.81
71.42
70.23
51.69
49.05
43.05
39.79
38.07
37.64
37.86
45.31
59.68
67.23
69.73
73.8
74.2
75.78
75.43
73.99
73.49
72.49
73.29
71.11
67.78
67.01
71.7
67.27
50.76
49.19
39.74
36.28
35.57
34.9
35.92
40.42
56.31
65.99
69.24
72.53
73.6
73.53
73.31
72.64
72.41
71.2
71.19
69.79
66.58
65.29
68.64
61.21
46.4
45.88
38.23
33.6
33.3
32.56
33.02
41.11
52.37
63.61
68.86
72.87
74.14
76.09
73.76
73.22
72.85
70.06
69.44
67.4
63.16
60.23
60.63
53.42
43.41
43.44
46.26
43.23
40.98
40.63
38.29
39.36
33.95
42.41
50.01
55.03
58.81
63.91
62.64
59.04
58.14
57.02
58.54
55.05
54.29
54.22
60.33
57.45
49.13
45.89
37
33.7
30.28
27.52
26.89
26.21
23.27
36.58
44.63
50.21
52.36
55.06
53.12
52.51
51.12
51.08
52.05
51.27
51.15
51.32
56.24
53.09
46.29
36.68
38.02
30.65
27.46
25.92
23.67
23.92
21.9
35.09
41.22
49.31
54.39
57.77
56.64
57.1
55.45
54.27
56.56
55.31
54.01
55.27
62.62
58.44
49.14
38.85
35.36
30.67
29.52
29.36
27.69
35.83
49.08
60.29
66.29
68.63
69.38
71.92
70.86
71.44
70.51
70.99
70.63
68.38
64.89
64.87
67.4
65.09
51.44
46.19
34.94
27.12
27.84
26.9
27.4
35.3
49.05
58.2
64.1
69.68
71.02
72.21
72.22
72.22
73.33
72.26
70.82
69.15
65.38
62.38
68.54
60.14
48.43
44.65
39.66
32.06
31.08
28.86
30.51
36.07
49.62
62.8
69.55
70.95
77.36
77.77
77.7
75.29
77.71
78.33
78.25
76.64
69.83
68.51
68.95
66.34
52.85
44.83
39.06
32.76
28.34
26.67
27.82
34.46
46.65
68.07
69.68
79.66
82.88
83.29
83.6
83.05
82.72
80.77
81.5
79.63
76.46
71.74
64.33
59.54
49.81
41.65
39.84
36.88
34.31
33.77
31.82
32.52
35.75
41.61
50.6
59.76
65.11
68.37
69.64
67.05
67.61
66.9
66.95
64.05
64.47
61.52
65.69
64.58
53.58
44.24
40.29
42.99
39.54
33.9
34.25
32.45
33.21
45.03
51.94
64.58
68.46
68.64
69.82
69.79
71.71
73.1
74.13
74.08
71.58
69.15
72.08
69.22
63.08
47.49
49.96
48.09
46.15
46.38
47.22
50.18
60.46
78.73
85.33
99.48
100.18
98.73
98.09
91.12
98.78
102.63
100.95
98.93
81.46
77.76
82.58
73.74
71.09
59.04
57.92
53.7
48.99
48.15
49.28
52.51
63.04
71.58
74.28
84.26
89.13
93.16
95.09
96.36
106.67
108.09
108.22
92.24
81.46
74.98
80.75
76.34
72.5
65.14
63.11
59.12
56.1
51.67
54.26
61.36
67.78
75.05
83.76
92.92
96.31
102.37
105.16
108.82
117.67
119.85
120.77
103.24
93.99
87.24
86.33
82.2
75.81
69.59
67.95
57.53
52.46
49.64
49.92
54.64
63.65
80.11
89.06
101.39
109
120.01
125.04
131.36
133.37
135.13
134.28
126.04
98.52
91.25
90.25
83.75
80.1
67.96
72.51
67.91
61.18
58.85
59.63
67.21
72.63
81.54
86.93
87.35
97.01
102.72
108.69
114
123.82
124.55
119.08
105
86.53
81.5
81.24
81.12
74.6
70.75
67.17
65.33
61.41
59.05
55.53
52.01
53.36
69.94
73.96
77.34
85.47
94.8
97.14
99.37
98.89
97.36
96.05
93.2
87.8
82.48
84.77
85.69
76.1
72.92
73.87
69.98
67.83
66.1
62.96
58.63
69.33
74.36
75.95
78.76
86.26
94.52
104.17
105.03
112.44
112.43
112.24
112.31
102.87
99.43
93.7
91.7
80.7
74.41
67.92
66.51
63.08
60.39
62.26
66.22
71.84
85.1
90.79
102.2
103.62
115.73
133.45
145.72
150
150
149.61
125
105.21
95
92.05
90.74
87.77
77.37
70.64
67.38
62.8
59.39
61.26
63.27
68.34
81.37
83.59
93.42
108.17
126.17
136.37
132.53
150
150
150
125
98.51
92.31
92.85
88.41
89.24
79.66
67.91
66.37
61.03
59.1
59.11
59.68
68.97
75.46
81.12
83.86
95.26
99.62
125
130
130.81
136
135
120
110
91.22
90.12
87
81.38
77.24
60.89
55.56
52.48
49.37
49.26
50.38
74.84
77.41
81.66
91.05
91.02
91.15
104.64
108.66
114.19
116.01
115.63
98.75
89.71
87.41
81.46
82.86
76
72.69
50.65
43.19
40.65
38
37.69
40.69
52.36
66.09
74.47
75.26
78.35
79.23
89.23
90.46
95.75
94.11
94.31
90.12
76.1
75.05
71.07
66.3
63.52
60.58
49.54
46.68
44.74
42.61
42.19
43.06
45.66
51.67
63.4
62.64
71.92
67.63
70.38
75.04
75.38
82.37
82.07
82.06
82.49
75.66
72.39
65.3
53.2
44.18
38.47
33.78
31.96
30.13
30.36
28.12
24.6
41.74
45.96
56.9
68.72
70.67
71.82
81.65
81.77
81.77
81.77
81.76
81.75
81.7
81.76
81.71
69.14
41.42
39.47
33.94
32.45
30.79
31.36
36.84
48.13
53.7
58.66
61.12
72.07
73.41
73.91
75.43
76.93
75.4
78.51
73.88
72.37
67.28
62.66
57.19
54.81
54.68
40.95
36.93
33.72
33.7
33.69
40.52
46.1
63.64
70.11
73.25
76.22
80.23
80
85.85
89.41
92.08
92.82
85.44
80.27
74.55
76.77
74.86
68.64
56.32
44.94
40.64
32.45
32.21
33.31
40.45
48.42
60.84
71.04
74.51
75.71
79.94
90.45
97.5
102.02
118.86
117.67
87.4
80.28
74.93
73.76
71.03
65.12
55.81
42.91
34.73
29.34
28.83
28.09
33.28
46.72
58.58
66.77
71.58
73.58
78.29
79.21
83.56
88.63
93.35
91.65
83.2
75.67
72.79
72.66
72.04
62.74
51.65
48.64
45.79
41.24
39.88
40.41
43.27
48.31
64.79
76.43
81.71
88.56
92.29
96.94
101.14
106.7
110.33
108.9
101.35
90.87
85.77
84.07
84.65
76
61.98
59.78
54.37
51.11
46
45.7
44.46
46.29
57.46
75.37
79.79
85.47
92.62
93.53
96.06
99.52
100.26
99.91
96.15
92.11
86.52
85.96
82.85
79.95
81.36
63.57
57.23
53.66
52.21
52.21
51.27
48.47
58.85
75.1
78.57
81.4
88.49
96.1
97.01
103
103.62
104.96
99.36
96.6
94.28
90.28
90.1
81.32
75.42
60.62
55.27
50.33
50.43
49.25
55.63
62.78
78.03
81.63
84.42
89.95
92.57
104
108.96
115.8
121.46
115.63
109.45
95.81
90.5
88.91
89.77
89.69
76.08
63.12
58.51
56.58
56.27
53.79
57.32
64.24
77.55
81.27
83.8
90.34
92.19
101.47
106.94
114.87
118.76
118.39
105.39
95.21
90.71
89.31
88.44
86.19
73.31
63.74
59.87
55.78
54.64
52.47
55.34
58.61
72.85
77.44
80.05
87.04
91.57
100.37
110.3
120.24
122.85
127.68
110.31
94.21
90.82
91.63
87.59
84.51
73.87
66.99
60.3
55.95
55.64
54.09
56.26
62.95
74.92
79.69
81.98
86.27
90.91
96.22
101.93
107.96
110.75
111.89
106.85
91.87
88.43
88.66
87.89
83.85
77.32
63.25
58.75
54.55
52.78
50.5
55.53
55.64
74.48
76.83
76.81
78.91
85.26
105.74
110.59
120.42
123.41
123.52
111.42
91.27
92.29
91.22
91.23
79.59
73.9
78.55
62.31
55.15
49.89
47.62
47.33
43.12
54.09
66.3
72.63
76.39
77.26
79.65
80.72
81.37
81.25
82.06
80.45
77.06
75.21
75
76.59
69.84
62.36
55.61
54.32
48.69
41.49
41.56
41.51
32.67
41.31
54.98
63.04
68.96
76.87
77
77.37
77.66
77.52
78.18
78.33
78
75.44
74.17
77.13
67.15
58.92
55.07
44.83
41
38.88
38.13
37.47
35.89
48
61.28
69.29
74.15
78.04
76.95
78.48
79.97
79.33
79.06
79.97
77.73
76.12
76.15
76.4
70.72
64.09
59.84
53.87
47.51
44.8
44.12
49.33
59.72
71.95
75.98
78.8
79.93
88.36
89.86
93.24
95.45
97.86
97.71
92.89
84.28
80.69
79
78.37
76.76
72.48
60.76
56.87
51.44
48.65
48.56
53.8
59.51
70.17
74.93
76.97
80.5
86.81
88.66
93.09
93.23
93.68
93.44
89.42
80.92
79.21
78.49
80.94
76.16
69.82
58.03
52.7
47.83
46.62
46.96
51.43
54.05
66.54
72.08
74.47
76.64
82.17
83.22
99.42
105.76
107.76
108.09
98.98
89.52
79.58
77.81
78.53
71.31
62.77
59.53
44.62
45.1
42.45
42.89
46.45
47.78
64.73
76.06
79.27
80.77
83.31
87.33
93.69
93.61
92.91
82.95
81.15
79.1
77.01
76.53
77.25
69.36
58.35
50.81
43.19
39.33
38.89
39.25
39.36
37.83
42.95
54.36
63.47
68.97
75.95
76.09
76.23
76.73
76.81
76.45
76.52
76.32
74.22
74.98
75.4
61.01
54.64
54.33
45.82
42.85
42.89
40.96
39.85
39.1
42.51
54.74
68.44
75.48
79.66
82.47
83.92
83.95
87.07
91.34
90.08
90.33
85.73
83.47
89.2
75
69.81
65.3
57.29
55.51
55.54
55.35
55.35
68.39
77.94
80.54
82.37
82.87
89.87
91.85
106.19
111.56
113.9
114.09
101.12
91.94
91.99
89.27
90.86
85.87
80.27
67.6
58.27
56.31
56.04
55.58
53.15
60.88
75
78.46
79.68
84.39
91.98
100.66
110.38
113.88
115.74
116.65
104.4
95.54
94.71
96.54
95.84
85.49
77.36
66.65
59.05
54.99
54.67
54.57
54.57
57.57
70.1
76.62
77.37
79.84
90.18
96.12
98.22
102.3
103.84
104.57
99.08
91.79
89.41
87.02
87.06
78.54
72.08
71.89
67.15
62.56
59.27
58.41
59.27
65.41
76.25
81.09
85.71
87.1
96.25
106.24
108
112.23
113.59
111.96
102.32
100.7
98.21
95.27
92.5
82.78
76.31
68.1
61.73
56.16
56.11
56.11
57.98
61.57
73.3
78.12
80.06
87
94.44
100.63
103.86
105.24
107.46
107.45
100.58
91.71
88.06
86.54
84.93
79.46
74.01
76.55
72.69
65.84
58.92
58.7
58.29
56.6
61.98
72.63
78.23
82.04
86.02
88.14
92.74
96.69
97.77
97.61
96.97
92.62
86.66
85.36
82.5
78.44
74.53
71.85
62.13
59.15
56.91
56.24
55.97
55.55
59.98
66.02
75.75
78.91
85.04
90.14
94.46
97.48
101.78
106.58
103.11
94.8
87.64
89.35
87.01
83.8
74.5
76.31
73.01
72.43
65.76
64.63
72.7
74.81
80.86
84.54
87.45
90.78
100.43
111.19
114.62
120.45
124.95
124.84
115.19
103.11
98.79
95.28
89.13
88.84
84.88
77.24
73.46
72.1
67.31
65.77
72.68
75.43
81.55
85.85
88.87
95.42
101.38
113.78
119.67
134.39
139.98
147.44
138.58
115.65
101.3
96.48
89.12
85.47
84.62
77
68.8
66.78
63.58
62.83
68.54
73.47
78.71
83.76
85.06
86.71
130
135.68
155
172.84
175
175
165
102.94
95.93
87.84
85.58
85.63
80.56
85.09
67.41
64.15
62.9
61.61
70.4
74.66
77.56
86.41
87.87
94.25
108.78
120.06
132.93
140.37
148.78
150.32
140.76
110.53
96.25
91.65
88.92
87.85
85.53
78.15
65.8
60.72
58.66
58.5
61.78
68.79
79
86.45
88.31
93.33
102.78
139.02
164.86
174.72
179.95
178.27
148.93
123.42
104.78
95
88.69
89.71
86.02
67.31
59.29
56.29
54.94
55.49
55.63
53.77
61.92
73.98
76.64
78.91
80.54
89.18
92.94
96.74
97.12
97.43
95.81
89.66
82.3
81.64
79.36
77.9
73.08
64.78
57.6
55.69
55.85
55.7
53.49
49.63
53.76
65.9
75.58
76.26
78.97
84.86
88.9
89.93
91.75
97.21
94.29
88.68
81.1
82.77
82.83
74.58
73.62
62.91
58.75
59.67
55.85
56.26
55.33
65
79.76
82.96
85.61
95
101.06
110.98
122
129.42
132.63
129.91
123.53
104.46
96.82
91.98
87.5
83.42
80.63
74.62
63.11
58.62
55.7
55.91
57.59
71.91
82.08
85.07
87.03
94.61
104.51
126.81
143.43
154.55
170.24
177.31
168.15
126.79
113.45
98.4
88.29
87.03
84.55
80.2
67.37
62.91
61.05
62.21
63.99
73.86
79.5
80.66
85.61
101.5
123.37
143.11
185.42
186.71
194.26
194.31
184.89
134.76
120.47
95
88.63
87.15
84.06
77.77
59.21
54.92
55.31
54.88
55.99
65.58
73.99
78.81
83.32
86.83
95.23
99.17
102.83
105.56
105.25
105.37
95.89
93.31
91.97
90.54
84.64
87.37
71.03
63.95
55.58
51.29
52.59
50.49
52.52
58.98
73.82
76.38
78.69
82.52
86.15
97.72
94.52
90.65
90.71
90.57
85.22
81.33
79.06
79.13
79.58
74.07
66.34
64.06
54.07
50.2
49.13
49.13
48.04
48.95
55.71
66.21
82.83
80.07
82.07
84.21
87.73
89.72
91.78
88.49
85.51
82.35
81.01
79.49
83.02
73.18
63.78
70.47
54.58
50.25
48.76
46.16
47.15
43.62
49.82
61.49
73.94
77.96
80.9
88.05
88.43
89.73
91.17
94.68
94.7
85.2
83.39
84.35
87.41
71.6
57.19
57.82
53.86
52.6
52.77
52.36
54.62
62.13
75.09
79.57
82.59
89.2
94.91
98.77
105.52
105.77
106.94
106.86
99.95
92.23
88.95
85.24
83.85
79.99
77.56
74.71
64.1
57.58
55.06
54.84
58.55
70.16
78.22
83.02
85.57
92.6
92.63
108.39
110.4
112.11
118.2
126.73
111.35
105.58
89.09
85.73
84.15
81.39
79.48
83.68
65.22
59.65
58.42
58.15
59.8
75.7
84.22
90.36
110.17
131.42
165.31
175.49
191.19
196.67
204.08
222.23
198.3
179.63
145.36
134.56
113.26
90.32
86.28
90.7
77.56
72.19
66.58
63.3
76.82
80.76
87.97
90.71
102.5
114.4
137.78
143.12
182.31
182.73
188.22
196.32
182.85
141.05
120.63
126.23
104.24
97.46
94.24
93.21
88.83
78.1
76.06
73.78
77.64
82.19
91.52
97.81
116.82
139.34
188.88
220.11
240.06
249.05
291.34
264.19
223.18
208.31
183.75
146.56
118.85
100
91.27
82.63
69.33
60.94
59.53
58.79
59.11
59.34
70.13
83.13
84.66
87.29
105.88
107.71
111.23
112.39
108.93
109.03
107.28
98.34
93.19
94.7
96.9
85.33
85.89
79.49
61.35
57.32
55.6
53.02
53.5
60.54
50.65
76.55
84.64
86.04
91.9
97.13
107.31
106.43
108.06
112.18
110.87
106.43
99.9
101.17
96.68
85.91
79.42
71.06
63.97
59.23
58.95
59.12
60.39
76.22
84.08
86.9
94.68
100.48
118.49
120.06
137.21
137.1
140.05
139.05
126.81
115.44
111.23
111.35
99.47
92.16
88.81
88.23
78.56
62.92
62.5
61.9
62.72
76.01
82.38
87.97
90.55
101.72
110.61
123.88
188.28
193.52
191.26
200.75
188.37
132.34
112.62
111.81
94.91
91.95
90.22
79.34
71.34
63.82
62.76
62.58
65.43
70.47
83.31
89.66
97.38
100.43
110.25
118.75
137.04
141.03
146.8
148.89
128.03
113.63
106.27
103.13
98.46
93.04
89.03
85.08
69.45
60.31
60.13
59.81
60.69
69.23
82.64
89.92
96.93
103.7
115.59
121.53
176.43
191.94
189.92
196.21
167.59
122.87
111.13
111.17
99.74
93.97
85.61
88.29
70.46
61.52
60.47
59.95
62.68
74.04
86.25
92.19
95.96
104.56
111.28
115.48
149.37
152.94
151.77
152.36
125.04
109.38
104.78
99.79
95.45
92.86
87.97
85.6
71.66
62.39
60.82
60.87
60.7
59.55
68.89
82.97
90.5
92.99
100.66
112.05
129.55
132.06
131.61
132.14
115.95
106.34
101.16
99.6
98.31
92.69
81.73
84.89
70.23
63.72
60.13
59.78
59.67
56.54
63.65
81.44
91.98
93.44
96.33
102.46
109.4
116.46
118.12
122.88
118.34
114.05
103.9
105.73
102.69
95
87.51
94.95
76.78
69.01
68.95
68.67
71.36
86.73
93.48
95.11
105
112.72
132.46
140.25
173.75
173.85
187.74
174.03
162.72
133.42
116.67
111.25
101.43
94.72
92.94
84.71
73.24
60.58
59.88
59.94
59.94
68.41
83.64
92.68
99.17
101.49
113.28
121.44
156.4
161.81
165.71
174.06
141.23
128.72
107.39
110.96
102.46
90.13
83.54
79.34
59.71
58.69
55.48
54.9
58.92
64.86
79.06
87.87
96.46
100.2
106.94
110.07
114.43
121.65
125.62
123.63
114.69
106.93
102.08
100.78
97.59
85.35
73.13
65.06
55.22
53.56
49.78
48.91
51.98
59.51
77.38
83.31
91.76
95.93
100.45
104.08
110.82
113.07
113.68
113.29
107.04
100.1
98.33
100.25
93.27
79.69
70.5
63.41
56.09
54.21
53.14
53.14
58.4
66.3
78.96
83.6
100.83
106.47
108.27
111.87
153.7
155.93
155.44
178.53
158.44
114.65
97.69
99.98
105
93.3
75.39
86.48
71.14
71.62
80.6
72.37
72.2
72.97
80.64
93.34
102.33
101.56
103.29
110.91
114.97
122.02
116.81
116.9
114.54
109.83
98.97
101.77
98.32
87.05
91.5
86.16
76.9
63.78
70.78
57.13
57.88
51.61
66.6
80.91
88.19
91.34
93.78
104.55
108.43
109.72
110.46
110.72
109.88
104.74
99.17
102.79
103.69
85.15
74.8
79.34
62.23
60.36
58.13
57.79
61.99
63.65
80.03
86.01
95.87
101.6
111.8
114.36
117.1
126.02
134.59
132.69
146.17
114.76
109.4
109.24
102.5
85.44
71.52
70.79
65.11
57.28
53.82
55.04
62.67
68.88
79.27
87.94
93.11
100.71
103.77
110.54
116.46
119.21
122.65
117.93
116.86
106.99
101.56
103.87
94.72
81.16
70.13
65.38
58.41
58.59
64.23
58.53
65.86
64.25
79.2
88.48
98.11
100.04
101.92
105.31
109.64
110.41
114.35
114.04
109.99
100.34
94.53
100.83
91.8
79.28
70.49
63.24
57.45
57.25
54.08
51.66
63.54
60.51
75.09
82.63
88.46
97.5
100.2
102.66
112.18
114.83
117.27
121.62
110.98
98.16
90.84
99.26
86.45
75.28
68.9
63.61
58.94
58.23
58.77
58.54
60.96
62.65
77.9
83.99
90.21
97.87
101.63
111.33
111.61
113.22
114.94
116.27
108.01
99.43
88.79
99.76
89.32
85.64
72.82
65.27
60.4
60.4
56.04
55.93
55.73
55.67
61.4
74.14
80.55
82.97
90.91
98.2
107.39
109.32
110.39
113.13
106.83
97.63
84.11
94.11
86
75.91
75.26
66.05
59.17
58.97
55.84
55.39
55.5
53.81
58.42
66.55
79.98
87.67
95.08
100.3
106.07
108.62
109.86
112.1
108.73
103.96
97.07
93.38
94.72
77.22
69.31
64.02
60.2
60.31
58.89
58.98
60.46
65.91
81.32
96.13
96.19
106.4
108.78
114.52
116.32
121.5
140.43
122.3
114.15
101.37
96.81
112.17
100.53
92.43
72.8
76.4
66.4
67.69
63.66
66.11
68.18
74.39
86.57
96.4
106.31
115.82
118.36
122.55
151.47
153.95
167.15
167.18
149.84
120.09
114.77
111.52
107.8
91.87
78.18
96.3
86.59
84.08
83.45
83.85
86.68
93.36
97.76
102.98
110.83
120.66
127.15
130.34
136.12
135.59
145.16
137.24
134.84
118.71
109.62
116.68
111.2
99.4
96.9
106.55
95.84
90.56
90.56
90.56
99.42
105.1
109.08
121.59
130.22
143.37
159.39
188.16
190.99
192.54
202.9
202.97
189.11
172.45
138.77
143.43
125.95
113.64
117.51
102.3
91.72
82.78
89.4
88.11
97.72
102.29
103.68
113.85
126.19
136.38
146.83
149.38
157.45
157.61
158.07
154.91
146.98
135.77
136.35
136.1
124.29
113.6
111.68
89.27
70.65
82.13
75.98
80.71
75.98
64.5
77.21
90.01
93.31
115.62
121.67
125.61
123.22
125.55
138.75
143.95
119.37
115.53
119.88
124.27
110.53
89.88
84.23
76.54
65.86
65.23
58.14
61.37
59.82
54.75
62.31
80.85
87.44
97.74
107.31
112.86
108.22
108.36
108.13
108.58
107.42
103.98
102.3
112.11
97.39
82.02
79.54
60.97
68.78
70.69
64.34
64.34
64.35
61.02
64.51
77.39
85.5
97.13
101.46
104.6
103.44
106.03
106.6
108.91
106.83
104.01
109.7
111.17
99.1
84.3
78.59
71.69
69.24
68.92
64.73
64.73
79.77
75.77
90.12
100.1
107.59
112.99
116.44
120.73
122.78
122.47
122.62
122.64
119.7
119.04
118.42
118.46
103.48
88.78
79
73.98
72.32
72.42
67.84
71.19
76.99
76.19
92.91
103.64
107.16
112.91
113.22
118.36
122.15
125.37
127.99
126.79
122.96
112.17
117.67
114.63
103.85
90.04
77.83
71.05
67.91
65.93
64.68
65.98
76.14
78.82
89.95
101.42
108.32
114.04
114.47
125.25
124.79
141.61
145.25
145.72
125.81
117.85
118.9
118.99
112.62
94.09
82.02
66.32
63.01
61.45
59.64
59.92
67.97
75.22
88.94
100.43
103.3
108.37
111.8
117.4
119.97
128.88
132.55
141.86
116.96
111.18
109.58
116.95
100.26
88.38
74.05
67.38
59.44
57.93
56.91
56.91
59.33
57.98
72.49
89.4
98.65
101.47
103.78
104.97
106.7
108.34
107.84
108.34
105.38
100.61
104.88
108.18
101.05
80.32
71.83
71.32
75.8
70.92
66.07
65.31
69.99
61.18
60.61
76.47
85.25
92.16
98.67
102.81
102.91
103.69
104.4
106.98
106.58
102.86
106.17
110.34
101.43
81.28
82.43
81.46
74.24
69.96
67.7
69.89
88.06
83.01
97.6
96.75
102.6
108.05
114.48
120.2
124.65
129.02
133.21
132.84
127.2
114.2
118.63
118.08
105.37
93.11
100.67
72.75
70.84
66.56
65.49
65.49
71.35
80.53
92.62
97.66
105.39
106.41
113.6
119.3
122.91
127.12
129.27
129.78
125.62
113.89
119.38
116.6
105.15
97.69
83.66
74.3
68.86
62.02
60.46
61.08
69.36
86.06
91.6
99.76
105
108.72
111.4
116.16
124.28
130.26
132.69
133.52
123.58
109.99
118.84
119.42
108.75
96.68
90.12
87.41
82.65
76.75
74.6
76.23
86.88
95.23
100.53
102.77
111.98
117.02
116.88
121.57
128.81
138.07
164.66
168.4
145.76
116.69
119.69
125
112.53
100.72
98.45
101.47
91.57
85.29
81.72
82.15
88.78
99.11
100.77
106.17
114.08
121.68
120.17
121.34
123.45
125.7
128.96
128.02
118.91
113.12
118.96
122
110.76
99.44
99.35
93.97
76.36
78.03
76.01
76.14
79.51
75.88
87.69
97.94
102.13
109.77
113.16
114.44
114.16
116.03
117.45
115.22
110.76
107.85
109.38
109.08
104.36
98.83
84.8
99.77
83.85
80.63
80.26
78.99
77.16
75.11
79.73
86.54
94.67
104.1
109.73
110.56
110.45
110.65
112.4
115.47
113.46
112.12
122.67
120.63
111.2
99.85
87.91
90.47
81.52
81.45
81.53
81.37
86.79
100.37
102.77
106.38
113.34
120.02
120.02
122.65
128.7
129.94
135.96
134.21
131.08
121.09
126.24
126.53
113.33
101.78
97.53
90.25
82.93
83.33
78.88
82.16
89.78
97.34
102.39
108.62
116.92
121.88
122.82
124.35
130
137.54
161.03
166.22
148.32
124.69
127.26
127.93
112.94
108.25
102.49
86.7
79.5
73.21
62.96
64.39
82.23
96.06
102.18
111.12
118.58
124.64
128.48
135.73
140.38
145
147.66
147.94
144.09
124.48
135.48
131.4
114.84
112.07
106.91
83.17
79
72.07
70.37
75.26
82.32
106.42
109.64
122.67
126.03
136.76
135.73
142.4
146.16
147.84
148.11
149.85
146.54
133.26
145
145.3
123.98
120.89
113.51
114.17
99.43
97.84
87.48
94.53
108
121.2
128.13
148.76
155.31
170.1
172.51
160.99
177.61
207.21
207.85
207.53
192.96
161.47
159.34
162.54
139.73
125.45
125.36
111.06
104.9
100.83
99.74
97.61
96.77
84.09
103.62
113.16
120.18
137.88
139.72
152.54
160.95
159.31
158.68
158.68
159.87
130.41
154.74
148.86
130.64
118.62
110.48
98.05
98.22
96.48
93.48
85.17
82.72
81.96
87.6
97.81
106.72
116.9
124.2
133.95
139.34
125.22
125.84
128.71
124.64
117.77
149.21
145.24
127.89
109.23
106.36
102.52
90.6
97.81
98
98.25
103.44
114.22
122.64
138.08
148.09
154.55
160.01
165.47
187.59
192.61
196.91
199.58
184.38
153.47
168.46
159.5
129.19
122.2
116.58
96.43
95.19
80.13
79.94
78.73
101.09
113.19
122.99
131.37
136.57
144.04
144.12
144.91
148.31
160.13
154.84
168.73
152.24
133.92
153.74
146.94
128.86
119.83
112.27
79.77
68.9
59.93
57.83
58.68
77.87
103.4
117.33
118.46
125.49
131.88
131.48
129.94
132.88
132.84
132.25
132.39
130.92
121.9
135.85
131.81
113.2
111.31
100.58
69.1
63.13
61.45
57.91
60.8
76.57
102.47
114.6
112.24
125.38
128.5
128.5
126.31
125.46
125
124.52
124.46
119.45
112.6
129.22
128.03
111.34
101.7
89.33
63.05
57.57
53.48
53.01
50.8
70.15
103.72
110.27
114.48
121.84
122.9
123.31
124.03
125.44
125
123.25
121.57
117.4
111.04
126.59
114.98
105.92
85.93
84.43
84.3
75.71
73.3
71.61
70.14
72.68
69.52
81.55
106.72
109.95
123.61
121.91
120.46
126.26
124.85
121.53
123.62
119.74
110.47
143.83
127
111.49
94.9
95.45
90.65
74.06
71.46
69.22
66.32
69.37
71.32
86.52
101.79
109.82
117.25
119.55
127.33
127.09
127.72
128.55
131.96
128.11
129.18
153.53
136.43
119.6
111.49
102.82
103.47
93.74
93.55
93.29
93.7
106.73
119.04
128.25
132.14
140.51
142.84
149.31
145.26
147.24
147.98
144.23
143.92
141.04
131.32
157.11
142.6
131.11
126.43
106.38
99.1
94.11
92.05
91.67
91.88
105.67
117.75
127.22
132.84
144.69
148.73
149.95
150.67
159.73
161.05
161.96
161.68
153.21
141.69
166.5
148.72
134.37
127.91
109.09
104.73
95.74
93.13
92.6
92.75
98.56
123.91
123.93
130.21
131.36
142.17
143.95
152.33
154.9
162.64
164.05
162.82
144.83
134.14
167.8
137
118.16
125.81
101
95.99
94.11
92.36
92.41
92.51
97.91
123.22
124.54
127.85
127.84
132.07
135.05
134.51
135.91
140.7
139.78
137.44
133.34
127.06
138.35
131.02
116.28
115.58
96.13
90.27
89.21
86.56
84.63
86.56
91.71
117.14
125.49
127.18
132.34
128.87
130.55
128.09
130.93
138.68
139.56
143.69
130.91
120.96
134.74
121.13
107.95
100.53
88.7
95.28
83.17
82.9
83.97
83.97
84.26
86.99
92.8
106.52
112.41
117.33
118.26
114.81
114.25
114.41
111.91
114.15
112.3
108.25
126.65
118.41
97.67
89.81
87.58
90
88.78
86.19
82.2
83.27
86.07
86.8
86.64
93
99.18
105.86
110.01
112.31
108.04
101.19
101.19
108.45
106.08
111.2
128.19
123.41
103.29
92.23
89.29
90.35
91.21
89.5
89.5
89.5
95.14
107.23
121.11
126.01
129.39
132.69
131.56
130.31
130.97
131.8
130.7
130.01
128.08
133.69
152.82
131.68
123.32
116.34
100.27
81.73
82.94
78.9
73.57
77.02
91.53
114.84
126.79
125.07
125.17
126.06
125.93
126.05
127.8
127.95
127.54
125.72
123.53
126.22
138.28
127.96
118.37
104
89.72
57.94
56.44
59.82
57.76
62.09
79.04
107.51
121.43
119.75
122.18
125.47
126.49
124.39
126.97
129.48
128.01
125.45
121.08
127.7
135.34
127.21
115.8
104.46
83.66
74.98
64.75
61.76
61.33
60.4
90.54
113.76
123.37
124.85
123.32
123.65
124.25
122.71
125.22
125.83
125.06
123.51
119.61
131.07
136.59
123.9
121.9
102.66
81.56
75.04
65.1
62.63
60.67
60.6
83.1
107.51
127.13
132.69
134.62
134.52
134.56
126.33
128.1
121.37
121.5
118.19
123.64
134.21
138.84
119.42
111.19
112.94
92.5
78.12
66.25
62.22
59.08
59.03
70.25
72.91
92.24
107.67
111.76
118.73
120.79
119.1
123.2
122.94
121.22
122.01
122.51
137.72
149.85
122
113.03
82.32
68.7
73.97
66.1
63.08
54.76
55.76
62.25
69.08
77.36
100.14
107.14
114.32
117.9
117.3
115.04
113.8
113.92
117.81
117.54
157.08
170.83
138.86
112.67
85.58
70.03
73.07
69.66
67.66
67.6
63.07
87.68
105.55
126.38
136.26
150.92
156.32
157.2
158.33
157.98
157.8
160.03
160.82
167.6
186.42
186.39
154.99
134.03
133.34
83.89
95.75
77.27
60.13
58.07
58.62
88.03
105.21
130.22
136.47
145.32
152.84
157.45
158.8
159.27
150.42
147.72
151.11
153.1
185.01
155.75
144.1
131.74
119
110.08
115.69
98.63
99.42
96.95
99.34
95.63
110.05
119.27
126.89
153.84
153.03
157.25
157.99
161.46
159.47
159.25
162.02
164.61
183.82
165.35
148.57
131.92
117.85
127.46
75.36
62.8
58.1
57.26
57.5
62.86
99.39
116.32
133.2
147.38
151.61
152.98
155.84
161.7
151.46
150.99
154.3
156.85
185.14
187.48
153.52
136.08
119.21
120.99
107.86
96.33
94.28
92.96
94.6
88.11
108.6
117.36
116.82
138.97
142.31
152.02
152.25
145.24
124.46
121.66
120.36
119.26
142.12
146.22
123.53
109.19
95.14
90.11
88.74
69.47
65.52
51.34
57.59
66.09
79.18
96.02
103.85
112.01
119.74
120.99
115.51
112.51
106.8
104.71
105.11
108.3
127.62
137.83
111.33
99.08
86.82
85.54
76.3
64.19
62.9
62.21
61.97
62.67
68.91
80.64
86.74
96.36
111.43
113.44
110.36
104.58
102.41
101.01
104.07
107.73
128.88
147.92
119.21
96.43
75.53
56.87
98.31
96.15
91.5
93.42
92.3
92.56
104.48
125.2
121.55
126.35
141.67
144.84
135.98
133.65
135.42
132.35
132.39
134.42
142.36
153.68
132.53
125.34
115.38
113.05
88.85
82.67
52.4
50
72.93
82.72
107.29
127.42
123.09
125.32
129.31
149.59
148.49
133.99
134.09
130.26
130.74
143.72
151.53
159.46
128.7
117.44
98.19
97.44
85.24
75.92
74.68
75.35
75.43
90.45
120.04
133.39
129.65
138.09
132.35
151.49
135.56
137.27
134.53
132.31
135.51
147.16
153.29
169.58
131.91
121.24
104.27
92.2
91.92
79.85
61.85
61.69
64.77
90.36
127.35
135.32
131.16
133.32
133.13
134.18
135.41
135.15
131.82
129.3
133.72
134.7
156.58
143.14
132.55
119.44
103.43
96.77
116.73
113.52
107.13
102.31
102.88
93.6
127.15
133.94
134.29
134.66
135.3
132.4
132.74
130.03
128.07
127.3
127.88
134.75
151.52
142.44
135.16
114.49
102.07
103.12
118.6
102.72
98.14
95.66
94.64
91.26
83.73
99.13
111.31
118.63
127.09
126.63
122.65
115.63
107.95
104.07
110.5
117.61
136.72
129.72
115.87
107.29
98.27
93.19
90.9
65.39
85.72
49.23
47.73
47.52
51.37
62.41
68.75
87.02
97.76
99.71
101.33
99.76
92.48
89.59
89.64
98.29
130.19
140.41
132.62
124.77
108.68
85.66
90.73
71.91
69.45
61.79
60.37
62.59
86
108.05
122.13
119.07
122.21
116.48
118.86
120.37
117.92
117.19
115.66
123.23
138.57
145.2
138.14
127.15
103.2
99.64
93.72
76.17
70.55
68.19
67.45
69.41
79.37
106.39
120.21
119.98
129.68
135.33
135.57
134.76
135.71
134.55
134.6
139.86
157.62
155.56
150.83
133.13
119.58
115.79
99.94
70.43
63.45
56.78
56.71
65.79
73.08
107.32
117.37
120.8
121.79
124.4
123.7
125.25
123.79
121.87
121.85
136.12
152.23
142.86
132.5
120.31
108.56
95.66
69.07
57.31
50.28
49.1
47.78
52.69
77.08
101.82
105.08
104.11
108.87
109.89
110.84
111.12
110.09
109.03
109.15
112.19
132.08
125.93
113.44
103.6
96
80.33
64.08
76.79
63.41
50.75
48.11
54.8
68.96
96.1
98.41
98.49
99.55
101.99
101.93
102.79
101.49
101.11
100.71
104.68
121.95
121.18
109.34
99.55
93.62
84.09
69.19
52.94
47.44
45.68
41.58
40.97
47.49
64.25
75.91
89.78
95.63
97.75
99.33
105.38
103.59
101.43
99.32
105.5
111.35
112.04
103.67
93.95
91.92
71.63
56.39
62.05
58.31
44.93
45.16
43.34
45.63
55.15
61.53
65.75
82.93
89.09
87.61
93.04
88.44
87.01
89.65
99.14
106.52
106.41
99.95
94.13
86.4
71.29
55.49
47
43.28
41.48
40.59
42.54
55.68
91.52
94.14
95.83
95.29
93.93
93.52
94.13
93.95
93.01
92.4
94.8
125.78
120.83
114.79
95.92
91.18
77.28
56.04
45.93
44.25
40.28
39.84
42.48
50.84
87.62
91.76
93
92.76
94.45
96.81
96.48
94.33
90.84
90.44
104.13
131.71
130.46
118.02
99.36
92.09
81.79
61.69
45.77
42.81
39.98
39.53
40.82
51.58
82.94
84.1
85.42
85.57
87.46
87.79
86.15
84.61
84.75
83.51
88.03
115.17
111.24
92.98
87.78
84.75
68.44
54.81
46.09
44.91
40.96
40.54
43.56
52.48
79.57
81.54
83.9
84.68
86.49
86.62
84.21
86.08
85.82
85.89
90.01
120.34
112.09
97.88
88.41
83.14
67.5
54.85
51.63
50.48
47.4
47.28
50.52
59.77
85.02
85.23
85.93
87.58
88.45
88.54
87.23
86.81
86.06
85.57
98.82
121.31
110.79
95.28
86.53
86.23
72.59
65.83
59.62
67.11
57.4
50.91
53.2
57.55
59.1
71.31
75.52
80.27
82.54
79.47
74.3
72.64
71.54
71.26
80.19
101.83
96.76
88
82.58
79.76
86.3
67.26
45.84
66.14
53.38
41.8
40.92
44.36
45.86
55.78
55.28
62.88
63.01
63.34
63.07
61.42
58.77
58.75
66.51
78.35
77.85
69.08
66.75
66.27
76.1
87.53
44.02
40.57
38.39
39.03
42.15
47.86
75.68
79.31
84.61
86.68
87.95
85.77
81.4
80.35
78.36
78
85.47
113.35
99.92
92.17
87.02
76.39
66.18
53.86
44.31
41.98
38.96
39.22
43.43
47.62
79.38
82.06
83.64
86.48
89.3
88.71
84.98
82.52
82.35
81.71
88.83
120.06
109.73
95.09
86.17
81.63
65.69
53.08
43.88
42.05
38.37
37.43
39.19
45.79
77.06
74.47
74.32
72.46
80.14
80.18
78.7
77.52
74.39
73.76
80.8
111.77
100.95
87.14
79.08
72.31
61.35
50.57
46.48
45.2
42.18
41.13
43.69
50.28
80.72
86.37
87.85
89.77
89.2
89.86
89.78
88.6
86.15
87.06
99.38
129.68
111.39
96.6
91.22
87.77
73.74
58.76
75.4
70.79
69.58
68.95
70.14
78.43
93.85
103.85
103.1
103.67
102.11
98.64
97.17
97.92
93.7
94.06
115.7
142.32
130.93
117.8
104.84
98.01
89.24
84.53
72.16
68.16
65.09
56.73
56.93
62.5
68.26
82.6
83.88
86.94
87.07
84.75
80.64
79.12
74.66
74.72
85.16
113.69
108.57
101.37
91.05
81.23
71.03
63.94
56.39
51.95
49.35
49.18
49.19
49.17
53.03
48.67
55.39
55.37
55.73
56.4
56.13
54.97
53.59
52.69
55.53
86.78
85.04
69.33
83.63
70.64
59.23
55.35
50.6
48.34
46.2
45.18
43.13
62.05
84.19
87.65
87.71
87.14
90.73
89.18
88.85
87.12
86.17
84.11
99.95
126.19
110.36
99.71
92.37
85.81
66.25
56.46
51.53
47.04
45.57
44.94
41.48
62.2
85.65
89.28
89.47
86.61
91.73
89
87.34
87.43
86.91
86.94
113.28
140.92
113.43
97.48
93.04
84.91
61.3
55.25
44.36
43.78
43.16
42.64
43.61
57.17
85.74
84.76
83.81
82.27
81.93
81.97
82.2
82.49
80.97
78.81
89.71
126.55
110.36
94.16
89.94
79.94
56.52
55.92
55.56
52.65
47.59
44.97
45.3
51.32
64.37
63.86
71.1
77.97
78.67
78.99
78.78
71.22
66.07
65.16
73.26
92.95
85.69
83.02
80.86
76.09
58.78
53.27
78.14
58.9
55.26
54.91
59.66
78.98
81.9
83.32
83.02
86.62
87.19
84.91
83.32
83.4
83.32
83.33
93.19
125.12
122.35
93.83
88.06
84.04
75.56
67.24
65.32
58.82
57.56
56.36
58.71
71.25
75.2
77.81
81.2
83.39
85.41
84.79
82.71
80.17
73.9
72.39
88.91
128.12
113.75
86.45
91.35
83.27
71.23
64.95
67.7
62.79
62.66
60.97
60.98
64.96
63.07
65.8
72.43
80.27
80.82
76
69.13
65.06
59.45
61.28
82.45
104.55
96.58
85.39
80.83
75.05
59.82
55.58
63.41
59.81
60.52
53.68
57.9
74.72
88.65
94.8
90.27
88.87
86.47
85.45
82.88
80.77
80.71
78.28
94.39
134.25
116.02
92.32
87.01
81.09
71.23
53.38
52.34
50.75
47.6
46.07
46.93
67.38
80.17
81.94
81
82.19
82.25
80.59
80.5
79.64
74.66
75.82
94.75
117.48
108.98
93.29
83.53
76.75
65.96
55.51
45.75
42.24
41.64
40.68
40.51
55.07
73.54
73.48
75.3
80.75
84.43
82.38
77.54
73.24
71.89
72.13
87.84
117.07
107.09
88.99
79.99
70.81
58.27
51.28
50.76
48.63
48.26
48.16
43.27
60.69
82.17
89.27
107.57
102.98
106.18
101.24
102.53
96.95
96.15
98.18
120.43
146.91
134.22
110.96
104.21
90.87
83.82
67.98
70.49
58.74
56.76
56.72
57.49
73.24
85.73
94.46
102.24
104.38
102.52
97.72
96.53
94.05
91.27
92.3
116.25
138.05
121.9
102.52
92.61
85.15
73.07
59.96
64.77
59.11
58.67
61.76
61.76
62.81
75.62
78.16
95.99
99.15
100.16
97.05
86.63
80.56
74.17
73.58
93.89
121.08
113.39
103.9
95.06
84.51
75.77
64.13
69.77
66.06
58.08
56.09
56.39
62.87
66.58
72.33
76.86
84.55
86.02
85.41
83.65
76.58
75.54
77.89
111.49
130.49
118.09
114.28
107.67
95.42
75.98
54.63
77.06
68.81
57.58
57.63
68.5
86.02
110.93
117.25
117.29
120.02
122.04
118.62
112.87
111.71
107.48
114.37
129.07
164.59
150.7
137.86
122.34
112.98
97.75
74.66
82.66
64.03
58.13
58.13
64.18
86.71
105.05
115.1
116.68
123.85
126.53
116.88
113.8
110.8
104.88
107.3
130.65
164.45
155.59
144.61
125.68
111.51
105.28
77.69
75.67
73.64
72.25
72.19
72.93
82.98
112.84
119.99
125.31
125.68
122.87
117.15
109.61
108.34
105.79
112.38
138.75
166.18
160.33
151.45
134.6
116.68
105.69
81.54
94.03
74.82
73.64
71.8
73.76
82.98
111.91
111.13
120.81
116.6
116.69
112.05
107.65
104.2
102.45
105.71
133.27
161.36
156.61
146.45
127.02
112.03
102.11
83.11
93.78
80.57
76.43
75.49
80.53
92.47
109.51
115.54
121.04
119.46
118.09
112.06
108.2
105.61
101.74
106.23
139.01
165.28
158.93
146.02
126.53
110.48
101.88
92.43
100.63
95.43
85.63
84.83
88.12
93.56
103.31
100.17
113.97
128.99
130.48
111.96
100.71
100.54
100.54
100.71
119.78
162.8
151.25
125.95
117.83
110.72
100.45
97.52
93.35
79.77
74.62
77.75
77.41
77.53
82.43
82.81
87.11
91.81
96.16
96.61
93.03
85.23
84.36
86.09
103.06
135.77
136.79
123.1
112.94
101.93
88.04
83.97
93.88
86.84
83.97
85.35
86.95
98.98
116.59
121.82
120.54
123.19
122.01
117.34
113.85
111
108.05
111.71
129.4
171.9
164.94
140.53
131.38
116.3
107.42
95.09
94.48
90.43
87.22
87.13
88.11
95.27
116.31
120.99
119.78
122.32
119.63
115.75
109.21
106.96
104.63
107
129.31
175.15
166.02
142.86
128.72
113.82
106.51
103.03
104.68
96.01
95.37
94.71
96.43
104.06
132.89
140.75
142.52
135.64
130.07
122.64
117.67
114.67
112.21
117.67
136.7
189.09
174.58
155.08
143.7
123.46
114.07
106.1
109.89
108.4
105.36
103.93
106.79
110.35
139.88
136.66
140.55
133.83
135.41
126.59
118.89
116.8
113.73
115.59
139.66
184.1
168.56
156.49
139.82
131.86
112.96
112.89
109.1
104.04
101.3
100.83
103.44
107.18
129.11
134.28
138.84
135.03
133.09
128.29
123.76
119.65
117.45
122.37
154.42
201.14
178.94
172.32
144.66
133.8
119.2
114.49
99.59
92.09
86.74
86.66
89.06
92.09
100.29
112.27
121.16
121.85
121.51
121.62
111.38
103.23
100.9
103.06
126.41
160.65
150.97
136.13
135.73
122.87
113.32
104.93
95.27
89.45
86.02
85.54
85.99
89.9
81.98
90.7
100.35
105.23
103.97
101.53
96.44
92.58
91.64
96.3
118.07
149.67
143.43
136.85
128.26
115.57
99.37
91.42
95.47
91.26
85.86
85.48
92.62
93.38
117.45
121.48
124.72
123.48
122.76
120.92
105.66
101.88
99.9
105.57
129.23
162.57
152.47
138.02
129.16
109.85
103.59
108.73
101.45
92.31
88.44
84.55
93.3
98.82
120.63
125.37
124.78
123.31
122.92
117.45
113.2
111.31
105.5
113.73
138.9
169.42
153.56
141.58
133.39
117.56
114.02
105.26
94.62
92.92
90.77
84.67
88.07
94.01
116.02
125.52
122.84
119.34
120.08
114.71
112.73
110.3
101.63
110.75
134.89
171.65
155.93
140.15
133.86
119.46
111.54
106.24
96.63
94.83
91.93
85.98
91.94
95.94
114.31
123.35
121.75
118.9
115.44
109.81
102.2
101.31
97.37
101.81
130.24
163.88
157.79
143.14
127.63
113.51
102.48
96.69
92.21
88.73
85.5
82.13
86.34
89.61
107.49
113.04
112.98
113.02
111.55
110.39
105.72
103.37
103.27
104.87
124.56
150.61
140.79
123.76
115.67
107.01
105.49
97.5
83.59
78.73
76.4
72.55
75.53
78.97
83.65
92.48
98.41
102.87
104.01
99.86
92.1
89.07
86.51
87.91
107.89
130.7
119.93
113.9
110.05
102.15
96.21
84.4
72.34
65.95
66.53
60.27
58.38
58.49
60.93
66.51
78.39
88.56
89.85
88.82
81.97
81.31
78.21
79.77
96.19
113.64
110.39
105.95
102.84
94.97
84.27
72.91
66.2
62.15
59.56
57.83
58.38
62.6
65.49
76.91
86.68
92.25
97.02
92.42
91.73
91.96
90.17
90.64
104.13
126.3
119.49
113.77
109.12
101.03
90.29
81.58
73.83
70.15
69.54
69.08
67.71
79.07
98.89
104.03
105.06
106.5
106.39
102.62
101.08
93.07
90.61
90.63
110.27
135.77
121.33
112.62
107.99
103.1
90.93
82.59
71.29
68.39
66.91
66.65
68.4
77.75
97.01
103.79
103.27
102.69
102.79
99
97.68
90.15
89.9
90.71
104.58
143.3
129.84
112.32
107.88
103.82
90.81
82.35
52.6
49.67
48.48
49.02
49.62
55
72.52
84.92
89.16
86.87
87.73
84.59
80.94
79.52
76.96
78.94
97.41
121.66
106.94
100.08
96.4
90.4
71.85
60.76
46.21
38.45
34.2
34.12
35.6
45.22
60.98
72.12
78.58
79.93
79.18
78.97
81.72
78.39
71.53
73.87
80.57
100.94
91.22
85.35
85.43
76.22
64.66
58.15
48.83
44.13
43.09
41.81
41.54
42.72
48.49
57.15
64.01
66.07
65.78
65.55
62.54
60.79
57.54
58.41
72.63
85.66
78.24
73.66
74.26
70.13
58.1
55.09