35.56
40.01
26.41
18.57
24.32
13.86
19.61
11.24
14.38
24.06
20.66
39.22
60.14
86.55
136.50
162.64
184.87
184.35
166.83
169.44
187.75
194.02
198.47
196.11
169.18
184.09
191.93
173.37
206.84
194.02
114.79
87.86
91.78
57.27
63.28
119.50
92.30
132.31
111.65
157.68
156.89
181.21
203.17
208.67
215.73
195.07
197.16
208.40
227.23
197.95
160.03
160.29
149.57
132.84
100.15
74.52
76.09
87.34
102.50
117.67
97.80
99.89
104.86
66.68
61.45
117.15
191.15
178.60
183.82
176.50
175.20
172.58
193.50
206.57
191.15
183.82
156.11
159.51
154.80
121.07
115.84
101.46
71.91
45.76
17.26
9.67
6.80
8.37
0.00
0.00
0.00
0.00
0.00
1.05
19.87
49.68
93.35
137.80
184.87
207.62
190.62
122.11
112.96
69.03
109.82
158.98
211.54
223.57
260.96
239.26
170.49
196.64
247.10
223.31
257.30
261.49
261.49
261.49
261.49
261.49
261.49
261.49
261.49
261.49
261.49
261.49
261.49
261.49
261.22
260.96
260.18
245.27
246.06
211.54
219.39
170.49
156.63
142.25
119.76
98.32
77.14
37.65
24.06
18.04
0.26
0.00
0.00
0.00
5.23
16.74
34.52
54.13
54.91
99.10
61.97
22.23
6.54
0.00
0.00
0.00
0.00
0.00
0.00
0.00
0.00
0.00
2.88
11.77
4.45
0.26
8.63
18.57
19.87
2.09
0.00
0.00
0.52
1.57
2.61
3.14
0.00
0.00
0.00
0.00
0.00
0.00
0.00
0.00
0.00
0.00
0.00
0.00
0.00
0.00
0.00
0.00
0.00
0.00
1.57
11.51
35.82
76.09
118.19
167.09
207.62
196.90
221.22
233.25
216.77
92.83
63.80
7.06
1.05
0.00
0.00
0.00
0.00
0.00
5.75
14.90
18.04
3.66
7.58
12.29
20.66
14.12
25.89
19.09
10.98
11.24
8.37
1.83
0.00
0.00
0.00
0.00
0.00
0.00
0.00
0.00
0.00
0.00
0.00
0.00
0.00
11.77
15.43
19.09
20.40
21.44
23.27
49.42
101.46
145.91
114.01
149.57
182.78
207.62
223.05
233.25
237.43
239.00
258.35
253.64
253.64
251.55
253.64
252.86
260.44
250.24
258.61
243.44
222.52
220.96
230.89
206.05
191.41
199.51
186.96
237.95
257.56
256.78
260.44
261.49
261.49
261.49
261.49
261.49
261.75
259.92
261.75
261.49
261.49
254.95
256.00
251.55
252.33
229.06
261.22
261.75
256.78
212.33
74.52
30.86
45.24
259.13
237.95
261.49
258.61
253.64
215.99
202.13
173.37
255.47
261.49
261.49
261.49
261.49
261.49
261.49
261.75
261.49
260.44
261.49
261.49
261.49
261.49
261.49
261.49
261.49
261.49
261.49
261.49
261.49
261.49
261.49
261.49
261.49
261.49
261.49
261.49
261.49
261.49
261.49
261.49
261.49
261.49
261.49
261.49
261.49
261.49
261.49
261.49
261.49
261.49
261.49
261.49
261.49
261.49
261.49
261.49
261.49
261.49
261.49
261.49
261.49
261.49
261.49
261.49
261.49
261.49
261.49
261.49
261.49
261.49
260.96
256.00
261.49
252.60
256.52
261.49
261.49
261.49
256.00
260.96
260.18
259.39
254.43
261.49
261.49
261.49
261.49
261.49
261.49
261.49
261.49
261.49
261.49
261.49
261.49
261.49
261.49
261.49
261.49
261.49
261.49
261.49
261.49
261.49
261.49
261.49
261.49
260.70
257.56
261.22
259.13
256.78
251.81
246.32
246.58
232.20
214.16
248.41
246.32
243.97
226.45
179.64
159.25
200.04
206.57
194.81
209.19
222.52
212.59
220.17
233.77
199.51
210.76
238.48
234.81
219.91
248.15
260.96
261.49
261.22
260.96
261.49
261.49
261.49
261.49
261.49
261.49
261.49
261.49
261.49
261.49
261.49
261.49
261.49
260.18
260.18
254.16
256.00
218.08
198.21
219.13
194.28
235.08
225.40
232.20
241.87
246.84
260.96
261.75
261.49
261.49
261.49
261.49
261.49
261.49
261.49
261.49
261.49
261.49
261.49
258.61
252.60
241.09
231.42
203.70
191.41
184.09
190.10
189.32
174.67
142.77
196.64
216.25
205.53
149.31
196.38
210.76
160.03
173.37
117.67
122.38
103.03
105.64
127.61
146.17
148.79
147.22
129.96
117.93
125.25
140.42
121.85
106.16
118.19
112.18
100.15
103.03
97.01
91.00
80.54
71.91
58.05
50.73
35.56
47.85
67.20
33.47
15.95
12.81
19.61
91.52
83.41
134.40
138.85
156.63
112.96
146.69
161.08
245.01
259.39
260.96
259.66
245.54
231.42
200.04
171.27
155.06
120.28
57.79
74.00
78.97
81.58
45.76
15.95
0.00
0.00
0.00
9.94
25.10
91.26
127.87
147.48
197.68
228.28
237.43
249.72
250.24
254.16
250.50
251.03
260.96
257.56
256.00
252.60
238.48
253.64
248.94
256.26
260.18
261.49
261.49
261.49
261.49
261.49
261.49
261.49
261.49
261.49
261.49
261.75
252.60
175.46
213.63
231.68
255.73
243.44
250.50
258.35
261.49
261.49
261.49
261.49
261.49
243.71
252.33
253.64
235.08
226.19
224.88
211.80
170.49
153.49
202.13
124.99
144.86
169.18
190.89
176.24
187.75
255.73
245.27
259.39
261.49
261.49
261.49
261.49
261.49
261.49
259.92
257.04
250.50
252.60
240.31
253.90
221.22
223.05
239.78
252.33
261.22
261.49
261.49
261.49
261.49
261.49
261.49
261.49
261.49
261.49
261.49
261.49
261.49
261.49
261.49
261.49
261.49
261.49
261.49
261.49
261.49
261.49
261.75
259.66
243.44
258.87
235.86
213.37
158.46
114.27
91.26
71.12
92.30
87.34
99.89
123.68
154.54
215.20
254.95
189.84
200.04
175.46
113.75
111.65
64.85
33.73
27.72
7.32
0.00
0.00
0.00
0.00
0.00
259.92
261.22
261.22
240.83
220.17
106.95
99.10
138.33
178.86
228.02
258.09
254.69
244.49
237.69
246.84
243.71
237.69
232.98
246.32
259.92
261.22
260.96
250.50
235.08
230.63
236.12
238.21
241.09
209.45
183.56
213.90
205.53
124.73
82.37
110.87
78.45
62.23
76.09
60.14
27.46
15.17
0.00
0.00
0.00
0.00
0.26
4.71
10.46
20.66
43.67
80.80
160.81
216.77
244.49
258.87
261.22
261.49
261.49
261.49
261.49
261.49
261.49
261.49
261.49
261.49
261.49
261.49
261.49
261.49
261.49
261.49
261.49
261.49
261.49
260.18
259.92
260.70
258.35
258.61
259.13
261.49
261.49
261.49
261.49
261.49
261.49
261.49
261.49
234.55
250.24
131.79
196.64
218.34
198.21
188.01
228.02
132.57
121.07
172.32
153.23
97.01
75.57
116.10
199.25
157.41
129.44
78.97
58.57
66.94
32.16
59.10
54.13
12.29
28.50
16.74
0.00
60.93
20.92
38.44
16.74
0.00
0.00
0.00
29.02
37.65
36.87
37.13
36.09
29.02
25.10
16.21
3.66
1.31
13.34
26.93
15.69
26.67
95.18
75.05
87.60
91.26
74.00
96.49
78.71
60.66
54.39
52.04
35.56
9.94
10.20
5.49
0.00
0.00
0.00
0.00
0.00
0.00
0.00
13.34
7.84
22.75
36.09
42.10
90.74
107.21
70.08
61.71
39.75
36.09
20.40
6.28
0.00
0.00
0.00
0.00
1.31
18.83
43.67
57.79
109.56
121.59
110.61
111.39
130.48
173.10
201.34
225.92
246.06
251.81
249.20
254.95
254.69
256.00
256.26
251.29
257.04
253.12
246.58
236.91
222.26
223.57
189.84
154.54
144.08
91.52
124.21
140.16
135.45
79.23
37.13
22.75
14.64
12.29
21.18
19.61
18.04
23.01
23.80
21.96
33.21
50.73
40.01
21.18
42.36
52.56
66.68
133.36
121.85
123.16
126.04
105.38
124.73
150.88
165.78
162.12
169.44
205.27
238.74
250.24
252.86
243.18
241.35
243.71
239.52
242.40
249.20
257.83
261.22
261.22
260.70
259.66
256.78
238.74
222.26
191.41
209.19
208.14
186.96
206.05
214.68
205.27
223.05
218.34
183.04
141.99
128.39
108.52
104.59
120.55
109.82
79.23
59.36
50.21
54.13
70.08
57.79
38.44
41.31
33.21
36.87
28.50
27.19
63.28
49.16
75.83
85.51
89.95
107.99
93.61
106.95
92.57
78.97
79.23
78.71
67.72
53.60
49.94
53.60
48.64
38.44
39.22
43.15
31.64
29.55
25.36
21.18
13.60
13.07
8.11
9.15
13.86
9.41
4.71
8.63
2.88
8.63
13.07
2.35
3.40
1.83
2.61
11.24
25.89
23.80
12.29
14.64
13.60
13.86
12.29
7.84
8.37
18.83
26.93
21.18
21.44
21.96
27.98
28.76
14.64
10.20
6.54
4.97
0.00
1.31
0.52
9.15
13.60
12.29
7.32
6.80
3.40
1.83
0.00
0.00
0.00
2.88
13.60
20.40
16.74
11.51
5.75
0.00
0.00
0.00
0.00
0.00
0.00
0.00
0.00
0.00
0.00
3.66
22.75
29.02
5.75
4.71
30.33
22.23
101.98
125.77
82.89
52.30
44.19
49.94
40.79
33.73
27.19
21.96
21.96
26.93
12.55
7.84
7.84
6.01
7.32
7.06
0.00
0.00
0.00
0.52
0.00
0.26
6.80
16.21
28.76
32.69
35.30
24.58
15.95
18.04
15.43
6.80
2.09
3.92
10.72
19.61
19.09
12.81
4.71
0.26
0.00
0.00
0.00
0.00
0.00
0.00
0.00
0.00
0.00
0.52
0.00
0.00
0.00
0.00
0.00
0.00
0.00
0.00
0.00
0.00
0.00
0.00
0.00
0.00
1.57
4.71
10.72
19.87
7.84
0.52
5.75
4.18
15.69
17.00
8.89
5.75
7.06
5.23
0.26
0.00
1.05
0.00
0.00
0.00
1.83
0.00
0.00
1.83
7.32
6.54
20.66
21.70
16.74
29.55
21.70
36.09
35.04
40.53
38.44
42.36
42.10
31.64
37.65
37.92
44.71
40.79
12.81
25.36
14.38
20.13
19.87
25.63
20.92
9.94
19.87
9.67
6.28
3.14
4.45
1.83
0.00
8.11
17.00
11.24
23.80
24.32
34.25
17.26
28.50
39.48
14.12
13.34
22.75
26.67
19.35
23.80
34.78
39.48
42.88
51.51
42.10
106.95
125.25
154.02
193.24
163.69
136.50
129.70
154.28
156.37
123.68
83.94
68.25
66.42
78.97
56.48
57.27
47.07
66.68
55.17
51.77
47.07
33.73
31.90
39.48
18.04
11.24
22.23
19.09
23.53
22.75
27.46
53.60
29.55
14.90
11.51
4.97
11.51
12.03
21.44
35.82
20.92
26.15
27.19
33.21
35.56
42.62
38.96
36.09
61.19
86.29
129.70
162.91
173.63
183.04
145.39
108.26
94.40
91.00
100.15
90.47
105.38
139.63
150.09
131.27
126.04
113.75
111.65
102.76
104.07
87.86
85.77
66.16
75.05
68.77
66.16
49.42
46.54
55.96
56.48
55.70
48.11
47.33
43.15
38.18
27.19
26.67
24.32
22.75
24.06
25.89
26.15
23.53
23.80
26.67
21.44
13.86
15.17
14.12
18.30
23.80
34.52
24.32
12.03
12.29
17.26
20.13
13.60
9.67
8.89
7.06
8.89
13.86
19.09
37.39
40.27
49.68
63.02
107.99
73.48
96.49
125.51
147.48
142.77
92.30
144.60
153.49
141.73
116.36
101.46
107.73
131.53
144.60
133.62
145.91
148.52
141.99
141.73
106.42
117.41
126.56
122.11
176.50
164.47
150.35
137.28
151.40
158.46
135.71
88.64
99.89
98.32
69.56
52.30
48.90
46.81
37.13
37.65
33.99
24.84
31.38
26.93
24.58
30.59
32.95
37.92
26.67
20.40
8.89
14.38
29.29
29.02
26.67
30.33
39.75
50.99
48.37
42.36
38.70
47.59
59.10
60.40
70.60
65.11
82.11
79.75
105.12
99.36
113.22
117.93
100.15
100.15
107.47
109.30
101.46
114.27
140.94
165.52
189.84
149.31
163.95
172.32
235.86
250.50
253.38
261.22
260.18
259.66
258.61
256.78
252.33
243.97
234.03
194.55
143.29
131.00
124.47
77.66
61.97
78.18
113.75
92.83
99.63
128.91
145.12
185.92
231.15
240.31
247.10
249.46
241.09
254.16
256.78
253.38
259.66
261.49
261.49
260.18
259.39
259.92
260.44
261.49
258.87
169.97
126.56
113.75
104.33
87.86
79.23
67.46
53.87
47.33
38.70
36.61
43.93
44.19
34.25
33.73
32.95
32.42
25.89
26.67
20.40
22.23
15.43
18.83
23.01
17.52
17.26
12.55
14.64
12.81
11.51
13.34
14.38
10.46
8.89
6.01
7.06
9.94
13.34
20.66
27.19
35.30
31.38
55.17
88.64
83.94
117.41
137.54
109.30
137.02
211.80
256.26
259.39
261.49
260.44
259.92
253.38
249.20
255.47
261.49
260.70
261.49
261.49
261.49
260.44
260.96
258.35
258.09
253.90
249.46
255.73
258.61
260.18
257.56
261.49
261.49
260.96
257.30
261.49
261.22
258.09
260.70
261.49
261.49
261.22
261.49
261.49
260.18
257.30
256.26
214.94
233.25
204.48
151.40
87.86
1.57
0.00
0.00
21.44
67.72
102.24
56.48
78.97
49.94
21.70
23.01
84.20
115.84
131.79
161.60
160.03
159.51
191.15
203.44
151.14
123.42
111.65
162.38
159.51
204.48
200.82
151.92
188.01
236.38
250.24
261.22
261.49
261.49
261.49
260.70
251.29
203.17
212.07
208.14
228.54
237.43
247.89
258.35
252.86
256.52
237.17
239.00
260.96
261.49
261.49
258.87
200.30
135.45
95.44
103.55
128.65
109.82
59.62
84.46
120.02
121.59
119.50
123.68
174.41
216.25
191.93
223.57
248.94
247.10
253.90
252.60
255.21
242.92
213.11
208.40
214.16
236.38
246.84
252.86
257.04
261.22
261.49
261.49
261.49
261.49
261.49
261.49
261.49
261.49
261.49
261.49
261.49
261.49
261.49
261.49
261.49
261.49
261.49
261.49
261.49
261.49
261.49
261.49
261.49
261.49
260.96
251.03
261.49
261.49
261.49
261.49
261.22
261.49
259.13
261.22
261.22
261.49
261.49
261.49
261.49
261.49
261.49
253.64
259.13
256.26
243.44
246.58
240.57
226.45
209.71
188.79
171.01
158.20
154.80
223.57
231.42
213.11
165.00
208.40
247.63
189.05
83.94
169.70
229.06
176.76
230.89
221.48
168.40
137.80
82.89
75.83
40.53
23.80
15.43
3.14
0.00
0.00
0.00
0.00
0.00
0.00
0.00
0.00
0.00
0.00
0.00
0.00
0.00
0.00
7.58
11.24
24.06
12.81
22.49
38.70
52.56
51.25
30.07
13.07
10.20
6.01
6.28
15.17
18.57
7.58
10.72
15.17
5.23
6.54
6.01
41.31
72.17
163.43
160.55
108.26
55.44
46.02
22.23
12.81
5.75
14.12
6.01
7.84
2.35
0.00
0.00
0.00
0.00
0.00
0.00
0.00
0.00
0.00
0.00
0.00
0.26
3.66
9.41
13.07
14.12
14.12
10.72
9.15
4.18
1.83
0.00
0.00
0.00
0.00
0.00
0.00
0.00
0.00
0.00
0.00
0.00
0.00
0.00
6.28
56.22
109.30
70.08
44.98
60.66
79.75
87.07
80.01
77.40
64.06
86.81
89.17
111.39
111.65
118.45
160.55
174.67
128.65
92.04
66.68
66.42
56.22
44.98
40.01
88.91
134.67
165.52
142.51
145.65
146.96
97.27
68.77
39.75
12.81
0.00
9.15
46.81
45.24
46.54
64.85
83.94
98.58
107.73
122.64
143.82
159.25
174.15
165.00
180.69
164.47
121.85
116.62
191.93
201.34
216.51
210.76
142.51
176.24
182.78
186.96
201.61
172.84
148.00
194.55
197.42
219.91
218.08
205.79
212.85
172.58
230.63
223.83
202.13
201.34
200.82
170.75
175.98
192.19
195.07
162.64
158.98
139.37
152.71
171.54
162.38
97.27
42.36
25.36
12.81
0.00
0.00
0.00
11.51
4.45
5.49
6.28
3.14
1.31
0.00
0.00
9.94
37.13
47.59
100.93
89.95
79.75
99.89
81.58
89.43
163.17
166.31
189.84
184.35
174.15
139.90
116.62
116.10
81.06
63.28
35.04
16.47
1.83
0.00
21.44
81.32
79.23
72.69
74.00
87.34
80.28
58.57
89.17
95.97
78.45
91.00
93.87
84.98
76.09
48.37
35.56
35.04
40.53
33.21
53.34
54.91
37.13
33.47
31.90
36.09
48.37
86.81
71.65
84.46
89.69
86.55
75.31
84.20
84.46
66.42
57.00
56.48
45.50
41.31
39.22
32.16
29.29
32.16
37.65
34.78
19.35
14.12
3.66
0.26
1.83
0.00
0.00
3.92
15.69
17.78
17.78
6.80
3.14
2.88
0.52
6.80
9.67
0.78
1.83
0.78
13.60
54.91
71.12
100.41
48.37
76.62
50.21
27.46
86.81
49.16
4.71
0.00
3.14
1.05
0.00
3.92
4.18
20.66
7.06
0.26
0.00
0.00
0.00
0.00
0.00
1.05
2.61
7.58
1.83
0.00
0.26
1.31
5.49
2.09
4.97
7.32
5.75
2.61
0.00
0.00
0.00
0.00
0.00
0.00
0.52
0.26
0.00
2.61
3.66
11.77
4.71
0.00
0.00
0.00
0.00
0.00
9.67
22.23
13.07
10.20
1.31
17.78
10.46
6.80
8.11
10.20
7.06
3.66
0.26
0.00
0.00
0.00
0.00
0.00
0.26
1.05
16.21
60.66
76.35
52.56
81.06
67.20
71.91
42.88
32.16
34.25
19.87
18.57
11.51
3.66
6.01
9.41
0.00
0.26
0.00
0.00
0.00
0.00
0.00
0.00
0.00
0.00
0.00
3.66
7.84
17.78
50.21
32.69
30.59
27.46
37.65
48.64
42.62
40.01
33.73
33.99
23.53
24.06
15.17
21.96
17.00
11.24
15.95
16.47
10.20
10.46
5.23
24.06
32.69
101.46
121.59
52.30
34.52
42.10
23.80
47.85
68.25
83.94
66.16
185.92
199.25
199.25
141.20
138.59
193.50
216.77
234.55
249.20
254.69
255.47
259.13
261.49
261.49
261.49
261.49
261.49
261.49
261.49
257.56
244.23
247.63
218.86
216.25
133.62
150.88
83.41
47.59
24.58
30.07
23.27
20.40
29.55
23.80
20.13
12.03
8.63
10.72
23.80
24.32
33.99
48.37
113.75
152.97
175.46
234.81
260.96
255.47
260.96
261.49
261.49
261.49
261.49
261.49
261.49
261.49
261.49
260.96
259.13
234.29
151.14
136.76
100.15
91.00
103.55
139.90
117.41
97.53
88.64
120.81
87.60
145.39
129.96
133.88
184.87
210.50
240.57
256.00
261.49
261.49
261.49
261.49
261.49
261.49
261.49
261.49
261.49
261.49
261.49
261.49
261.49
261.49
261.49
259.13
232.46
189.84
169.97
141.46
170.75
181.99
181.21
109.30
129.96
144.34
158.98
134.93
117.41
117.15
84.46
78.71
24.58
24.32
24.84
33.99
24.84
36.87
52.82
58.31
92.83
183.56
224.88
250.50
251.03
230.37
189.32
229.32
241.61
249.20
259.39
261.49
261.49
261.49
261.49
261.49
261.49
261.49
261.49
261.49
261.49
261.49
261.49
261.49
261.49
261.49
261.49
261.49
261.49
261.49
261.49
261.49
261.49
261.49
248.15
190.36
132.57
138.59
105.12
64.59
41.58
23.01
9.94
0.78
0.26
1.05
10.98
118.45
160.81
166.04
165.52
251.81
202.13
198.99
226.19
240.31
241.61
252.33
256.78
260.96
261.22
258.61
224.88
190.10
170.23
113.22
99.36
75.31
64.85
53.34
18.57
2.88
0.78
6.80
11.51
8.11
12.55
14.38
32.95
34.25
41.05
48.90
87.60
123.68
137.80
173.63
158.98
103.03
49.16
13.86
2.09
0.00
0.00
0.00
0.00
0.00
0.00
0.00
6.01
7.32
2.09
0.00
0.00
0.00
0.00
0.78
11.77
17.78
8.89
0.00
0.00
0.52
0.00
0.00
3.66
4.97
29.81
27.46
51.51
51.25
101.20
172.84
180.43
132.84
70.34
101.46
107.21
164.74
109.30
164.74
219.65
242.66
261.49
228.80
228.54
238.21
206.84
183.30
121.33
178.33
158.20
127.34
164.21
154.02
107.99
86.29
75.57
81.06
62.76
57.27
48.64
45.50
37.39
13.86
2.88
1.83
32.42
66.94
30.86
35.56
5.49
3.14
0.00
0.00
0.00
0.00
0.00
4.71
17.26
42.10
48.90
58.31
82.37
109.82
183.82
196.11
207.62
163.95
155.06
211.80
240.83
246.84
237.69
235.34
231.94
249.20
229.06
207.62
194.81
217.56
245.27
224.09
132.57
145.91
153.23
149.57
143.03
160.29
166.83
196.38
160.29
165.52
134.93
99.10
87.86
72.17
45.50
38.96
35.04
30.59
16.74
7.84
1.31
0.00
0.00
0.00
0.00
0.00
0.00
0.00
0.00
1.31
4.71
1.05
0.00
0.00
3.92
3.92
14.38
40.53
60.93
65.11
99.63
161.34
155.58
148.79
146.43
159.77
150.35
177.55
173.37
186.18
214.94
209.19
196.38
213.63
150.35
154.02
172.06
212.33
213.37
253.38
261.49
258.87
235.60
261.22
261.22
259.66
259.92
261.22
260.44
256.26
253.64
249.98
242.66
196.90
185.13
176.24
218.60
240.57
225.92
248.41
257.30
260.18
260.70
256.00
246.06
258.09
261.49
260.44
250.24
242.92
243.71
200.04
208.67
191.41
146.43
140.16
136.50
146.96
133.62
85.77
62.50
50.21
56.74
31.90
18.83
26.15
41.84
89.69
136.50
118.98
104.33
109.04
74.52
67.99
65.89
59.88
48.90
35.30
34.52
29.55
24.32
26.15
39.48
50.73
34.25
14.64
0.00
0.00
0.26
18.83
66.68
182.78
256.52
259.39
152.45
85.24
167.87
152.45
99.36
36.87
52.30
38.18
25.63
42.88
46.28
47.59
22.23
9.67
0.52
0.00
30.59
136.23
160.29
232.98
183.30
104.59
140.42
128.13
161.34
133.10
66.94
107.47
177.29
153.49
155.85
154.28
183.56
182.52
126.82
120.81
172.06
160.29
146.17
157.15
182.26
203.17
226.19
259.92
243.44
233.25
242.92
260.70
248.94
226.19
230.63
243.18
236.91
220.96
238.21
244.75
241.61
239.00
255.47
254.69
253.64
251.29
252.86
257.83
261.49
260.96
255.47
191.41
126.04
78.45
193.76
255.21
258.87
251.29
211.28
258.35
260.96
260.18
261.22
260.96
257.04
247.37
246.06
245.27
227.75
204.74
206.57
251.81
261.49
260.70
259.13
259.39
257.83
240.57
257.30
252.33
256.78
255.47
258.61
259.13
255.47
239.78
236.12
245.54
211.28
192.72
176.24
133.88
155.58
158.46
149.83
122.90
132.57
104.07
72.69
58.57
38.18
21.18
17.00
19.61
39.75
35.04
13.86
6.80
0.52
2.88
0.00
0.00
0.00
0.00
0.00
0.00
0.00
0.00
0.00
0.00
0.52
1.05
22.23
44.45
56.22
52.82
75.57
108.26
93.35
91.26
78.71
82.63
79.75
57.53
39.48
7.32
0.00
0.00
0.00
0.26
6.28
20.13
34.78
29.55
13.60
25.89
21.70
19.09
24.32
28.50
6.54
0.00
0.00
0.00
39.22
126.56
120.02
106.42
106.42
115.32
137.80
147.22
149.31
166.83
172.58
176.24
190.89
190.62
178.86
228.54
239.52
246.58
233.51
247.10
243.71
255.47
255.47
261.49
261.49
261.49
260.96
252.86
255.21
257.83
259.66
259.13
258.61
261.49
248.94
239.78
139.90
75.83
65.89
47.85
49.68
10.72
22.49
10.98
0.00
0.52
0.78
12.55
14.38
38.96
36.87
133.10
92.04
142.51
181.21
137.28
99.36
92.30
93.61
59.88
125.51
175.46
206.84
236.65
232.98
232.98
218.86
217.82
201.08
155.32
180.16
164.74
113.49
117.41
122.11
140.68
151.40
165.00
161.86
121.59
128.91
104.59
95.44
107.73
76.35
69.29
112.18
144.08
168.92
185.66
168.40
170.75
243.44
261.49
261.49
261.22
261.49
261.22
256.52
246.32
251.03
250.50
259.39
248.94
240.83
225.66
190.62
225.92
241.35
253.12
260.70
261.49
261.49
261.49
261.49
261.49
261.22
258.87
247.63
238.48
227.23
224.36
230.11
233.51
221.74
242.40
246.32
249.20
234.55
209.45
202.91
208.67
202.13
152.19
173.37
156.63
84.20
55.17
48.37
21.44
25.36
48.64
179.38
0.26
29.29
77.40
98.58
167.61
174.93
131.53
105.12
171.01
224.36
232.20
251.55
261.49
260.70
260.96
261.22
261.49
259.66
240.04
230.11
221.48
228.80
204.22
143.56
160.03
185.66
188.53
135.97
156.89
131.00
89.69
55.44
52.04
28.24
1.57
0.00
0.00
0.00
0.00
0.00
8.63
8.89
28.50
15.95
30.59
66.42
177.55
220.17
249.46
261.49
256.52
84.72
23.01
95.44
166.31
213.11
177.55
118.71
94.14
45.50
27.19
43.93
163.17
239.52
260.44
261.49
261.49
261.49
261.49
261.49
255.73
212.85
172.84
205.79
190.10
127.87
140.16
87.34
55.70
95.18
106.42
107.47
134.93
98.58
122.90
211.54
232.72
191.41
203.70
189.05
177.81
220.69
196.11
141.20
146.69
136.50
201.34
240.83
252.07
261.49
261.49
261.49
260.96
261.49
259.66
240.57
248.15
251.55
150.88
93.09
164.74
145.91
124.73
131.27
82.89
69.03
75.05
74.00
65.63
47.85
37.92
46.02
36.61
51.25
61.97
49.16
43.67
20.40
14.90
4.97
20.13
29.55
48.37
95.70
92.57
85.77
150.62
205.79
224.88
232.46
231.94
215.99
203.70
161.86
96.49
74.79
84.20
104.86
107.47
110.09
66.42
61.19
75.05
75.57
92.04
149.57
168.14
162.12
133.10
106.42
84.72
63.80
53.87
39.75
20.66
4.71
0.00
0.00
0.00
0.00
0.00
0.52
4.18
12.81
50.73
78.71
132.31
167.61
238.48
256.78
251.03
250.50
233.51
226.19
207.10
167.09
144.86
151.40
166.83
174.41
179.12
174.15
116.62
100.67
82.37
94.66
84.46
54.65
31.90
32.16
26.93
18.30
22.75
14.90
8.63
0.00
0.26
0.00
0.00
1.31
3.92
5.75
6.54
5.23
0.00
0.00
1.05
9.94
3.40
6.54
23.53
26.41
27.19
42.36
77.40
100.15
105.90
109.56
87.60
35.30
17.00
7.06
6.80
4.18
3.92
8.37
7.58
0.00
0.00
0.00
0.00
0.52
4.71
8.37
8.11
15.17
16.21
22.23
36.61
72.69
65.37
64.85
57.27
80.01
70.60
63.54
97.80
89.17
109.82
191.15
171.80
167.61
123.42
63.54
50.21
14.12
0.00
0.00
0.00
1.31
0.00
20.92
0.00
13.86
72.69
80.28
71.65
158.98
212.33
194.81
179.90
193.76
173.10
137.80
116.62
97.53
29.81
31.38
36.09
43.67
44.19
33.47
44.71
66.16
122.11
155.85
168.14
124.47
65.37
26.15
41.05
44.98
66.42
91.26
98.84
56.48
133.36
132.57
128.91
102.50
125.77
147.48
122.64
127.08
174.67
154.80
152.45
165.00
189.58
198.73
214.68
218.86
238.74
240.31
241.35
222.79
211.02
195.33
205.53
177.81
148.52
61.97
74.79
250.77
260.70
243.71
240.57
260.18
256.52
260.96
261.49
261.49
261.49
261.49
261.49
261.49
261.49
261.49
253.90
213.63
211.02
170.49
132.57
173.89
140.42
161.34
154.02
137.28
99.36
76.88
74.00
59.62
55.44
64.06
66.42
58.05
50.47
94.40
58.57
39.75
39.48
36.35
40.01
13.60
18.83
13.60
7.06
13.07
17.00
5.23
0.00
0.00
0.00
0.00
0.00
0.00
0.00
4.71
14.38
32.95
47.85
62.23
75.05
99.89
115.32
156.63
149.83
159.77
152.97
113.22
135.19
79.49
55.44
44.98
18.83
54.13
67.72
71.39
57.00
36.09
38.44
77.14
95.44
93.35
131.00
190.10
193.50
171.54
198.47
190.36
106.69
84.98
90.47
99.36
105.38
105.38
107.73
99.10
94.40
86.29
91.26
70.86
87.86
94.92
113.22
163.43
180.95
194.55
182.52
186.70
222.52
217.30
69.56
132.57
202.13
224.36
198.99
139.11
115.58
90.47
69.03
42.10
30.33
19.61
10.20
11.77
10.98
6.28
12.55
10.98
24.32
12.55
18.04
9.67
26.67
43.93
231.94
178.86
199.78
196.64
215.20
196.11
206.57
206.05
155.32
142.77
113.22
110.09
72.95
43.93
17.52
14.64
23.80
34.52
58.05
59.10
74.79
102.24
135.19
133.62
105.12
50.47
25.10
35.04
63.02
79.23
65.63
75.31
62.23
59.36
46.28
40.53
84.20
83.15
75.31
65.37
58.83
68.77
49.16
29.29
17.78
9.94
6.54
2.61
0.00
0.00
0.00
7.32
16.21
21.44
18.30
17.26
7.58
28.76
37.65
56.74
77.66
103.81
97.80
58.31
60.66
43.15
13.60
0.00
0.00
3.92
12.03
7.58
0.26
97.80
118.45
160.81
209.71
245.01
233.25
207.62
219.91
183.04
207.88
188.27
165.78
148.00
175.98
152.97
150.09
117.41
108.26
132.84
138.06
139.37
152.19
98.58
55.96
59.62
42.36
31.90
35.56
46.02
30.59
22.23
11.77
5.23
1.57
0.00
0.00
0.00
0.00
0.00
0.00
0.00
0.00
0.00
0.00
0.00
9.67
24.58
33.47
39.75
45.76
47.59
9.67
14.38
33.73
53.08
123.42
137.28
100.93
96.23
129.70
72.95
44.45
21.18
40.01
22.23
24.58
51.51
69.03
43.41
24.58
25.63
18.83
18.04
0.26
7.84
17.78
6.80
19.61
33.73
35.82
12.29
2.88
0.00
1.05
0.00
0.00
0.00
0.00
6.28
5.75
0.52
1.31
0.52
0.26
0.00
0.00
0.00
0.00
0.00
0.00
0.00
0.00
0.00
0.00
0.00
0.00
0.00
1.83
2.09
2.61
0.00
0.00
0.00
0.00
0.00
0.00
0.00
0.00
0.00
0.00
0.00
0.00
0.00
0.00
0.00
0.00
2.09
11.24
11.51
10.72
17.00
44.19
50.73
72.95
67.46
66.94
55.70
40.79
11.24
7.32
19.87
26.93
29.55
37.13
35.82
36.87
32.95
32.42
25.63
27.46
36.61
28.50
22.23
13.07
7.06
0.52
0.00
2.35
12.81
5.23
0.00
0.00
0.00
0.00
0.00
0.00
0.00
0.52
0.00
0.00
0.00
0.00
3.66
5.75
12.81
11.24
6.54
14.38
21.96
14.90
9.41
22.49
27.72
25.36
21.70
4.71
7.84
17.26
22.75
34.52
23.53
19.61
18.04
18.57
24.84
31.12
37.13
36.35
41.84
44.45
43.93
30.07
26.67
23.01
9.41
6.28
6.28
5.49
2.09
5.23
3.92
0.52
0.00
0.00
0.00
0.00
0.00
0.00
0.00
0.00
0.00
0.00
0.00
0.00
0.00
0.00
0.00
0.26
30.59
82.11
112.96
140.68
110.61
116.10
156.63
140.16
149.31
133.62
148.26
160.29
168.92
179.64
154.80
181.73
214.42
234.29
215.99
235.60
242.40
260.96
261.49
261.49
261.49
259.92
201.08
196.38
227.49
151.92
102.24
65.37
48.64
14.64
7.58
1.57
4.97
3.66
2.61
10.98
4.18
0.52
0.00
0.00
0.00
0.00
0.00
0.00
0.00
0.00
0.00
7.32
0.00
1.83
1.31
5.23
17.52
30.86
8.37
10.72
11.77
21.18
124.21
120.02
66.94
84.72
110.61
116.36
107.73
61.97
24.06
11.77
6.01
27.46
54.65
9.67
23.53
248.94
259.92
259.66
233.51
132.57
129.70
76.35
55.70
91.52
79.23
55.96
76.35
118.19
156.63
143.03
193.24
182.26
149.83
137.02
121.59
84.46
82.11
53.87
64.59
104.86
106.42
80.01
50.99
29.55
37.65
42.88
58.31
60.14
86.55
125.25
166.31
172.84
154.80
100.41
79.49
75.05
78.71
109.82
140.16
114.53
73.74
48.64
53.34
45.24
24.58
30.59
26.15
10.72
3.40
2.61
6.01
30.33
40.27
72.17
48.37
70.60
42.36
45.50
29.55
14.12
5.23
1.83
0.00
0.00
3.40
4.18
10.20
20.40
3.66
0.00
0.00
0.00
0.00
0.00
14.90
21.70
28.24
10.72
0.00
0.00
0.00
32.69
235.34
147.74
76.62
14.38
0.00
0.00
20.13
20.13
108.78
261.49
261.49
261.49
261.49
261.49
261.49
261.49
261.49
261.49
261.49
261.49
261.49
259.66
256.78
248.67
222.52
224.36
230.89
212.85
179.12
159.77
98.06
72.95
70.60
46.28
26.67
15.43
9.41
2.88
5.75
5.49
27.46
25.63
18.57
10.20
21.96
57.79
53.34
44.45
31.90
59.62
97.80
63.54
55.96
106.69
53.60
141.46
219.39
137.28
108.26
96.49
153.75
150.62
149.57
150.62
154.54
166.04
117.67
132.05
127.08
137.02
122.64
127.87
158.72
182.78
131.53
138.06
116.62
56.22
72.17
78.45
83.15
87.60
43.93
41.58
31.12
27.19
23.80
17.00
17.00
26.41
60.14
54.65
94.14
94.14
82.11
81.06
103.29
128.65
134.93
93.09
91.78
82.63
75.05
79.75
107.99
95.97
97.01
122.90
120.02
99.10
84.46
95.44
75.05
64.06
52.04
50.21
77.14
90.21
89.69
108.52
101.20
83.41
79.49
93.09
99.63
106.16
84.72
93.09
99.63
77.92
80.28
75.57
74.26
54.13
50.47
54.65
54.13
37.92
43.93
33.47
23.01
30.86
38.70
38.44
31.38
48.37
52.82
57.79
73.48
69.82
58.83
54.91
44.45
55.44
70.34
58.83
70.86
65.11
78.45
60.14
52.30
41.84
24.06
5.75
19.09
37.39
39.75
38.18
25.89
52.56
131.00
171.54
145.91
123.42
113.75
94.14
92.83
89.95
84.98
84.46
56.48
21.70
8.89
2.35
19.61
36.09
44.98
79.75
79.75
76.09
57.79
33.47
21.70
14.64
10.72
7.84
13.86
14.64
12.03
12.03
5.23
1.05
0.00
0.00
0.00
0.00
0.26
0.00
0.00
0.00
0.00
0.00
0.00
0.00
0.00
0.00
0.00
0.00
0.00
0.00
0.52
7.58
0.00
0.00
4.71
0.00
0.00
0.00
0.00
11.77
13.34
0.52
0.00
0.00
0.00
0.00
0.00
0.00
0.00
1.83
7.84
10.20
24.84
68.77
129.44
142.25
177.55
205.01
187.22
222.52
241.61
234.03
220.69
186.96
188.53
175.72
258.61
243.97
257.30
231.94
221.22
170.23
143.82
201.08
206.05
208.67
164.74
224.36
178.07
180.69
120.81
194.55
260.96
261.49
261.49
261.49
261.49
261.49
261.22
261.22
261.49
260.96
261.22
261.22
260.96
261.49
261.49
261.49
261.49
261.49
261.49
261.49
261.49
261.49
261.49
261.49
261.49
261.49
261.49
261.49
261.49
261.49
261.49
261.49
261.49
246.84
260.18
256.00
253.38
247.89
257.04
241.35
243.97
218.34
222.26
218.08
198.73
169.97
154.54
164.21
113.22
94.40
100.41
83.15
62.76
83.68
67.99
42.10
30.86
21.96
15.69
17.26
12.03
1.31
5.75
3.40
0.00
0.00
0.00
0.00
0.26
6.54
6.01
20.13
36.09
64.06
87.86
110.35
92.57
181.21
209.97
232.46
251.55
212.59
98.06
60.93
48.90
29.55
16.74
14.38
0.00
18.57
175.20
256.00
261.49
261.49
258.35
260.18
255.21
246.84
244.49
239.26
253.64
253.38
258.61
251.29
260.18
261.49
261.22
261.49
261.49
261.49
261.49
261.49
261.49
261.49
261.49
261.49
261.49
261.49
261.49
261.49
261.49
261.49
261.49
261.49
261.49
261.49
261.49
261.49
261.49
260.44
257.56
250.50
252.33
251.55
250.24
229.06
224.62
173.10
143.03
148.00
101.98
77.92
83.94
81.32
53.60
31.90
31.64
19.35
26.67
13.07
26.15
23.53
12.55
10.72
9.94
14.90
7.58
6.54
12.03
17.78
28.76
49.68
42.62
39.48
20.66
0.00
0.00
3.92
7.06
0.00
0.00
0.00
0.00
0.00
4.45
0.26
0.00
1.31
0.00
0.00
0.00
0.00
1.31
8.37
9.94
50.99
21.96
0.00
0.00
0.00
26.93
33.99
48.37
28.76
23.27
30.59
30.07
22.75
17.26
19.61
22.23
13.60
21.18
17.00
20.66
20.66
5.49
0.00
0.00
0.00
0.00
3.14
33.21
29.02
22.49
30.59
41.05
25.36
7.32
4.45
19.35
39.48
64.33
31.90
26.41
12.29
65.89
58.57
108.52
108.52
143.82
39.75
9.41
5.75
261.22
82.89
50.99
67.72
80.01
89.69
87.86
53.87
30.33
13.60
6.54
12.29
12.03
24.06
8.37
0.52
9.94
17.26
10.98
0.52
0.00
0.00
8.37
15.43
9.15
106.42
160.55
141.20
149.57
134.40
210.24
251.81
241.61
248.15
243.97
247.63
245.01
261.49
261.49
261.49
146.96
224.09
261.22
261.49
258.09
227.75
229.85
189.32
127.34
69.82
59.88
53.34
52.82
49.68
28.76
20.92
3.40
29.29
9.41
5.23
0.00
3.92
4.18
1.57
5.75
2.09
0.78
0.00
0.00
0.00
0.00
4.45
0.52
0.52
4.45
0.00
0.00
6.28
11.77
12.81
9.67
0.00
0.00
0.00
7.58
30.33
4.97
16.21
20.92
31.64
62.50
77.92
120.55
137.02
137.02
161.60
175.98
172.84
186.70
204.22
191.41
191.41
209.71
231.15
243.71
257.04
261.22
261.49
261.49
260.44
251.03
229.59
224.88
169.97
149.05
169.18
182.78
188.01
200.82
181.99
132.57
113.75
134.14
137.80
148.26
138.59
125.25
124.73
81.32
40.53
81.58
68.25
35.82
30.59
32.69
37.92
95.97
148.52
169.70
176.24
174.15
173.63
196.64
207.88
219.39
245.01
245.27
255.73
256.26
259.39
260.18
259.66
260.18
260.18
257.30
254.43
247.10
258.35
256.26
255.73
246.84
232.46
229.06
223.83
229.85
212.59
224.62
231.68
195.85
189.05
184.35
166.83
145.91
132.57
115.32
153.75
114.27
97.53
70.86
47.85
36.35
25.63
14.12
15.95
18.57
24.06
17.52
17.26
29.81
36.61
37.65
34.25
38.44
24.06
20.92
39.75
52.04
73.74
87.86
67.20
84.72
59.10
65.89
86.81
84.46
82.11
81.58
59.88
57.00
56.22
38.70
30.33
20.40
13.07
24.06
11.51
14.90
33.47
40.27
68.51
76.88
60.66
52.82
104.07
112.44
94.66
52.56
56.74
72.95
95.97
106.16
118.71
136.23
123.94
117.15
162.91
160.55
150.88
145.12
181.99
154.80
190.36
189.58
188.01
203.17
173.89
154.80
175.46
163.43
137.54
104.33
81.32
67.72
56.74
58.83
40.79
21.18
13.34
2.88
1.05
0.00
6.54
29.02
20.13
17.00
13.34
11.51
14.90
24.32
29.81
58.05
83.41
126.04
155.06
185.13
193.76
208.93
213.11
183.82
146.43
108.52
35.82
31.38
42.62
35.82
34.78
51.25
42.88
96.23
105.64
148.52
196.11
198.73
218.60
208.67
214.42
225.92
225.66
204.22
172.84
172.32
166.04
130.74
120.81
133.36
140.16
141.46
122.11
103.55
91.78
120.81
138.85
161.08
198.73
212.59
195.07
165.00
184.87
206.31
168.66
148.26
177.55
191.41
173.10
152.45
117.67
121.07
97.01
76.09
54.65
34.78
23.27
15.95
11.51
16.74
12.81
10.98
21.44
30.33
33.99
24.58
23.80
19.35
11.51
8.63
6.54
2.88
4.97
7.32
8.37
2.88
0.00
0.00
0.00
0.00
0.00
0.00
0.52
17.26
67.20
88.12
105.64
77.66
22.23
18.04
63.02
73.74
55.17
55.17
49.68
31.90
32.69
27.98
23.27
25.10
14.64
2.35
2.61
0.26
0.00
8.11
24.58
23.27
1.05
0.00
9.67
44.71
122.38
127.61
129.44
76.62
55.96
41.05
54.65
42.88
55.44
75.83
81.85
53.34
150.35
194.28
179.38
124.47
114.27
161.08
158.98
222.52
243.18
253.38
247.89
241.61
235.08
246.32
259.39
260.18
253.90
247.63
252.33
236.65
215.99
185.13
196.90
154.80
145.39
98.06
101.72
102.24
57.79
70.34
44.98
20.13
10.46
27.72
87.60
157.15
152.71
131.27
117.15
125.77
81.32
102.50
103.29
135.19
122.90
117.15
131.79
141.46
84.20
68.25
50.99
66.42
61.45
61.19
69.03
70.08
71.39
91.52
118.98
124.73
94.14
118.45
110.09
118.71
113.49
106.42
71.65
76.09
87.34
88.12
84.72
101.46
80.01
87.07
65.11
76.88
38.18
36.87
18.57
25.36
23.53
32.69
13.34
3.40
6.01
19.61
21.96
21.18
40.53
80.80
120.55
128.91
124.21
137.28
96.23
88.64
94.40
108.78
111.13
99.36
23.80
2.61
0.00
6.80
0.00
8.89
25.10
87.86
144.08
255.73
241.61
261.49
252.60
79.23
65.89
55.44
66.68
43.41
52.82
59.36
51.25
22.23
50.73
15.95
12.29
29.02
40.53
27.46
0.26
0.00
0.00
0.00
0.00
0.00
0.00
0.00
0.00
0.00
0.00
11.24
35.82
29.55
21.44
11.24
5.75
17.78
37.13
66.42
57.53
57.00
39.75
48.90
73.48
86.81
77.40
92.57
73.74
65.89
50.21
50.47
51.77
42.62
33.21
22.23
11.24
15.69
32.16
41.84
50.99
48.64
43.93
36.09
36.35
22.75
18.30
14.12
12.55
8.11
13.34
18.30
19.61
38.96
46.81
47.33
41.31
55.96
52.82
35.82
16.47
6.54
8.37
24.06
26.15
34.78
45.24
45.50
57.00
99.63
51.77
55.44
51.25
23.53
14.12
6.28
8.37
15.95
23.80
72.69
47.59
42.36
28.50
43.15
32.69
26.67
15.17
15.43
20.66
28.24
33.99
54.39
92.30
88.12
84.72
78.71
61.71
41.58
23.80
11.24
14.64
17.52
8.11
50.47
109.82
161.60
195.07
215.46
253.12
250.50
243.71
256.78
225.92
249.20
234.81
222.52
194.55
160.29
129.70
93.61
77.66
71.39
43.67
38.18
23.01
14.90
6.80
5.75
3.14
0.00
1.31
6.01
21.96
37.92
53.87
67.99
121.07
163.95
141.73
82.37
50.99
86.81
121.33
101.72
84.98
45.50
32.16
34.25
37.65
27.98
20.66
6.28
1.83
18.04
41.58
26.67
59.88
47.07
12.03
22.75
6.28
19.09
10.20
5.75
9.15
17.26
32.42
32.69
27.46
13.07
7.58
0.26
0.00
0.00
0.00
0.00
0.00
0.00
0.00
5.49
12.29
14.64
20.40
18.30
22.23
37.39
61.19
70.86
59.62
61.19
60.66
44.71
32.42
27.19
25.63
23.80
14.90
17.78
19.61
19.61
63.02
104.33
171.01
198.47
156.11
153.75
160.55
151.14
95.70
61.19
37.13
36.87
56.22
33.21
4.97
0.00
0.00
0.00
0.00
0.00
12.81
25.10
54.13
59.36
52.30
40.79
20.40
18.57
13.60
9.67
4.97
6.80
3.92
1.05
13.86
11.51
10.46
10.98
9.15
0.26
3.14
14.64
2.88
0.00
0.00
0.00
0.00
0.26
2.09
5.75
10.20
13.60
25.89
28.24
29.55
37.65
42.10
79.75
86.81
99.36
91.00
97.27
109.30
132.31
154.54
154.80
149.83
230.37
121.85
112.70
82.11
53.60
40.01
120.81
63.54
95.18
82.11
245.01
217.82
101.20
39.22
25.36
22.23
15.17
15.43
7.32
4.71
6.01
9.15
6.80
4.45
3.66
0.00
0.00
0.00
0.26
0.00
0.52
1.31
0.00
0.00
0.00
0.00
0.00
0.26
0.00
0.00
0.00
0.00
0.00
0.00
1.05
0.00
0.00
0.00
0.26
0.00
0.00
0.00
0.00
0.00
0.00
0.00
0.00
0.00
0.00
0.00
0.00
0.00
0.00
2.61
3.14
2.61
9.94
11.24
10.98
6.01
5.75
8.11
5.23
8.37
11.51
7.32
4.18
0.52
0.00
2.61
9.67
3.40
0.00
0.00
0.00
0.00
0.00
0.00
0.26
0.52
2.35
3.14
10.46
10.72
10.72
11.51
7.58
9.15
17.26
21.96
18.30
19.35
21.18
15.69
17.78
9.41
7.32
3.40
1.83
6.01
0.00
0.00
0.00
0.00
0.00
0.00
0.00
12.81
21.18
17.00
23.53
32.16
42.36
41.84
28.76
15.69
8.63
8.63
18.83
9.67
13.86
11.24
6.80
1.57
0.00
0.00
0.00
0.00
0.00
0.00
0.26
29.02
26.41
23.27
36.87
26.41
25.10
52.30
47.59
18.57
6.28
0.00
0.00
0.00
0.00
0.00
0.00
0.00
0.00
0.00
0.00
1.83
1.31
2.35
6.54
17.00
19.35
18.83
33.47
23.01
29.55
31.90
17.78
10.20
13.60
4.97
5.75
18.04
11.77
15.95
12.81
9.67
9.15
8.37
0.00
0.00
0.00
0.00
0.00
0.00
0.00
1.57
10.72
13.60
38.70
109.82
94.14
90.21
42.88
69.29
72.43
68.51
60.40
61.45
76.62
58.57
45.76
32.95
24.58
25.63
29.29
44.98
58.31
76.35
59.88
45.24
37.39
49.42
21.96
18.30
14.64
27.98
52.56
78.18
67.72
57.79
65.89
59.62
52.30
66.42
47.07
43.67
37.65
43.67
82.37
108.26
115.58
65.37
61.71
26.67
16.74
18.30
47.07
150.62
89.17
28.50
1.57
0.00
0.00
22.75
29.55
28.50
26.15
13.34
4.45
9.67
14.90
12.81
18.04
23.01
19.87
22.75
23.27
23.80
24.06
20.66
20.13
20.13
17.52
10.98
5.75
10.46
11.51
4.45
0.00
0.00
0.00
0.00
9.41
37.39
62.76
51.51
88.64
127.87
240.31
260.96
256.26
249.20
258.09
260.96
259.92
255.21
261.49
259.92
252.60
220.43
223.83
253.90
248.94
250.77
261.75
261.49
261.49
261.49
261.49
261.49
261.22
261.49
261.49
261.49
261.49
261.49
261.49
261.49
261.49
261.49
261.49
261.49
261.49
261.49
261.49
261.49
261.49
261.49
261.49
261.49
261.49
261.49
261.49
261.49
261.49
261.49
261.49
261.49
261.49
261.49
261.49
261.49
261.49
261.49
261.49
261.49
261.49
261.22
259.66
255.47
256.52
258.61
249.20
238.21
233.77
233.25
221.74
208.93
195.33
184.87
207.88
204.48
177.03
170.23
148.00
124.99
86.03
69.82
65.11
76.62
47.33
44.45
38.44
18.57
11.51
16.21
15.43
8.89
11.77
9.15
7.84
0.00
0.00
0.00
0.00
0.00
0.00
0.00
0.00
0.00
1.83
9.15
18.83
29.02
35.30
37.13
22.49
38.44
46.81
50.99
75.31
83.15
44.19
71.12
78.71
49.94
50.73
17.52
46.81
81.32
58.57
48.37
30.86
30.59
25.63
16.74
12.29
6.80
16.47
49.94
75.83
76.35
98.58
78.45
69.56
68.51
80.54
93.35
115.58
136.76
169.44
158.20
173.89
153.75
164.47
175.46
165.26
162.91
169.44
170.75
199.25
193.76
185.66
200.82
175.20
220.43
130.74
93.09
143.03
173.10
199.51
228.28
220.43
208.40
201.61
170.49
188.79
174.67
141.73
121.59
72.69
80.54
56.74
81.06
100.41
106.95
121.85
95.44
158.98
100.15
98.84
102.76
124.47
125.25
153.23
192.19
183.04
167.09
222.26
241.61
234.03
216.25
179.12
204.74
203.17
173.37
223.31
245.80
245.54
256.52
247.10
255.21
257.83
259.66
259.13
253.64
245.01
233.25
238.48
237.69
244.23
250.24
258.35
261.22
248.41
231.42
227.23
223.57
226.97
228.28
242.40
235.60
233.77
208.14
203.70
194.55
219.39
245.27
257.30
259.92
258.87
249.98
259.92
261.49
261.49
261.49
260.44
261.22
254.16
222.52
250.24
239.52
236.38
217.03
246.06
226.97
238.74
228.80
235.08
233.51
215.99
205.79
235.34
246.58
242.14
220.96
230.37
249.46
252.07
243.71
229.06
227.49
182.26
153.75
144.34
144.86
143.29
112.44
126.04
119.50
102.24
96.49
75.05
41.05
23.53
22.49
15.17
22.49
26.15
8.37
0.00
0.00
0.00
0.00
8.89
26.93
42.62
43.93
51.77
72.95
76.88
100.67
119.76
139.90
191.67
212.59
226.19
212.07
221.74
212.59
217.56
208.93
164.74
125.51
115.05
110.61
129.70
189.84
241.09
257.30
258.61
253.38
258.87
261.49
261.49
261.49
261.49
261.49
261.49
261.49
261.49
261.49
261.49
261.49
261.49
261.49
261.49
261.49
261.49
261.49
261.49
261.49
261.49
261.49
261.49
261.49
261.49
246.58
189.32
108.52
74.26
38.18
23.01
11.77
10.46
16.47
19.35
20.92
2.61
0.78
3.66
3.40
6.01
0.00
0.00
0.26
6.80
13.34
11.24
7.58
4.71
4.18
0.00
0.00
0.00
0.00
0.00
0.00
0.00
0.00
0.00
0.00
0.00
0.00
5.23
10.98
17.26
18.83
13.60
18.83
33.99
61.19
38.96
51.51
17.52
24.06
24.32
27.46
38.18
58.57
52.56
40.53
12.81
41.58
127.87
115.05
261.49
258.35
222.79
201.34
61.45
2.88
0.00
0.00
0.00
13.60
24.06
7.58
3.66
16.47
6.28
16.21
36.61
20.92
13.34
62.23
124.21
116.88
142.77
126.82
145.12
148.79
92.57
190.89
194.55
116.36
178.33
174.93
159.77
234.29
236.38
251.55
244.23
233.77
209.19
188.79
143.29
129.17
112.70
39.75
123.68
222.52
245.27
214.94
189.84
183.30
163.43
128.13
70.08
21.96
70.60
108.52
143.56
181.73
156.89
208.67
178.33
153.49
99.63
64.59
51.77
47.33
28.24
16.74
19.09
15.17
9.67
3.40
0.00
0.00
0.00
10.46
16.47
29.29
28.76
20.13
20.92
35.04
98.58
54.65
50.73
77.92
135.97
133.62
106.16
112.44
87.07
70.86
101.20
103.81
117.67
114.79
91.00
185.39
195.33
49.16
74.00
220.17
140.94
216.77
217.82
242.66
147.74
214.42
205.53
184.61
221.74
227.23
237.43
218.08
207.36
191.93
180.95
167.61
121.59
85.77
70.34
52.56
35.82
27.19
17.26
13.07
14.38
10.20
7.58
11.51
11.77
5.23
3.66
1.05
0.00
0.00
0.00
0.00
0.00
0.00
0.00
0.00
0.00
0.00
0.00
0.00
0.00
0.78
8.63
18.57
17.26
24.32
20.66
3.92
0.00
0.00
0.00
0.00
0.00
11.51
71.65
96.49
122.11
132.05
140.16
141.99
140.16
110.61
145.12
154.54
174.41
160.03
179.38
162.12
160.81
138.33
111.92
62.76
48.90
30.86
33.47
26.67
15.43
6.54
17.52
21.96
33.47
53.34
104.33
115.84
87.07
117.93
128.65
147.74
37.13
27.98
25.89
29.81
20.66
12.03
16.74
10.72
8.11
0.78
0.00
0.00
0.00
0.00
0.00
0.00
0.00
0.00
5.49
13.34
15.17
2.09
1.57
4.71
29.02
112.18
111.92
92.04
54.91
33.73
17.52
19.87
6.01
3.92
27.72
23.80
83.15
154.28
101.20
73.22
84.46
162.91
161.08
138.85
135.45
99.63
134.67
114.79
161.60
179.38
222.00
258.87
260.44
251.03
129.17
247.37
237.43
261.49
226.45
121.07
63.28
28.50
11.24
2.09
0.00
0.00
0.00
0.00
0.00
0.00
0.00
0.00
0.00
0.00
1.05
1.31
0.00
0.00
0.00
0.00
0.00
0.00
0.00
12.29
20.92
38.96
59.62
53.08
54.13
24.58
82.63
205.01
172.84
225.66
248.41
261.49
261.49
261.22
257.83
218.34
134.14
30.33
0.00
2.61
15.95
21.96
48.90
48.90
37.65
23.01
7.06
4.97
0.26
3.14
0.26
0.00
0.00
7.32
6.80
12.81
25.36
14.64
20.40
26.67
88.91
87.86
181.99
227.49
253.38
255.47
246.32
252.33
238.21
235.60
232.72
238.48
244.75
220.17
185.39
171.80
152.97
143.29
110.61
98.84
89.43
91.26
98.06
68.77
55.96
37.65
25.36
25.36
22.23
15.69
9.67
0.26
0.00
0.00
0.00
0.00
0.00
10.20
19.09
29.81
37.39
49.16
59.36
61.45
83.94
111.92
115.05
126.04
131.53
112.96
103.81
101.20
89.17
81.85
59.10
64.85
64.59
57.27
61.45
82.63
110.87
121.33
144.86
156.37
160.55
183.04
181.47
162.38
171.01
160.81
149.05
146.17
109.04
91.26
81.85
82.63
73.48
107.21
88.64
85.77
123.94
115.05
122.64
123.94
132.05
135.19
125.77
88.64
91.00
66.16
45.24
32.16
16.21
11.24
17.00
21.70
24.06
20.92
16.47
23.53
51.25
61.97
46.02
38.44
35.56
36.09
37.65
38.96
29.29
18.30
28.50
24.32
19.61
17.00
11.51
8.11
8.11
15.43
27.46
36.61
60.93
78.71
100.41
98.58
112.44
127.34
159.77
163.17
174.15
164.74
149.31
162.91
148.79
163.95
174.15
166.31
198.73
220.17
225.92
224.09
236.38
222.79
222.26
229.32
232.46
217.03
227.75
198.21
176.76
154.80
141.73
114.01
70.34
59.62
72.17
69.29
60.40
75.83
59.10
81.58
83.41
126.82
95.44
95.70
141.73
187.75
236.65
254.16
245.01
228.28
225.14
214.94
191.41
161.34
135.71
64.59
37.13
30.59
27.72
19.35
7.58
0.00
0.00
0.00
0.00
0.00
0.00
4.18
12.81
15.95
24.32
23.80
40.01
52.56
43.93
37.65
38.70
53.87
54.65
38.70
0.00
0.26
0.00
11.51
30.59
18.83
27.46
70.60
78.97
261.49
230.63
109.82
206.05
260.96
261.49
261.49
261.49
252.07
219.39
187.49
150.88
84.20
62.50
76.35
101.20
159.51
177.55
215.99
215.99
217.56
235.34
245.80
237.95
213.11
182.78
215.46
209.45
241.87
236.91
233.51
225.92
141.99
150.35
230.37
253.38
257.83
261.49
261.49
261.49
260.96
260.18
261.49
197.16
261.49
261.49
261.49
261.49
261.49
261.49
261.49
261.49
261.49
261.49
261.49
261.49
261.49
257.83
261.49
261.49
254.16
260.70
260.70
261.49
261.49
261.22
259.92
261.49
259.92
257.83
235.08
212.85
197.42
166.57
162.38
88.12
62.76
32.16
28.50
62.23
23.53
57.53
71.91
118.19
123.68
116.62
163.95
181.99
221.48
224.62
214.68
215.46
214.68
211.28
231.42
214.94
197.16
188.79
205.79
235.08
242.14
239.26
217.56
170.23
212.59
183.04
142.25
143.56
178.60
129.70
142.25
166.31
151.92
165.52
180.43
199.51
225.66
216.25
167.87
112.96
66.42
55.17
57.53
52.30
48.64
53.87
60.66
66.42
71.91
54.91
56.48
98.84
127.34
136.50
157.41
148.52
73.22
99.89
228.54
224.09
254.69
259.66
261.49
260.70
261.22
260.96
261.49
255.21
260.18
243.97
204.48
214.42
212.33
198.99
189.84
160.81
164.47
137.02
129.17
90.74
99.10
76.09
47.59
37.13
31.38
29.29
18.83
15.17
14.64
9.67
0.00
0.00
0.00
0.00
0.00
0.00
0.00
0.00
0.00
0.00
0.00
0.00
0.00
0.00
9.67
18.57
21.70
28.50
35.82
46.81
32.69
21.96
26.15
27.19
24.58
18.04
10.72
3.66
0.52
0.00
0.00
0.00
0.00
0.00
0.00
0.00
0.00
0.00
0.00
0.00
0.00
0.00
1.57
8.37
15.17
25.36
38.44
51.25
64.06
59.10
118.45
140.42
134.40
111.13
100.93
86.03
71.65
55.44
43.67
49.16
58.57
68.25
68.25
61.19
60.14
67.20
67.72
60.14
40.79
47.85
30.86
18.30
17.52
24.32
17.52
15.17
13.07
17.52
23.01
12.81
0.00
0.00
0.00
0.00
0.00
0.00
2.09
0.00
0.00
0.00
0.00
0.00
2.61
4.45
3.14
4.45
7.32
50.99
71.91
50.99
44.71
30.59
23.27
27.98
30.86
21.70
11.24
4.97
5.75
18.83
13.86
0.00
9.94
31.90
34.52
35.04
18.04
10.46
22.23
31.38
54.91
61.19
128.65
172.58
192.45
148.00
132.05
125.51
91.52
21.70
52.82
71.12
55.96
42.36
84.20
74.52
90.21
76.88
95.18
80.80
84.46
92.83
66.42
12.81
132.57
160.03
192.45
147.22
130.22
125.77
130.74
123.16
115.32
93.61
100.93
51.77
74.52
90.21
52.82
15.69
0.00
9.15
17.78
60.93
76.88
43.41
162.12
109.82
157.94
93.61
80.54
151.92
93.35
64.33
150.62
176.24
150.35
144.86
144.08
148.26
109.82
133.62
148.79
193.50
162.64
100.93
142.51
123.68
60.14
110.87
88.12
119.50
208.67
144.86
261.49
260.70
261.49
261.49
154.54
161.60
168.40
220.69
220.69
237.17
260.70
237.95
142.77
71.65
195.33
71.39
139.37
238.48
82.63
63.02
195.07
120.02
124.99
114.53
86.81
0.00
0.00
0.00
190.10
85.77
60.14
53.60
67.99
90.47
134.67
179.90
213.63
202.91
215.46
195.07
211.54
197.68
169.70
147.48
161.08
104.33
74.26
114.53
224.62
226.45
261.75
261.49
261.49
261.49
261.75
261.49
253.38
261.49
261.49
261.49
261.49
261.49
261.49
258.61
249.20
214.68
224.62
257.56
261.49
261.49
261.49
261.49
261.49
261.49
261.49
258.87
205.01
167.61
148.00
135.19
78.97
41.58
33.21
64.06
111.65
107.73
148.79
183.56
174.15
232.72
232.72
256.26
261.49
260.96
261.49
261.49
261.49
261.49
261.49
261.49
261.49
261.49
261.49
261.49
261.49
261.49
261.49
261.49
261.49
261.49
261.49
261.49
261.49
261.49
261.49
261.49
261.49
261.49
261.49
261.49
261.49
261.49
261.49
261.49
261.49
261.49
261.49
261.49
261.49
261.49
261.49
261.49
261.49
261.49
261.49
261.22
258.09
257.30
236.38
245.80
240.31
222.79
232.20
212.59
192.72
194.28
155.06
151.14
114.79
118.45
94.92
89.43
90.74
64.06
46.28
47.33
38.96
26.15
22.23
16.47
2.88
4.97
5.75
3.14
4.71
2.61
5.23
3.14
1.83
8.37
8.63
2.35
5.23
7.84
0.52
0.00
42.62
58.31
127.61
150.88
123.94
140.94
163.95
86.55
69.82
68.25
63.54
51.51
30.59
27.98
18.83
24.06
21.70
16.47
22.75
18.83
22.23
25.63
22.49
18.30
17.00
17.26
19.61
32.69
43.93
56.74
48.37
31.38
9.15
7.06
8.63
7.32
10.46
11.77
11.51
11.77
15.43
18.83
22.23
11.77
5.75
1.31
12.55
13.07
17.52
23.80
22.49
18.83
25.36
24.32
26.67
19.61
11.24
5.49
4.45
0.00
0.00
0.26
1.57
7.84
8.63
10.72
9.15
2.88
0.00
0.00
0.00
0.00
7.32
4.18
2.88
0.00
0.00
0.26
0.00
0.00
0.00
0.00
0.00
0.00
0.00
0.00
0.00
0.00
0.00
0.00
0.00
0.00
0.00
0.00
0.00
0.00
0.00
0.00
0.00
0.00
0.00
0.00
0.00
1.05
4.45
4.97
6.54
18.04
14.64
11.77
11.24
15.95
13.60
26.93
21.70
30.07
29.29
40.27
52.56
39.75
53.87
67.99
67.20
34.52
35.04
25.36
17.52
7.84
4.97
0.00
0.00
24.84
28.24
19.87
13.86
13.86
16.21
11.77
4.18
0.52
0.00
0.00
5.75
27.46
84.72
170.23
231.42
256.78
261.22
261.49
261.49
261.49
261.49
261.49
261.49
261.49
259.66
260.44
261.22
261.22
259.39
243.97
222.00
211.28
166.83
107.21
78.45
67.20
74.52
56.22
98.58
154.02
160.29
133.88
92.30
98.32
89.17
94.40
115.05
108.78
101.20
121.07
133.62
124.99
130.22
110.09
123.16
105.90
94.66
115.32
136.50
168.14
226.97
234.81
200.04
243.97
254.43
248.41
261.22
261.49
261.49
261.49
261.49
259.66
261.75
261.75
261.49
261.75
256.00
239.78
224.09
212.59
230.89
222.26
212.85
216.25
206.31
186.96
210.76
192.19
188.27
183.30
164.21
141.20
117.67
102.76
121.59
143.03
106.42
127.87
97.80
77.40
58.31
52.82
31.38
5.23
0.00
0.00
0.00
0.00
0.00
0.00
0.00
1.31
30.59
82.63
74.26
97.27
152.97
0.00
0.00
0.00
18.04
44.71
60.14
79.49
40.53
29.81
40.79
32.69
21.96
4.18
0.00
0.00
0.00
6.01
14.12
37.13
86.29
70.60
114.27
180.69
216.77
230.89
191.93
207.62
258.61
219.39
254.43
260.70
252.07
216.77
232.98
243.97
203.96
182.78
138.33
107.73
110.09
56.22
30.59
38.18
10.20
188.53
218.60
226.19
205.53
177.03
162.64
156.11
189.32
198.21
167.09
174.15
90.21
94.66
73.22
60.66
32.16
24.58
19.61
10.46
11.24
2.09
3.66
4.97
0.26
0.00
0.00
0.00
0.00
0.00
0.00
1.57
17.78
36.35
67.99
116.88
177.29
222.52
233.77
255.21
260.96
258.35
255.47
246.84
232.98
249.46
255.21
251.81
255.73
256.26
260.18
256.78
243.97
245.27
236.12
237.69
251.55
260.44
261.22
260.96
261.49
259.92
260.96
249.20
259.13
258.87
249.98
248.67
251.55
247.37
245.27
228.54
206.31
242.92
257.56
258.35
244.75
236.65
234.03
207.88
212.85
218.60
237.43
233.77
211.80
252.86
253.12
236.12
236.65
236.91
222.26
249.72
248.15
256.26
252.86
245.80
251.55
239.26
224.88
216.77
192.45
179.90
161.08
154.54
173.37
169.70
172.84
183.56
165.00
168.92
156.11
154.80
121.85
110.09
125.51
118.71
117.67
108.52
98.06
98.58
85.77
121.85
116.10
120.28
118.98
86.29
74.26
83.94
62.50
82.37
79.23
87.34
84.72
100.15
97.53
131.00
127.34
172.58
220.43
188.27
208.14
214.16
193.24
160.55
137.02
130.22
129.96
80.80
85.77
84.20
81.85
82.89
53.34
35.82
50.73
60.93
30.07
11.51
0.00
0.00
0.00
0.00
6.28
2.09
3.14
18.83
88.38
125.51
76.35
28.50
31.90
30.59
16.21
0.00
0.00
0.00
3.66
20.40
27.72
64.33
109.04
170.23
259.13
261.49
261.49
261.49
261.49
261.49
261.49
261.49
261.49
261.49
261.49
261.49
261.49
261.49
261.49
261.49
258.87
260.44
217.56
232.20
234.81
257.30
261.49
261.49
261.49
260.44
253.38
210.76
259.39
261.22
234.29
162.91
108.52
128.39
212.33
214.94
182.26
133.62
116.62
88.91
227.75
256.78
260.44
237.17
261.49
260.18
242.92
201.08
167.61
149.57
117.15
116.36
82.11
78.18
36.87
32.95
25.63
68.51
57.79
60.93
128.39
191.41
188.27
181.21
198.99
205.79
221.48
229.85
209.97
168.40
169.70
126.82
97.80
102.50
115.84
108.52
116.36
146.43
131.00
95.97
114.53
129.70
142.77
191.93
197.42
178.86
168.14
172.58
202.13
195.59
175.72
196.64
175.46
198.21
197.68
169.97
154.80
136.76
104.59
84.20
137.80
163.17
207.36
188.27
212.33
157.41
199.51
167.35
167.09
197.42
245.27
223.83
227.23
223.83
186.96
199.78
201.34
202.13
141.73
91.26
125.25
134.67
111.13
89.43
57.53
73.74
73.22
66.16
125.77
126.30
179.64
180.16
167.61
166.57
178.86
237.69
208.67
216.25
216.51
202.13
208.40
243.44
243.44
239.26
237.43
260.18
253.90
251.29
254.43
261.49
261.49
261.75
260.96
261.49
261.49
261.49
261.49
261.49
261.49
261.49
261.49
261.49
261.49
261.49
261.49
261.49
257.30
261.49
253.64
219.39
123.94
110.61
135.45
97.80
85.24
86.81
86.81
133.36
157.94
180.43
203.17
205.01
201.87
185.92
174.67
215.20
222.26
232.98
250.24
258.35
254.43
230.63
224.88
209.19
178.07
134.40
128.13
132.57
133.10
120.81
178.33
229.85
157.68
142.77
150.88
156.63
152.97
136.23
121.85
104.86
92.30
106.69
110.87
93.87
127.61
150.62
85.24
71.91
50.47
47.33
38.44
54.65
61.71
93.87
151.92
217.30
254.95
260.70
242.14
224.62
203.44
235.08
218.08
243.44
252.07
249.72
243.97
240.57
246.06
240.83
248.41
244.49
241.09
255.21
246.06
221.74
222.00
213.11
204.48
237.17
251.81
240.57
213.37
166.57
122.90
97.53
77.66
77.92
64.33
67.99
74.52
89.43
108.78
110.61
99.36
87.86
107.21
88.64
75.83
36.09
51.25
54.39
52.56
41.58
28.50
27.98
25.36
21.70
37.39
24.06
35.56
64.59
53.60
109.56
112.96
122.38
122.90
105.38
157.41
206.31
238.74
256.78
257.83
261.49
261.49
261.49
261.49
261.49
261.49
261.49
261.49
258.35
249.46
253.64
258.35
261.49
259.92
261.49
261.49
261.49
261.49
261.49
251.81
259.92
255.47
209.45
238.21
230.37
179.64
205.27
205.79
227.49
252.07
251.03
254.95
252.60
251.03
220.96
231.94
208.40
221.74
196.11
201.08
167.09
178.60
157.94
139.37
112.96
109.04
88.64
60.40
64.85
38.18
20.92
23.80
19.09
9.15
9.15
41.31
53.60
42.88
78.45
61.97
95.97
110.35
220.17
226.19
238.48
213.63
163.69
114.53
88.64
111.39
101.46
48.37
15.69
25.63
15.17
0.00
0.52
1.83
60.66
11.77
23.80
24.06
34.78
34.78
44.98
75.83
106.95
82.89
100.67
181.21
194.81
197.68
221.74
235.60
225.92
251.29
261.49
261.49
261.49
261.49
261.49
261.49
261.49
261.75
256.00
233.51
240.83
240.83
248.94
225.92
248.15
258.61
261.49
261.49
261.49
261.49
261.49
261.49
261.49
261.49
261.49
261.49
240.04
216.77
185.39
157.15
152.19
112.70
87.86
56.22
64.06
73.74
68.25
34.52
20.13
18.57
29.29
32.95
40.01
53.87
87.60
203.17
222.00
203.17
223.31
228.28
244.75
243.18
241.87
217.82
220.69
227.23
237.69
202.13
181.73
87.86
93.87
84.20
105.12
110.35
122.38
99.89
89.95
68.25
9.41
4.71
4.18
0.00
0.00
0.00
0.00
0.00
0.00
0.00
0.00
0.00
0.00
0.00
0.00
0.00
0.00
0.00
0.00
0.00
0.00
0.00
0.00
0.00
4.45
14.12
33.73
46.28
71.65
94.14
143.56
166.57
73.22
158.98
228.80
238.74
244.49
259.92
261.22
261.49
261.49
261.49
260.18
236.12
188.79
159.51
115.84
72.43
64.33
97.53
124.21
128.65
96.23
59.36
56.74
38.96
32.95
29.29
24.58
14.38
8.11
18.30
32.95
15.95
15.43
12.03
19.09
21.70
15.69
13.60
18.83
15.95
20.92
15.43
18.30
8.63
20.66
33.21
44.98
14.38
20.92
36.87
47.07
47.85
29.29
13.34
23.27
17.00
6.01
2.88
0.00
0.00
0.00
0.00
0.00
0.00
15.43
30.59
75.05
152.71
205.53
226.19
217.03
220.69
224.62
234.03
219.65
227.49
231.94
206.84
226.19
199.25
249.20
255.73
254.95
260.18
261.49
256.26
259.66
260.44
260.70
256.52
254.43
261.49
261.49
261.49
261.49
261.49
261.49
261.49
257.83
209.71
224.09
184.09
151.40
161.60
118.19
71.91
74.26
48.11
28.76
0.00
0.00
0.00
2.88
5.75
12.29
23.01
11.51
12.81
5.49
2.09
8.63
14.64
7.32
2.61
0.00
0.26
0.00
0.00
0.00
0.00
0.00
0.00
1.57
8.11
8.37
21.18
30.86
28.76
28.76
36.35
29.29
50.99
62.50
70.34
81.32
87.86
75.05
81.85
82.11
103.29
100.93
97.27
103.55
115.84
143.03
137.28
137.54
165.26
181.21
197.16
188.53
190.89
194.81
205.79
236.65
248.67
256.52
260.96
261.49
261.49
261.49
261.49
261.49
261.49
261.49
260.96
248.15
212.59
168.66
142.51
129.70
147.74
156.37
201.08
228.54
187.75
214.16
232.98
226.19
240.83
230.63
162.12
115.05
120.02
122.11
74.79
31.64
21.96
54.39
27.72
28.76
26.15
43.15
59.88
69.29
140.94
173.37
226.45
255.21
260.70
259.92
248.67
247.37
224.88
228.28
234.03
235.08
225.92
228.28
204.22
200.04
214.42
186.18
196.90
185.39
135.97
158.98
130.74
118.71
112.18
148.26
162.12
151.40
184.09
158.46
128.39
139.37
140.94
136.50
167.87
158.72
177.81
178.60
163.69
169.44
113.49
84.98
140.42
118.71
90.74
57.00
67.72
72.43
58.31
104.07
71.65
36.35
40.01
23.53
27.19
19.35
19.87
4.71
15.95
21.44
12.03
12.81
14.90
15.95
12.81
6.80
6.28
7.32
6.80
12.29
3.40
9.67
7.84
2.61
0.00
0.00
0.00
0.00
0.00
0.00
0.00
0.00
14.90
37.13
60.93
93.09
99.63
124.73
99.10
123.68
207.10
224.09
219.13
221.74
167.09
172.06
165.78
187.22
156.63
186.70
224.88
248.94
245.54
249.98
259.66
261.49
261.49
261.49
261.49
261.49
261.49
261.49
258.09
198.99
155.06
177.81
261.49
261.49
261.49
261.49
261.49
261.49
261.49
261.49
261.49
261.49
261.49
259.92
257.04
254.43
251.81
219.65
199.25
178.60
138.06
85.77
28.24
0.52
0.00
0.00
0.00
0.00
0.00
12.55
39.48
97.80
95.18
110.09
133.62
140.16
157.94
154.80
153.23
156.11
150.62
145.39
129.70
141.73
124.99
141.46
121.07
143.03
155.85
144.34
141.73
143.82
102.76
109.82
71.65
56.48
57.00
57.79
26.67
31.90
11.24
25.36
13.34
6.01
8.11
5.49
3.92
9.15
12.03
33.73
25.89
25.89
34.25
53.87
73.48
99.36
83.41
62.76
48.90
33.21
30.07
13.86
7.06
2.09
0.00
0.00
0.00
0.00
9.67
29.29
24.32
16.47
20.66
9.41
3.66
3.14
2.09
2.88
0.00
3.92
24.84
41.84
29.29
80.54
90.21
69.56
35.82
35.04
15.43
4.97
0.00
5.75
17.26
13.60
14.38
13.60
15.69
21.70
39.48
53.60
75.57
138.33
148.26
208.93
224.62
251.55
251.03
252.86
259.39
260.70
261.49
261.49
250.77
261.49
259.92
261.49
261.49
165.00
130.74
30.33
7.06
229.59
255.21
251.81
234.81
224.88
193.24
111.92
82.89
77.40
49.94
23.53
18.57
0.00
0.00
0.00
4.18
79.23
147.22
211.54
254.16
255.21
259.13
260.70
260.96
261.49
261.49
261.49
261.49
261.49
228.02
226.97
243.97
239.78
247.89
225.92
245.54
239.26
240.04
250.24
244.75
249.46
227.49
254.43
243.18
254.16
253.12
256.52
253.12
254.43
252.33
237.17
232.72
227.75
257.83
243.71
261.49
261.49
261.49
261.49
261.49
242.92
189.32
261.49
261.49
261.49
260.44
134.67
168.40
101.98
144.08
61.45
140.68
113.75
130.22
158.20
255.21
261.49
261.49
261.49
261.49
261.49
261.49
261.49
261.49
261.49
256.00
190.36
205.27
185.13
206.31
203.44
231.42
184.61
206.31
213.63
255.21
261.49
261.49
261.49
261.49
261.49
261.49
261.49
255.47
235.34
195.07
137.80
33.99
0.00
0.00
0.00
12.81
183.56
154.80
160.55
130.22
142.51
139.37
180.95
175.98
182.26
237.69
258.61
261.22
259.66
254.69
222.00
228.80
235.34
204.48
215.46
200.56
223.31
211.54
195.07
209.71
222.26
180.95
142.51
127.61
146.69
135.45
152.71
178.07
169.70
156.89
102.76
127.34
94.14
118.98
117.67
122.64
123.16
147.22
183.56
214.94
230.11
229.06
227.49
227.23
204.48
191.67
202.39
182.26
202.39
217.56
226.19
243.97
246.84
251.81
245.01
242.92
236.65
239.26
241.09
213.37
217.03
166.83
139.90
124.99
99.36
59.36
78.18
99.10
67.46
9.67
31.64
47.07
42.10
45.24
57.79
38.18
43.67
24.32
36.35
24.84
14.38
12.55
14.38
12.55
5.49
0.00
17.26
30.59
31.12
51.51
48.90
117.15
199.78
204.74
225.66
252.86
258.61
261.49
261.49
261.49
261.49
261.49
261.49
261.49
261.49
257.30
261.49
261.49
261.49
261.49
255.47
198.21
174.15
28.50
55.70
125.51
105.90
203.44
260.70
261.49
261.49
258.35
229.32
256.26
261.49
261.49
261.49
261.49
261.49
258.61
253.38
261.49
261.49
261.49
260.18
242.66
221.74
238.74
202.39
111.65
32.95
25.63
29.29
9.67
4.18
39.75
80.28
20.92
49.94
27.98
35.56
14.90
38.44
61.45
48.37
25.89
6.80
10.46
25.36
0.00
67.20
136.23
144.34
216.51
187.49
127.87
125.51
120.81
111.13
150.35
185.13
188.27
209.45
224.09
217.56
234.81
230.89
245.27
259.92
261.22
261.22
261.49
261.49
261.49
261.49
261.49
261.49
257.83
260.96
261.49
258.87
261.49
261.49
257.83
255.21
255.47
258.61
260.44
261.22
261.22
261.49
261.49
261.49
261.49
261.49
261.49
261.49
261.49
261.49
261.49
261.49
261.49
261.22
240.31
235.60
243.44
241.61
245.54
257.83
261.22
261.49
261.49
261.49
261.22
260.96
249.98
238.21
201.34
211.02
226.97
241.87
257.04
260.70
261.49
261.49
261.49
261.49
261.49
261.49
261.49
261.49
261.49
261.49
261.49
261.49
261.49
261.49
261.49
261.49
261.49
261.49
261.22
261.49
261.49
261.49
261.49
261.49
261.49
261.22
261.49
251.55
254.69
260.18
254.95
261.49
261.49
261.49
261.49
261.49
239.00
119.24
54.39
78.45
32.42
21.70
7.84
7.58
40.79
42.36
49.42
28.50
12.29
11.24
29.55
65.37
82.89
79.75
107.99
119.24
83.15
29.55
10.46
6.28
18.04
19.35
27.19
64.33
19.87
0.78
0.00
0.26
19.09
40.53
92.04
261.49
261.49
261.49
237.17
73.48
1.05
0.00
0.26
77.66
97.27
69.03
32.95
51.77
4.18
9.67
2.09
0.00
0.00
0.00
0.00
0.00
0.00
0.00
0.00
0.00
0.00
0.00
0.00
0.00
23.27
0.00
0.00
0.00
0.00
0.00
0.00
0.00
7.32
18.83
4.97
4.45
0.00
0.00
0.00
0.00
0.00
0.00
0.00
0.00
0.00
0.00
0.00
0.00
6.01
12.29
20.13
48.64
50.73
35.82
50.99
35.56
40.01
26.41
18.57
24.32
13.86
19.61
11.24
14.38
24.06
20.66
39.22
60.14
86.55
136.50
162.64
184.87
184.35
166.83
169.44
187.75
194.02
198.47
196.11