1	0.097
2	0.133
3	0.2
4	0.261
5	0.375
6	0.308
7	0.309
8	0.43
9	0.386
10	0.336
11	0.407
12	0.376
13	0.39
14	0.319
15	0.385
16	0.38
17	0.383
18	0.321
19	0.262
20	0.184
21	0.262
22	0.218
23	0.226
24	0.263
25	0.354
26	0.549
27	0.659
28	0.725
29	0.792
30	0.745
31	0.778
32	0.846
33	0.945
34	0.964
35	0.79
36	0.84
37	0.854
38	0.826
39	0.794
40	0.818
41	0.746
42	0.655
43	0.59
44	0.523
45	0.547
46	0.401
47	0.381
48	0.412
49	0.435
50	0.493
51	0.657
52	0.68
53	0.661
54	0.749
55	0.749
56	0.64
57	0.513
58	0.55
59	0.61
60	0.619
61	0.6
62	0.492
63	0.446
64	0.428
65	0.346
66	0.227
67	0.24
68	0.191
69	0.096
70	0.138
71	0.114
72	0.122
73	0.169
74	0.134
75	0.203
76	0.287
77	0.307
78	0.434
79	0.351
80	0.306
81	0.323
82	0.324
83	0.351
84	0.46
85	0.567
86	0.58
87	0.544
88	0.55
89	0.645
90	0.639
91	0.646
92	0.665
93	0.625
94	0.671
95	0.651
96	0.571
97	0.707
98	0.715
99	0.692
100	0.683
101	0.782
102	0.793
103	0.821
104	0.742
105	0.735
106	0.565
107	0.699
108	0.727
109	0.792
110	0.76
111	0.815
112	0.881
113	0.871
114	0.911
115	0.842
116	0.834
117	0.69
118	0.667
119	0.666
120	0.578
121	0.574
122	0.615
123	0.683
124	0.786
125	0.791
126	0.807
127	0.84
128	0.815
129	0.846
130	0.878
131	0.898
132	0.836
133	0.883
134	0.837
135	0.865
136	0.883
137	0.882
138	0.872
139	0.924
140	0.925
141	0.956
142	0.931
143	0.943
144	0.938
145	0.904
146	0.864
147	0.827
148	0.762
149	0.723
150	0.66
151	0.599
152	0.552
153	0.495
154	0.317
155	0.27
156	0.272
157	0.158
158	0.191
159	0.216
160	0.255
161	0.392
162	0.569
163	0.601
164	0.632
165	0.666
166	0.668
167	0.746
168	0.597
169	0.489
170	0.461
171	0.606
172	0.763
173	0.679
174	0.893
175	0.764
176	0.811
177	0.866
178	0.757
179	0.758
180	0.751
181	0.788
182	0.769
183	0.694
184	0.579
185	0.451
186	0.51
187	0.349
188	0.289
189	0.236
190	0.313
191	0.409
192	0.415
193	0.618
194	0.672
195	0.858
196	0.954
197	0.924
198	0.797
199	0.785
200	0.751
201	0.642
202	0.726
203	0.774
204	0.933
205	0.936
206	0.918
207	0.917
208	0.775
209	0.739
210	0.575
211	0.546
212	0.518
213	0.397
214	0.436
215	0.361
216	0.377
217	0.361
218	0.362
219	0.506
220	0.655
221	0.763
222	0.789
223	0.853
224	0.791
225	0.79
226	0.822
227	0.864
228	0.912
229	0.928
230	0.897
231	0.852
232	0.83
233	0.872
234	0.874
235	0.898
236	0.915
237	0.972
238	0.934
239	0.941
240	0.969
241	0.943
242	0.939
243	0.844
244	0.799
245	0.581
246	0.517
247	0.526
248	0.578
249	0.615
250	0.67
251	0.567
252	0.553
253	0.605
254	0.569
255	0.482
256	0.343
257	0.328
258	0.231
259	0.175
260	0.14
261	0.104
262	0.105
263	0.084
264	0.109
265	0.092
266	0.111
267	0.173
268	0.207
269	0.263
270	0.27
271	0.356
272	0.244
273	0.22
274	0.174
275	0.221
276	0.272
277	0.241
278	0.289
279	0.261
280	0.208
281	0.201
282	0.176
283	0.193
284	0.118
285	0.117
286	0.105
287	0.091
288	0.128
289	0.114
290	0.075
291	0.066
292	0.099
293	0.039
294	0.05
295	0.054
296	0.05
297	0.019
298	0.044
299	0.022
300	0.004
301	0.007
302	0.017
303	0
304	0
305	0.008
306	0
307	0.001
308	0.002
309	0
310	0
311	0
312	0
313	0.004
314	0.007
315	0.003
316	0
317	0
318	0
319	0
320	0
321	0
322	0
323	0
324	0
325	0
326	0
327	0
328	0.009
329	0
330	0
331	0
332	0
333	0
334	0
335	0.001
336	0.02
337	0.006
338	0.009
339	0
340	0
341	0
342	0
343	0
344	0.001
345	0
346	0
347	0
348	0.002
349	0.013
350	0.024
351	0.045
352	0.034
353	0.035
354	0.036
355	0.044
356	0.049
357	0.05
358	0.034
359	0.023
360	0.053
361	0.044
362	0.057
363	0.049
364	0.049
365	0.076
366	0.076
367	0.069
368	0.061
369	0.117
370	0.093
371	0.181
372	0.169
373	0.162
374	0.153
375	0.167
376	0.134
377	0.096
378	0.1
379	0.119
380	0.154
381	0.188
382	0.17
383	0.196
384	0.181
385	0.148
386	0.184
387	0.097
388	0.135
389	0.144
390	0.112
391	0.068
392	0.062
393	0.087
394	0.094
395	0.136
396	0.136
397	0.165
398	0.112
399	0.059
400	0.067
401	0.08
402	0.047
403	0.055
404	0.069
405	0.186
406	0.218
407	0.154
408	0.092
409	0.035
410	0.085
411	0.107
412	0.079
413	0.046
414	0.033
415	0.029
416	0.021
417	0.021
418	0.005
419	0.023
420	0.017
421	0.028
422	0.004
423	0.039
424	0.023
425	0
426	0.041
427	0.075
428	0.064
429	0.086
430	0.078
431	0.094
432	0.085
433	0.077
434	0.123
435	0.088
436	0.195
437	0.147
438	0.229
439	0.264
440	0.282
441	0.282
442	0.381
443	0.467
444	0.398
445	0.249
446	0.173
447	0.118
448	0.07
449	0.059
450	0.037
451	0.03
452	0.026
453	0.041
454	0.065
455	0.062
456	0.054
457	0.077
458	0.123
459	0.088
460	0.089
461	0.103
462	0.136
463	0.185
464	0.239
465	0.349
466	0.422
467	0.475
468	0.432
469	0.536
470	0.571
471	0.596
472	0.605
473	0.654
474	0.633
475	0.662
476	0.689
477	0.614
478	0.499
479	0.437
480	0.464
481	0.426
482	0.333
483	0.292
484	0.252
485	0.179
486	0.183
487	0.165
488	0.151
489	0.096
490	0.07
491	0.18
492	0.234
493	0.249
494	0.246
495	0.222
496	0.186
497	0.198
498	0.222
499	0.266
500	0.244
501	0.199
502	0.158
503	0.131
504	0.122
505	0.063
506	0.075
507	0.087
508	0.035
509	0.019
510	0
511	0
512	0.003
513	0
514	0.016
515	0.033
516	0.06
517	0.058
518	0.103
519	0.121
520	0.14
521	0.143
522	0.173
523	0.191
524	0.227
525	0.268
526	0.281
527	0.316
528	0.38
529	0.398
530	0.434
531	0.433
532	0.447
533	0.448
534	0.481
535	0.498
536	0.487
537	0.517
538	0.468
539	0.516
540	0.623
541	0.715
542	0.692
543	0.64
544	0.583
545	0.432
546	0.422
547	0.506
548	0.436
549	0.411
550	0.337
551	0.261
552	0.25
553	0.22
554	0.239
555	0.281
556	0.168
557	0.052
558	0.037
559	0.075
560	0.053
561	0
562	0
563	0.014
564	0.014
565	0.007
566	0.015
567	0.02
568	0
569	0.011
570	0
571	0.007
572	0.003
573	0.02
574	0.028
575	0.045
576	0.077
577	0.146
578	0.204
579	0.248
580	0.294
581	0.309
582	0.261
583	0.424
584	0.529
585	0.559
586	0.568
587	0.66
588	0.687
589	0.744
590	0.757
591	0.744
592	0.711
593	0.708
594	0.719
595	0.702
596	0.722
597	0.726
598	0.651
599	0.597
600	0.652
601	0.642
602	0.633
603	0.616
604	0.57
605	0.485
606	0.416
607	0.396
608	0.369
609	0.298
610	0.257
611	0.303
612	0.371
613	0.441
614	0.407
615	0.346
616	0.265
617	0.158
618	0.129
619	0.116
620	0.11
621	0.103
622	0.092
623	0.077
624	0.055
625	0.06
626	0.045
627	0.034
628	0.022
629	0.035
630	0.028
631	0.006
632	0.021
633	0.027
634	0.044
635	0.042
636	0.046
637	0.075
638	0.084
639	0.094
640	0.106
641	0.042
642	0.033
643	0
644	0.007
645	0
646	0.064
647	0
648	0
649	0
650	0
651	0.002
652	0.02
653	0.012
654	0.031
655	0.044
656	0.064
657	0.069
658	0.064
659	0.054
660	0.08
661	0.091
662	0.092
663	0.136
664	0.102
665	0.085
666	0.09
667	0.054
668	0.045
669	0.026
670	0.005
671	0.007
672	0.012
673	0
674	0.102
675	0.112
676	0.136
677	0.149
678	0.123
679	0.078
680	0.04
681	0.069
682	0.045
683	0.023
684	0.047
685	0.046
686	0.04
687	0.027
688	0.017
689	0.009
690	0
691	0.002
692	0.016
693	0.01
694	0.006
695	0.014
696	0.031
697	0.013
698	0.002
699	0.022
700	0.021
701	0.043
702	0.059
703	0.04
704	0.099
705	0.045
706	0.01
707	0.023
708	0.047
709	0.071
710	0.074
711	0.043
712	0.057
713	0.085
714	0.065
715	0.077
716	0.097
717	0.154
718	0.146
719	0.124
720	0.175
721	0.139
722	0.117
723	0.101
724	0.089
725	0.038
726	0.027
727	0.061
728	0.065
729	0.08
730	0.13
731	0.173
732	0.183
733	0.201
734	0.164
735	0.203
736	0.187
737	0.131
738	0.058
739	0.084
740	0.094
741	0.095
742	0.096
743	0.07
744	0.084
745	0.102
746	0.1
747	0.106
748	0.117
749	0.114
750	0.126
751	0.122
752	0.129
753	0.109
754	0.125
755	0.095
756	0.219
757	0.186
758	0.179
759	0.225
760	0.215
761	0.139
762	0.08
763	0.088
764	0.106
765	0.131
766	0.11
767	0.109
768	0.081
769	0.052
770	0.034
771	0.039
772	0.01
773	0.021
774	0.032
775	0.028
776	0.035
777	0.032
778	0.061
779	0.119
780	0.245
781	0.341
782	0.345
783	0.338
784	0.255
785	0.188
786	0.161
787	0.171
788	0.24
789	0.215
790	0.217
791	0.166
792	0.245
793	0.182
794	0.213
795	0.203
796	0.278
797	0.32
798	0.307
799	0.273
800	0.228
801	0.236
802	0.312
803	0.401
804	0.446
805	0.565
806	0.576
807	0.471
808	0.431
809	0.377
810	0.333
811	0.341
812	0.373
813	0.293
814	0.25
815	0.243
816	0.204
817	0.221
818	0.238
819	0.268
820	0.268
821	0.249
822	0.24
823	0.199
824	0.21
825	0.25
826	0.241
827	0.264
828	0.337
829	0.374
830	0.294
831	0.248
832	0.204
833	0.207
834	0.139
835	0.14
836	0.102
837	0.077
838	0.091
839	0.116
840	0.074
841	0.09
842	0.115
843	0.107
844	0.047
845	0.05
846	0.086
847	0.091
848	0.095
849	0.1
850	0.109
851	0.2
852	0.193
853	0.346
854	0.404
855	0.283
856	0.488
857	0.344
858	0.348
859	0.386
860	0.392
861	0.404
862	0.498
863	0.546
864	0.527
865	0.613
866	0.505
867	0.435
868	0.43
869	0.422
870	0.451
871	0.434
872	0.441
873	0.455
874	0.5
875	0.571
876	0.694
877	0.722
878	0.769
879	0.773
880	0.727
881	0.71
882	0.698
883	0.744
884	0.659
885	0.615
886	0.606
887	0.6
888	0.504
889	0.491
890	0.558
891	0.548
892	0.492
893	0.53
894	0.537
895	0.499
896	0.472
897	0.499
898	0.517
899	0.586
900	0.667
901	0.69
902	0.719
903	0.699
904	0.727
905	0.702
906	0.781
907	0.809
908	0.796
909	0.826
910	0.852
911	0.807
912	0.801
913	0.734
914	0.761
915	0.738
916	0.747
917	0.735
918	0.726
919	0.773
920	0.673
921	0.637
922	0.709
923	0.702
924	0.69
925	0.723
926	0.748
927	0.714
928	0.732
929	0.721
930	0.708
931	0.525
932	0.605
933	0.597
934	0.575
935	0.495
936	0.474
937	0.452
938	0.443
939	0.507
940	0.358
941	0.399
942	0.441
943	0.431
944	0.409
945	0.397
946	0.4
947	0.406
948	0.463
949	0.429
950	0.41
951	0.384
952	0.372
953	0.361
954	0.323
955	0.278
956	0.265
957	0.27
958	0.251
959	0.23
960	0.249
961	0.287
962	0.252
963	0.284
964	0.276
965	0.3
966	0.23
967	0.288
968	0.25
969	0.264
970	0.196
971	0.196
972	0.153
973	0.182
974	0.227
975	0.293
976	0.236
977	0.307
978	0.284
979	0.24
980	0.254
981	0.232
982	0.238
983	0.202
984	0.179
985	0.194
986	0.193
987	0.175
988	0.142
989	0.133
990	0.113
991	0.107
992	0.088
993	0.077
994	0.086
995	0.109
996	0.155
997	0.185
998	0.135
999	0.188
1000	0.192
1001	0.241
1002	0.339
1003	0.342
1004	0.14
1005	0.174
1006	0.126
1007	0.138
1008	0.158
1009	0.225
1010	0.296
1011	0.403
1012	0.479
1013	0.445
1014	0.437
1015	0.402
1016	0.384
1017	0.281
1018	0.222
1019	0.162
1020	0.197
1021	0.237
1022	0.313
1023	0.219
1024	0.182
1025	0.127
1026	0.059
1027	0.082
1028	0.048
1029	0.052
1030	0.026
1031	0.037
1032	0.046
1033	0.044
1034	0.044
1035	0.057
1036	0.024
1037	0.037
1038	0.037
1039	0.046
1040	0.072
1041	0.071
1042	0.143
1043	0.136
1044	0.272
1045	0.325
1046	0.332
1047	0.316
1048	0.285
1049	0.228
1050	0.146
1051	0.366
1052	0.256
1053	0.245
1054	0.238
1055	0.25
1056	0.188
1057	0.143
1058	0.146
1059	0.134
1060	0.161
1061	0.191
1062	0.181
1063	0.211
1064	0.169
1065	0.204
1066	0.224
1067	0.175
1068	0.207
1069	0.301
1070	0.188
1071	0.137
1072	0.14
1073	0.113
1074	0.09
1075	0.115
1076	0.101
1077	0.109
1078	0.055
1079	0.073
1080	0.067
1081	0.089
1082	0.077
1083	0.119
1084	0.1
1085	0.091
1086	0.099
1087	0.118
1088	0.132
1089	0.105
1090	0.077
1091	0.12
1092	0.126
1093	0.129
1094	0.154
1095	0.112
1096	0.074
1097	0.075
1098	0.042
1099	0.013
1100	0.125
1101	0.027
1102	0.025
1103	0.012
1104	0
1105	0
1106	0.01
1107	0.046
1108	0.05
1109	0.016
1110	0.033
1111	0.125
1112	0.069
1113	0.084
1114	0.064
1115	0.069
1116	0.063
1117	0.06
1118	0.033
1119	0.027
1120	0.066
1121	0.033
1122	0
1123	0.007
1124	0.014
1125	0.042
1126	0.084
1127	0.091
1128	0.105
1129	0.113
1130	0.07
1131	0.106
1132	0.125
1133	0.101
1134	0.093
1135	0.106
1136	0.063
1137	0.079
1138	0.138
1139	0.159
1140	0.21
1141	0.323
1142	0.38
1143	0.438
1144	0.545
1145	0.484
1146	0.385
1147	0.358
1148	0.319
1149	0.266
1150	0.197
1151	0.245
1152	0.207
1153	0.117
1154	0.119
1155	0.165
1156	0.159
1157	0.018
1158	0.011
1159	0.015
1160	0.011
1161	0.005
1162	0.011
1163	0.009
1164	0.098
1165	0.013
1166	0.028
1167	0.017
1168	0.006
1169	0.004
1170	0.022
1171	0.002
1172	0.006
1173	0
1174	0
1175	0.018
1176	0.037
1177	0.023
1178	0.011
1179	0.033
1180	0.065
1181	0.067
1182	0.053
1183	0.113
1184	0.168
1185	0.176
1186	0.19
1187	0.283
1188	0.332
1189	0.357
1190	0.371
1191	0.332
1192	0.374
1193	0.347
1194	0.353
1195	0.368
1196	0.426
1197	0.464
1198	0.421
1199	0.494
1200	0.452
1201	0.364
1202	0.376
1203	0.39
1204	0.357
1205	0.339
1206	0.346
1207	0.325
1208	0.367
1209	0.369
1210	0.359
1211	0.362
1212	0.347
1213	0.336
1214	0.327
1215	0.307
1216	0.271
1217	0.239
1218	0.295
1219	0.246
1220	0.291
1221	0.308
1222	0.218
1223	0.218
1224	0.231
1225	0.21
1226	0.227
1227	0.157
1228	0.167
1229	0.182
1230	0.175
1231	0.146
1232	0.134
1233	0.151
1234	0.127
1235	0.119
1236	0.105
1237	0.07
1238	0.08
1239	0.077
1240	0.057
1241	0.044
1242	0.052
1243	0.019
1244	0.052
1245	0.026
1246	0.082
1247	0.122
1248	0.096
1249	0.132
1250	0.13
1251	0.149
1252	0.151
1253	0.167
1254	0.287
1255	0.302
1256	0.37
1257	0.344
1258	0.338
1259	0.39
1260	0.405
1261	0.417
1262	0.512
1263	0.57
1264	0.493
1265	0.475
1266	0.442
1267	0.366
1268	0.32
1269	0.35
1270	0.297
1271	0.408
1272	0.518
1273	0.557
1274	0.666
1275	0.738
1276	0.798
1277	0.831
1278	0.835
1279	0.869
1280	0.755
1281	0.675
1282	0.641
1283	0.732
1284	0.746
1285	0.757
1286	0.759
1287	0.735
1288	0.804
1289	0.776
1290	0.69
1291	0.682
1292	0.636
1293	0.626
1294	0.662
1295	0.717
1296	0.711
1297	0.783
1298	0.738
1299	0.726
1300	0.69
1301	0.665
1302	0.618
1303	0.578
1304	0.692
1305	0.746
1306	0.816
1307	0.827
1308	0.825
1309	0.818
1310	0.8
1311	0.759
1312	0.716
1313	0.664
1314	0.642
1315	0.659
1316	0.588
1317	0.451
1318	0.398
1319	0.298
1320	0.265
1321	0.315
1322	0.236
1323	0.165
1324	0.181
1325	0.146
1326	0.099
1327	0.049
1328	0.1
1329	0.153
1330	0.209
1331	0.282
1332	0.401
1333	0.384
1334	0.5
1335	0.578
1336	0.646
1337	0.522
1338	0.386
1339	0.319
1340	0.267
1341	0.256
1342	0.196
1343	0.207
1344	0.244
1345	0.22
1346	0.173
1347	0.186
1348	0.171
1349	0.091
1350	0.074
1351	0.141
1352	0.023
1353	0.151
1354	0.095
1355	0.085
1356	0.099
1357	0.086
1358	0.119
1359	0.137
1360	0.183
1361	0.179
1362	0.132
1363	0.128
1364	0.108
1365	0.136
1366	0.238
1367	0.301
1368	0.292
1369	0.318
1370	0.349
1371	0.392
1372	0.353
1373	0.351
1374	0.368
1375	0.355
1376	0.392
1377	0.393
1378	0.38
1379	0.381
1380	0.354
1381	0.336
1382	0.408
1383	0.411
1384	0.406
1385	0.363
1386	0.389
1387	0.362
1388	0.315
1389	0.282
1390	0.214
1391	0.207
1392	0.274
1393	0.235
1394	0.222
1395	0.259
1396	0.314
1397	0.338
1398	0.333
1399	0.359
1400	0.301
1401	0.347
1402	0.375
1403	0.402
1404	0.394
1405	0.396
1406	0.373
1407	0.374
1408	0.394
1409	0.469
1410	0.461
1411	0.388
1412	0.395
1413	0.4
1414	0.42
1415	0.386
1416	0.37
1417	0.398
1418	0.374
1419	0.339
1420	0.33
1421	0.339
1422	0.377
1423	0.405
1424	0.416
1425	0.49
1426	0.438
1427	0.515
1428	0.521
1429	0.51
1430	0.496
1431	0.528
1432	0.412
1433	0.426
1434	0.441
1435	0.396
1436	0.418
1437	0.428
1438	0.38
1439	0.384
1440	0.36
1441	0.398
1442	0.374
1443	0.339
1444	0.33
1445	0.339
1446	0.377
1447	0.405
1448	0.416
1449	0.49
1450	0.438
1451	0.515
1452	0.521
1453	0.51
1454	0.496
1455	0.528
1456	0.412
1457	0.426
1458	0.441
1459	0.396
1460	0.418
1461	0.428
1462	0.38
1463	0.384
1464	0.36
1465	0.389
1466	0.398
1467	0.422
1468	0.446
1469	0.468
1470	0.472
1471	0.525
1472	0.577
1473	0.638
1474	0.653
1475	0.675
1476	0.769
1477	0.743
1478	0.723
1479	0.717
1480	0.831
1481	0.734
1482	0.674
1483	0.594
1484	0.586
1485	0.542
1486	0.491
1487	0.49
1488	0.489
1489	0.408
1490	0.386
1491	0.343
1492	0.286
1493	0.271
1494	0.243
1495	0.251
1496	0.175
1497	0.152
1498	0.152
1499	0.179
1500	0.16
1501	0.188
1502	0.185
1503	0.23
1504	0.263
1505	0.161
1506	0.137
1507	0.1
1508	0.104
1509	0.122
1510	0.12
1511	0.109
1512	0.163
1513	0.21
1514	0.185
1515	0.166
1516	0.222
1517	0.233
1518	0.19
1519	0.13
1520	0.117
1521	0.112
1522	0.164
1523	0.259
1524	0.276
1525	0.238
1526	0.237
1527	0.193
1528	0.129
1529	0.03
1530	0.021
1531	0
1532	0
1533	0.002
1534	0.01
1535	0.017
1536	0.029
1537	0.046
1538	0.075
1539	0.109
1540	0.145
1541	0.179
1542	0.177
1543	0.253
1544	0.308
1545	0.354
1546	0.477
1547	0.459
1548	0.446
1549	0.437
1550	0.45
1551	0.479
1552	0.487
1553	0.498
1554	0.467
1555	0.509
1556	0.514
1557	0.468
1558	0.449
1559	0.488
1560	0.426
1561	0.39
1562	0.385
1563	0.344
1564	0.365
1565	0.346
1566	0.347
1567	0.337
1568	0.385
1569	0.436
1570	0.47
1571	0.502
1572	0.524
1573	0.523
1574	0.424
1575	0.438
1576	0.43
1577	0.384
1578	0.408
1579	0.429
1580	0.467
1581	0.433
1582	0.391
1583	0.394
1584	0.427
1585	0.408
1586	0.411
1587	0.378
1588	0.375
1589	0.363
1590	0.388
1591	0.418
1592	0.491
1593	0.453
1594	0.543
1595	0.564
1596	0.556
1597	0.57
1598	0.502
1599	0.527
1600	0.523
1601	0.514
1602	0.491
1603	0.443
1604	0.474
1605	0.437
1606	0.429
1607	0.463
1608	0.452
1609	0.432
1610	0.491
1611	0.436
1612	0.43
1613	0.432
1614	0.446
1615	0.503
1616	0.542
1617	0.596
1618	0.665
1619	0.68
1620	0.495
1621	0.636
1622	0.693
1623	0.72
1624	0.716
1625	0.687
1626	0.623
1627	0.57
1628	0.562
1629	0.532
1630	0.516
1631	0.445
1632	0.44
1633	0.419
1634	0.429
1635	0.336
1636	0.337
1637	0.411
1638	0.393
1639	0.405
1640	0.393
1641	0.441
1642	0.506
1643	0.543
1644	0.56
1645	0.534
1646	0.568
1647	0.552
1648	0.502
1649	0.454
1650	0.409
1651	0.364
1652	0.37
1653	0.288
1654	0.244
1655	0.214
1656	0.142
1657	0.118
1658	0.116
1659	0.079
1660	0.059
1661	0.052
1662	0.066
1663	0.048
1664	0.025
1665	0.04
1666	0.028
1667	0.034
1668	0.048
1669	0.068
1670	0.07
1671	0.057
1672	0.078
1673	0.047
1674	0.053
1675	0.017
1676	0.025
1677	0.037
1678	0.015
1679	0.007
1680	0.011
1681	0.009
1682	0.023
1683	0.015
1684	0.018
1685	0.023
1686	0.029
1687	0.038
1688	0.022
1689	0.036
1690	0.037
1691	0.07
1692	0.061
1693	0.105
1694	0.089
1695	0.097
1696	0.066
1697	0.027
1698	0.02
1699	0.025
1700	0.017
1701	0.018
1702	0.034
1703	0.031
1704	0.03
1705	0.048
1706	0.064
1707	0.066
1708	0.055
1709	0.064
1710	0.031
1711	0.037
1712	0.048
1713	0.048
1714	0.062
1715	0.077
1716	0.088
1717	0.083
1718	0.073
1719	0.088
1720	0.055
1721	0.043
1722	0.026
1723	0.004
1724	0
1725	0
1726	0
1727	0
1728	0
1729	0.001
1730	0
1731	0
1732	0
1733	0
1734	0
1735	0
1736	0.009
1737	0.007
1738	0
1739	0.014
1740	0.023
1741	0.012
1742	0.029
1743	0.033
1744	0.067
1745	0.074
1746	0.06
1747	0.031
1748	0.062
1749	0.058
1750	0.106
1751	0.097
1752	0.132
1753	0.111
1754	0.114
1755	0.135
1756	0.139
1757	0.13
1758	0.154
1759	0.162
1760	0.175
1761	0.141
1762	0.167
1763	0.123
1764	0.121
1765	0.111
1766	0.116
1767	0.092
1768	0.071
1769	0.059
1770	0.028
1771	0.018
1772	0.038
1773	0.018
1774	0.016
1775	0.015
1776	0.005
1777	0.001
1778	0.03
1779	0.055
1780	0.06
1781	0.04
1782	0.089
1783	0.11
1784	0.12
1785	0.091
1786	0.108
1787	0.101
1788	0.07
1789	0.136
1790	0.12
1791	0.137
1792	0.099
1793	0.08
1794	0.095
1795	0.063
1796	0.051
1797	0.006
1798	0
1799	0
1800	0.037
1801	0.06
1802	0.084
1803	0.085
1804	0.078
1805	0.124
1806	0.151
1807	0.138
1808	0.163
1809	0.199
1810	0.271
1811	0.309
1812	0.365
1813	0.401
1814	0.358
1815	0.406
1816	0.335
1817	0.339
1818	0.405
1819	0.373
1820	0.407
1821	0.289
1822	0.288
1823	0.352
1824	0.398
1825	0.396
1826	0.363
1827	0.302
1828	0.307
1829	0.317
1830	0.3
1831	0.305
1832	0.367
1833	0.364
1834	0.389
1835	0.405
1836	0.39
1837	0.37
1838	0.37
1839	0.324
1840	0.3
1841	0.257
1842	0.219
1843	0.169
1844	0.168
1845	0.096
1846	0.02
1847	0.015
1848	0.041
1849	0.028
1850	0.023
1851	0.026
1852	0.028
1853	0.02
1854	0
1855	0
1856	0
1857	0.007
1858	0.003
1859	0.003
1860	0.028
1861	0.006
1862	0.019
1863	0.017
1864	0.029
1865	0.013
1866	0.001
1867	0.002
1868	0.024
1869	0.023
1870	0.074
1871	0.052
1872	0.117
1873	0.122
1874	0.116
1875	0.151
1876	0.221
1877	0.184
1878	0.354
1879	0.529
1880	0.66
1881	0.73
1882	0.743
1883	0.676
1884	0.669
1885	0.623
1886	0.566
1887	0.438
1888	0.405
1889	0.479
1890	0.502
1891	0.399
1892	0.394
1893	0.35
1894	0.393
1895	0.389
1896	0.426
1897	0.38
1898	0.307
1899	0.32
1900	0.361
1901	0.413
1902	0.433
1903	0.49
1904	0.528
1905	0.577
1906	0.612
1907	0.663
1908	0.777
1909	0.912
1910	0.911
1911	0.895
1912	0.843
1913	0.73
1914	0.508
1915	0.332
1916	0.262
1917	0.199
1918	0.128
1919	0.081
1920	0.109
1921	0.091
1922	0.035
1923	0.094
1924	0.149
1925	0.325
1926	0.238
1927	0.408
1928	0.499
1929	0.551
1930	0.651
1931	0.731
1932	0.787
1933	0.807
1934	0.853
1935	0.791
1936	0.819
1937	0.781
1938	0.761
1939	0.576
1940	0.572
1941	0.512
1942	0.492
1943	0.427
1944	0.327
1945	0.247
1946	0.252
1947	0.207
1948	0.221
1949	0.262
1950	0.28
1951	0.21
1952	0.221
1953	0.276
1954	0.352
1955	0.43
1956	0.497
1957	0.598
1958	0.607
1959	0.472
1960	0.509
1961	0.453
1962	0.365
1963	0.179
1964	0.088
1965	0.093
1966	0.117
1967	0.123
1968	0.108
1969	0.139
1970	0.111
1971	0.101
1972	0.075
1973	0.063
1974	0.071
1975	0.092
1976	0.097
1977	0.178
1978	0.197
1979	0.179
1980	0.154
1981	0.179
1982	0.157
1983	0.175
1984	0.147
1985	0.15
1986	0.079
1987	0.036
1988	0.042
1989	0.02
1990	0.008
1991	0.009
1992	0.02
1993	0
1994	0
1995	0
1996	0
1997	0
1998	0
1999	0
2000	0
2001	0.006
2002	0.023
2003	0.023
2004	0.033
2005	0.044
2006	0.045
2007	0.052
2008	0.081
2009	0.08
2010	0.068
2011	0.016
2012	0.004
2013	0.026
2014	0.059
2015	0.014
2016	0
2017	0
2018	0.005
2019	0.024
2020	0.013
2021	0.005
2022	0.048
2023	0.046
2024	0.056
2025	0.047
2026	0.074
2027	0.044
2028	0.13
2029	0.136
2030	0.157
2031	0.196
2032	0.191
2033	0.154
2034	0.1
2035	0.048
2036	0.043
2037	0.027
2038	0.023
2039	0.034
2040	0.031
2041	0.026
2042	0.027
2043	0.013
2044	0.005
2045	0.01
2046	0
2047	0.005
2048	0.008
2049	0.012
2050	0.042
2051	0.094
2052	0.12
2053	0.15
2054	0.176
2055	0.199
2056	0.171
2057	0.195
2058	0.172
2059	0.077
2060	0.018
2061	0.013
2062	0
2063	0.014
2064	0.018
2065	0.036
2066	0.028
2067	0.017
2068	0
2069	0.006
2070	0.019
2071	0.019
2072	0.073
2073	0.076
2074	0.112
2075	0.142
2076	0.118
2077	0.097
2078	0.099
2079	0.059
2080	0.042
2081	0.046
2082	0.014
2083	0
2084	0
2085	0
2086	0
2087	0
2088	0
2089	0
2090	0
2091	0
2092	0
2093	0.001
2094	0.001
2095	0.016
2096	0.022
2097	0.033
2098	0.052
2099	0.033
2100	0.032
2101	0
2102	0.019
2103	0.013
2104	0.015
2105	0.012
2106	0.018
2107	0.013
2108	0
2109	0
2110	0
2111	0
2112	0
2113	0
2114	0
2115	0
2116	0
2117	0
2118	0
2119	0
2120	0
2121	0
2122	0
2123	0.015
2124	0.033
2125	0.053
2126	0.068
2127	0.081
2128	0.108
2129	0.128
2130	0.081
2131	0.059
2132	0.048
2133	0.045
2134	0.097
2135	0.106
2136	0.123
2137	0.164
2138	0.171
2139	0.196
2140	0.214
2141	0.284
2142	0.316
2143	0.408
2144	0.464
2145	0.543
2146	0.662
2147	0.727
2148	0.754
2149	0.807
2150	0.767
2151	0.716
2152	0.64
2153	0.585
2154	0.65
2155	0.574
2156	0.587
2157	0.575
2158	0.508
2159	0.416
2160	0.301
2161	0.268
2162	0.256
2163	0.227
2164	0.262
2165	0.19
2166	0.131
2167	0.148
2168	0.14
2169	0.209
2170	0.312
2171	0.358
2172	0.394
2173	0.463
2174	0.518
2175	0.537
2176	0.438
2177	0.364
2178	0.329
2179	0.301
2180	0.354
2181	0.384
2182	0.381
2183	0.368
2184	0.354
2185	0.335
2186	0.36
2187	0.34
2188	0.303
2189	0.264
2190	0.249
2191	0.218
2192	0.297
2193	0.313
2194	0.361
2195	0.428
2196	0.442
2197	0.427
2198	0.433
2199	0.487
2200	0.588
2201	0.605
2202	0.567
2203	0.532
2204	0.487
2205	0.575
2206	0.589
2207	0.641
2208	0.648
2209	0.595
2210	0.582
2211	0.561
2212	0.537
2213	0.51
2214	0.478
2215	0.493
2216	0.498
2217	0.507
2218	0.519
2219	0.562
2220	0.639
2221	0.611
2222	0.634
2223	0.635
2224	0.632
2225	0.578
2226	0.548
2227	0.533
2228	0.556
2229	0.539
2230	0.591
2231	0.558
2232	0.519
2233	0.472
2234	0.393
2235	0.366
2236	0.386
2237	0.328
2238	0.279
2239	0.304
2240	0.312
2241	0.366
2242	0.371
2243	0.345
2244	0.415
2245	0.429
2246	0.38
2247	0.38
2248	0.37
2249	0.347
2250	0.268
2251	0.157
2252	0.106
2253	0.085
2254	0.048
2255	0.066
2256	0.074
2257	0.07
2258	0.1
2259	0.039
2260	0.1
2261	0.112
2262	0.115
2263	0.12
2264	0.159
2265	0.241
2266	0.302
2267	0.322
2268	0.401
2269	0.403
2270	0.414
2271	0.346
2272	0.243
2273	0.229
2274	0.188
2275	0.133
2276	0.157
2277	0.187
2278	0.229
2279	0.258
2280	0.219
2281	0.185
2282	0.223
2283	0.194
2284	0.179
2285	0.181
2286	0.166
2287	0.111
2288	0.08
2289	0.097
2290	0.198
2291	0.261
2292	0.203
2293	0.137
2294	0.16
2295	0.209
2296	0.179
2297	0.173
2298	0.095
2299	0.077
2300	0.012
2301	0.017
2302	0.017
2303	0.064
2304	0.074
2305	0.107
2306	0.127
2307	0.138
2308	0.111
2309	0.127
2310	0.167
2311	0.158
2312	0.253
2313	0.248
2314	0.28
2315	0.321
2316	0.438
2317	0.519
2318	0.518
2319	0.453
2320	0.424
2321	0.346
2322	0.237
2323	0.102
2324	0.01
2325	0.033
2326	0.023
2327	0
2328	0.012
2329	0.021
2330	0.035
2331	0.026
2332	0.076
2333	0.09
2334	0.111
2335	0.152
2336	0.26
2337	0.346
2338	0.43
2339	0.456
2340	0.421
2341	0.359
2342	0.392
2343	0.349
2344	0.341
2345	0.325
2346	0.194
2347	0.177
2348	0.117
2349	0.126
2350	0.112
2351	0.146
2352	0.103
2353	0.068
2354	0.098
2355	0.095
2356	0.077
2357	0.116
2358	0.127
2359	0.164
2360	0.187
2361	0.293
2362	0.347
2363	0.37
2364	0.41
2365	0.382
2366	0.546
2367	0.552
2368	0.615
2369	0.469
2370	0.371
2371	0.328
2372	0.356
2373	0.424
2374	0.488
2375	0.486
2376	0.478
2377	0.458
2378	0.486
2379	0.441
2380	0.487
2381	0.488
2382	0.339
2383	0.444
2384	0.39
2385	0.512
2386	0.583
2387	0.586
2388	0.441
2389	0.451
2390	0.41
2391	0.546
2392	0.563
2393	0.355
2394	0.262
2395	0.112
2396	0.002
2397	0.063
2398	0.082
2399	0.08
2400	0.039
2401	0.014
2402	0.039
2403	0.032
2404	0.076
2405	0.072
2406	0.096
2407	0.121
2408	0.13
2409	0.161
2410	0.218
2411	0.227
2412	0.272
2413	0.277
2414	0.254
2415	0.212
2416	0.176
2417	0.123
2418	0.072
2419	0.027
2420	0.026
2421	0.031
2422	0.025
2423	0.107
2424	0.086
2425	0.052
2426	0.043
2427	0.067
2428	0.081
2429	0.044
2430	0.039
2431	0.051
2432	0.083
2433	0.168
2434	0.259
2435	0.368
2436	0.436
2437	0.436
2438	0.464
2439	0.442
2440	0.415
2441	0.322
2442	0.22
2443	0.18
2444	0.177
2445	0.193
2446	0.185
2447	0.227
2448	0.163
2449	0.17
2450	0.146
2451	0.139
2452	0.098
2453	0.084
2454	0.108
2455	0.085
2456	0.098
2457	0.131
2458	0.141
2459	0.215
2460	0.219
2461	0.375
2462	0.311
2463	0.293
2464	0.315
2465	0.285
2466	0.251
2467	0.184
2468	0.127
2469	0.141
2470	0.128
2471	0.12
2472	0.085
2473	0.056
2474	0.064
2475	0.044
2476	0.03
2477	0.027
2478	0.018
2479	0.017
2480	0.009
2481	0.008
2482	0.005
2483	0
2484	0.018
2485	0.043
2486	0.039
2487	0.073
2488	0.09
2489	0.077
2490	0.027
2491	0
2492	0.006
2493	0
2494	0
2495	0.013
2496	0.004
2497	0.002
2498	0.001
2499	0
2500	0.012
2501	0.028
2502	0.057
2503	0.068
2504	0.074
2505	0.112
2506	0.098
2507	0.1
2508	0.094
2509	0.095
2510	0.136
2511	0.147
2512	0.164
2513	0.163
2514	0.143
2515	0.089
2516	0.071
2517	0.079
2518	0.027
2519	0.027
2520	0.024
2521	0.007
2522	0
2523	0
2524	0
2525	0
2526	0.014
2527	0.05
2528	0.122
2529	0.231
2530	0.362
2531	0.514
2532	0.568
2533	0.584
2534	0.656
2535	0.644
2536	0.809
2537	0.817
2538	0.849
2539	0.828
2540	0.729
2541	0.721
2542	0.804
2543	0.799
2544	0.781
2545	0.763
2546	0.789
2547	0.801
2548	0.771
2549	0.76
2550	0.729
2551	0.734
2552	0.841
2553	0.868
2554	0.86
2555	0.696
2556	0.666
2557	0.653
2558	0.723
2559	0.614
2560	0.56
2561	0.616
2562	0.612
2563	0.5
2564	0.382
2565	0.278
2566	0.297
2567	0.316
2568	0.291
2569	0.448
2570	0.366
2571	0.497
2572	0.631
2573	0.685
2574	0.722
2575	0.708
2576	0.715
2577	0.694
2578	0.618
2579	0.648
2580	0.619
2581	0.583
2582	0.675
2583	0.525
2584	0.549
2585	0.523
2586	0.446
2587	0.324
2588	0.131
2589	0.025
2590	0.011
2591	0.023
2592	0.036
2593	0.034
2594	0.017
2595	0.013
2596	0.015
2597	0.008
2598	0
2599	0
2600	0.018
2601	0.023
2602	0.04
2603	0.046
2604	0.083
2605	0.047
2606	0.07
2607	0.048
2608	0.106
2609	0.084
2610	0.115
2611	0.138
2612	0.069
2613	0.047
2614	0.064
2615	0.053
2616	0.071
2617	0.073
2618	0.113
2619	0.11
2620	0.087
2621	0.068
2622	0.091
2623	0.112
2624	0.219
2625	0.231
2626	0.233
2627	0.257
2628	0.33
2629	0.332
2630	0.347
2631	0.308
2632	0.34
2633	0.275
2634	0.234
2635	0.236
2636	0.157
2637	0.096
2638	0.098
2639	0.102
2640	0.097
2641	0.123
2642	0.094
2643	0.094
2644	0.115
2645	0.097
2646	0.08
2647	0.125
2648	0.079
2649	0.139
2650	0.248
2651	0.256
2652	0.158
2653	0.102
2654	0.112
2655	0.113
2656	0.15
2657	0.096
2658	0.142
2659	0.137
2660	0.045
2661	0.004
2662	0.009
2663	0.006
2664	0.002
2665	0.008
2666	0.005
2667	0.06
2668	0.025
2669	0.006
2670	0.049
2671	0.017
2672	0.048
2673	0.116
2674	0.101
2675	0.114
2676	0.179
2677	0.211
2678	0.299
2679	0.231
2680	0.247
2681	0.284
2682	0.323
2683	0.21
2684	0.2
2685	0.152
2686	0.196
2687	0.218
2688	0.257
2689	0.3
2690	0.341
2691	0.434
2692	0.437
2693	0.318
2694	0.286
2695	0.336
2696	0.282
2697	0.263
2698	0.272
2699	0.264
2700	0.25
2701	0.193
2702	0.158
2703	0.138
2704	0.146
2705	0.083
2706	0.109
2707	0.091
2708	0.048
2709	0.023
2710	0.018
2711	0.024
2712	0.019
2713	0.022
2714	0.031
2715	0.031
2716	0.024
2717	0.019
2718	0.035
2719	0.031
2720	0.069
2721	0.066
2722	0.07
2723	0.086
2724	0.098
2725	0.082
2726	0.039
2727	0.081
2728	0.037
2729	0.022
2730	0.033
2731	0.013
2732	0.003
2733	0.001
2734	0
2735	0
2736	0
2737	0
2738	0
2739	0
2740	0
2741	0
2742	0
2743	0
2744	0.001
2745	0.01
2746	0.011
2747	0.041
2748	0.035
2749	0.028
2750	0.021
2751	0.009
2752	0.016
2753	0.027
2754	0.011
2755	0
2756	0
2757	0.002
2758	0.007
2759	0.004
2760	0
2761	0.004
2762	0.001
2763	0
2764	0.003
2765	0.011
2766	0.005
2767	0
2768	0
2769	0.043
2770	0.027
2771	0.047
2772	0.064
2773	0.056
2774	0.039
2775	0.041
2776	0.021
2777	0.141
2778	0.152
2779	0.102
2780	0.03
2781	0
2782	0.014
2783	0.025
2784	0.027
2785	0.027
2786	0.018
2787	0.032
2788	0.042
2789	0.028
2790	0.028
2791	0.057
2792	0.145
2793	0.251
2794	0.294
2795	0.294
2796	0.266
2797	0.315
2798	0.362
2799	0.412
2800	0.446
2801	0.306
2802	0.312
2803	0.292
2804	0.113
2805	0.112
2806	0.054
2807	0.046
2808	0.027
2809	0.062
2810	0.066
2811	0.048
2812	0.034
2813	0.074
2814	0.058
2815	0.07
2816	0.132
2817	0.162
2818	0.167
2819	0.314
2820	0.285
2821	0.27
2822	0.298
2823	0.344
2824	0.3
2825	0.261
2826	0.293
2827	0.281
2828	0.284
2829	0.263
2830	0.165
2831	0.233
2832	0.169
2833	0.159
2834	0.139
2835	0.12
2836	0.172
2837	0.125
2838	0.111
2839	0.133
2840	0.179
2841	0.263
2842	0.291
2843	0.346
2844	0.335
2845	0.314
2846	0.319
2847	0.267
2848	0.223
2849	0.212
2850	0.169
2851	0.133
2852	0.119
2853	0.128
2854	0.145
2855	0.164
2856	0.246
2857	0.234
2858	0.164
2859	0.132
2860	0.18
2861	0.212
2862	0.212
2863	0.203
2864	0.212
2865	0.266
2866	0.419
2867	0.286
2868	0.354
2869	0.424
2870	0.418
2871	0.378
2872	0.292
2873	0.283
2874	0.216
2875	0.166
2876	0.161
2877	0.124
2878	0.122
2879	0.123
2880	0.13
2881	0.084
2882	0.075
2883	0.06
2884	0.066
2885	0.057
2886	0.047
2887	0.052
2888	0.086
2889	0.107
2890	0.182
2891	0.167
2892	0.104
2893	0.166
2894	0.215
2895	0.236
2896	0.222
2897	0.292
2898	0.303
2899	0.257
2900	0.238
2901	0.294
2902	0.237
2903	0.214
2904	0.216
2905	0.266
2906	0.253
2907	0.286
2908	0.297
2909	0.294
2910	0.289
2911	0.242
2912	0.258
2913	0.268
2914	0.332
2915	0.29
2916	0.293
2917	0.373
2918	0.376
2919	0.264
2920	0.224
2921	0.159
2922	0.123
2923	0.187
2924	0.172
2925	0.206
2926	0.14
2927	0.131
2928	0.091
2929	0.125
2930	0.098
2931	0.05
2932	0.059
2933	0.028
2934	0.015
2935	0.022
2936	0.023
2937	0.034
2938	0.102
2939	0.1
2940	0.071
2941	0.043
2942	0.055
2943	0.072
2944	0.048
2945	0.019
2946	0.062
2947	0.107
2948	0.092
2949	0.082
2950	0.031
2951	0.023
2952	0.032
2953	0.083
2954	0.083
2955	0.137
2956	0.111
2957	0.17
2958	0.119
2959	0.163
2960	0.323
2961	0.46
2962	0.47
2963	0.515
2964	0.506
2965	0.329
2966	0.313
2967	0.294
2968	0.283
2969	0.184
2970	0.184
2971	0.189
2972	0.17
2973	0.097
2974	0.084
2975	0.08
2976	0.06
2977	0.061
2978	0.062
2979	0.093
2980	0.099
2981	0.114
2982	0.115
2983	0.099
2984	0.144
2985	0.175
2986	0.159
2987	0.137
2988	0.2
2989	0.216
2990	0.32
2991	0.437
2992	0.357
2993	0.343
2994	0.178
2995	0.203
2996	0.178
2997	0.114
2998	0.169
2999	0.221
3000	0.218
3001	0.27
3002	0.236
3003	0.233
3004	0.297
3005	0.273
3006	0.264
3007	0.311
3008	0.315
3009	0.3
3010	0.313
3011	0.35
3012	0.361
3013	0.331
3014	0.368
3015	0.313
3016	0.264
3017	0.187
3018	0.185
3019	0.131
3020	0.09
3021	0.054
3022	0.045
3023	0.081
3024	0.053
3025	0.111
3026	0.179
3027	0.116
3028	0.117
3029	0.128
3030	0.17
3031	0.188
3032	0.235
3033	0.306
3034	0.32
3035	0.325
3036	0.375
3037	0.309
3038	0.344
3039	0.346
3040	0.323
3041	0.305
3042	0.272
3043	0.206
3044	0.151
3045	0.117
3046	0.125
3047	0.129
3048	0.129
3049	0.108
3050	0.121
3051	0.103
3052	0.114
3053	0.105
3054	0.086
3055	0.068
3056	0.12
3057	0.146
3058	0.104
3059	0.147
3060	0.201
3061	0.197
3062	0.226
3063	0.161
3064	0.089
3065	0.095
3066	0.07
3067	0.106
3068	0.058
3069	0.006
3070	0.003
3071	0.014
3072	0.021
3073	0.022
3074	0.017
3075	0.033
3076	0.013
3077	0.007
3078	0.025
3079	0.029
3080	0.05
3081	0.059
3082	0.047
3083	0.052
3084	0.049
3085	0.078
3086	0.098
3087	0.118
3088	0.123
3089	0.106
3090	0.077
3091	0.068
3092	0.021
3093	0.026
3094	0.02
3095	0.019
3096	0.023
3097	0.018
3098	0
3099	0.002
3100	0.011
3101	0.009
3102	0.003
3103	0.001
3104	0.021
3105	0.009
3106	0.017
3107	0.017
3108	0.027
3109	0.044
3110	0.068
3111	0.061
3112	0.078
3113	0.066
3114	0.087
3115	0.063
3116	0.043
3117	0.058
3118	0.056
3119	0.04
3120	0.052
3121	0.009
3122	0
3123	0
3124	0
3125	0
3126	0
3127	0
3128	0.001
3129	0
3130	0.007
3131	0.04
3132	0.044
3133	0.021
3134	0.021
3135	0.041
3136	0.072
3137	0.092
3138	0.039
3139	0.023
3140	0
3141	0.008
3142	0.005
3143	0.007
3144	0.016
3145	0.02
3146	0.01
3147	0.001
3148	0
3149	0.003
3150	0
3151	0.018
3152	0.04
3153	0.057
3154	0.038
3155	0.072
3156	0.055
3157	0.067
3158	0.085
3159	0.16
3160	0.132
3161	0.114
3162	0.056
3163	0.066
3164	0.074
3165	0.071
3166	0.075
3167	0.045
3168	0.05
3169	0.054
3170	0.074
3171	0.104
3172	0.119
3173	0.179
3174	0.141
3175	0.107
3176	0.17
3177	0.165
3178	0.164
3179	0.198
3180	0.152
3181	0.221
3182	0.295
3183	0.336
3184	0.37
3185	0.361
3186	0.364
3187	0.39
3188	0.304
3189	0.256
3190	0.217
3191	0.18
3192	0.143
3193	0.151
3194	0.114
3195	0.152
3196	0.124
3197	0.126
3198	0.105
3199	0.198
3200	0.266
3201	0.34
3202	0.305
3203	0.339
3204	0.282
3205	0.388
3206	0.359
3207	0.389
3208	0.389
3209	0.403
3210	0.368
3211	0.358
3212	0.318
3213	0.251
3214	0.23
3215	0.186
3216	0.172
3217	0.159
3218	0.199
3219	0.243
3220	0.275
3221	0.291
3222	0.325
3223	0.48
3224	0.564
3225	0.646
3226	0.651
3227	0.776
3228	0.826
3229	0.85
3230	0.845
3231	0.84
3232	0.853
3233	0.859
3234	0.865
3235	0.828
3236	0.761
3237	0.649
3238	0.678
3239	0.608
3240	0.617
3241	0.58
3242	0.601
3243	0.57
3244	0.496
3245	0.483
3246	0.489
3247	0.556
3248	0.666
3249	0.623
3250	0.585
3251	0.548
3252	0.533
3253	0.472
3254	0.453
3255	0.384
3256	0.34
3257	0.347
3258	0.243
3259	0.245
3260	0.185
3261	0.079
3262	0.073
3263	0.04
3264	0.044
3265	0.049
3266	0.068
3267	0.066
3268	0.12
3269	0.108
3270	0.116
3271	0.237
3272	0.337
3273	0.344
3274	0.352
3275	0.279
3276	0.257
3277	0.291
3278	0.296
3279	0.263
3280	0.206
3281	0.297
3282	0.277
3283	0.225
3284	0.091
3285	0.05
3286	0.03
3287	0.022
3288	0.02
3289	0.041
3290	0.072
3291	0.02
3292	0.018
3293	0.022
3294	0.023
3295	0.059
3296	0.101
3297	0.152
3298	0.071
3299	0.066
3300	0.073
3301	0.065
3302	0.06
3303	0.065
3304	0.062
3305	0.045
3306	0.059
3307	0.075
3308	0.109
3309	0.026
3310	0
3311	0
3312	0
3313	0
3314	0
3315	0.002
3316	0.003
3317	0
3318	0
3319	0.039
3320	0.041
3321	0.031
3322	0.031
3323	0.056
3324	0.034
3325	0.023
3326	0.067
3327	0.097
3328	0.032
3329	0.021
3330	0.016
3331	0.001
3332	0.006
3333	0
3334	0
3335	0
3336	0.007
3337	0.007
3338	0
3339	0
3340	0
3341	0
3342	0
3343	0.018
3344	0.077
3345	0.077
3346	0.095
3347	0.091
3348	0.149
3349	0.137
3350	0.15
3351	0.168
3352	0.183
3353	0.175
3354	0.153
3355	0.143
3356	0.157
3357	0.133
3358	0.166
3359	0.202
3360	0.204
3361	0.218
3362	0.279
3363	0.225
3364	0.274
3365	0.311
3366	0.455
3367	0.481
3368	0.604
3369	0.537
3370	0.679
3371	0.713
3372	0.638
3373	0.716
3374	0.729
3375	0.758
3376	0.762
3377	0.698
3378	0.657
3379	0.662
3380	0.664
3381	0.681
3382	0.738
3383	0.723
3384	0.788
3385	0.786
3386	0.83
3387	0.845
3388	0.765
3389	0.729
3390	0.766
3391	0.773
3392	0.798
3393	0.806
3394	0.824
3395	0.854
3396	0.82
3397	0.874
3398	0.836
3399	0.855
3400	0.831
3401	0.792
3402	0.77
3403	0.76
3404	0.801
3405	0.768
3406	0.817
3407	0.724
3408	0.773
3409	0.79
3410	0.843
3411	0.888
3412	0.854
3413	0.868
3414	0.884
3415	0.902
3416	0.887
3417	0.894
3418	0.875
3419	0.873
3420	0.881
3421	0.897
3422	0.908
3423	0.89
3424	0.862
3425	0.862
3426	0.892
3427	0.912
3428	0.896
3429	0.868
3430	0.86
3431	0.806
3432	0.74
3433	0.65
3434	0.586
3435	0.496
3436	0.416
3437	0.371
3438	0.522
3439	0.464
3440	0.459
3441	0.428
3442	0.52
3443	0.387
3444	0.368
3445	0.402
3446	0.515
3447	0.527
3448	0.57
3449	0.474
3450	0.335
3451	0.236
3452	0.162
3453	0.105
3454	0.083
3455	0.089
3456	0.098
3457	0.084
3458	0.122
3459	0.112
3460	0.14
3461	0.121
3462	0.119
3463	0.147
3464	0.06
3465	0.038
3466	0.061
3467	0.086
3468	0.146
3469	0.223
3470	0.274
3471	0.334
3472	0.364
3473	0.343
3474	0.265
3475	0.255
3476	0.292
3477	0.174
3478	0.153
3479	0.198
3480	0.166
3481	0.159
3482	0.137
3483	0.097
3484	0.075
3485	0.056
3486	0.073
3487	0.134
3488	0.168
3489	0.165
3490	0.131
3491	0.113
3492	0.066
3493	0.09
3494	0.104
3495	0.175
3496	0.182
3497	0.207
3498	0.181
3499	0.159
3500	0.104
3501	0.057
3502	0.058
3503	0.033
3504	0.035
3505	0.026
3506	0.019
3507	0.016
3508	0.031
3509	0.004
3510	0
3511	0.006
3512	0.016
3513	0.021
3514	0.022
3515	0.04
3516	0.059
3517	0.079
3518	0.131
3519	0.132
3520	0.149
3521	0.165
3522	0.222
3523	0.228
3524	0.181
3525	0.167
3526	0.2
3527	0.228
3528	0.261
3529	0.255
3530	0.24
3531	0.169
3532	0.176
3533	0.099
3534	0.084
3535	0.072
3536	0.066
3537	0.049
3538	0.061
3539	0.045
3540	0.109
3541	0.089
3542	0.082
3543	0.051
3544	0.064
3545	0.061
3546	0.062
3547	0.051
3548	0.035
3549	0.02
3550	0.007
3551	0.005
3552	0.004
3553	0
3554	0
3555	0
3556	0
3557	0
3558	0
3559	0.025
3560	0.029
3561	0.023
3562	0.046
3563	0.079
3564	0.07
3565	0.079
3566	0.091
3567	0.098
3568	0.067
3569	0.079
3570	0.062
3571	0.049
3572	0.058
3573	0.009
3574	0.015
3575	0.01
3576	0.006
3577	0.024
3578	0.02
3579	0.013
3580	0.002
3581	0
3582	0
3583	0.001
3584	0
3585	0.001
3586	0.005
3587	0.038
3588	0.051
3589	0.052
3590	0.071
3591	0.103
3592	0.103
3593	0.086
3594	0.061
3595	0.048
3596	0.042
3597	0.027
3598	0.012
3599	0.019
3600	0.014
3601	0.018
3602	0.029
3603	0.028
3604	0.011
3605	0
3606	0
3607	0.004
3608	0.016
3609	0.016
3610	0.002
3611	0
3612	0.013
3613	0.05
3614	0.091
3615	0.126
3616	0.108
3617	0.124
3618	0.174
3619	0.112
3620	0.085
3621	0.114
3622	0.077
3623	0.082
3624	0.132
3625	0.157
3626	0.162
3627	0.157
3628	0.189
3629	0.196
3630	0.208
3631	0.224
3632	0.272
3633	0.318
3634	0.368
3635	0.405
3636	0.409
3637	0.426
3638	0.39
3639	0.292
3640	0.265
3641	0.305
3642	0.313
3643	0.265
3644	0.254
3645	0.245
3646	0.234
3647	0.235
3648	0.317
3649	0.341
3650	0.276
3651	0.301
3652	0.329
3653	0.462
3654	0.32
3655	0.497
3656	0.473
3657	0.533
3658	0.661
3659	0.385
3660	0.583
3661	0.522
3662	0.48
3663	0.285
3664	0.386
3665	0.339
3666	0.276
3667	0.193
3668	0.129
3669	0.085
3670	0.087
3671	0.073
3672	0.069
3673	0.076
3674	0.119
3675	0.106
3676	0.078
3677	0.091
3678	0.105
3679	0.166
3680	0.198
3681	0.215
3682	0.255
3683	0.267
3684	0.257
3685	0.22
3686	0.252
3687	0.261
3688	0.255
3689	0.192
3690	0.146
3691	0.106
3692	0.034
3693	0.014
3694	0
3695	0
3696	0
3697	0
3698	0
3699	0
3700	0
3701	0.002
3702	0
3703	0
3704	0.015
3705	0.033
3706	0.061
3707	0.057
3708	0.097
3709	0.131
3710	0.074
3711	0.106
3712	0.146
3713	0.193
3714	0.132
3715	0.086
3716	0.065
3717	0.087
3718	0.092
3719	0.086
3720	0.092
3721	0.119
3722	0.123
3723	0.185
3724	0.187
3725	0.179
3726	0.266
3727	0.274
3728	0.4
3729	0.439
3730	0.439
3731	0.351
3732	0.309
3733	0.317
3734	0.273
3735	0.268
3736	0.306
3737	0.285
3738	0.209
3739	0.185
3740	0.212
3741	0.143
3742	0.099
3743	0.108
3744	0.063
3745	0.054
3746	0.056
3747	0.057
3748	0.094
3749	0.094
3750	0.074
3751	0.222
3752	0.248
3753	0.277
3754	0.325
3755	0.326
3756	0.386
3757	0.37
3758	0.378
3759	0.434
3760	0.338
3761	0.374
3762	0.308
3763	0.252
3764	0.115
3765	0.042
3766	0.009
3767	0.036
3768	0.016
3769	0.011
3770	0.003
3771	0.011
3772	0.01
3773	0.007
3774	0.005
3775	0
3776	0.022
3777	0.023
3778	0.033
3779	0.013
3780	0.042
3781	0.086
3782	0.087
3783	0.081
3784	0.117
3785	0.172
3786	0.154
3787	0.122
3788	0.072
3789	0.033
3790	0.025
3791	0.028
3792	0.043
3793	0.078
3794	0.066
3795	0.05
3796	0.016
3797	0.024
3798	0.034
3799	0.055
3800	0.071
3801	0.079
3802	0.163
3803	0.205
3804	0.16
3805	0.14
3806	0.137
3807	0.114
3808	0.126
3809	0.114
3810	0.072
3811	0.03
3812	0.039
3813	0.003
3814	0
3815	0.011
3816	0.005
3817	0
3818	0
3819	0
3820	0
3821	0
3822	0.007
3823	0.021
3824	0.047
3825	0.067
3826	0.04
3827	0.083
3828	0.13
3829	0.216
3830	0.272
3831	0.278
3832	0.277
3833	0.266
3834	0.274
3835	0.205
3836	0.116
3837	0.056
3838	0.018
3839	0.013
3840	0.022
3841	0.005
3842	0.021
3843	0.016
3844	0
3845	0.007
3846	0
3847	0.011
3848	0.005
3849	0.019
3850	0.059
3851	0.048
3852	0.15
3853	0.152
3854	0.156
3855	0.097
3856	0.148
3857	0.157
3858	0.129
3859	0.162
3860	0.119
3861	0.107
3862	0.093
3863	0.037
3864	0.021
3865	0.009
3866	0.035
3867	0.03
3868	0.028
3869	0.045
3870	0.048
3871	0.1
3872	0.144
3873	0.227
3874	0.259
3875	0.283
3876	0.27
3877	0.283
3878	0.279
3879	0.326
3880	0.247
3881	0.235
3882	0.192
3883	0.136
3884	0.148
3885	0.071
3886	0.066
3887	0.075
3888	0.091
3889	0.121
3890	0.134
3891	0.135
3892	0.193
3893	0.218
3894	0.236
3895	0.321
3896	0.293
3897	0.369
3898	0.438
3899	0.477
3900	0.524
3901	0.567
3902	0.714
3903	0.683
3904	0.7
3905	0.807
3906	0.63
3907	0.662
3908	0.548
3909	0.39
3910	0.267
3911	0.18
3912	0.188
3913	0.158
3914	0.113
3915	0.106
3916	0.095
3917	0.083
3918	0.077
3919	0.189
3920	0.239
3921	0.292
3922	0.305
3923	0.397
3924	0.41
3925	0.34
3926	0.265
3927	0.274
3928	0.225
3929	0.222
3930	0.197
3931	0.127
3932	0.135
3933	0.111
3934	0.097
3935	0.129
3936	0.085
3937	0.087
3938	0.108
3939	0.107
3940	0.109
3941	0.145
3942	0.162
3943	0.158
3944	0.227
3945	0.281
3946	0.358
3947	0.423
3948	0.363
3949	0.468
3950	0.451
3951	0.356
3952	0.362
3953	0.375
3954	0.377
3955	0.296
3956	0.158
3957	0.136
3958	0.146
3959	0.155
3960	0.111
3961	0.121
3962	0.112
3963	0.168
3964	0.137
3965	0.181
3966	0.173
3967	0.258
3968	0.33
3969	0.389
3970	0.452
3971	0.581
3972	0.517
3973	0.434
3974	0.495
3975	0.419
3976	0.45
3977	0.488
3978	0.44
3979	0.416
3980	0.38
3981	0.303
3982	0.246
3983	0.236
3984	0.237
3985	0.186
3986	0.218
3987	0.202
3988	0.138
3989	0.116
3990	0.124
3991	0.147
3992	0.2
3993	0.286
3994	0.298
3995	0.304
3996	0.343
3997	0.328
3998	0.362
3999	0.31
4000	0.284
4001	0.256
4002	0.131
4003	0.091
4004	0.036
4005	0.001
4006	0
4007	0
4008	0.003
4009	0.014
4010	0.022
4011	0.011
4012	0.004
4013	0.032
4014	0.041
4015	0.001
4016	0.03
4017	0.114
4018	0.192
4019	0.172
4020	0.16
4021	0.211
4022	0.211
4023	0.229
4024	0.325
4025	0.341
4026	0.365
4027	0.287
4028	0.216
4029	0.152
4030	0.133
4031	0.173
4032	0.16
4033	0.118
4034	0.138
4035	0.143
4036	0.144
4037	0.135
4038	0.105
4039	0.109
4040	0.147
4041	0.212
4042	0.208
4043	0.199
4044	0.202
4045	0.192
4046	0.176
4047	0.183
4048	0.184
4049	0.205
4050	0.132
4051	0.105
4052	0.034
4053	0.017
4054	0
4055	0
4056	0
4057	0
4058	0
4059	0
4060	0.025
4061	0
4062	0.035
4063	0.062
4064	0.072
4065	0.074
4066	0.026
4067	0.03
4068	0.038
4069	0.043
4070	0.089
4071	0.134
4072	0.195
4073	0.229
4074	0.174
4075	0.198
4076	0.199
4077	0.178
4078	0.097
4079	0.115
4080	0.125
4081	0.111
4082	0.117
4083	0.108
4084	0.114
4085	0.137
4086	0.143
4087	0.242
4088	0.328
4089	0.378
4090	0.387
4091	0.351
4092	0.443
4093	0.457
4094	0.464
4095	0.392
4096	0.337
4097	0.288
4098	0.212
4099	0.136
4100	0.102
4101	0.08
4102	0.06
4103	0.045
4104	0.052
4105	0.072
4106	0.102
4107	0.09
4108	0.085
4109	0.05
4110	0.062
4111	0.093
4112	0.144
4113	0.166
4114	0.16
4115	0.155
4116	0.151
4117	0.152
4118	0.168
4119	0.185
4120	0.187
4121	0.191
4122	0.134
4123	0.127
4124	0.093
4125	0.061
4126	0.026
4127	0.012
4128	0.014
4129	0.022
4130	0.029
4131	0.024
4132	0.019
4133	0.007
4134	0.028
4135	0.057
4136	0.08
4137	0.097
4138	0.115
4139	0.093
4140	0.117
4141	0.112
4142	0.134
4143	0.145
4144	0.131
4145	0.111
4146	0.079
4147	0.053
4148	0.011
4149	0.002
4150	0.002
4151	0.014
4152	0.014
4153	0.024
4154	0.089
4155	0.135
4156	0.13
4157	0.183
4158	0.189
4159	0.162
4160	0.178
4161	0.286
4162	0.242
4163	0.325
4164	0.312
4165	0.359
4166	0.449
4167	0.464
4168	0.423
4169	0.356
4170	0.267
4171	0.235
4172	0.135
4173	0.082
4174	0.015
4175	0.005
4176	0
4177	0.007
4178	0.024
4179	0.032
4180	0.057
4181	0.043
4182	0.038
4183	0.109
4184	0.136
4185	0.132
4186	0.119
4187	0.111
4188	0.132
4189	0.14
4190	0.197
4191	0.287
4192	0.359
4193	0.358
4194	0.316
4195	0.239
4196	0.156
4197	0.076
4198	0.028
4199	0.016
4200	0.018
4201	0.003
4202	0
4203	0
4204	0
4205	0
4206	0
4207	0
4208	0.002
4209	0.025
4210	0.018
4211	0.022
4212	0.033
4213	0.069
4214	0.113
4215	0.09
4216	0.119
4217	0.137
4218	0.172
4219	0.127
4220	0.287
4221	0.237
4222	0.211
4223	0.124
4224	0.118
4225	0.09
4226	0.065
4227	0.05
4228	0.029
4229	0.03
4230	0.027
4231	0.061
4232	0.088
4233	0.141
4234	0.152
4235	0.183
4236	0.173
4237	0.106
4238	0.13
4239	0.104
4240	0.087
4241	0.071
4242	0.028
4243	0.029
4244	0.043
4245	0.056
4246	0.049
4247	0.095
4248	0.091
4249	0.119
4250	0.249
4251	0.232
4252	0.215
4253	0.155
4254	0.145
4255	0.171
4256	0.155
4257	0.217
4258	0.296
4259	0.329
4260	0.48
4261	0.526
4262	0.559
4263	0.584
4264	0.582
4265	0.551
4266	0.52
4267	0.532
4268	0.453
4269	0.383
4270	0.334
4271	0.351
4272	0.359
4273	0.354
4274	0.291
4275	0.216
4276	0.171
4277	0.136
4278	0.179
4279	0.202
4280	0.231
4281	0.214
4282	0.207
4283	0.19
4284	0.16
4285	0.115
4286	0.098
4287	0.089
4288	0.102
4289	0.083
4290	0.051
4291	0.047
4292	0.071
4293	0.061
4294	0.074
4295	0.081
4296	0.074
4297	0.062
4298	0.081
4299	0.092
4300	0.091
4301	0.079
4302	0.091
4303	0.103
4304	0.111
4305	0.126
4306	0.089
4307	0.101
4308	0.081
4309	0.129
4310	0.214
4311	0.122
4312	0.137
4313	0.276
4314	0.275
4315	0.279
4316	0.379
4317	0.376
4318	0.478
4319	0.507
4320	0.539
4321	0.549
4322	0.586
4323	0.555
4324	0.444
4325	0.555
4326	0.549
4327	0.499
4328	0.421
4329	0.404
4330	0.513
4331	0.578
4332	0.595
4333	0.57
4334	0.61
4335	0.628
4336	0.675
4337	0.636
4338	0.662
4339	0.651
4340	0.654
4341	0.601
4342	0.617
4343	0.598
4344	0.585
4345	0.602
4346	0.587
4347	0.616
4348	0.535
4349	0.511
4350	0.472
4351	0.445
4352	0.457
4353	0.466
4354	0.511
4355	0.428
4356	0.369
4357	0.316
4358	0.361
4359	0.207
4360	0.175
4361	0.205
4362	0.137
4363	0.149
4364	0.128
4365	0.138
4366	0.131
4367	0.095
4368	0.09
4369	0.088
4370	0.092
4371	0.068
4372	0.058
4373	0.046
4374	0.047
4375	0.058
4376	0.068
4377	0.085
4378	0.07
4379	0.085
4380	0.086
4381	0.061
4382	0.092
4383	0.061
4384	0.047
4385	0.033
4386	0.031
4387	0.015
4388	0
4389	0
4390	0
4391	0
4392	0
4393	0
4394	0
4395	0
4396	0
4397	0
4398	0
4399	0
4400	0.003
4401	0.009
4402	0.013
4403	0.017
4404	0.034
4405	0.037
4406	0.058
4407	0.091
4408	0.066
4409	0.124
4410	0.079
4411	0.061
4412	0.02
4413	0.011
4414	0.007
4415	0.023
4416	0.027
4417	0.027
4418	0.034
4419	0.025
4420	0.026
4421	0.018
4422	0.023
4423	0.037
4424	0.047
4425	0.061
4426	0.055
4427	0.07
4428	0.095
4429	0.1
4430	0.089
4431	0.095
4432	0.09
4433	0.056
4434	0.047
4435	0.02
4436	0.01
4437	0
4438	0
4439	0
4440	0
4441	0
4442	0
4443	0
4444	0.002
4445	0.009
4446	0
4447	0
4448	0.018
4449	0.028
4450	0.028
4451	0.026
4452	0.031
4453	0.036
4454	0.061
4455	0.073
4456	0.098
4457	0.067
4458	0.049
4459	0.024
4460	0.002
4461	0
4462	0
4463	0
4464	0
4465	0.001
4466	0.009
4467	0.007
4468	0.005
4469	0
4470	0
4471	0.002
4472	0.017
4473	0.023
4474	0.026
4475	0.041
4476	0.041
4477	0.081
4478	0.079
4479	0.092
4480	0.078
4481	0.055
4482	0.036
4483	0.017
4484	0.007
4485	0.003
4486	0.024
4487	0.027
4488	0.016
4489	0.002
4490	0
4491	0
4492	0
4493	0
4494	0
4495	0
4496	0
4497	0.007
4498	0.009
4499	0.009
4500	0.007
4501	0.012
4502	0.012
4503	0.022
4504	0.02
4505	0.022
4506	0.017
4507	0.008
4508	0
4509	0
4510	0
4511	0
4512	0
4513	0
4514	0
4515	0
4516	0
4517	0.001
4518	0.002
4519	0.002
4520	0.002
4521	0
4522	0.006
4523	0.012
4524	0.02
4525	0.024
4526	0.017
4527	0.017
4528	0.016
4529	0.014
4530	0.015
4531	0.011
4532	0
4533	0
4534	0.009
4535	0
4536	0.007
4537	0.011
4538	0.012
4539	0.011
4540	0.011
4541	0.012
4542	0.016
4543	0.013
4544	0.029
4545	0.062
4546	0.079
4547	0.102
4548	0.114
4549	0.122
4550	0.105
4551	0.156
4552	0.127
4553	0.182
4554	0.079
4555	0.044
4556	0.032
4557	0.023
4558	0.015
4559	0.005
4560	0.01
4561	0.012
4562	0
4563	0
4564	0
4565	0
4566	0
4567	0.007
4568	0.031
4569	0.081
4570	0.167
4571	0.144
4572	0.232
4573	0.341
4574	0.374
4575	0.549
4576	0.6
4577	0.546
4578	0.466
4579	0.36
4580	0.339
4581	0.315
4582	0.286
4583	0.295
4584	0.294
4585	0.27
4586	0.266
4587	0.235
4588	0.235
4589	0.236
4590	0.303
4591	0.354
4592	0.44
4593	0.246
4594	0.515
4595	0.533
4596	0.541
4597	0.499
4598	0.466
4599	0.531
4600	0.52
4601	0.482
4602	0.412
4603	0.244
4604	0.184
4605	0.082
4606	0.015
4607	0.025
4608	0.007
4609	0
4610	0
4611	0
4612	0
4613	0
4614	0
4615	0.001
4616	0.017
4617	0.026
4618	0.037
4619	0.046
4620	0.047
4621	0.045
4622	0.064
4623	0.062
4624	0.056
4625	0.089
4626	0.083
4627	0.057
4628	0.027
4629	0.029
4630	0.037
4631	0.041
4632	0.041
4633	0.051
4634	0.056
4635	0.081
4636	0.094
4637	0.082
4638	0.037
4639	0.049
4640	0.104
4641	0.115
4642	0.131
4643	0.188
4644	0.272
4645	0.189
4646	0.27
4647	0.322
4648	0.35
4649	0.292
4650	0.282
4651	0.272
4652	0.189
4653	0.079
4654	0.065
4655	0.069
4656	0.117
4657	0.12
4658	0.115
4659	0.102
4660	0.12
4661	0.181
4662	0.144
4663	0.196
4664	0.212
4665	0.226
4666	0.274
4667	0.325
4668	0.369
4669	0.362
4670	0.383
4671	0.364
4672	0.299
4673	0.31
4674	0.315
4675	0.282
4676	0.171
4677	0.123
4678	0.101
4679	0.079
4680	0.087
4681	0.051
4682	0.102
4683	0.09
4684	0.069
4685	0.073
4686	0.09
4687	0.116
4688	0.156
4689	0.181
4690	0.274
4691	0.271
4692	0.323
4693	0.344
4694	0.403
4695	0.396
4696	0.441
4697	0.42
4698	0.457
4699	0.419
4700	0.313
4701	0.259
4702	0.173
4703	0.122
4704	0.128
4705	0.132
4706	0.158
4707	0.141
4708	0.147
4709	0.162
4710	0.159
4711	0.193
4712	0.267
4713	0.342
4714	0.326
4715	0.243
4716	0.25
4717	0.269
4718	0.244
4719	0.313
4720	0.322
4721	0.253
4722	0.154
4723	0.114
4724	0.09
4725	0.091
4726	0.079
4727	0.093
4728	0.092
4729	0.1
4730	0.074
4731	0.085
4732	0.089
4733	0.137
4734	0.143
4735	0.161
4736	0.191
4737	0.28
4738	0.291
4739	0.359
4740	0.446
4741	0.42
4742	0.522
4743	0.568
4744	0.533
4745	0.48
4746	0.457
4747	0.409
4748	0.344
4749	0.252
4750	0.205
4751	0.186
4752	0.182
4753	0.19
4754	0.19
4755	0.169
4756	0.162
4757	0.151
4758	0.188
4759	0.244
4760	0.276
4761	0.375
4762	0.376
4763	0.494
4764	0.496
4765	0.584
4766	0.562
4767	0.572
4768	0.492
4769	0.475
4770	0.461
4771	0.37
4772	0.271
4773	0.205
4774	0.147
4775	0.15
4776	0.134
4777	0.124
4778	0.148
4779	0.119
4780	0.095
4781	0.112
4782	0.122
4783	0.18
4784	0.221
4785	0.248
4786	0.31
4787	0.333
4788	0.332
4789	0.307
4790	0.307
4791	0.309
4792	0.298
4793	0.246
4794	0.165
4795	0.054
4796	0.018
4797	0.01
4798	0
4799	0.006
4800	0
4801	0.001
4802	0.007
4803	0
4804	0.009
4805	0.023
4806	0.028
4807	0.061
4808	0.041
4809	0.055
4810	0.077
4811	0.147
4812	0.182
4813	0.229
4814	0.26
4815	0.233
4816	0.312
4817	0.282
4818	0.248
4819	0.236
4820	0.257
4821	0.214
4822	0.185
4823	0.177
4824	0.166
4825	0.185
4826	0.175
4827	0.165
4828	0.189
4829	0.18
4830	0.181
4831	0.234
4832	0.356
4833	0.44
4834	0.483
4835	0.532
4836	0.528
4837	0.572
4838	0.552
4839	0.575
4840	0.64
4841	0.638
4842	0.524
4843	0.472
4844	0.408
4845	0.352
4846	0.328
4847	0.365
4848	0.363
4849	0.323
4850	0.304
4851	0.304
4852	0.331
4853	0.379
4854	0.409
4855	0.468
4856	0.459
4857	0.519
4858	0.543
4859	0.587
4860	0.573
4861	0.568
4862	0.559
4863	0.62
4864	0.598
4865	0.574
4866	0.589
4867	0.55
4868	0.524
4869	0.444
4870	0.42
4871	0.402
4872	0.368
4873	0.357
4874	0.329
4875	0.292
4876	0.248
4877	0.344
4878	0.259
4879	0.221
4880	0.27
4881	0.347
4882	0.4
4883	0.387
4884	0.445
4885	0.354
4886	0.453
4887	0.434
4888	0.429
4889	0.298
4890	0.3
4891	0.265
4892	0.175
4893	0.096
4894	0.059
4895	0.098
4896	0.054
4897	0.047
4898	0.057
4899	0.041
4900	0.05
4901	0.044
4902	0.014
4903	0.052
4904	0.093
4905	0.143
4906	0.1
4907	0.052
4908	0.029
4909	0.015
4910	0.011
4911	0.013
4912	0.011
4913	0
4914	0.036
4915	0.003
4916	0
4917	0.003
4918	0
4919	0.006
4920	0.011
4921	0.006
4922	0.013
4923	0.012
4924	0.022
4925	0.017
4926	0.027
4927	0.048
4928	0.11
4929	0.149
4930	0.207
4931	0.276
4932	0.304
4933	0.357
4934	0.417
4935	0.476
4936	0.463
4937	0.431
4938	0.348
4939	0.254
4940	0.177
4941	0.068
4942	0.066
4943	0.053
4944	0.075
4945	0.057
4946	0.069
4947	0.079
4948	0.069
4949	0.034
4950	0.026
4951	0.021
4952	0.033
4953	0.05
4954	0.043
4955	0.044
4956	0.033
4957	0.026
4958	0.038
4959	0.023
4960	0.021
4961	0.003
4962	0.003
4963	0.007
4964	0.007
4965	0.001
4966	0.012
4967	0
4968	0
4969	0.005
4970	0.009
4971	0
4972	0
4973	0.006
4974	0.011
4975	0
4976	0
4977	0.021
4978	0.013
4979	0.02
4980	0.035
4981	0.061
4982	0.056
4983	0.094
4984	0.093
4985	0.061
4986	0.08
4987	0.059
4988	0.022
4989	0.002
4990	0.001
4991	0
4992	0.007
4993	0.011
4994	0.005
4995	0.01
4996	0.011
4997	0.01
4998	0.021
4999	0.048
5000	0.087
5001	0.111
5002	0.102
5003	0.109
5004	0.108
5005	0.107
5006	0.098
5007	0.124
5008	0.12
5009	0.165
5010	0.137
5011	0.091
5012	0.048
5013	0.012
5014	0.008
5015	0.009
5016	0
5017	0.004
5018	0.005
5019	0.001
5020	0.002
5021	0
5022	0.002
5023	0
5024	0.001
5025	0.029
5026	0.041
5027	0.043
5028	0.036
5029	0.047
5030	0.057
5031	0.045
5032	0.051
5033	0.042
5034	0.03
5035	0.012
5036	0
5037	0
5038	0
5039	0
5040	0
5041	0
5042	0
5043	0
5044	0
5045	0.007
5046	0.005
5047	0
5048	0
5049	0.002
5050	0.034
5051	0.044
5052	0.046
5053	0.072
5054	0.088
5055	0.117
5056	0.119
5057	0.142
5058	0.104
5059	0.047
5060	0.027
5061	0.025
5062	0.027
5063	0.019
5064	0.016
5065	0.023
5066	0.014
5067	0.026
5068	0.04
5069	0.047
5070	0.027
5071	0.049
5072	0.113
5073	0.126
5074	0.13
5075	0.174
5076	0.243
5077	0.307
5078	0.326
5079	0.335
5080	0.39
5081	0.319
5082	0.247
5083	0.17
5084	0.082
5085	0.055
5086	0.058
5087	0.071
5088	0.052
5089	0.057
5090	0.057
5091	0.061
5092	0.044
5093	0.055
5094	0.086
5095	0.147
5096	0.199
5097	0.251
5098	0.271
5099	0.357
5100	0.415
5101	0.421
5102	0.491
5103	0.486
5104	0.49
5105	0.491
5106	0.332
5107	0.248
5108	0.108
5109	0.09
5110	0.08
5111	0.09
5112	0.079
5113	0.085
5114	0.09
5115	0.047
5116	0.009
5117	0.01
5118	0.025
5119	0.061
5120	0.122
5121	0.112
5122	0.139
5123	0.13
5124	0.14
5125	0.141
5126	0.177
5127	0.177
5128	0.158
5129	0.134
5130	0.089
5131	0.037
5132	0.027
5133	0.028
5134	0.015
5135	0
5136	0
5137	0
5138	0
5139	0
5140	0
5141	0
5142	0
5143	0
5144	0
5145	0
5146	0
5147	0
5148	0.002
5149	0.015
5150	0.044
5151	0.034
5152	0.03
5153	0.033
5154	0.021
5155	0.023
5156	0.022
5157	0.019
5158	0.018
5159	0.01
5160	0.008
5161	0.011
5162	0.006
5163	0.016
5164	0.022
5165	0.012
5166	0.006
5167	0.002
5168	0
5169	0
5170	0.001
5171	0.024
5172	0.041
5173	0.024
5174	0.028
5175	0.073
5176	0.087
5177	0.106
5178	0.091
5179	0.059
5180	0.043
5181	0.059
5182	0.048
5183	0.041
5184	0.03
5185	0.03
5186	0.017
5187	0.012
5188	0.02
5189	0.003
5190	0.018
5191	0
5192	0.038
5193	0.058
5194	0.051
5195	0.064
5196	0.074
5197	0.092
5198	0.073
5199	0.1
5200	0.109
5201	0.093
5202	0.085
5203	0.023
5204	0.013
5205	0
5206	0
5207	0
5208	0
5209	0
5210	0
5211	0
5212	0
5213	0
5214	0.004
5215	0.011
5216	0.04
5217	0.081
5218	0.106
5219	0.078
5220	0.096
5221	0.075
5222	0.126
5223	0.137
5224	0.107
5225	0.106
5226	0.079
5227	0.025
5228	0.009
5229	0.009
5230	0.021
5231	0.013
5232	0.013
5233	0.01
5234	0.026
5235	0
5236	0.014
5237	0.009
5238	0.001
5239	0.055
5240	0.116
5241	0.178
5242	0.17
5243	0.22
5244	0.2
5245	0.223
5246	0.186
5247	0.134
5248	0.121
5249	0.138
5250	0.094
5251	0.072
5252	0.037
5253	0
5254	0
5255	0
5256	0.009
5257	0.012
5258	0.028
5259	0.069
5260	0.052
5261	0.036
5262	0.077
5263	0.063
5264	0.104
5265	0.18
5266	0.124
5267	0.128
5268	0.127
5269	0.143
5270	0.177
5271	0.133
5272	0.154
5273	0.174
5274	0.153
5275	0.123
5276	0.041
5277	0.045
5278	0.028
5279	0.047
5280	0.034
5281	0.031
5282	0.03
5283	0.038
5284	0.025
5285	0.032
5286	0.029
5287	0.051
5288	0.108
5289	0.158
5290	0.134
5291	0.152
5292	0.168
5293	0.228
5294	0.225
5295	0.245
5296	0.302
5297	0.36
5298	0.335
5299	0.328
5300	0.221
5301	0.149
5302	0.181
5303	0.186
5304	0.208
5305	0.223
5306	0.184
5307	0.122
5308	0.103
5309	0.142
5310	0.081
5311	0.216
5312	0.349
5313	0.405
5314	0.36
5315	0.347
5316	0.337
5317	0.274
5318	0.152
5319	0.203
5320	0.258
5321	0.234
5322	0.23
5323	0.308
5324	0.316
5325	0.222
5326	0.272
5327	0.226
5328	0.216
5329	0.218
5330	0.208
5331	0.185
5332	0.172
5333	0.197
5334	0.203
5335	0.241
5336	0.308
5337	0.415
5338	0.472
5339	0.542
5340	0.538
5341	0.558
5342	0.561
5343	0.547
5344	0.548
5345	0.54
5346	0.449
5347	0.334
5348	0.18
5349	0.128
5350	0.108
5351	0.054
5352	0.05
5353	0.068
5354	0.09
5355	0.061
5356	0.081
5357	0.085
5358	0.185
5359	0.218
5360	0.282
5361	0.426
5362	0.541
5363	0.676
5364	0.767
5365	0.749
5366	0.693
5367	0.711
5368	0.769
5369	0.66
5370	0.532
5371	0.514
5372	0.374
5373	0.289
5374	0.2
5375	0.129
5376	0.201
5377	0.275
5378	0.252
5379	0.264
5380	0.364
5381	0.329
5382	0.313
5383	0.334
5384	0.465
5385	0.503
5386	0.695
5387	0.795
5388	0.816
5389	0.926
5390	0.832
5391	0.783
5392	0.817
5393	0.772
5394	0.782
5395	0.75
5396	0.553
5397	0.397
5398	0.314
5399	0.232
5400	0.216
5401	0.185
5402	0.182
5403	0.16
5404	0.113
5405	0.111
5406	0.125
5407	0.17
5408	0.262
5409	0.291
5410	0.315
5411	0.248
5412	0.238
5413	0.194
5414	0.193
5415	0.171
5416	0.184
5417	0.165
5418	0.156
5419	0.138
5420	0.1
5421	0.057
5422	0.053
5423	0.027
5424	0.025
5425	0.021
5426	0.004
5427	0.003
5428	0.007
5429	0.021
5430	0.012
5431	0.005
5432	0.034
5433	0.066
5434	0.096
5435	0.1
5436	0.128
5437	0.121
5438	0.159
5439	0.186
5440	0.134
5441	0.133
5442	0.117
5443	0.086
5444	0.025
5445	0.009
5446	0.007
5447	0.005
5448	0.004
5449	0
5450	0
5451	0
5452	0
5453	0
5454	0
5455	0
5456	0.006
5457	0.033
5458	0.094
5459	0.104
5460	0.103
5461	0.104
5462	0.104
5463	0.136
5464	0.125
5465	0.081
5466	0.091
5467	0.049
5468	0.026
5469	0.022
5470	0.037
5471	0.047
5472	0.061
5473	0.009
5474	0.006
5475	0.016
5476	0.036
5477	0.041
5478	0.072
5479	0.115
5480	0.14
5481	0.186
5482	0.307
5483	0.307
5484	0.432
5485	0.585
5486	0.621
5487	0.65
5488	0.62
5489	0.516
5490	0.498
5491	0.303
5492	0.22
5493	0.186
5494	0.103
5495	0.081
5496	0.058
5497	0.051
5498	0.062
5499	0.033
5500	0.035
5501	0.026
5502	0.027
5503	0.047
5504	0.084
5505	0.065
5506	0.134
5507	0.142
5508	0.246
5509	0.261
5510	0.249
5511	0.27
5512	0.316
5513	0.312
5514	0.35
5515	0.256
5516	0.228
5517	0.203
5518	0.215
5519	0.167
5520	0.243
5521	0.205
5522	0.195
5523	0.25
5524	0.318
5525	0.295
5526	0.356
5527	0.257
5528	0.343
5529	0.319
5530	0.366
5531	0.485
5532	0.522
5533	0.41
5534	0.464
5535	0.526
5536	0.583
5537	0.575
5538	0.524
5539	0.417
5540	0.218
5541	0.221
5542	0.339
5543	0.319
5544	0.372
5545	0.316
5546	0.308
5547	0.269
5548	0.299
5549	0.335
5550	0.315
5551	0.319
5552	0.348
5553	0.361
5554	0.37
5555	0.449
5556	0.488
5557	0.55
5558	0.57
5559	0.611
5560	0.576
5561	0.632
5562	0.587
5563	0.514
5564	0.354
5565	0.202
5566	0.187
5567	0.188
5568	0.156
5569	0.124
5570	0.117
5571	0.112
5572	0.064
5573	0.067
5574	0.045
5575	0.125
5576	0.217
5577	0.251
5578	0.325
5579	0.417
5580	0.418
5581	0.451
5582	0.474
5583	0.534
5584	0.511
5585	0.534
5586	0.51
5587	0.359
5588	0.265
5589	0.192
5590	0.174
5591	0.156
5592	0.129
5593	0.072
5594	0.08
5595	0.076
5596	0.041
5597	0.032
5598	0.018
5599	0.018
5600	0.064
5601	0.147
5602	0.187
5603	0.193
5604	0.194
5605	0.203
5606	0.188
5607	0.209
5608	0.182
5609	0.145
5610	0.118
5611	0.101
5612	0.031
5613	0
5614	0.003
5615	0.008
5616	0.006
5617	0.009
5618	0.016
5619	0.016
5620	0.013
5621	0.012
5622	0.016
5623	0.016
5624	0.013
5625	0.073
5626	0.181
5627	0.256
5628	0.202
5629	0.166
5630	0.173
5631	0.166
5632	0.288
5633	0.295
5634	0.203
5635	0.143
5636	0.127
5637	0.175
5638	0.134
5639	0.133
5640	0.116
5641	0.135
5642	0.145
5643	0.126
5644	0.104
5645	0.098
5646	0.149
5647	0.176
5648	0.204
5649	0.228
5650	0.314
5651	0.397
5652	0.364
5653	0.34
5654	0.289
5655	0.218
5656	0.231
5657	0.187
5658	0.119
5659	0.057
5660	0.008
5661	0.017
5662	0.007
5663	0.034
5664	0.02
5665	0.029
5666	0.034
5667	0.017
5668	0.081
5669	0.025
5670	0.104
5671	0.113
5672	0.192
5673	0.176
5674	0.15
5675	0.287
5676	0.311
5677	0.387
5678	0.448
5679	0.497
5680	0.409
5681	0.418
5682	0.381
5683	0.315
5684	0.279
5685	0.236
5686	0.231
5687	0.248
5688	0.238
5689	0.268
5690	0.237
5691	0.262
5692	0.251
5693	0.239
5694	0.181
5695	0.215
5696	0.245
5697	0.343
5698	0.345
5699	0.407
5700	0.46
5701	0.452
5702	0.451
5703	0.426
5704	0.474
5705	0.397
5706	0.327
5707	0.226
5708	0.109
5709	0.088
5710	0.062
5711	0.073
5712	0.077
5713	0.068
5714	0.061
5715	0.046
5716	0.026
5717	0.028
5718	0.011
5719	0.014
5720	0.069
5721	0.13
5722	0.115
5723	0.067
5724	0.034
5725	0.045
5726	0.074
5727	0.053
5728	0.091
5729	0.081
5730	0.128
5731	0.044
5732	0.077
5733	0.031
5734	0.024
5735	0.052
5736	0.024
5737	0.02
5738	0.018
5739	0.05
5740	0.072
5741	0.048
5742	0.001
5743	0.051
5744	0.012
5745	0.019
5746	0.051
5747	0.041
5748	0.076
5749	0.116
5750	0.175
5751	0.182
5752	0.222
5753	0.25
5754	0.187
5755	0.165
5756	0.152
5757	0.15
5758	0.162
5759	0.124
5760	0.082
5761	0.076
5762	0.073
5763	0.093
5764	0.113
5765	0.115
5766	0.094
5767	0.091
5768	0.084
5769	0.097
5770	0.203
5771	0.183
5772	0.204
5773	0.255
5774	0.269
5775	0.263
5776	0.225
5777	0.277
5778	0.113
5779	0.089
5780	0.085
5781	0.091
5782	0.091
5783	0.092
5784	0.037
5785	0.121
5786	0.031
5787	0.139
5788	0.04
5789	0.059
5790	0.059
5791	0.049
5792	0.067
5793	0.079
5794	0.109
5795	0.093
5796	0.102
5797	0.096
5798	0.098
5799	0.136
5800	0.151
5801	0.1
5802	0.076
5803	0.058
5804	0.025
5805	0.039
5806	0.009
5807	0
5808	0.003
5809	0
5810	0.003
5811	0
5812	0
5813	0.005
5814	0.003
5815	0.042
5816	0.108
5817	0.218
5818	0.197
5819	0.138
5820	0.196
5821	0.226
5822	0.277
5823	0.268
5824	0.219
5825	0.19
5826	0.139
5827	0.04
5828	0.008
5829	0
5830	0.007
5831	0
5832	0
5833	0
5834	0
5835	0
5836	0
5837	0
5838	0
5839	0
5840	0
5841	0.004
5842	0
5843	0
5844	0
5845	0
5846	0.029
5847	0.015
5848	0.022
5849	0.017
5850	0.011
5851	0
5852	0
5853	0
5854	0.003
5855	0.002
5856	0.002
5857	0.003
5858	0.005
5859	0.008
5860	0.008
5861	0.022
5862	0.01
5863	0.007
5864	0.014
5865	0.045
5866	0.061
5867	0.093
5868	0.127
5869	0.143
5870	0.166
5871	0.151
5872	0.173
5873	0.177
5874	0.147
5875	0.058
5876	0.03
5877	0.036
5878	0.041
5879	0.066
5880	0.081
5881	0.058
5882	0.032
5883	0.027
5884	0.024
5885	0.02
5886	0.025
5887	0.011
5888	0.014
5889	0.034
5890	0.054
5891	0.105
5892	0.127
5893	0.101
5894	0.089
5895	0.036
5896	0.075
5897	0.074
5898	0.028
5899	0.001
5900	0.008
5901	0
5902	0
5903	0.005
5904	0.004
5905	0.001
5906	0.001
5907	0.005
5908	0.005
5909	0
5910	0.004
5911	0.002
5912	0
5913	0
5914	0.023
5915	0.063
5916	0.095
5917	0.114
5918	0.155
5919	0.209
5920	0.219
5921	0.201
5922	0.182
5923	0.144
5924	0.124
5925	0.126
5926	0.131
5927	0.116
5928	0.14
5929	0.143
5930	0.184
5931	0.187
5932	0.269
5933	0.233
5934	0.302
5935	0.369
5936	0.462
5937	0.468
5938	0.482
5939	0.523
5940	0.501
5941	0.567
5942	0.592
5943	0.591
5944	0.553
5945	0.569
5946	0.486
5947	0.351
5948	0.381
5949	0.4
5950	0.399
5951	0.364
5952	0.455
5953	0.509
5954	0.55
5955	0.599
5956	0.686
5957	0.667
5958	0.695
5959	0.679
5960	0.68
5961	0.805
5962	0.731
5963	0.772
5964	0.776
5965	0.655
5966	0.737
5967	0.726
5968	0.609
5969	0.544
5970	0.472
5971	0.274
5972	0.174
5973	0.119
5974	0.076
5975	0.074
5976	0.124
5977	0.08
5978	0.092
5979	0.049
5980	0.07
5981	0.067
5982	0.056
5983	0.077
5984	0.166
5985	0.176
5986	0.299
5987	0.376
5988	0.37
5989	0.395
5990	0.516
5991	0.489
5992	0.543
5993	0.502
5994	0.568
5995	0.44
5996	0.266
5997	0.246
5998	0.223
5999	0.253
6000	0.201
6001	0.185
6002	0.175
6003	0.173
6004	0.173
6005	0.191
6006	0.095
6007	0.127
6008	0.115
6009	0.113
6010	0.154
6011	0.147
6012	0.131
6013	0.105
6014	0.064
6015	0.15
6016	0.212
6017	0.219
6018	0.136
6019	0.068
6020	0.047
6021	0.099
6022	0.064
6023	0.063
6024	0.014
6025	0.014
6026	0.025
6027	0.021
6028	0.011
6029	0.02
6030	0.007
6031	0.007
6032	0.008
6033	0.1
6034	0.046
6035	0.059
6036	0.043
6037	0.058
6038	0.117
6039	0.167
6040	0.21
6041	0.224
6042	0.243
6043	0.119
6044	0.067
6045	0.052
6046	0.116
6047	0.14
6048	0.147
6049	0.139
6050	0.105
6051	0.12
6052	0.111
6053	0.094
6054	0.074
6055	0.079
6056	0.145
6057	0.16
6058	0.202
6059	0.169
6060	0.195
6061	0.2
6062	0.21
6063	0.188
6064	0.235
6065	0.248
6066	0.219
6067	0.109
6068	0.076
6069	0.036
6070	0.057
6071	0.059
6072	0.051
6073	0.081
6074	0.134
6075	0.131
6076	0.134
6077	0.128
6078	0.109
6079	0.145
6080	0.168
6081	0.273
6082	0.405
6083	0.455
6084	0.546
6085	0.585
6086	0.594
6087	0.558
6088	0.484
6089	0.426
6090	0.423
6091	0.355
6092	0.359
6093	0.323
6094	0.315
6095	0.346
6096	0.349
6097	0.33
6098	0.294
6099	0.302
6100	0.314
6101	0.447
6102	0.508
6103	0.541
6104	0.695
6105	0.799
6106	0.895
6107	0.922
6108	0.932
6109	0.901
6110	0.876
6111	0.856
6112	0.775
6113	0.642
6114	0.575
6115	0.37
6116	0.386
6117	0.358
6118	0.301
6119	0.298
6120	0.243
6121	0.234
6122	0.19
6123	0.195
6124	0.183
6125	0.129
6126	0.118
6127	0.129
6128	0.162
6129	0.237
6130	0.316
6131	0.179
6132	0.18
6133	0.189
6134	0.147
6135	0.17
6136	0.177
6137	0.214
6138	0.169
6139	0.077
6140	0.038
6141	0.023
6142	0.02
6143	0.027
6144	0.007
6145	0.004
6146	0.015
6147	0.008
6148	0
6149	0.018
6150	0.024
6151	0.062
6152	0.053
6153	0.138
6154	0.301
6155	0.329
6156	0.245
6157	0.243
6158	0.273
6159	0.266
6160	0.215
6161	0.194
6162	0.113
6163	0.051
6164	0.01
6165	0.018
6166	0.003
6167	0.008
6168	0.009
6169	0.034
6170	0.03
6171	0.04
6172	0.047
6173	0.05
6174	0.049
6175	0.062
6176	0.108
6177	0.219
6178	0.271
6179	0.326
6180	0.38
6181	0.357
6182	0.376
6183	0.432
6184	0.399
6185	0.322
6186	0.228
6187	0.081
6188	0.075
6189	0.121
6190	0.166
6191	0.124
6192	0.177
6193	0.177
6194	0.169
6195	0.183
6196	0.171
6197	0.206
6198	0.189
6199	0.136
6200	0.126
6201	0.14
6202	0.258
6203	0.316
6204	0.334
6205	0.414
6206	0.269
6207	0.377
6208	0.279
6209	0.231
6210	0.215
6211	0.078
6212	0.012
6213	0.005
6214	0.019
6215	0.041
6216	0.021
6217	0.009
6218	0.003
6219	0.002
6220	0.017
6221	0.008
6222	0.004
6223	0.011
6224	0.011
6225	0.068
6226	0.106
6227	0.099
6228	0.16
6229	0.196
6230	0.177
6231	0.162
6232	0.134
6233	0.031
6234	0.039
6235	0.061
6236	0.062
6237	0.038
6238	0.039
6239	0.068
6240	0.07
6241	0.101
6242	0.084
6243	0.111
6244	0.139
6245	0.21
6246	0.187
6247	0.273
6248	0.275
6249	0.304
6250	0.445
6251	0.519
6252	0.515
6253	0.538
6254	0.528
6255	0.61
6256	0.485
6257	0.44
6258	0.324
6259	0.244
6260	0.165
6261	0.081
6262	0.058
6263	0.167
6264	0.074
6265	0.036
6266	0.077
6267	0.034
6268	0.006
6269	0
6270	0
6271	0.019
6272	0.044
6273	0.011
6274	0.032
6275	0.065
6276	0.098
6277	0.168
6278	0.271
6279	0.238
6280	0.247
6281	0.205
6282	0.213
6283	0.215
6284	0.186
6285	0.17
6286	0.157
6287	0.139
6288	0.115
6289	0.072
6290	0.062
6291	0.015
6292	0.011
6293	0.011
6294	0.075
6295	0.083
6296	0.116
6297	0.16
6298	0.255
6299	0.332
6300	0.345
6301	0.388
6302	0.454
6303	0.458
6304	0.364
6305	0.365
6306	0.274
6307	0.114
6308	0.088
6309	0.098
6310	0.109
6311	0.073
6312	0.102
6313	0.083
6314	0.056
6315	0.087
6316	0.08
6317	0.048
6318	0.038
6319	0.044
6320	0.069
6321	0.187
6322	0.244
6323	0.269
6324	0.301
6325	0.319
6326	0.335
6327	0.333
6328	0.389
6329	0.35
6330	0.215
6331	0.106
6332	0.053
6333	0.036
6334	0.023
6335	0.033
6336	0.018
6337	0.003
6338	0.004
6339	0.009
6340	0.012
6341	0.011
6342	0.014
6343	0.014
6344	0.016
6345	0.022
6346	0.052
6347	0.087
6348	0.117
6349	0.162
6350	0.113
6351	0.138
6352	0.113
6353	0.13
6354	0.108
6355	0.049
6356	0.064
6357	0.092
6358	0.107
6359	0.092
6360	0.113
6361	0.16
6362	0.172
6363	0.187
6364	0.188
6365	0.229
6366	0.245
6367	0.268
6368	0.228
6369	0.282
6370	0.411
6371	0.497
6372	0.472
6373	0.462
6374	0.468
6375	0.449
6376	0.432
6377	0.353
6378	0.255
6379	0.155
6380	0.164
6381	0.238
6382	0.208
6383	0.204
6384	0.21
6385	0.211
6386	0.265
6387	0.218
6388	0.214
6389	0.345
6390	0.388
6391	0.427
6392	0.474
6393	0.516
6394	0.527
6395	0.663
6396	0.687
6397	0.78
6398	0.756
6399	0.73
6400	0.684
6401	0.678
6402	0.507
6403	0.394
6404	0.265
6405	0.198
6406	0.197
6407	0.098
6408	0.073
6409	0.113
6410	0.146
6411	0.235
6412	0.389
6413	0.577
6414	0.696
6415	0.766
6416	0.772
6417	0.844
6418	0.814
6419	0.799
6420	0.859
6421	0.897
6422	0.941
6423	0.946
6424	0.915
6425	0.709
6426	0.72
6427	0.62
6428	0.57
6429	0.568
6430	0.601
6431	0.492
6432	0.412
6433	0.46
6434	0.404
6435	0.372
6436	0.316
6437	0.211
6438	0.175
6439	0.082
6440	0.108
6441	0.111
6442	0.182
6443	0.234
6444	0.185
6445	0.175
6446	0.169
6447	0.136
6448	0.072
6449	0.026
6450	0.003
6451	0.012
6452	0.023
6453	0.021
6454	0.03
6455	0.025
6456	0.04
6457	0.021
6458	0.017
6459	0.009
6460	0
6461	0
6462	0
6463	0.005
6464	0
6465	0
6466	0.001
6467	0.011
6468	0.028
6469	0.023
6470	0.047
6471	0.056
6472	0.07
6473	0.109
6474	0.13
6475	0.225
6476	0.32
6477	0.326
6478	0.23
6479	0.151
6480	0.128
6481	0.068
6482	0.02
6483	0.048
6484	0.046
6485	0.066
6486	0.075
6487	0.196
6488	0.186
6489	0.187
6490	0.234
6491	0.272
6492	0.31
6493	0.32
6494	0.326
6495	0.319
6496	0.181
6497	0.165
6498	0.052
6499	0.002
6500	0
6501	0
6502	0
6503	0
6504	0
6505	0
6506	0
6507	0
6508	0
6509	0
6510	0
6511	0.011
6512	0.007
6513	0.007
6514	0.016
6515	0.023
6516	0.033
6517	0.024
6518	0.026
6519	0.037
6520	0.049
6521	0.017
6522	0.003
6523	0
6524	0
6525	0.002
6526	0.004
6527	0.005
6528	0.004
6529	0.005
6530	0.004
6531	0.011
6532	0.014
6533	0.02
6534	0.022
6535	0.032
6536	0.056
6537	0.106
6538	0.141
6539	0.175
6540	0.19
6541	0.177
6542	0.221
6543	0.222
6544	0.253
6545	0.249
6546	0.275
6547	0.258
6548	0.261
6549	0.283
6550	0.203
6551	0.131
6552	0.137
6553	0.124
6554	0.064
6555	0.044
6556	0.1
6557	0.053
6558	0.062
6559	0.083
6560	0.113
6561	0.225
6562	0.237
6563	0.412
6564	0.447
6565	0.449
6566	0.383
6567	0.493
6568	0.537
6569	0.712
6570	0.661
6571	0.55
6572	0.563
6573	0.603
6574	0.492
6575	0.518
6576	0.534
6577	0.483
6578	0.473
6579	0.317
6580	0.343
6581	0.344
6582	0.28
6583	0.207
6584	0.198
6585	0.488
6586	0.666
6587	0.836
6588	0.859
6589	0.792
6590	0.861
6591	0.825
6592	0.74
6593	0.68
6594	0.532
6595	0.578
6596	0.486
6597	0.474
6598	0.341
6599	0.409
6600	0.435
6601	0.448
6602	0.322
6603	0.242
6604	0.25
6605	0.268
6606	0.323
6607	0.372
6608	0.409
6609	0.545
6610	0.736
6611	0.747
6612	0.713
6613	0.691
6614	0.628
6615	0.755
6616	0.738
6617	0.788
6618	0.63
6619	0.577
6620	0.558
6621	0.453
6622	0.449
6623	0.313
6624	0.258
6625	0.202
6626	0.165
6627	0.12
6628	0.083
6629	0.057
6630	0.005
6631	0.014
6632	0.05
6633	0.252
6634	0.305
6635	0.356
6636	0.392
6637	0.328
6638	0.461
6639	0.526
6640	0.445
6641	0.411
6642	0.459
6643	0.414
6644	0.387
6645	0.303
6646	0.282
6647	0.244
6648	0.211
6649	0.155
6650	0.146
6651	0.134
6652	0.127
6653	0.132
6654	0.119
6655	0.054
6656	0.06
6657	0.086
6658	0.159
6659	0.236
6660	0.332
6661	0.283
6662	0.279
6663	0.227
6664	0.202
6665	0.131
6666	0.037
6667	0.021
6668	0.029
6669	0.023
6670	0.009
6671	0.051
6672	0.031
6673	0.051
6674	0.053
6675	0.057
6676	0.054
6677	0.05
6678	0.043
6679	0.092
6680	0.036
6681	0.065
6682	0.143
6683	0.092
6684	0.116
6685	0.138
6686	0.166
6687	0.079
6688	0.082
6689	0.047
6690	0.031
6691	0.026
6692	0.042
6693	0.036
6694	0.076
6695	0.041
6696	0.033
6697	0.035
6698	0.026
6699	0.035
6700	0.052
6701	0.049
6702	0.052
6703	0.038
6704	0.052
6705	0.081
6706	0.086
6707	0.147
6708	0.103
6709	0.155
6710	0.112
6711	0.117
6712	0.101
6713	0.077
6714	0.034
6715	0.009
6716	0
6717	0
6718	0.026
6719	0
6720	0
6721	0
6722	0.014
6723	0.012
6724	0.007
6725	0.004
6726	0.004
6727	0.012
6728	0.01
6729	0
6730	0.008
6731	0.071
6732	0.1
6733	0.098
6734	0.098
6735	0.084
6736	0.111
6737	0.109
6738	0.065
6739	0.104
6740	0.119
6741	0.133
6742	0.113
6743	0.07
6744	0.055
6745	0.034
6746	0.045
6747	0.039
6748	0.081
6749	0.09
6750	0.099
6751	0.11
6752	0.074
6753	0.093
6754	0.112
6755	0.116
6756	0.147
6757	0.152
6758	0.13
6759	0.149
6760	0.122
6761	0.115
6762	0.077
6763	0.045
6764	0.062
6765	0.028
6766	0.037
6767	0.038
6768	0.054
6769	0.077
6770	0.065
6771	0.06
6772	0.054
6773	0.06
6774	0.113
6775	0.1
6776	0.091
6777	0.114
6778	0.101
6779	0.142
6780	0.191
6781	0.147
6782	0.132
6783	0.09
6784	0.079
6785	0.043
6786	0.013
6787	0.005
6788	0.002
6789	0.009
6790	0.006
6791	0
6792	0
6793	0
6794	0
6795	0.003
6796	0.004
6797	0
6798	0.001
6799	0
6800	0.006
6801	0.008
6802	0.009
6803	0.046
6804	0.015
6805	0.036
6806	0.01
6807	0.029
6808	0.034
6809	0.047
6810	0.058
6811	0.042
6812	0.047
6813	0.062
6814	0.051
6815	0.032
6816	0.029
6817	0.032
6818	0.027
6819	0.045
6820	0.047
6821	0.075
6822	0.049
6823	0.061
6824	0.073
6825	0.1
6826	0.104
6827	0.121
6828	0.156
6829	0.164
6830	0.167
6831	0.203
6832	0.219
6833	0.172
6834	0.112
6835	0.12
6836	0.161
6837	0.147
6838	0.16
6839	0.193
6840	0.151
6841	0.119
6842	0.125
6843	0.213
6844	0.17
6845	0.186
6846	0.238
6847	0.242
6848	0.247
6849	0.28
6850	0.407
6851	0.434
6852	0.524
6853	0.534
6854	0.54
6855	0.475
6856	0.386
6857	0.279
6858	0.249
6859	0.196
6860	0.243
6861	0.252
6862	0.238
6863	0.191
6864	0.22
6865	0.23
6866	0.239
6867	0.216
6868	0.168
6869	0.141
6870	0.147
6871	0.204
6872	0.277
6873	0.276
6874	0.289
6875	0.436
6876	0.454
6877	0.471
6878	0.435
6879	0.399
6880	0.301
6881	0.249
6882	0.295
6883	0.186
6884	0.224
6885	0.191
6886	0.164
6887	0.126
6888	0.113
6889	0.09
6890	0.086
6891	0.081
6892	0.036
6893	0.021
6894	0.032
6895	0.034
6896	0.038
6897	0.052
6898	0.066
6899	0.052
6900	0.063
6901	0.104
6902	0.086
6903	0.095
6904	0.105
6905	0.126
6906	0.133
6907	0.078
6908	0.142
6909	0.143
6910	0.08
6911	0.066
6912	0.084
6913	0.092
6914	0.072
6915	0.049
6916	0.036
6917	0.003
6918	0.001
6919	0.006
6920	0.024
6921	0.038
6922	0.065
6923	0.119
6924	0.189
6925	0.22
6926	0.188
6927	0.182
6928	0.142
6929	0.125
6930	0.143
6931	0.119
6932	0.134
6933	0.073
6934	0.041
6935	0.048
6936	0.067
6937	0.091
6938	0.093
6939	0.06
6940	0.045
6941	0.039
6942	0.045
6943	0.08
6944	0.166
6945	0.217
6946	0.332
6947	0.445
6948	0.598
6949	0.652
6950	0.696
6951	0.667
6952	0.636
6953	0.71
6954	0.783
6955	0.859
6956	0.853
6957	0.786
6958	0.765
6959	0.721
6960	0.728
6961	0.681
6962	0.562
6963	0.6
6964	0.579
6965	0.54
6966	0.675
6967	0.716
6968	0.786
6969	0.807
6970	0.874
6971	0.854
6972	0.802
6973	0.872
6974	0.896
6975	0.719
6976	0.915
6977	0.651
6978	0.582
6979	0.717
6980	0.777
6981	0.745
6982	0.768
6983	0.76
6984	0.797
6985	0.744
6986	0.729
6987	0.77
6988	0.691
6989	0.692
6990	0.617
6991	0.597
6992	0.587
6993	0.684
6994	0.617
6995	0.741
6996	0.717
6997	0.632
6998	0.526
6999	0.557
7000	0.556
7001	0.556
7002	0.589
7003	0.565
7004	0.568
7005	0.552
7006	0.457
7007	0.398
7008	0.444
7009	0.416
7010	0.371
7011	0.335
7012	0.301
7013	0.301
7014	0.261
7015	0.209
7016	0.196
7017	0.181
7018	0.301
7019	0.302
7020	0.407
7021	0.417
7022	0.345
7023	0.34
7024	0.373
7025	0.202
7026	0.13
7027	0.233
7028	0.269
7029	0.238
7030	0.233
7031	0.141
7032	0.148
7033	0.115
7034	0.123
7035	0.11
7036	0.116
7037	0.185
7038	0.208
7039	0.228
7040	0.19
7041	0.159
7042	0.296
7043	0.264
7044	0.336
7045	0.385
7046	0.585
7047	0.406
7048	0.381
7049	0.221
7050	0.131
7051	0.094
7052	0.091
7053	0.068
7054	0.075
7055	0.033
7056	0.037
7057	0.126
7058	0.111
7059	0.051
7060	0.011
7061	0.018
7062	0.028
7063	0.01
7064	0.016
7065	0.012
7066	0.007
7067	0.042
7068	0.034
7069	0.078
7070	0.197
7071	0.193
7072	0.156
7073	0.012
7074	0
7075	0
7076	0
7077	0
7078	0
7079	0
7080	0
7081	0.001
7082	0.007
7083	0.001
7084	0
7085	0.003
7086	0.023
7087	0.036
7088	0.048
7089	0.066
7090	0.122
7091	0.204
7092	0.339
7093	0.406
7094	0.445
7095	0.312
7096	0.187
7097	0.151
7098	0.064
7099	0.055
7100	0.032
7101	0.059
7102	0.051
7103	0.046
7104	0.042
7105	0.026
7106	0.015
7107	0.003
7108	0.047
7109	0.009
7110	0.009
7111	0.003
7112	0
7113	0.095
7114	0.14
7115	0.065
7116	0.145
7117	0.142
7118	0.143
7119	0.121
7120	0.129
7121	0.087
7122	0.003
7123	0.015
7124	0.03
7125	0.042
7126	0.048
7127	0.057
7128	0.05
7129	0.061
7130	0.068
7131	0.077
7132	0.041
7133	0.012
7134	0.007
7135	0
7136	0.008
7137	0
7138	0.018
7139	0.034
7140	0.044
7141	0.033
7142	0.026
7143	0.11
7144	0.029
7145	0.023
7146	0.02
7147	0.036
7148	0.058
7149	0.042
7150	0.058
7151	0.027
7152	0.016
7153	0.011
7154	0
7155	0
7156	0.001
7157	0.012
7158	0.002
7159	0
7160	0
7161	0
7162	0
7163	0
7164	0.005
7165	0.015
7166	0.022
7167	0.011
7168	0.004
7169	0
7170	0
7171	0
7172	0
7173	0
7174	0
7175	0
7176	0
7177	0
7178	0.002
7179	0.002
7180	0.002
7181	0.013
7182	0.007
7183	0.012
7184	0.009
7185	0.004
7186	0.01
7187	0.017
7188	0.046
7189	0.048
7190	0.068
7191	0.084
7192	0.03
7193	0.012
7194	0.011
7195	0.006
7196	0.012
7197	0.02
7198	0.012
7199	0.018
7200	0.038
7201	0.044
7202	0.021
7203	0.008
7204	0.023
7205	0.022
7206	0.017
7207	0.017
7208	0.03
7209	0.049
7210	0.115
7211	0.212
7212	0.233
7213	0.281
7214	0.284
7215	0.293
7216	0.263
7217	0.174
7218	0.123
7219	0.126
7220	0.156
7221	0.16
7222	0.132
7223	0.149
7224	0.217
7225	0.181
7226	0.14
7227	0.091
7228	0.087
7229	0.064
7230	0.053
7231	0.053
7232	0.044
7233	0.046
7234	0.111
7235	0.187
7236	0.228
7237	0.25
7238	0.248
7239	0.307
7240	0.271
7241	0.209
7242	0.127
7243	0.137
7244	0.105
7245	0.071
7246	0.052
7247	0.088
7248	0.094
7249	0.077
7250	0.05
7251	0.043
7252	0.075
7253	0.068
7254	0.059
7255	0.089
7256	0.073
7257	0.088
7258	0.148
7259	0.162
7260	0.193
7261	0.191
7262	0.183
7263	0.265
7264	0.17
7265	0.101
7266	0.09
7267	0.111
7268	0.122
7269	0.123
7270	0.172
7271	0.219
7272	0.19
7273	0.183
7274	0.191
7275	0.163
7276	0.17
7277	0.195
7278	0.189
7279	0.237
7280	0.265
7281	0.277
7282	0.346
7283	0.438
7284	0.524
7285	0.642
7286	0.638
7287	0.591
7288	0.547
7289	0.496
7290	0.47
7291	0.462
7292	0.468
7293	0.441
7294	0.488
7295	0.498
7296	0.483
7297	0.466
7298	0.384
7299	0.428
7300	0.413
7301	0.358
7302	0.422
7303	0.446
7304	0.492
7305	0.554
7306	0.727
7307	0.809
7308	0.694
7309	0.739
7310	0.726
7311	0.78
7312	0.684
7313	0.583
7314	0.602
7315	0.613
7316	0.599
7317	0.459
7318	0.453
7319	0.435
7320	0.463
7321	0.418
7322	0.448
7323	0.455
7324	0.505
7325	0.438
7326	0.449
7327	0.514
7328	0.53
7329	0.537
7330	0.548
7331	0.532
7332	0.619
7333	0.615
7334	0.688
7335	0.647
7336	0.585
7337	0.601
7338	0.669
7339	0.738
7340	0.777
7341	0.859
7342	0.816
7343	0.823
7344	0.699
7345	0.682
7346	0.59
7347	0.592
7348	0.821
7349	0.843
7350	0.86
7351	0.839
7352	0.82
7353	0.641
7354	0.742
7355	0.819
7356	0.87
7357	0.825
7358	0.819
7359	0.817
7360	0.78
7361	0.667
7362	0.594
7363	0.476
7364	0.311
7365	0.269
7366	0.338
7367	0.293
7368	0.356
7369	0.392
7370	0.449
7371	0.516
7372	0.581
7373	0.672
7374	0.76
7375	0.796
7376	0.849
7377	0.9
7378	0.932
7379	0.956
7380	0.958
7381	0.914
7382	0.857
7383	0.746
7384	0.713
7385	0.654
7386	0.644
7387	0.64
7388	0.456
7389	0.507
7390	0.494
7391	0.435
7392	0.441
7393	0.424
7394	0.416
7395	0.481
7396	0.374
7397	0.324
7398	0.299
7399	0.767
7400	0.357
7401	0.354
7402	0.405
7403	0.461
7404	0.495
7405	0.464
7406	0.55
7407	0.425
7408	0.285
7409	0.257
7410	0.202
7411	0.206
7412	0.171
7413	0.177
7414	0.246
7415	0.13
7416	0.127
7417	0.11
7418	0.133
7419	0.109
7420	0.104
7421	0.115
7422	0.107
7423	0.184
7424	0.234
7425	0.346
7426	0.369
7427	0.456
7428	0.508
7429	0.613
7430	0.643
7431	0.673
7432	0.704
7433	0.618
7434	0.558
7435	0.634
7436	0.489
7437	0.59
7438	0.523
7439	0.526
7440	0.589
7441	0.612
7442	0.681
7443	0.661
7444	0.6
7445	0.482
7446	0.567
7447	0.475
7448	0.371
7449	0.313
7450	0.352
7451	0.347
7452	0.443
7453	0.528
7454	0.522
7455	0.426
7456	0.262
7457	0.145
7458	0.159
7459	0.23
7460	0.398
7461	0.567
7462	0.649
7463	0.608
7464	0.638
7465	0.647
7466	0.687
7467	0.593
7468	0.631
7469	0.575
7470	0.583
7471	0.618
7472	0.62
7473	0.494
7474	0.517
7475	0.586
7476	0.502
7477	0.598
7478	0.704
7479	0.647
7480	0.385
7481	0.283
7482	0.255
7483	0.276
7484	0.244
7485	0.256
7486	0.268
7487	0.298
7488	0.347
7489	0.476
7490	0.547
7491	0.666
7492	0.627
7493	0.614
7494	0.588
7495	0.54
7496	0.626
7497	0.735
7498	0.729
7499	0.757
7500	0.827
7501	0.849
7502	0.803
7503	0.786
7504	0.701
7505	0.573
7506	0.538
7507	0.496
7508	0.468
7509	0.492
7510	0.48
7511	0.515
7512	0.357
7513	0.345
7514	0.408
7515	0.414
7516	0.443
7517	0.351
7518	0.351
7519	0.46
7520	0.473
7521	0.451
7522	0.452
7523	0.493
7524	0.619
7525	0.769
7526	0.688
7527	0.774
7528	0.747
7529	0.778
7530	0.736
7531	0.768
7532	0.754
7533	0.697
7534	0.533
7535	0.514
7536	0.564
7537	0.495
7538	0.649
7539	0.568
7540	0.526
7541	0.554
7542	0.437
7543	0.354
7544	0.323
7545	0.312
7546	0.24
7547	0.256
7548	0.307
7549	0.314
7550	0.333
7551	0.203
7552	0.066
7553	0.04
7554	0.036
7555	0.05
7556	0.159
7557	0.258
7558	0.37
7559	0.497
7560	0.547
7561	0.631
7562	0.664
7563	0.763
7564	0.866
7565	0.876
7566	0.885
7567	0.915
7568	0.858
7569	0.702
7570	0.667
7571	0.644
7572	0.728
7573	0.892
7574	0.749
7575	0.618
7576	0.512
7577	0.434
7578	0.404
7579	0.324
7580	0.287
7581	0.275
7582	0.234
7583	0.184
7584	0.141
7585	0.123
7586	0.098
7587	0.139
7588	0.202
7589	0.207
7590	0.192
7591	0.237
7592	0.255
7593	0.273
7594	0.268
7595	0.354
7596	0.409
7597	0.421
7598	0.466
7599	0.556
7600	0.469
7601	0.383
7602	0.531
7603	0.584
7604	0.59
7605	0.67
7606	0.697
7607	0.699
7608	0.737
7609	0.802
7610	0.845
7611	0.873
7612	0.914
7613	0.957
7614	0.887
7615	0.77
7616	0.756
7617	0.754
7618	0.762
7619	0.743
7620	0.742
7621	0.701
7622	0.593
7623	0.636
7624	0.566
7625	0.36
7626	0.412
7627	0.415
7628	0.447
7629	0.422
7630	0.383
7631	0.359
7632	0.226
7633	0.172
7634	0.289
7635	0.321
7636	0.366
7637	0.378
7638	0.42
7639	0.319
7640	0.378
7641	0.388
7642	0.441
7643	0.409
7644	0.421
7645	0.334
7646	0.247
7647	0.15
7648	0.169
7649	0.21
7650	0.152
7651	0.1
7652	0.074
7653	0.086
7654	0.073
7655	0.051
7656	0.044
7657	0.024
7658	0.034
7659	0.018
7660	0.001
7661	0.005
7662	0.028
7663	0.024
7664	0.078
7665	0.015
7666	0.021
7667	0.014
7668	0.052
7669	0.033
7670	0.021
7671	0.034
7672	0.041
7673	0.034
7674	0.018
7675	0.007
7676	0
7677	0
7678	0
7679	0
7680	0
7681	0
7682	0
7683	0.004
7684	0.002
7685	0
7686	0
7687	0
7688	0.003
7689	0
7690	0.012
7691	0.015
7692	0.03
7693	0.019
7694	0
7695	0.002
7696	0.001
7697	0
7698	0
7699	0
7700	0.003
7701	0.004
7702	0.002
7703	0.013
7704	0.039
7705	0.033
7706	0.043
7707	0.038
7708	0.042
7709	0.05
7710	0.09
7711	0.066
7712	0.115
7713	0.086
7714	0.124
7715	0.118
7716	0.164
7717	0.15
7718	0.116
7719	0.141
7720	0.149
7721	0.124
7722	0.065
7723	0.091
7724	0.102
7725	0.094
7726	0.092
7727	0.073
7728	0.085
7729	0.086
7730	0.098
7731	0.138
7732	0.119
7733	0.12
7734	0.144
7735	0.115
7736	0.135
7737	0.154
7738	0.067
7739	0.102
7740	0.104
7741	0.118
7742	0.148
7743	0.146
7744	0.109
7745	0.146
7746	0.148
7747	0.117
7748	0.095
7749	0.102
7750	0.082
7751	0.08
7752	0.08
7753	0.065
7754	0.051
7755	0.086
7756	0.024
7757	0.037
7758	0.082
7759	0.037
7760	0.033
7761	0.041
7762	0.041
7763	0.075
7764	0.106
7765	0.141
7766	0.121
7767	0.164
7768	0.166
7769	0.141
7770	0.118
7771	0.071
7772	0.086
7773	0.11
7774	0.071
7775	0.043
7776	0.102
7777	0.047
7778	0.074
7779	0.051
7780	0.057
7781	0.08
7782	0.108
7783	0.104
7784	0.123
7785	0.103
7786	0.052
7787	0.022
7788	0.019
7789	0.095
7790	0.104
7791	0.071
7792	0.05
7793	0.041
7794	0.028
7795	0.04
7796	0.055
7797	0.03
7798	0.026
7799	0.01
7800	0.007
7801	0.002
7802	0.004
7803	0
7804	0.011
7805	0.005
7806	0.006
7807	0.009
7808	0.027
7809	0.046
7810	0.066
7811	0.114
7812	0.172
7813	0.187
7814	0.28
7815	0.337
7816	0.294
7817	0.297
7818	0.305
7819	0.354
7820	0.429
7821	0.462
7822	0.467
7823	0.493
7824	0.51
7825	0.455
7826	0.517
7827	0.547
7828	0.49
7829	0.473
7830	0.47
7831	0.419
7832	0.419
7833	0.449
7834	0.441
7835	0.417
7836	0.542
7837	0.429
7838	0.428
7839	0.357
7840	0.322
7841	0.215
7842	0.198
7843	0.165
7844	0.152
7845	0.178
7846	0.141
7847	0.154
7848	0.177
7849	0.236
7850	0.244
7851	0.222
7852	0.282
7853	0.287
7854	0.237
7855	0.251
7856	0.193
7857	0.192
7858	0.21
7859	0.223
7860	0.261
7861	0.207
7862	0.241
7863	0.279
7864	0.238
7865	0.179
7866	0.147
7867	0.135
7868	0.173
7869	0.15
7870	0.138
7871	0.128
7872	0.157
7873	0.153
7874	0.185
7875	0.161
7876	0.195
7877	0.167
7878	0.162
7879	0.15
7880	0.08
7881	0.06
7882	0.092
7883	0.094
7884	0.103
7885	0.078
7886	0.073
7887	0.048
7888	0.028
7889	0.014
7890	0.015
7891	0.011
7892	0.047
7893	0.053
7894	0.038
7895	0.07
7896	0.116
7897	0.092
7898	0.073
7899	0.075
7900	0.064
7901	0.069
7902	0.107
7903	0.135
7904	0.116
7905	0.153
7906	0.221
7907	0.275
7908	0.255
7909	0.267
7910	0.302
7911	0.28
7912	0.263
7913	0.127
7914	0.155
7915	0.252
7916	0.267
7917	0.136
7918	0.191
7919	0.201
7920	0.229
7921	0.324
7922	0.217
7923	0.127
7924	0.169
7925	0.201
7926	0.143
7927	0.091
7928	0.184
7929	0.134
7930	0.132
7931	0.222
7932	0.231
7933	0.269
7934	0.226
7935	0.157
7936	0.19
7937	0.13
7938	0.159
7939	0.118
7940	0.113
7941	0.139
7942	0.152
7943	0.133
7944	0.095
7945	0.076
7946	0.082
7947	0.052
7948	0.028
7949	0.034
7950	0.049
7951	0.061
7952	0.043
7953	0.048
7954	0.068
7955	0.029
7956	0.034
7957	0.031
7958	0.032
7959	0.032
7960	0.014
7961	0.002
7962	0.002
7963	0.007
7964	0.006
7965	0.006
7966	0.013
7967	0.048
7968	0.017
7969	0.017
7970	0.046
7971	0.08
7972	0.115
7973	0.182
7974	0.218
7975	0.321
7976	0.279
7977	0.336
7978	0.283
7979	0.313
7980	0.36
7981	0.35
7982	0.26
7983	0.287
7984	0.281
7985	0.282
7986	0.279
7987	0.365
7988	0.346
7989	0.398
7990	0.361
7991	0.269
7992	0.229
7993	0.163
7994	0.12
7995	0.149
7996	0.115
7997	0.07
7998	0.064
7999	0.058
8000	0.035
8001	0.007
8002	0.031
8003	0.035
8004	0.041
8005	0.036
8006	0.091
8007	0.058
8008	0.051
8009	0.03
8010	0.016
8011	0.052
8012	0.076
8013	0.108
8014	0.112
8015	0.076
8016	0.037
8017	0.066
8018	0.049
8019	0.032
8020	0.025
8021	0.024
8022	0.028
8023	0.03
8024	0.036
8025	0.052
8026	0.068
8027	0.062
8028	0.073
8029	0.087
8030	0.094
8031	0.096
8032	0.085
8033	0.089
8034	0.094
8035	0.084
8036	0.038
8037	0.037
8038	0.007
8039	0.049
8040	0.069
8041	0.093
8042	0.108
8043	0.125
8044	0.097
8045	0.085
8046	0.136
8047	0.135
8048	0.138
8049	0.121
8050	0.143
8051	0.144
8052	0.125
8053	0.12
8054	0.076
8055	0.082
8056	0.045
8057	0.045
8058	0.05
8059	0.036
8060	0.004
8061	0.013
8062	0
8063	0.006
8064	0
8065	0
8066	0
8067	0
8068	0
8069	0
8070	0.005
8071	0
8072	0.006
8073	0.004
8074	0.002
8075	0
8076	0
8077	0
8078	0
8079	0
8080	0
8081	0
8082	0
8083	0
8084	0
8085	0
8086	0
8087	0
8088	0
8089	0
8090	0
8091	0.005
8092	0.019
8093	0.028
8094	0.037
8095	0.043
8096	0.047
8097	0.046
8098	0.047
8099	0.049
8100	0.093
8101	0.107
8102	0.141
8103	0.124
8104	0.147
8105	0.136
8106	0.178
8107	0.2
8108	0.235
8109	0.333
8110	0.343
8111	0.315
8112	0.4
8113	0.47
8114	0.599
8115	0.505
8116	0.582
8117	0.601
8118	0.551
8119	0.619
8120	0.673
8121	0.776
8122	0.822
8123	0.839
8124	0.918
8125	0.827
8126	0.618
8127	0.445
8128	0.328
8129	0.202
8130	0.235
8131	0.22
8132	0.137
8133	0.217
8134	0.249
8135	0.183
8136	0.176
8137	0.186
8138	0.126
8139	0.08
8140	0.046
8141	0.024
8142	0.087
8143	0.044
8144	0.105
8145	0.087
8146	0.12
8147	0.115
8148	0.167
8149	0.267
8150	0.305
8151	0.295
8152	0.209
8153	0.179
8154	0.198
8155	0.086
8156	0.147
8157	0.095
8158	0.06
8159	0.05
8160	0.059
8161	0.048
8162	0.067
8163	0.032
8164	0.098
8165	0.076
8166	0.088
8167	0.046
8168	0.094
8169	0.067
8170	0.049
8171	0.138
8172	0.135
8173	0.153
8174	0.054
8175	0.032
8176	0.04
8177	0.029
8178	0.029
8179	0.008
8180	0.026
8181	0.008
8182	0.007
8183	0.01
8184	0.033
8185	0.039
8186	0.062
8187	0
8188	0
8189	0.001
8190	0
8191	0
8192	0
8193	0.014
8194	0.027
8195	0.031
8196	0.031
8197	0.032
8198	0.01
8199	0.02
8200	0.017
8201	0.016
8202	0.011
8203	0.018
8204	0.011
8205	0.02
8206	0.051
8207	0.07
8208	0.024
8209	0
8210	0
8211	0
8212	0
8213	0
8214	0
8215	0.006
8216	0
8217	0
8218	0
8219	0
8220	0
8221	0
8222	0
8223	0
8224	0
8225	0
8226	0.002
8227	0.021
8228	0.039
8229	0.043
8230	0.026
8231	0.009
8232	0.013
8233	0.013
8234	0.017
8235	0.026
8236	0.024
8237	0.028
8238	0.027
8239	0.005
8240	0.007
8241	0.004
8242	0.023
8243	0.032
8244	0.014
8245	0
8246	0
8247	0
8248	0.012
8249	0.031
8250	0.01
8251	0.015
8252	0.034
8253	0.042
8254	0.023
8255	0.028
8256	0.01
8257	0.079
8258	0.09
8259	0.084
8260	0.067
8261	0.048
8262	0.028
8263	0.032
8264	0.061
8265	0.051
8266	0.024
8267	0.043
8268	0.069
8269	0.087
8270	0.079
8271	0.013
8272	0.009
8273	0.039
8274	0.007
8275	0.055
8276	0.047
8277	0.042
8278	0.028
8279	0.018
8280	0.01
8281	0.025
8282	0.028
8283	0.035
8284	0.023
8285	0.037
8286	0.063
8287	0.059
8288	0.046
8289	0.06
8290	0.072
8291	0.088
8292	0.095
8293	0.078
8294	0.061
8295	0.043
8296	0.042
8297	0.014
8298	0.005
8299	0.045
8300	0.081
8301	0.053
8302	0.021
8303	0.033
8304	0.068
8305	0.082
8306	0.063
8307	0.027
8308	0.005
8309	0.031
8310	0.091
8311	0.1
8312	0.118
8313	0.132
8314	0.115
8315	0.191
8316	0.203
8317	0.181
8318	0.194
8319	0.26
8320	0.225
8321	0.255
8322	0.272
8323	0.372
8324	0.352
8325	0.418
8326	0.453
8327	0.496
8328	0.543
8329	0.609
8330	0.489
8331	0.47
8332	0.555
8333	0.671
8334	0.8
8335	0.726
8336	0.793
8337	0.648
8338	0.709
8339	0.745
8340	0.77
8341	0.801
8342	0.833
8343	0.823
8344	0.845
8345	0.815
8346	0.813
8347	0.809
8348	0.827
8349	0.833
8350	0.812
8351	0.84
8352	0.801
8353	0.795
8354	0.787
8355	0.822
8356	0.821
8357	0.924
8358	0.896
8359	0.955
8360	0.886
8361	0.876
8362	0.801
8363	0.854
8364	0.899
8365	0.903
8366	0.921
8367	0.886
8368	0.795
8369	0.766
8370	0.674
8371	0.595
8372	0.479
8373	0.414
8374	0.326
8375	0.293
8376	0.258
8377	0.179
8378	0.169
8379	0.143
8380	0.053
8381	0.115
8382	0.18
8383	0.196
8384	0.24
8385	0.299
8386	0.288
8387	0.291
8388	0.417
8389	0.46
8390	0.49
8391	0.441
8392	0.492
8393	0.456
8394	0.384
8395	0.325
8396	0.245
8397	0.265
8398	0.17
8399	0.187
8400	0.185
8401	0.144
8402	0.137
8403	0.084
8404	0.148
8405	0.112
8406	0.073
8407	0.094
8408	0.137
8409	0.109
8410	0.099
8411	0.076
8412	0.146
8413	0.154
8414	0.218
8415	0.149
8416	0.084
8417	0.075
8418	0.034
8419	0.03
8420	0.03
8421	0.044
8422	0.05
8423	0.071
8424	0.057
8425	0.059
8426	0.079
8427	0.098
8428	0.101
8429	0.106
8430	0.079
8431	0.164
8432	0.093
8433	0.111
8434	0.211
8435	0.302
8436	0.222
8437	0.322
8438	0.458
8439	0.479
8440	0.516
8441	0.616
8442	0.708
8443	0.812
8444	0.938
8445	0.869
8446	0.89
8447	0.829
8448	0.777
8449	0.666
8450	0.492
8451	0.473
8452	0.426
8453	0.32
8454	0.25
8455	0.298
8456	0.366
8457	0.327
8458	0.476
8459	0.44
8460	0.508
8461	0.623
8462	0.646
8463	0.76
8464	0.668
8465	0.599
8466	0.55
8467	0.532
8468	0.554
8469	0.611
8470	0.62
8471	0.519
8472	0.577
8473	0.592
8474	0.583
8475	0.53
8476	0.373
8477	0.431
8478	0.342
8479	0.304
8480	0.353
8481	0.452
8482	0.552
8483	0.71
8484	0.835
8485	0.832
8486	0.711
8487	0.65
8488	0.577
8489	0.497
8490	0.473
8491	0.313
8492	0.226
8493	0.214
8494	0.238
8495	0.282
8496	0.284
8497	0.313
8498	0.277
8499	0.409
8500	0.407
8501	0.545
8502	0.615
8503	0.6
8504	0.48
8505	0.602
8506	0.741
8507	0.729
8508	0.759
8509	0.769
8510	0.773
8511	0.81
8512	0.914
8513	0.926
8514	0.894
8515	0.969
8516	0.95
8517	0.964
8518	0.917
8519	0.949
8520	0.954
8521	0.937
8522	0.938
8523	0.911
8524	0.817
8525	0.766
8526	0.652
8527	0.635
8528	0.566
8529	0.504
8530	0.423
8531	0.431
8532	0.384
8533	0.412
8534	0.379
8535	0.299
8536	0.224
8537	0.141
8538	0.048
8539	0.028
8540	0.056
8541	0.087
8542	0.048
8543	0.056
8544	0.049
8545	0.036
8546	0.076
8547	0.04
8548	0.049
8549	0.022
8550	0.02
8551	0.004
8552	0.006
8553	0.021
8554	0.027
8555	0.015
8556	0.021
8557	0.04
8558	0.068
8559	0.066
8560	0.124
8561	0.28
8562	0.463
8563	0.549
8564	0.473
8565	0.487
8566	0.483
8567	0.559
8568	0.529
8569	0.618
8570	0.605
8571	0.595
8572	0.65
8573	0.775
8574	0.71
8575	0.709
8576	0.732
8577	0.74
8578	0.732
8579	0.738
8580	0.707
8581	0.724
8582	0.652
8583	0.433
8584	0.499
8585	0.299
8586	0.281
8587	0.349
8588	0.566
8589	0.668
8590	0.567
8591	0.604
8592	0.64
8593	0.809
8594	0.895
8595	0.99
8596	0.893
8597	0.908
8598	0.962
8599	0.972
8600	0.903
8601	0.837
8602	0.794
8603	0.698
8604	0.455
8605	0.424
8606	0.454
8607	0.444
8608	0.42
8609	0.351
8610	0.337
8611	0.242
8612	0.343
8613	0.319
8614	0.378
8615	0.349
8616	0.353
8617	0.21
8618	0.193
8619	0.156
8620	0.125
8621	0.104
8622	0.102
8623	0.121
8624	0.066
8625	0.029
8626	0.023
8627	0.026
8628	0.103
8629	0.155
8630	0.103
8631	0.053
8632	0.072
8633	0.072
8634	0.104
8635	0.152
8636	0.2
8637	0.365
8638	0.44
8639	0.496
8640	0.625
8641	0.696
8642	0.807
8643	0.753
8644	0.765
8645	0.786
8646	0.802
8647	0.799
8648	0.714
8649	0.75
8650	0.698
8651	0.778
8652	0.839
8653	0.897
8654	0.923
8655	0.869
8656	0.853
8657	0.846
8658	0.821
8659	0.772
8660	0.691
8661	0.593
8662	0.483
8663	0.602
8664	0.67
8665	0.742
8666	0.811
8667	0.79
8668	0.799
8669	0.754
8670	0.722
8671	0.611
8672	0.393
8673	0.458
8674	0.471
8675	0.397
8676	0.354
8677	0.327
8678	0.418
8679	0.278
8680	0.171
8681	0.092
8682	0.113
8683	0.101
8684	0.088
8685	0.087
8686	0.068
8687	0.061
8688	0.053
8689	0.03
8690	0.07
8691	0.066
8692	0.092
8693	0.074
8694	0.094
8695	0.138
8696	0.154
8697	0.215
8698	0.251
8699	0.294
8700	0.332
8701	0.333
8702	0.334
8703	0.406
8704	0.422
8705	0.431
8706	0.452
8707	0.449
8708	0.465
8709	0.519
8710	0.484
8711	0.546
8712	0.541
8713	0.52
8714	0.516
8715	0.49
8716	0.514
8717	0.525
8718	0.485
8719	0.499
8720	0.488
8721	0.553
8722	0.62
8723	0.715
8724	0.718
8725	0.803
8726	0.752
8727	0.66
8728	0.596
8729	0.565
8730	0.563
8731	0.493
8732	0.427
8733	0.393
8734	0.409
8735	0.452
8736	0.505
8737	0.551
8738	0.678
8739	0.719
8740	0.727
8741	0.833
8742	0.848
8743	0.922
8744	0.911
8745	0.846
8746	0.775
8747	0.633
8748	0.727
8749	0.571
8750	0.533
8751	0.238
8752	0.333
8753	0.14
8754	0.215
8755	0.178
8756	0.182
8757	0.165
8758	0.166
8759	0.162
8760	0.031
8761	0.087
8762	0.071
8763	0.072
8764	0.086
8765	0.084
8766	0.018
8767	0
8768	0
8769	0
8770	0.019
8771	0.042
8772	0.059
8773	0.122
8774	0.111
8775	0.137
8776	0.198
8777	0.259
8778	0.392
8779	0.509
8780	0.568
8781	0.719
8782	0.696
8783	0.775
8784	0.781
