33.5
142
251.8
266.2
268.7
227.9
204.7
132.5
0
0
0
0
0
37.2
129.6
158.8
246.3
208.8
112.4
0
0
0
0
0
0
0
0
0
0
0
0
0
0
0
0
0
0
0
0
0
0
0
0
0
0
0
0
0
0
0
0
0
0
0
0
0
0
0
0
0
0
118.7
114.9
24.4
2
0
0
0
0
0.3
19.8
49
115
92.1
120.9
129.7
76.1
0
0
0
0
0
135.9
279.4
284.9
369
459.7
370.5
349.6
321.9
248.7
119.5
83
116.2
59.3
0
0
0
0
0
0
0
31.2
113.6
195.8
216.3
259.3
171.7
65.2
0
0
0
0
0
0
0
0
0
154.5
225.3
309.7
298.9
246.6
162.3
169.4
169.4
167.7
159.8
101.2
31.8
39.2
12.7
37.6
110.1
239.7
374.7
410.5
394.2
336.8
134.3
183.9
161.2
101.4
204.8
97.1
59.7
59.8
24.3
0
0
0
0
0
0
0
0
0
0
0
0
0
0
0
0
0
0
0
0
30
30.7
0
0
0
0
0
0
0
0
0
0
0
0
0
12.1
0
0
0
0
0
49.8
49.8
49.8
250.3
216.5
139.3
130
125
143.5
134.3
164.7
169.5
107.6
74.5
132.9
64.1
39.9
39.9
9.9
0
102.3
159.3
137.7
161.5
197.1
240.6
204.1
174.8
194
191.4
208.9
229.6
216.9
187.1
202.2
166.8
117
130.6
53.8
33.7
69.5
49.7
0
0
83.9
99.7
125.8
140.2
101.3
143
131.1
0
0
0
0
0
0
0
0
0
0
0
0
0
0
0
0
0
0
30.5
39.9
42.2
170.6
256.6
174.5
102.8
52.8
0
0
0
0
0
15
0
0
0
0
0
0
0
0
0
0
16.1
0
0
0
0
0
0
19.6
0
0
3.1
29.9
18
13.3
28.4
0
0
16.2
35.3
3.1
0
0
0
3.2
37.2
0
0
0
0
0
238.4
256.9
194.4
227.2
249.3
259.8
249.5
206
225.7
239.5
273
299.3
299.3
263.2
226.4
178.1
133.7
194.8
215.4
193.5
141.1
120.2
84.7
125.7
75.8
36.3
105.5
129.6
127.8
76.8
99.7
113.3
101.5
140.6
201
220.6
151.7
147.9
141.8
99.8
38.1
163.6
215.8
118.1
155.8
110
148.8
131.4
57.3
82.8
29.9
29.9
29.9
45.3
157
132.1
102.9
140
281
233.9
128.7
179.3
236.2
169
65.1
109.5
93.5
49.2
17.1
49.8
18.1
23.1
208.8
186.1
169.8
169.8
169.8
164.8
151.5
95
50.8
17.5
0
0
29.9
81.3
62.5
9.3
0
0
0
0
0
0
0
0
0
0
0
0
0
0
0
0
0
0
0
0
0
0
0
0
0
0
0
0
0
0
0
0
0
0
0
0
0
0.1
15.2
91.9
4.4
16.2
66.9
83.6
109.9
101.8
39.8
2.8
0
13.5
0
0
31.8
79.7
144.5
200
128.1
130.6
99.7
102.3
119.6
119.6
119.6
146
103.6
121.8
154
163
179.5
188.7
149.5
139.9
54.1
69.7
8.6
0
0
0
0
0
0
1.5
0
0
0
0
0
0
0
0
0
0
0
0
0
0
0
0
0
0
0
0
0
0
0
0
0
0
0
0
0
0
0
0
0
0
0
0
0
0
0
0
0
0
0
0
0
0
0
0
0
0
0
0
0
34.6
0.3
39.8
109.9
116.2
141.3
209.6
245.8
212.2
76.1
49.4
75.4
53.2
60.3
34.8
57.8
0
0
0
0
0
0
0
0
0
0
0
0
0
0
0
0
0
0
0
0
0
0
0
0
0
0
0
0
0
0
0
0
0
0
0
0
0
0
0
0
0
0
49.1
100.2
144.6
268.8
357.6
399.3
373.1
0
0
0
0
0
0
0
0
0
0
0
0
0
0
0
0
0
0
0
0
0
0
0
0
0
0
0
0
0
0
0
62.4
35.8
0
0
0
0
0
3.3
0
0
0
0
0
0
0
0
0
0
0
0
0
0
0
21.3
59.7
59.8
24.6
28
52
59.8
25.9
0
0
0
0
0
0
0
0
10.8
43.3
37.2
30.5
74.3
79.6
64.9
16.9
31.4
89.8
35.1
14.3
22.9
8.9
23.8
0
0
0
0
0
0
7.6
0
20.6
62.7
61.2
97.4
100.9
99.5
99.5
96.5
79.7
114.1
0
93.5
38.5
21.2
0
0
0
0
0
0
0
0
0
0
38.4
70.1
59.7
25.8
39.9
23
19.9
32.5
64.8
58.1
25.5
0
0
0
23.6
0
47.1
29.9
15.8
0
0
11.8
64
102.3
155.9
133.2
127.2
59.7
35.4
29.9
49.4
91.1
99.5
60.2
0
0
0
0
0
0
22.2
47.9
20.5
17.5
13.8
90.6
115.1
173.9
171.8
172.7
139.8
62
48.2
48.1
53
7.8
6.3
66.7
46.4
0
0
0
0
0
0
19
49.8
0
0
0
0
0
0
0
0
0
0
0
0
0
0
0
0
0
0
0
0
0
0
0
0
0
0
0
0
27.9
82.6
109.5
172.2
279.6
417
419.9
407.4
419.9
395.9
493.6
499.8
498.8
549.4
535.9
593.6
550.3
451.4
414.8
459.4
402.1
381.3
427.6
422.3
368.3
336.3
172.7
84
0
0
0
0
0
0
82.8
171.4
63.5
157.3
177.3
187.3
209.4
143.3
199.8
123.2
16.9
0
13.8
0
0
0
78.8
164
0
75.4
149.8
149.8
149.8
162.1
121.7
169.4
64.9
0
0
0
0
52.5
99.5
0
0
0
0
0
126.1
173.8
181.3
185.1
157.4
48.8
0
0
0
0
0
0
0
0
0
0
0
0
0
0
0
0
0
0
0
0
0
0
0
0
0
0
0
5.4
0
7.9
31.6
26.6
73.8
76.4
0
55.1
101.4
118.7
52.8
31
20.4
12.5
45
58.8
64.9
83.2
124.2
99.4
53.9
0
0
0
0
60.3
0
0
0
0
0
0
0
0
0
0
0
0
0
0
0
0
0
0
0
0
0
0
0
0
0
0
0
0
0
0
0
0
0
0
0
0
73.5
158.1
251.4
91.4
0
0
12.6
99.7
11.9
0
15.9
43.2
60.9
160.3
142.2
130.5
87.9
0.2
0
0
0
0
0
0
0
0
0
0
0
0
0
0
0
0
0
0
0
0
144
195.2
212.6
258.7
223.2
201.2
77.7
208.7
426.2
423.9
317.3
226.5
359.3
498.9
112.8
126.3
172.1
219.2
208.5
150.1
68
126
0
0
0
0
0
0
0
0
0
0
0
0
0
0
0
0
0
0
0
0
0
0
0
0
0
0
0
0
0
0
0
0
0
0
0
0
0
0
0
0
0
0
0
0
0
0
0
71.5
0
0
0
0
0
0
0
0
0
0
4.8
0
0
53.8
41.9
0
0
0
0
0
0
0
5.5
113.8
49
81.5
100
103.7
158.5
116
71.1
21.4
5.1
0
0
0
0
0
0
0
0
26.8
39.9
39.9
39.8
39.9
39.9
32.4
0
0
0
0
0
0
0
0
0
0
0
0
0
0
0
0
36.8
144.8
129.4
99.6
59.9
6.6
0
0
0
0
0
0
0
0
0
0
0
0
0
0
0
0
30.2
57.4
24.7
2
0
0
0
0
0
0
0
0
0
0
0
0
0
0
0
0
0
0
0
0
0
0
0
26.7
69
99
142.6
201.2
299.8
477.1
348.5
337.6
363.9
377.5
399.7
372.3
316.9
206.3
131.3
0
0
0
0
0
0
0
0
0
0
0
0
0
0
0
0
0
0
0
0
0
0
0
0
0
0
0
0
0
0
0
173.6
355.4
357.5
330.8
243.6
225.3
277.5
346.8
299.6
328.9
348.8
291.4
180.4
258.5
244.5
81.3
31.8
147.3
166.4
312.9
269.9
320.7
283.8
194.9
90.9
0.8
0
0
0
0
0
0
0
0
0
0
0
0
0
6.8
37.8
15.5
207.7
400.3
410
443.9
469.7
480.1
104.1
74.6
132.7
149.5
149.5
149.5
149.5
73.4
26.9
0
0
0
0
0
0
0
17.1
67.6
142.2
102.7
205.3
209.8
230.5
249.6
88.7
147
179.4
156.4
139.6
119.6
119.6
119.6
120.5
149.3
132.2
79.2
0.6
0
0
0
0
0
104.7
132.6
139.5
158.7
170.6
188.2
157.2
196.3
227.6
259.3
218.2
178.8
324.2
219.1
194.5
124
70.1
0
0
0
0
0
0
0
92.3
111.3
94.2
145
145.2
189.5
0
35
7.5
0
0
0
94.8
104.3
139.5
198.2
186.9
250
205.4
169.3
210.3
35.5
100.6
107.6
127.9
96.1
28.7
53.7
20.7
0
21.4
0
0
10.5
0
0
0
0
0
0
0
0
0
0
0
0
0
0
0
0
0
0
0
0
0
0
0
0
0
0
0
0
0
0
0
0
0
27.7
0
0
0
0
0
0
0
0
0
0
27.1
153.9
120.1
134.4
98.3
80.4
27.3
43.7
0
0
0
0
0
0
0
0
0
0
27
52.2
24.5
22.4
0
0
20
49.8
42.5
19.9
19.9
15.7
0
0
0
0
0
0
0
0
0
0
0
0
0
0
24.4
0
0
0
0
0
0
0
0
0
0
0
0
0
0
0
0
0
0
0
0
0
0
0
43.1
86.2
116.8
113
159.5
159.5
158.9
113.5
94.4
64
20.9
0
39.9
0
0
0
0
0
0
0
0
0
0
0
0
0
0
0
0
76.8
26.3
19.9
0
0
0
0
0
0
0
0
0
0
0
11.9
0
16.8
0
20.1
27.6
136.1
128.4
87.5
0
0
102.7
129.4
110.5
3.3
0
0
0
0
0
0
0
0
0
83
142.2
288.6
219
209.8
233
272.8
227.3
171.8
98.9
128.4
129.9
129.9
126.2
143.4
113.3
22.2
31.3
4.2
93
176
173.6
193.1
199.9
139.6
158.5
135.5
153.2
243.5
215.7
189.4
293.3
192.5
0
0
0
0
0
0
0
24.6
0
0
89.7
96
23.1
34.3
66.9
154.5
194.3
277.4
296.7
354.7
261.1
236.5
101.9
50.5
0
0
0
0
0
0
0
0
0
7.7
59.7
36.2
99.7
99.7
99.7
77.8
5
12.4
8.8
2.3
121.8
134.7
169.8
178.7
121.8
129.6
115.7
99.7
99.7
99.7
101.9
71.2
79.7
79.7
79.7
79.7
102.7
163.7
207.6
127.7
181.7
142.5
72.1
22.6
12.5
20.6
29.9
26.8
0
0
0
42.7
80.1
124.4
110.9
0
0
0
6.3
129.5
190.2
245.7
285.1
292.1
289.1
409.7
484.6
542.6
562.7
673.5
754
771.3
274.6
268.7
297.8
224.8
192.5
140.2
0
0
0
0
0
0
0
0
0
0
0
12.1
39.9
29.2
0
26.6
184.5
106.8
89.9
79.7
95.5
109.5
94.9
65.4
20.7
56.9
29.7
0
0
0
0
0
46.7
127.7
214.5
224.4
316.5
379.4
379.4
428.1
539.2
502.5
158.5
157.2
144
60
18
0
0
42
27.3
10.3
0
0
0
0
0
0
0
0
0
0
0
37.1
164.5
215.2
195.5
177.7
159.7
159.7
159.7
103.2
51.1
0
0
0
0
0
0
0
0
0
0
0
0
0
125
162.5
100
90
0
0
19.4
22.5
58.3
41.2
9.5
0
0
0
0
0
0
0
0
0
0
0
0
0
0
0
0
0
0
0
0
0
0
0
0
0
0
0
0
0
0
0
0
0
0
0
0
0
0
0
0
0
0
17.7
0
0
0
0
0
0
0
0
0
19.1
67.9
129.6
72.8
64.1
35
44.2
0
30.1
83.2
0
0
0
0
0
0
0
0
0
75.8
108.2
79.2
134.7
63.7
52.5
22.2
0
0
0
0
0
0
0
0
39.8
0
12.4
54
79.7
79.7
124.1
125.5
101.9
100.2
69.8
69.8
105.3
169.4
154.7
53.9
162.5
97.3
32.6
0
0
0
0
0
0
11.5
25.8
45.3
69.8
69.1
30.5
0
0
0
0
0
0
0
0
0
0
0
0
0
0
0
0
0
28.9
109.4
33
125.7
121.9
120
120
120
79.2
0
0
0
0
0
0
0
0
0
0
0
0
0
0
0
0
0
0
0
0
0
0
0
0
0
0
0
0
0
0
0
0
0
0
0
0
0
0
109.1
145.5
155.7
173.1
31.3
59.7
59.7
59.2
99.7
60.8
75.3
56
6
0
0
0
0
0
0
0
0
0
0
0
149.7
30.5
0
0
0
0
0
0
15.3
29.9
132.6
138
108.2
53.3
61.6
3.2
0
0
0
0
0
0
0
0
0
21.1
49.8
71.8
54.3
14.8
43.6
33.8
55.5
75.2
85.3
123.2
37.4
0
0
0
0
0
0
0
0
0
0
0
0
0
0
0
67.8
148.9
195.2
194.6
151.6
110
113.5
0
0
0
0
0
0
0
2
0
0
0
0
0
0
0
0
0
0
0
0
0
0
0
0
0
0
14.4
130.4
142.5
194.3
302.4
351.8
329.1
303
346
306.6
210.8
298.3
259.8
244.9
228.2
82.3
28
10
3.6
0
62.8
156.9
224.3
160.3
173.2
169.7
144.5
146.5
114.7
92.8
78.1
90.3
78
10.7
0
40.7
82.8
110.4
89.7
223.2
247.8
243.5
243.5
243.5
276.9
220.3
200
200
110
49
0
0
0
0
0
0
0
0
36.3
114
174.5
344.1
542.4
38.5
0
0
0
0
0
0
0
0
0
0
0
0
0
0
0
0
0
0
0
0
0
0
0
28.1
0
23.3
46.4
40.2
3.1
60.4
2.5
34.6
63.4
70.3
0
74.1
97.7
79.6
50.8
0
0
0
0
0
0
0
33.5
50.5
69.7
82.8
84.7
39.9
0
0
0
0
0
0
0
0
0
0
0
0
0
0
0
160.9
276.5
227.7
121.1
0
0
0
0
0
0
0
0
0
0
0
0
0
0
0
0
0
131.3
318.3
355.9
203.9
195.9
165.8
74.8
0
0
0
0
0
0
0
0
0
0
0
0
0
0
0
0
0
0
0
0
0
63.1
83.7
0
0
0
0
0
0
0
0
0
0
0
0
0
0
0
0
0
0
0
0
0
0
0
0
0
39
95
146.3
150
150
176.4
203.3
229.6
252.7
260.7
286.5
317.1
313.6
287.7
333.8
260.7
108.7
92.7
0
0
0
36.4
43.7
77.7
71.8
10.8
24.6
24.4
24.4
0
0
0
0
0
0
0
0
0
0
0
0
0
0
87.5
100
129.9
139.9
118.2
10.2
0
0
0
0
0
0
72.6
107.8
107
94.8
72.3
45.9
23.5
41
64.8
101.5
142.3
160.4
109.7
146.8
183.6
173.4
108.5
99.9
64.9
79.7
104.1
109.6
109.5
102.7
0
0
11.1
11.1
0
0
0
0
0
0
0
0
0
0
99.1
214.9
165.2
55
0
39.9
39.9
39.9
57.1
37.6
0
0
28.5
60.2
39.8
20.7
0
0
0
0
0
0
0
0
0
0
0
0
0
0
0
0
0
0
0
0
0
0
0
0
0
0
0
0
0
0
0
166.5
229.3
336.7
349.2
107.7
65.2
113.6
143.4
109.6
179.4
319.6
350.9
291.9
172.2
0
0
0
0
0
0
0
0
0
0
120.3
158.8
62.5
0
0
0
5.8
58.6
82.8
89.7
47.6
10.8
99.7
79.4
0
0
0
0
0
0
0
0
0
0
0
0
0
0
0
0
0
0
0
0
0
0
0
0
0
0
0
0
0
0
0
7.6
59.7
33.9
0
15.1
0
0
0
0
19.9
36
63.7
69.8
69.8
69.7
30.1
0
0
0
0
7
79.6
79.7
54.8
23.9
11
0
0
0
0
0
0
0
0
0
0
0
0
0
0
0
0
0
0
0
0
0
0
0
97.9
146
200.2
195.8
128.9
156
162
218.5
210.4
209.8
218.4
289.2
298
273.4
142.6
106.2
100.8
152.2
202.9
384.6
343.5
293.3
189.3
180
180
180
173.2
192.3
286
382.2
63.9
59.8
78.4
99.5
99.5
76.2
29.6
16.6
0
0
0
0
0
0
0
0
0
0
0
0
0
0
26.5
49.8
70.6
177
251.8
288.4
321.6
318.7
230.9
191.9
171.2
79.4
39.3
0
0
0
0
0
0
0
0
0
0
0
0
0
79.7
27.5
0
0
0
27.8
59.8
59.8
86.7
30
28.4
0
0
0
0
0
0
0
0
0
0
0
61.1
133.1
122.5
101.4
79.6
79.7
88.4
117.3
79.7
52
49.8
42.1
31.3
0
0
0
0
0
0
0
0
0
3.2
37.2
49.8
66.3
0
0
0
0
0
0
0
0
0
0
0
0
0
0
0
0
0
0
29.4
0
0
0
0
0
0
0
0
0
0
0
69.8
46.5
0
0
0
0
0
38.4
0
0
0
0
0
0
46.3
49.8
49.8
16.5
0
0
0
0
0
0
0
102.7
119.9
103.8
96.3
99.5
96.4
99.7
134.5
230.7
246.7
361.8
373.9
313.8
370.7
378.8
516.1
540
90
0
60.1
119.6
119.6
119.4
58.9
59.6
79.7
64.2
20.2
31.8
52.3
148.3
125.5
154.3
223.4
250.3
331.5
312.4
243.1
269.5
299.3
284
138
85.1
22.9
133.1
140
119.4
92.3
109
110.4
88.9
99.7
99.7
99.7
112.4
126
105.9
159.5
162.2
244.8
167.1
166.1
42.5
79.2
142.8
85.6
44.5
29.9
49.3
65.5
121
167.1
201
162
123.5
173.3
63.8
6.7
0
0
0
0
0
0
0
0
0
0
0
0
0.7
19.9
0
0
0
0
0
0
0
0
0
0
0
0
0
0
0
0
0
0
0
0
0
0
38.6
19.9
19.9
56.3
46.2
0
0
0
0
0
0
0
0
0
0
0
5
48.3
0
0
9.7
49.8
68.8
146.1
148
119.3
39.2
17.7
7.2
5.5
0
0
0
0
0
0
0
0
0
0
0
0
0
0
0
0
46.1
14.5
0
0
0
0
0
0
0
0
0
0
0
0
0
0
0
0
0
0
0
0
0
61.1
34.4
4.4
30.7
10
43.3
36.1
29.8
45.9
22.8
0
0
0
0
0
0
0
0
0
0
0
0
0
0
0
0
106.2
296.5
285.5
264.4
186.6
82.2
43.7
0
0
0
26.1
109.2
109.6
94.3
11.1
0
0
0
0
0
0
0
0
0
0
0
0
0
5.8
79.7
85.9
109.6
109.5
60.1
52.9
45
69.8
69.8
78.3
97.5
0
0
0
0
0
0
0
0
0
0
0
0
0
0
0
0
0
0
0
0
0
0
0
0
0
0
0
0
56.1
66.9
75.5
40.4
71.8
26.2
19.9
19.9
19.9
0
38.5
142.8
151.7
50
18.8
0
21.6
69.9
71.1
84.2
41.7
79.7
136.5
178.1
199.5
237
320.9
292.6
87.5
69.8
69.8
69.7
69.8
34.9
117.8
0
53.4
54.6
51.2
40.5
8.7
0
0
19.9
0
0
0
0
0
0
29.9
58.5
100.1
39.9
39.8
39.9
39.9
39.8
39.9
50
61.9
31.9
66.7
0
0
0
11.7
0
0
0
0
0
59.7
69.1
32.3
165.6
65.8
0
0
0
0
0
13.3
20.3
15
26.4
39.9
32.7
14.8
87.2
2
0
0
0
0
0
0
0
0
0
0
0
0
0
0
0
0
0
0
0
0
0
0
0
0
0
0
0
0
0
0
0
0
0
0
0
0
0
0
0
0
0
25.2
23.7
65
36.9
5.6
0
0
0
0
0
0
0
128.5
89.4
0
0
0
0
0
0
0
0
0
0
0
0
0
0
0
0
0
0
0
0
0
0
0
0
0
11.2
16.7
10
10
16.6
19.9
0
0
39.8
76.8
99.5
134.4
201.8
220.2
304.2
393.4
351.7
299.7
299.7
334.7
309.7
239.7
99.7
135.8
139.5
153.7
122.9
97.3
61.1
59.8
0
0
0
0
0
0
0
0
59.8
78
96.7
82.6
177
180
149.8
137.3
49.8
31
25
1
35.5
63.6
63.6
114.7
145.8
92.8
63.2
33.6
47.4
59.5
20.9
0
0
0
0
0
0
0
0
41.9
79.7
106.4
112.5
45.9
0
0
0
0
0
13.9
29.9
32.4
0
0
0
0.3
0
0
0
29.9
17.2
21.1
19.9
0
0
0
0
282
292.2
279.7
254
196.2
96.1
115.2
129
50.7
14.1
91.5
126.4
57.7
49.3
95
5.6
0
0
0
0
0
0
0
0
0
0
0
0
0
0
0
2.2
0
0
0
0
0
0
0
0
0
0
0
0
0
0
0
0
0
105.1
129.6
109.6
51.4
0
0
0
0
0
19.7
83
103.4
140.4
216.7
213.6
181.7
137.1
201.6
202
273.2
283.5
345.3
399.2
184.3
71.8
0
0
0
0
0
0
0
0
0
0
0
0
0
0
0
0
0
0
0
0
0
0
0
59.8
59.8
59.8
59.8
110.8
129.6
63
39.9
0.5
0
0
0
0
0
0
0
0
0
0
0
0
0
0
0
0
0
0
0
0
0
0
0
0
0
0
0
0
0
0
0
0
0
0
0
0
0
0
63.5
130.4
119.6
150.1
128.4
119.6
99.5
98.5
137.1
69.8
97.1
86.7
99.7
118.6
45.9
51.1
0
0
0
0
0
0
16.3
64.3
33.5
0
0
0
15.2
0
0
0
0
0
0
0
0
0
85.3
99.7
66.9
32.6
99.7
99.7
99.5
99.5
99.5
99.5
11.2
0
0
0
0
0
0
0
17.5
67
76.5
59.7
56.6
51.8
69.2
79.7
62.2
29.4
19.9
19.9
19.9
19.9
19.9
19.9
51.9
99.7
99.7
99.2
79.7
79.7
49
5.6
38
39.9
24.4
24.7
121.7
203.9
218.9
177.1
73.4
76.2
113.9
79.7
71.1
0
0
0
118
140.1
108.6
69.8
69.8
19.9
0
0
0
0
0
0
0
0
0
0
0
0
0
0
0
0
0
0
141.5
207.7
153.4
85.3
110.2
97.4
0
0
0
0
0
0
0
0
0
0
0
67.1
93.6
107.7
12.3
0
0
0
0
0
0
0
0
0
0
0
0
0
0
0
0
107.3
143.4
149.7
149.6
231.1
260.1
270.9
297.2
258.6
242.9
249.9
182.2
162.9
141.9
157.5
136.9
114.5
118.5
146
85.8
90.9
131.4
139.3
126.4
149.5
140.9
103.5
44.7
46
115.7
159.5
159.2
202.3
219.3
231.4
161.4
114.1
139.8
136.1
138
32.5
0
0
0
0
0
0
0
0
0
0
0
0
0
0
0
0
0
0
133.9
185.7
192.2
189.7
191.9
182.3
179.1
179.4
170.6
167
235.9
246.3
275.1
254.1
139.9
194.1
215.2
199.5
229.8
106.3
125.9
132.4
139.8
77.5
0
0
0
0
0
0
0
0
0
0
0
0
0
0
0
0
52.8
51.3
99.4
71.4
2.7
54.6
160.3
122.5
0
0
0
0
0
0
0
0
0
0
0
0
0
0
0
0
0
0
0
0
0
0
0
0
0
0
0
0
0
0
0
0
0
0
0
0
0
0
0
0
0
0
45.8
36
59.8
40.1
29.9
29.9
29.9
32
59.7
59.8
59.8
59.8
76.5
74
0
0
0
0
0
0
0
0
0
23.2
74.7
39.8
139.8
165.3
187.8
118.9
65.2
18.6
0
0
0
0
0
0
0
0
0
0
0
0
0
0
0
0
0
0
0
99.9
245.7
249.2
159.9
149.5
149.5
87.8
73.5
39.8
39.9
0
0
0
0
0
0
0
0
0
0
0
0
0
0
0
0
6.5
103.2
49.8
49.8
64.5
89.7
89.7
106.2
129.6
118.2
73
103.9
115.4
134.7
79.6
63.4
24.3
0
2.9
69.7
24.3
25.9
29.9
59.5
59.8
38.7
0
0
39.8
16.4
0
4.3
29.9
11.4
26.7
10.5
17.3
0
0
0
0
0
0
0
0
0
0
0
44.2
0
0
0
0
0
0
0
0
0
0
0
0
0
0
0
0
0
0
0
0
0
38.7
65.8
123
73.2
138.2
175.1
179.4
179.4
93.9
139.3
98.6
0
0
6.3
65.7
187.3
286.4
268.6
171.7
44.2
26.3
11.2
0
0
20.1
31.4
59.6
37.3
0
0
0
0
0
0
0
0
0
0
0
0
0
0
0
0
0
37.3
49.8
49.8
66.2
96.4
59.8
231.6
223.1
215.5
199.8
189.6
189.8
124.2
89.3
32.3
57.8
136.4
159.3
150
150
32.1
55.4
61.1
43.8
41.8
0
0
58.7
129.4
159.5
81.2
64.4
99.7
59.9
21.2
0
0
0
0
0
0
0
0
0
0
0
14
0
27.3
19.9
32.2
48.8
65.1
98.9
99.7
99.7
99.7
76
78.6
59.8
59.8
35
32
106.1
168.6
213.3
212.6
199.7
199.7
153.2
99.7
99.7
50.1
0
0
35.7
39.9
68.5
68.9
88.2
99.7
99.7
99.7
54.8
57
70
29.9
29.9
13.7
0
0
0
0
0
0
0
0
24.1
54.3
35.2
0
0
87.1
99.7
99.7
99.7
99.7
108.7
29.9
78.8
79.6
79.7
79.7
79.7
84.7
120.1
169
130.9
38.2
1.6
39.9
39.9
10.2
13.3
0
0
0
0
0
0
0
0
0
0
0
0
0
0
0
0
0
0
0
8.6
21.7
0
10
34.3
49.5
99.5
72.5
19.9
19.9
8
0
24.3
64.9
0
0
0
0
0
0
0
0
0
0
0
0
0
0
0
0
0
46.2
103.7
150.6
179.9
179.9
179.9
176.2
125.2
68.9
27.4
0
0
0
0
0
0
0
0
0
45.3
98.6
146.5
219.2
203.2
96.1
54.9
79.2
79.7
79.7
86.2
108.5
96.4
74.2
36.2
15.4
0
13.4
0
0
0
0
3.8
41.6
59.8
81.7
99.7
101.9
127.4
194.9
183.5
164.7
153.5
154.1
119.9
111.2
89.9
72.2
26
24.2
54
79.4
77.6
59
20.1
23.3
0
0
0
0
0
0
0
0
0
0
0
0
0
0
0
0
0
0
0
0
0
0
0
0
0
0
0
0
0
0
25
0
0
0
0
55.3
0
0
0
0
0
0
0
0
27.6
15.3
16.1
0
0
0
0
27.7
39.9
39.8
26.1
0
0
0
0
0
0
0
0
0
0
0
0
0
29.9
43.8
128.7
130.8
91.1
115
129.6
129.4
129.6
129.6
125.1
152.2
183.6
189.8
189.8
177.5
114.9
113.5
148.6
94.8
86.8
109.1
29.9
65.1
0.1
0
0
0
0
37.4
91.8
130.5
152.7
179.7
179.6
149
112.8
108
135.4
184.5
239.2
270.7
224.6
239.8
330.3
393.2
349.5
389.7
426.7
496.5
450.6
300.2
248.7
238.6
200
207.5
271.6
303.4
322.1
3.7
0
0
0
0
2.2
0
0
0
0
0
5.6
19.9
0
7.9
0
0
0
34.6
0
76.9
86.7
60.4
112
123.6
165.4
173.6
152.3
122.4
96.3
32.6
0
0
0
0
0
0
0
0
0
0
0
0
0
83.7
156.6
207.4
203.6
148
135
113
113
113
80
82
67
0
0
0
0
0
0
0
0
0
0
0
0
38
39
1
0
0
0
0
59
79
76
0
0
0
0
0
0
0
31
0
0
0
0
98
193
249
236
229
276
246
197
190
223
238
208
210
192
312
373
420
416
411
457
430
309
263
213
252
229
227
199
199
181
109
100
80
72
74
19
15
185
192
195
160
115
0
0
0
26
4
0
15
29
45
49
54
56
33
45
38
63
56
0
42
59
163
207
219
306
294
267
231
98
153
124
105
123
124
137
125
159
159
146
152
139
139
120
109
187
149
108
118
111
98
44
45
0
0
0
0
35
87
131
139
132
102
145
167
161
144
117
77
94
63
0
0
0
0
0
0
0
0
0
134
235
329
332
359
338
239
203
219
242
240
249
249
284
289
254
249
200
193
127
0
0
0
0
0
55
88
99
108
87
83
109
109
79
99
104
105
55
21
105
139
99
143
173
199
142
97
122
120
82
49
49
47
11
5
19
19
42
79
29
11
0
0
0
0
0
21
87
97
117
4
8
19
37
116
129
86
76
0
0
15
66
62
33
0
0
0
0
0
0
0
0
0
45
19
0
34
0
0
0
0
0
36
52
49
39
0
0
0
0
0
0
0
0
0
0
0
0
0
0
0
105
267
398
371
285
31
0
6
29
29
0
0
0
0
0
0
0
0
0
0
0
0
0
0
0
0
0
0
0
0
0
0
0
0
10
16
29
30
49
49
66
41
49
9
0
0
17
79
22
0
0
0
0
0
0
0
0
0
0
0
0
0
0
0
0
0
0
0
0
0
0
0
0
0
0
0
0
0
0
0
0
0
0
0
0
0
0
0
0
0
0
0
0
0
0
0
0
0
0
0
0
0
0
0
0
0
0
0
0
0
0
0
0
0
0
0
0
0
0
0
0
0
0
0
0
0
11
7
36
52
0
0
0
0
0
0
0
0
0
0
0
0
0
0
0
0
0
0
0
0
0
0
0
0
0
0
0
0
0
0
0
0
0
0
0
0
0
0
40
85
87
69
69
37
25
32
27
57
12
21
0
0
0
0
16
16
0
0
0
0
15
49
49
49
49
49
43
43
49
49
49
48
55
60
89
61
8
0
0
0
0
22
39
39
10
0
0
34
49
49
46
93
99
99
82
79
79
87
132
140
97
38
40
0
0
34
89
62
39
67
107
119
144
166
133
112
120
120
120
120
125
123
165
150
106
100
100
118
147
118
173
124
125
142
158
164
134
224
221
160
136
119
119
117
99
110
78
37
75
103
119
175
150
186
242
129
135
163
129
129
129
129
129
149
129
158
169
134
129
144
132
0
105
149
147
109
237
164
149
37
39
84
74
255
166
223
168
111
99
86
63
58
20
29
16
0
0
0
0
0
0
0
0
0
0
17
76
79
100
129
129
118
125
116
138
157
137
158
54
82
99
99
114
176
177
96
121
173
211
149
167
194
213
228
229
222
157
154
154
154
154
150
141
153
169
169
192
199
199
128
146
86
91
149
134
109
115
154
159
133
139
144
119
111
63
59
104
94
37
12
0
0
0
0
0
0
0
0
0
0
19
95
99
40
4
0
0
0
0
66
110
92
29
15
0
4
79
55
0
0
0
1
0
36
176
181
137
0
0
0
0
0
0
0
0
0
0
0
0
0
0
0
0
0
0
0
0
0
0
0
0
27
72
79
79
67
43
27
42
0
0
0
0
0
14
0
0
0
0
0
0
131
150
150
93
0
0
0
0
0
0
0
0
0
0
0
0
0
46
24
0
0
0
0
0
0
0
0
0
118
190
183
150
170
209
172
135
41
65
184
212
270
309
250
85
10
0
0
0
0
0
0
0
14
59
0
0
0
0
0
0
0
0
0
0
0
0
0
0
0
0
92
122
201
199
293
390
0
0
0
0
0
0
0
0
0
0
0
0
0
0
0
0
0
0
0
0
0
0
0
0
14
0
0
0
0
0
0
0
0
0
0
0
0
0
0
0
0
92
128
60
94
242
248
114
104
70
79
79
95
84
80
105
99
72
31
0
0
0
0
0
0
0
0
0
36
91
122
98
45
0
0
0
0
0
0
0
0
0
0
0
0
0
0
0
0
0
0
0
0
0
0
0
368
387
399
399
340
249
181
142
0
0
0
0
0
0
0
0
0
0
0
0
87
194
238
126
158
158
117
47
0
0
0
0
0
0
0
0
0
0
0
0
0
0
0
0
0
0
0
0
0
0
0
0
0
0
0
0
0
0
0
0
0
0
0
0
0
0
0
0
49
14
0
0
0
83
174
186
237
287
268
238
131
109
109
145
241
249
231
157
119
128
193
149
149
208
165
149
91
95
105
129
129
158
181
240
235
228
268
274
325
363
352
388
369
430
498
485
382
341
287
175
0
0
0
0
0
0
0
65
27
16
49
76
79
24
0
0
0
0
0
49
49
101
97
35
36
59
59
59
63
79
79
63
49
63
94
100
48
99
31
0
0
0
0
0
42
71
79
64
59
72
79
79
85
99
130
156
132
162
176
98
0
0
53
0
0
0
0
0
8
159
249
258
262
199
112
99
65
59
59
84
46
0
0
0
0
0
0
0
0
0
0
40
116
176
196
149
149
143
111
109
109
109
108
79
79
79
78
60
119
119
96
79
55
49
25
0
0
55
57
29
58
67
118
99
99
89
39
29
8
0
0
29
118
150
245
299
374
412
371
271
259
258
259
259
235
229
229
229
168
222
215
213
210
207
239
194
219
320
245
196
163
153
130
200
172
201
199
119
69
69
70
99
99
99
156
142
79
79
107
109
130
199
160
159
130
121
139
139
139
176
175
110
94
99
81
79
64
59
59
26
0
0
0
0
0
13
47
89
89
85
92
59
71
124
126
71
49
47
19
19
30
49
57
65
49
107
188
201
208
167
100
12
0
19
105
79
92
158
118
49
49
72
79
79
79
82
119
136
109
120
159
166
139
159
147
91
119
94
131
83
49
49
42
34
49
36
49
49
69
98
119
78
69
12
31
77
71
39
54
69
69
69
69
81
110
164
169
169
210
177
189
201
180
163
113
208
135
127
171
151
96
141
80
83
20
0
53
57
147
108
72
59
279
229
238
219
210
106
24
14
0
0
0
0
0
0
0
0
0
0
0
0
0
0
0
0
193
290
309
260
259
188
213
142
0
0
0
0
0
0
0
0
0
0
0
0
0
28
0
34
149
43
0
0
0
10
60
74
106
145
149
149
170
104
99
117
135
153
132
129
129
129
117
89
32
23
9
0
0
0
38
0
0
0
0
0
0
0
0
0
0
0
0
0
0
0
0
0
0
0
0
0
0
0
0
0
0
0
0
0
0
0
0
0
0
48
93
90
120
121
57
49
13
0
0
0
0
0
26
19
4
0
0
0
0
0
0
0
0
0
0
0
0
0
0
0
22
145
169
136
76
36
0
0
0
0
0
0
0
0
0
0
0
0
0
0
0
0
0
0
24
39
39
10
0
0
0
0
0
0
0
0
0
0
0
0
0
14
71
49
137
90
26
0
0
0
0
0
0
0
57
99
55
0
0
0
14
50
108
129
108
179
240
220
270
212
186
179
36
0
0
0
11
43
100
131
110
30
44
49
67
74
77
68
0
0
0
0
60
70
6
0
0
0
0
0
0
0
0
0
0
0
0
0
0
0
0
0
0
0
0
11
51
74
39
69
56
49
98
45
39
38
0
0
0
0
0
35
99
86
61
200
184
284
411
471
399
346
379
379
63
0
29
29
29
29
63
0
32
0
0
0
0
39
108
132
170
307
398
451
383
239
219
218
183
145
112
56
0
0
0
0
0
0
0
0
0
87
201
307
350
244
168
70
58
0
0
0
0
70
101
129
129
129
129
142
179
179
163
88
0
0
0
0
0
0
0
0
0
0
57
48
99
91
28
10
10
0
0
47
79
78
33
1
0
0
98
99
168
208
257
269
305
250
186
167
53
0
0
0
0
0
0
0
0
0
0
0
0
0
0
0
0
0
39
91
154
99
71
39
2
0
43
99
99
124
129
59
129
142
179
155
79
8
33
0
0
0
0
0
0
0
0
0
0
0
42
49
49
49
49
53
0
34
6
34
9
72
59
0
0
0
39
122
239
152
99
114
49
28
0
0
0
15
29
29
63
35
0
0
0
0
0
0
0
0
0
0
0
0
0
0
0
0
0
0
0
0
0
0
0
18
67
69
69
42
0
0
4
0
0
0
61
37
0
0
0
0
53
85
90
142
109
95
54
159
249
266
269
236
199
173
194
213
223
104
0
0
0
0
0
0
0
0
0
0
43
286
339
420
455
592
499
409
185
37
18
59
30
19
0
0
0
0
165
214
239
412
349
349
263
228
165
258
392
433
545
559
469
345
306
434
448
487
602
411
391
247
0
0
0
0
0
0
0
0
0
0
0
0
0
0
0
0
0
0
18
21
0
0
0
0
0
0
0
0
0
0
0
0
0
0
0
0
0
0
0
0
0
3
83
49
48
2
79
59
48
72
49
67
69
69
62
0
0
37
123
133
222
294
312
400
419
417
403
393
399
316
187
88
0
0
0
0
0
0
16
10
0
0
0
0
0
0
0
0
0
0
0
107
100
70
0
0
0
0
0
0
0
0
0
0
0
0
0
0
0
0
0
49
49
51
69
158
48
27
39
39
4
0
0
0
0
0
0
92
101
72
32
0
0
0
0
0
0
0
0
0
0
0
37
0
0
0
0
0
0
0
27
0
0
0
0
0
0
0
0
0
0
21
79
79
79
118
139
151
112
87
144
129
132
138
81
153
99
120
87
73
71
79
69
69
108
99
81
38
111
177
86
101
88
119
119
107
106
111
39
73
0
0
0
3
91
0
0
0
0
0
0
0
0
30
83
161
18
49
89
59
59
77
67
59
59
53
50
71
63
39
105
129
101
99
78
0
0
0
0
0
0
0
0
0
0
0
0
0
27
159
247
269
314
314
293
227
139
139
134
99
75
39
39
39
15
62
29
3
0
0
0
0
0
0
0
0
0
0
0
0
0
0
0
0
0
0
0
0
0
0
0
0
0
0
0
0
0
0
0
0
0
73
95
217
217
94
127
387
388
211
183
102
22
49
12
0
0
0
0
4
0
0
0
0
0
0
0
0
0
0
0
18
99
62
47
0
0
0
0
0
0
0
0
73
98
94
177
229
177
146
69
35
0
0
0
57
18
40
42
19
0
0
0
0
0
0
21
0
0
7
47
152
119
104
100
119
161
199
136
94
0
0
0
0
5
19
0
0
0
0
0
0
0
0
0
0
0
0
0
0
0
0
118
129
119
53
10
0
12
0
0
0
0
0
0
0
0
0
0
0
0
0
0
0
0
0
0
100
149
149
149
149
149
112
38
0
0
0
0
0
0
0
16
0
0
0
0
14
63
81
152
257
202
72
30
0
0
0
0
0
0
0
0
0
0
0
3
0
0
52
223
182
177
229
265
249
190
183
134
88
63
0
0
0
0
0
0
0
0
0
0
0
0
0
0
0
0
0
0
0
69
72
99
99
56
40
0
0
0
0
0
0
0
0
0
0
0
0
0
0
0
0
160
229
179
159
86
146
90
79
79
74
50
37
0
83
54
53
49
68
105
63
0
0
52
123
212
174
118
167
146
96
4
19
43
60
69
91
142
181
155
99
99
60
59
66
119
119
119
119
90
50
19
19
28
23
0
0
0
37
39
35
31
67
0
0
0
0
58
133
119
158
199
209
242
59
80
122
79
79
0
29
29
59
59
64
52
0
0
0
0
0
15
89
89
89
63
13
78
99
143
159
186
213
15
0
0
0
0
0
0
0
0
0
0
0
0
0
0
0
0
0
0
0
0
0
0
0
61
59
59
59
71
79
86
21
16
0
46
29
51
109
109
54
0
0
0
25
0
0
5
42
0
0
13
0
0
0
0
0
0
0
0
0
0
0
0
0
0
0
0
0
0
0
0
21
0
0
0
0
0
0
0
0
0
0
0
0
0
0
0
0
0
0
0
0
0
0
0
0
0
36
71
89
83
0
0
0
0
0
0
0
0
0
0
0
0
0
0
0
0
0
0
0
6
0
0
0
0
0
5
76
35
71
113
166
162
213
272
279
288
215
101
0
0
0
0
0
0
0
0
0
0
0
0
0
0
0
0
0
0
0
0
0
0
7
106
0
0
87
140
187
90
49
49
49
49
48
36
39
0
0
12
0
0
0
0
0
0
18
49
10
0
132
94
54
0
0
0
0
0
0
0
0
0
0
0
0
0
0
0
47
39
149
148
18
0
0
19
19
52
79
99
104
134
160
156
160
151
149
153
160
80
142
200
213
231
310
281
150
99
123
123
61
120
174
139
139
129
90
61
14
68
17
43
70
78
102
109
129
89
79
68
39
0
0
0
0
0
0
0
0
19
167
304
327
386
386
399
430
379
224
18
0
0
69
218
195
150
132
16
18
271
304
200
95
70
0
0
0
0
0
0
0
0
0
0
0
0
66
78
0
0
0
0
0
11
0
0
0
0
76
165
222
248
291
393
437
378
429
451
480
380
317
278
85
46
0
0
0
0
0
0
0
0
0
0
0
0
0
0
0
61
301
423
588
628
667
604
261
125
66
145
81
339
280
234
283
295
214
188
0
0
0
0
0
0
0
0
0
0
127
17
0
0
0
0
140
66
75
109
109
69
25
0
0
0
0
0
0
0
0
0
0
0
0
0
0
0
115
158
257
118
128
125
209
244
219
208
233
266
226
249
238
158
131
148
217
244
331
238
107
72
82
20
14
0
23
53
0
0
0
2
92
161
167
247
145
72
0
0
0
29
179
112
71
114
148
183
192
226
167
134
120
167
179
211
223
52
77
45
23
89
186
243
241
267
175
161
221
261
217
94
121
133
149
149
135
135
187
217
114
65
62
155
142
181
141
127
209
219
217
121
63
0
19
174
217
476
514
505
414
493
576
631
631
581
735
602
550
359
430
450
421
293
331
268
297
418
427
487
475
84
94
78
87
92
222
373
496
475
610
763
558
282
121
109
151
306
585
634
666
825
892
836
610
37
0
0
0
0
73
99
183
152
177
292
327
387
517
471
456
495
625
524
381
354
188
37
0
0
21
36
117
150
256
440
485
455
490
401
367
321
404
436
502
541
455
259
70
0
0
0
0
0
0
0
0
0
0
0
0
62
112
184
187
158
117
41
0
0
85
0
0
0
0
0
0
0
0
0
0
0
0
0
0
0
0
0
0
0
0
13
0
2
10
0
34
66
0
66
99
50
0
17
72
157
252
316
404
443
498
685
690
533
488
376
318
287
300
229
131
251
289
277
339
31
61
79
103
129
100
118
180
197
162
189
218
179
189
153
70
121
215
94
62
67
52
39
0
318
321
278
192
148
99
99
155
179
117
116
69
0
0
0
0
0
63
22
0
0
0
0
0
0
110
212
187
172
119
96
49
0
0
0
0
0
0
0
0
0
0
0
0
0
0
0
0
50
142
176
194
219
176
223
254
159
65
70
44
41
69
64
58
38
199
199
323
415
474
499
539
43
0
0
0
0
0
0
0
0
0
0
0
0
0
0
0
0
0
0
0
0
0
0
0
0
0
0
0
0
0
0
0
0
0
0
0
0
0
0
0
0
0
0
0
0
0
14
94
192
238
239
211
141
61
59
78
85
97
119
164
142
87
10
0
9
85
54
42
41
34
87
130
113
66
84
2
0
0
0
48
74
16
49
93
120
199
199
139
142
102
31
0
81
111
127
127
232
197
83
42
109
109
96
0
0
0
0
0
0
0
1
44
0
0
0
48
171
275
209
37
426
409
311
314
253
167
44
13
103
54
52
50
122
150
188
344
493
610
574
520
423
506
498
444
486
621
611
566
557
475
462
490
443
400
409
463
424
385
336
276
189
213
86
19
39
12
22
13
0
0
5
0
0
0
0
0
4
49
57
95
74
22
33
0
0
0
0
0
0
0
0
0
0
5
34
72
120
133
183
199
166
177
139
193
299
347
305
299
347
304
368
281
250
162
178
189
72
128
256
289
373
304
239
254
260
228
290
297
303
257
180
125
59
118
129
129
113
250
323
222
59
9
32
49
49
49
70
74
101
89
89
89
101
129
143
134
147
124
98
60
78
0
0
0
0
0
0
0
0
0
75
125
152
94
155
231
197
156
137
142
225
190
193
140
97
27
19
0
22
19
31
59
59
59
31
0
7
0
74
79
142
192
267
289
301
218
92
42
15
0
0
0
0
0
0
0
0
0
0
20
84
170
189
150
172
179
163
177
143
140
52
0
0
0
0
0
0
0
0
0
0
0
0
0
0
0
0
0
0
0
0
67
107
54
68
38
125
268
489
575
420
329
291
206
156
96
51
113
99
89
56
0
0
0
0
0
19
19
0
0
0
0
0
0
2
29
29
41
53
109
0
61
141
121
149
144
90
129
141
130
3
0
0
0
0
0
0
0
0
0
0
0
0
0
0
0
0
0
0
0
0
59
33
57
4
0
0
0
0
0
0
0
15
89
83
49
1
30
0
0
0
0
0
0
18
150
278
375
528
704
819
946
1001
1034
1050
876
188
143
93
49
87
87
22
0
43
0
39
16
0
11
0
0
0
0
0
0
3
6
98
83
7
28
49
49
58
80
0
42
129
119
175
152
167
148
139
127
119
132
111
0
46
65
3
0
0
0
0
0
0
0
0
0
0
0
24
20
0
0
59
92
77
117
202
111
13
35
33
10
10
31
11
0
0
0
0
0
0
0
0
0
0
0
0
0
0
0
0
0
0
0
0
101
182
252
263
236
120
139
172
270
343
358
450
470
474
509
487
445
422
368
353
355
214
176
114
120
157
127
103
94
119
159
202
130
119
69
69
16
0
0
0
0
0
44
58
89
35
82
244
212
0
0
0
0
0
0
32
73
24
70
129
83
40
49
0
32
39
56
64
39
39
42
73
67
0
2
19
0
0
0
0
1
40
0
29
5
14
69
33
49
49
30
50
92
13
56
18
78
51
0
11
58
82
61
80
77
99
153
204
189
157
149
138
82
146
68
104
63
99
64
0
0
0
0
0
0
0
0
32
95
65
1
0
0
0
0
0
0
0
0
0
0
0
0
0
0
16
57
59
42
29
14
0
0
49
75
164
221
238
162
139
137
90
108
144
104
138
160
91
0
0
0
0
0
0
0
0
0
0
0
0
0
9
56
12
0
0
40
69
0
16
49
35
0
0
0
0
0
0
0
0
62
19
3
24
74
53
135
175
144
134
165
170
80
4
50
0
0
12
158
176
87
38
0
0
0
0
0
0
0
0
0
0
0
50
71
128
75
49
0
0
0
80
131
241
317
331
438
393
487
563
505
390
204
0
0
0
0
0
0
0
0
0
0
0
0
0
0
0
0
16
0
0
18
130
183
226
173
0
0
0
0
0
0
0
0
3
22
59
67
27
13
0
0
0
0
0
0
0
0
43
71
99
149
171
142
63
0
0
0
0
0
184
270
64
21
0
0
0
0
39
186
225
327
300
217
157
99
91
63
14
0
0
0
0
4
0
0
117
35
115
169
276
304
246
125
69
109
128
187
251
347
390
464
464
464
287
220
269
240
261
269
124
84
0
0
0
85
440
588
546
465
410
304
304
316
404
597
654
710
659
600
572
540
497
482
85
49
49
49
13
0
0
0
0
0
0
0
19
20
86
129
156
55
74
19
19
45
5
0
0
0
0
0
0
0
0
0
0
0
155
308
417
501
582
514
488
524
421
310
281
220
183
194
303
330
265
249
231
135
16
0
0
0
0
149
134
201
207
272
337
316
486
540
131
0
0
0
0
86
183
282
340
374
471
499
437
449
449
405
308
262
259
237
192
144
74
0
0
0
0
0
0
0
0
0
0
0
0
34
0
0
49
0
53
86
119
119
141
167
270
218
191
182
193
161
20
109
58
78
91
130
121
201
174
249
233
272
237
152
111
134
126
248
210
156
289
279
317
457
271
350
352
356
294
249
187
152
74
0
0
0
0
0
0
0
0
0
0
0
0
0
0
0
