42
64
96
100
86
60
35
0
0
0
11
50
32
4
0
3
26
3
63
27
0
0
0
0
0
0
0
0
0
10
78
50
41
80
80
76
61
53
31
0
0
0
0
0
0
0
0
0
69
150
84
44
56
106
67
0
42
0
0
0
0
130
150
181
168
222
254
254
247
239
316
370
75
0
0
0
0
0
0
0
0
0
0
0
0
0
0
0
0
75
196
104
56
0
0
0
0
0
0
0
93
101
167
256
220
94
111
184
102
21
75
4
0
0
0
0
0
0
0
0
13
16
0
0
0
0
0
0
0
42
105
149
152
221
242
204
90
179
222
209
191
158
166
98
46
64
40
40
40
6
0
92
358
170
143
130
118
175
145
49
21
202
215
187
116
119
152
119
0
14
66
111
130
154
348
171
197
186
224
163
185
213
245
274
102
189
154
99
243
239
261
178
221
202
161
190
190
190
129
141
138
143
153
157
156
150
150
154
147
200
178
132
150
228
288
301
249
308
305
278
282
235
172
214
244
230
139
151
163
153
127
137
79
161
236
208
186
194
224
203
103
194
181
145
126
68
50
6
0
22
0
0
0
0
0
0
0
0
0
0
0
0
0
0
0
0
0
0
0
0
0
0
0
0
0
0
0
0
0
0
0
0
0
0
0
0
0
0
41
177
171
98
85
27
0
0
0
0
0
0
0
0
87
117
162
127
147
236
280
451
520
460
344
265
32
44
0
0
0
0
0
0
0
0
0
0
0
0
0
0
0
0
0
0
0
0
0
0
0
0
0
0
0
0
0
0
0
0
0
0
0
0
0
0
0
0
0
0
0
0
0
0
0
0
0
0
0
0
0
0
0
0
0
45
0
257
452
298
221
204
68
0
0
0
0
0
0
0
0
0
0
0
0
0
0
0
0
0
0
0
13
38
40
43
38
154
179
145
134
172
153
167
308
342
369
398
401
460
333
299
314
350
522
466
439
565
599
538
513
468
443
364
167
144
95
120
197
175
21
0
0
43
172
249
207
193
142
22
0
0
0
0
0
0
0
0
0
111
172
220
256
362
435
371
531
608
559
640
530
484
445
282
143
70
0
0
0
0
0
0
0
0
0
0
0
0
72
234
336
365
395
393
367
359
314
230
143
153
126
116
148
155
212
119
120
145
111
100
100
95
83
47
44
43
61
30
0
6
0
0
0
0
0
0
0
29
150
127
41
31
50
50
50
45
20
0
0
0
0
0
0
50
41
6
93
73
43
0
0
0
0
0
18
0
0
40
0
0
0
4
34
0
0
0
0
0
0
0
0
0
0
0
0
0
0
0
0
0
0
0
0
0
0
0
0
0
0
0
0
0
0
0
0
0
62
142
200
166
135
32
15
0
0
0
0
0
0
0
0
0
0
0
30
35
35
75
149
10
24
46
164
89
94
195
477
460
318
275
122
0
151
0
0
0
0
0
0
0
0
0
46
148
138
117
6
0
0
0
65
0
0
0
0
0
0
0
0
0
0
0
0
0
0
0
0
0
0
0
12
57
90
31
34
0
47
40
9
0
32
94
143
166
213
82
0
0
0
0
0
0
0
0
23
0
0
9
57
40
33
3
0
0
49
74
193
220
300
225
50
0
0
0
0
61
205
256
233
205
166
86
168
170
138
110
76
0
0
0
0
0
0
47
136
176
190
155
12
0
45
34
42
0
0
0
0
0
17
24
20
29
60
92
64
46
17
0
0
0
0
0
0
0
0
0
0
0
0
0
0
0
0
0
0
0
0
0
1
70
29
0
41
100
178
389
399
333
353
264
200
42
0
0
0
0
0
78
135
186
148
130
17
27
99
128
108
127
206
162
91
0
42
37
0
0
0
39
52
130
130
130
125
52
69
58
72
78
103
70
29
38
30
22
0
31
70
59
21
8
20
20
76
110
110
77
60
17
20
121
95
94
52
48
0
0
0
0
0
0
4
2
72
160
198
192
80
54
50
50
50
10
29
69
57
31
62
31
0
0
0
0
0
0
0
0
0
0
0
0
84
178
181
273
338
300
188
105
19
0
13
50
45
57
0
0
0
0
0
0
0
0
0
0
0
63
159
67
36
36
25
36
28
72
131
179
130
87
94
94
79
45
0
0
0
17
0
0
0
0
0
0
0
0
0
0
0
18
87
80
23
0
0
0
0
4
16
0
0
0
0
26
111
150
95
51
40
45
54
5
28
51
60
0
0
0
0
0
0
0
0
0
0
0
0
0
0
43
69
100
155
128
105
107
67
210
216
268
230
196
178
154
150
150
130
100
62
10
80
54
57
100
104
120
120
120
142
59
65
50
50
50
20
30
13
0
0
0
0
0
0
0
0
5
77
114
120
153
193
175
96
47
27
50
71
40
0
10
0
0
0
0
0
0
24
58
87
100
75
110
110
110
110
110
80
33
20
67
120
131
95
67
0
0
0
0
45
0
0
0
0
0
8
49
30
28
0
0
0
0
0
0
30
58
70
66
40
12
0
0
0
0
0
0
0
0
42
97
98
110
110
110
118
110
72
77
18
0
0
0
0
0
0
0
43
59
68
61
131
175
109
108
163
153
168
12
46
119
140
150
198
200
169
130
110
110
61
75
140
173
10
0
0
148
140
104
90
74
100
104
29
53
26
75
110
164
164
190
190
170
130
67
140
150
200
216
282
269
137
150
150
150
150
121
115
91
89
85
76
91
71
80
85
28
0
0
0
0
0
0
0
0
0
0
0
0
31
34
0
0
0
0
0
0
0
0
0
0
0
0
0
0
0
0
0
0
0
0
0
0
0
0
0
0
0
0
0
21
6
0
0
0
0
0
18
27
96
130
113
42
15
0
3
34
46
74
74
44
19
0
31
50
50
50
50
24
0
0
2
0
0
0
54
108
73
100
97
50
50
50
51
80
80
122
73
41
38
43
47
1
0
0
0
0
0
0
0
0
0
14
38
40
46
66
56
5
0
0
0
0
0
0
0
0
0
0
0
0
0
0
76
100
22
40
50
101
80
86
196
69
0
0
0
0
0
0
0
0
0
0
0
0
0
0
0
0
0
0
0
0
0
0
0
0
0
0
0
0
0
0
0
0
0
0
0
0
0
0
0
0
0
0
0
0
0
73
102
94
168
131
153
231
249
229
200
210
135
82
120
132
87
9
25
0
0
0
0
0
0
0
0
0
0
0
0
0
0
0
0
0
0
0
0
67
80
0
0
0
0
0
0
0
0
0
0
0
0
0
0
0
0
10
84
120
149
80
92
100
72
0
0
0
0
0
0
0
0
0
0
0
0
0
0
0
0
0
0
0
0
0
0
0
0
0
0
0
0
0
0
0
0
0
0
0
0
0
6
18
0
0
0
4
0
0
7
0
0
0
0
0
17
27
2
0
0
0
0
0
0
39
93
113
67
163
253
327
300
207
172
157
92
56
77
70
0
0
0
0
33
38
0
0
0
0
0
0
0
0
0
0
0
0
0
0
0
0
0
0
0
0
0
0
0
0
0
0
0
0
0
0
0
0
22
72
99
173
224
266
179
51
0
0
0
0
0
0
0
0
0
0
0
0
0
0
0
0
0
0
0
0
0
0
0
0
0
0
0
0
0
0
0
97
205
279
282
249
284
275
250
248
215
144
64
0
0
0
0
0
0
0
201
286
332
384
421
415
447
375
464
452
412
345
281
216
110
66
28
0
0
0
0
0
0
0
0
0
0
0
0
0
0
0
0
0
0
0
0
0
0
0
0
0
0
0
0
0
0
44
0
0
0
31
96
109
110
116
0
0
0
0
0
0
66
70
58
0
0
0
0
0
40
29
89
23
17
0
0
39
0
0
0
0
0
0
0
0
0
0
0
0
0
51
0
0
0
4
48
110
142
130
130
167
0
0
40
0
0
0
0
0
0
0
0
0
0
0
0
0
0
0
0
0
0
0
0
0
0
0
0
0
0
0
0
0
0
0
0
0
0
0
0
0
0
0
0
20
20
20
57
60
93
35
0
0
0
0
0
0
0
0
0
0
0
0
0
0
0
0
49
64
60
60
60
59
0
0
0
0
0
0
0
0
0
0
0
0
0
0
0
0
0
0
12
0
0
37
0
19
0
0
0
0
0
0
0
0
0
0
0
0
0
0
0
0
50
67
19
58
80
80
69
69
0
0
0
0
0
0
0
0
0
0
0
0
0
0
0
0
0
0
0
0
0
0
0
0
0
0
0
0
0
65
237
270
420
325
284
226
44
92
120
49
122
83
103
236
223
236
260
210
86
38
4
0
0
0
0
0
0
0
0
0
0
0
0
0
110
141
265
218
134
105
95
53
0
0
0
0
0
0
0
0
0
0
0
0
0
0
0
0
0
0
0
0
0
0
0
0
0
0
0
0
0
0
0
0
0
0
0
0
0
0
0
0
0
0
32
0
0
0
0
0
0
0
0
7
0
0
0
0
0
0
0
0
0
0
0
0
0
0
0
0
0
0
0
0
0
0
0
0
0
0
0
0
0
0
0
0
0
0
54
32
14
75
81
93
140
161
181
128
184
100
93
9
30
30
0
0
0
0
7
46
0
31
71
93
134
161
155
129
127
136
124
29
164
80
64
8
40
31
0
0
0
0
0
4
0
0
0
6
55
45
5
0
18
15
20
73
104
43
22
45
67
70
98
67
54
5
0
4
0
71
68
106
65
77
102
124
130
152
123
91
4
0
0
0
0
0
0
0
0
0
0
0
0
0
61
106
216
189
237
224
180
180
156
77
70
46
86
70
112
94
139
101
0
0
0
0
0
8
61
15
0
0
81
88
0
93
0
0
0
0
0
0
0
0
0
0
0
0
0
0
0
0
23
115
0
0
0
0
0
0
76
239
335
251
161
127
60
67
68
20
0
0
0
0
0
0
0
23
56
104
127
100
100
100
100
89
0
0
0
0
0
0
0
0
0
0
0
0
50
89
270
350
312
257
160
83
36
30
15
0
0
0
0
0
0
0
0
0
0
0
0
0
0
0
15
113
166
179
230
174
168
155
55
157
162
117
65
0
0
0
9
40
33
0
0
0
0
0
0
0
0
0
0
0
0
0
0
0
0
0
0
0
0
0
0
0
0
0
0
0
0
0
0
97
86
23
0
38
23
0
0
0
0
0
0
0
0
0
0
0
0
0
7
49
85
119
299
430
332
281
423
467
425
281
313
358
177
191
19
0
0
0
0
0
0
0
30
20
0
0
324
553
372
330
140
67
76
128
131
96
0
0
54
0
0
0
0
0
0
0
0
0
0
0
0
0
0
56
43
26
17
30
0
8
0
0
3
32
38
20
0
26
0
0
0
0
0
0
0
0
0
0
82
64
42
5
0
0
0
0
97
0
0
0
6
0
0
0
0
0
0
0
0
0
0
0
22
44
151
210
302
287
317
347
428
370
338
317
215
162
160
125
67
106
98
66
21
73
18
0
52
86
100
100
111
119
29
70
83
59
99
100
10
0
0
0
0
0
0
0
0
0
0
0
0
0
0
42
42
17
25
0
0
0
0
0
0
0
0
0
0
3
0
0
0
0
10
11
29
52
50
51
80
107
98
69
64
156
92
80
10
0
0
0
0
0
38
0
0
0
0
10
162
147
185
168
172
58
0
0
0
0
0
0
0
26
50
71
54
100
108
185
94
110
30
93
125
117
133
110
110
124
65
42
100
244
390
393
220
251
10
69
57
28
11
30
97
197
224
156
2
10
0
0
0
37
0
0
25
78
145
153
127
122
150
120
70
150
286
359
206
172
138
51
19
38
91
179
174
122
154
189
138
126
120
87
35
0
14
0
0
0
0
16
50
142
128
92
0
0
0
0
0
0
0
0
131
183
251
149
0
0
0
11
0
40
0
0
0
0
0
0
0
0
0
0
0
0
0
0
0
0
0
0
0
0
0
0
0
0
0
0
104
4
0
0
0
0
0
0
0
0
0
0
0
0
0
0
0
0
0
0
0
0
0
0
0
0
0
0
0
0
0
0
0
0
0
0
0
18
109
132
44
0
0
0
0
0
1
80
131
168
156
173
147
231
300
300
141
0
0
0
0
0
0
0
0
0
4
5
0
0
0
0
0
0
42
76
124
150
150
147
124
113
12
0
0
0
0
0
13
94
80
68
61
130
123
132
40
85
128
115
35
14
13
8
0
0
0
0
0
0
0
0
8
60
80
33
0
0
0
66
0
0
0
0
0
0
0
0
0
0
0
0
0
0
0
0
0
0
0
0
0
0
0
0
0
0
0
0
0
0
0
0
0
0
0
0
0
0
0
49
204
327
301
252
180
89
34
2
0
0
0
1
0
0
0
0
0
0
0
0
0
0
0
0
0
0
0
0
0
0
0
60
0
0
0
0
123
106
121
200
229
268
225
296
241
254
272
285
226
306
310
294
202
202
42
23
0
0
0
0
0
0
0
0
92
211
162
37
44
157
180
24
0
0
0
0
0
0
0
0
0
53
18
55
0
0
0
0
0
22.4
0
0
20.8
7.9
34.2
100
124.3
150
150
249.5
424.8
515.3
406
270
164.4
147.6
141.9
204.6
64.6
143
0
0
0
0
63.8
0
0
0
0
0
0
0
0
0
0
0
0
0
0
0
104.2
106.4
0
0
0
0
0
0
0
0
0
0
0
0
0
0
0
0
0
0
0
0
0
0
0
0
0
0
5.4
177.7
250
229.2
201.1
180
206.3
230
230
212.9
45.8
0
0
0
0
0
0
0
0
0
195.2
152.6
9.6
0
0
0
0
0
0
0
0
74.9
81.4
0
0
0
0
0
0
0
0
0
0
0
0
0
33.2
0
0
0
0
0
0
0
0
0
0
21.9
0
0
0
0
0
30
0.3
0
0
17.1
6.9
0
64.5
92.2
83.6
94.2
80
118.2
134.3
185.5
206.1
256.5
318.1
217.3
67.7
46.2
0
0
0
0
0
0
0
19.8
191.9
279.7
0
0
6.5
7.7
13
51.4
73.8
22.4
100
119.4
74.3
0
0
0
0
59.3
90.2
12.4
0
0
0
0
0
0
0
0
0
0
0
0
0
0
0
0
0
0
0
0
50
87.8
23.6
0
0
0
0
0
0
0
72.9
148.1
145.5
148.3
138.9
84.6
60.1
0
51.6
49
67.3
155.3
116.5
231.8
218.5
172.2
0
0
0
0
0
0
5.4
80
86.2
84
110
92.2
47
0
0
0
0
0
0
22.3
74.6
103.6
97.6
69.1
45.2
1.3
0
0
79.2
4.2
50.7
76
0
3.6
29.4
6
0
0
0
0
0
0
0
23.3
96.2
140
149.2
209.5
196
153.1
121.3
12
0
0
0
0
0
0
0
0
0
0
0
0
15.9
0
67.3
74.2
2.1
0
0
0
0
0
0
13
241.6
204.6
259.6
250.2
77.6
86.1
95.1
103.1
75.2
13.6
0
0
0
0
0
0
0
0
0
0
0
0
0
0
0
93
140.1
171.7
20.2
0
30
30
30
0
0
0
0
0
0
0
0
5.8
0
0
0
63.3
140
100.4
2.9
117.3
167.1
229.5
251.7
110.9
0
4.5
0
0
0
0
0
0
0
0
0
0
0
0
0
0
0
0
0
0
0
0
79.2
4.2
0
0
0
0
0
0
0
0
0
0
0
0
0
0
0
0
0
0
0
0
15.2
0
2.8
0
0
0
0
0
0
0
0
0
0
0
25
150
87.5
0
0
22.5
93.6
24.9
14.6
0
0
0
0
0
0
0
0
0
0
0
0
0
10.1
62.5
119
179
161
140.9
147
161.4
120.2
75
118.3
88.8
85.4
165.8
50.9
18.7
46.8
41.2
0
0
0
0
0
57.7
0
0
0
0
0
0
0
0
0
0
10.3
38.3
102.7
146
130.7
142.3
115
136.2
149.9
154.5
157
81.7
6.7
0
41.4
9.5
0
0
0
0
0
0
0
0
0
0
0
57.7
0
0
0
0
6.3
150
6.3
0
0
0
0
0
0
0
26.5
31
0
88.6
184.1
160.3
150
218.6
274.7
398.3
111.2
2.1
0
0
0
8.6
0
0
0
0
0
0
0
61.6
27.7
7
0
0
18.3
20
15.1
0
0
20.7
0.1
39.3
53.8
84.2
148.4
139.6
263
276.1
337.9
421.9
340
245.7
100.8
18.9
0
0
0
0
0
0
0
20.6
29.8
76.2
133.4
202.8
207.7
184.2
198.7
201.7
189.3
318.9
326
342.9
435.8
445.7
498.2
485.8
464.2
412.2
363.3
369
328
222.6
157.1
178.4
129.7
144.4
127.2
108
116
99.7
73
66
81.4
84.1
57.1
56.7
85.5
94.2
118.3
158.5
160.4
138.3
151.6
60
12.5
0
0
0
0
0
0
0
0
0
0
0
0
0
0
0
0
0
0
0
0
0
0
0
0
0
0
0
32.8
54.8
26.8
53.1
24.7
0.5
45.6
18.5
41.3
46.2
24.4
13.8
38.8
0
0
0.6
0
0
0
0
0
10.2
31.7
3
16
60.9
101.6
96.4
88.5
80.6
78.2
43.3
53.7
101.9
151.4
122.2
108.6
96.9
102.8
184
92
0
0
0
0
0
0
0
0
46.6
92.1
119.1
89.1
92.1
76
61.6
69.1
64.7
96.7
106.2
92.7
78.8
84.2
87.1
76.3
69.3
59.8
14.3
19.2
0
0
0
32
83.8
37.2
27.1
34.2
8.9
24.7
0
0
0
0
0
0
0
0
0
0
0
0
0
0
0
0
8.9
47.9
73.4
48.9
79.1
80
41.7
53
41.7
0
0
0
0
0
0
12
67.8
54.6
9
0
0
0
0
0
0
0
0
0
0
0
0
0
0
0
0
0
0
0
0
0
0
4.9
0
0
0
0
0
0
0
0
107.6
77.5
165.9
150.8
117.8
79.2
0
0
0
0
2.7
40
4.1
0
0
0
0
0
0
0
45.6
37.1
0
0
0
258.4
320.2
288.3
277
290.5
200.5
110
120.8
160
166.2
219
290.5
407.2
434.7
392.3
258.1
194.2
185.6
242.3
244
164.9
117
96.1
61.2
89.4
48.4
26.5
60
60.5
89.3
52.5
51.7
39.7
0.1
94.1
130
157.7
215.4
181.4
58.3
72.6
0
34
0
0
0
0
0
0
0
0
0
0
0
0
0
0
0
0
0
0
0
0
0
0
0
0
0
0
0
6.4
0
0
0
0
0
0
0
0
0
0
0
21.9
74.1
114.7
84
11.8
8
0
0
22.7
0
19.3
0
0
0
12.1
0
0
0
0
0
0
0
8.2
0
0
23.7
40.7
141.7
221.2
206.6
61.9
0
21.6
0
0
0
24.3
64.4
38.4
54.5
43.6
33.6
16.1
21.3
16.5
9.5
0
0
0
0
0
44
94.8
72.8
0
0
137.6
255.1
279.3
190.5
150
236.4
222.5
330.8
309.9
173.8
270.7
177.3
179.8
323.7
268.2
120
17.9
11.9
36.8
10.3
0
73.8
166.3
320.8
354.5
319.9
237.8
153.4
76.3
46.9
0
0
0
0
0
0
0
0
0
0
0
0
0
3.6
0
0
0
0
60
92
60.4
50
90.8
97.7
188.6
216
174
210.1
176.3
162.1
96.6
162.8
128.8
62.3
17.6
40.9
56.4
174.3
198.3
256.3
306
377.7
363.6
303.9
269.2
272.9
347
373.6
198.1
140
70
50.8
2.1
21.7
0
0
0
45.1
74.1
35.6
125.4
117.6
194.3
418.9
517.7
653.8
588.9
589.9
515.8
402
392.7
410.8
79.7
100.7
113.9
174.9
110.8
103.3
57.9
7.4
0
0
0
0
0
0
0
0
0
0
0
0
0
0
0
0
121.9
115.6
93.7
79.3
42.1
40.8
86
110.1
0
21.8
80.1
126.3
90.8
0
0
0
0
0
0
0
0
0
0
15.2
0
34.4
61.6
44.1
3.6
0
20
2.2
0
0
0
22.1
108.5
50.8
0
100.4
245.4
239
225.3
82.5
0
0
0
0
98.8
0.8
0
0
0
0
2.3
8.9
95.7
15
22.7
0
5.1
190.3
241.9
102
119.6
100.5
75.5
38.8
21.4
0
0
10.1
10
55.6
123
106.8
88.6
56.6
0
74.4
45.8
38.9
13.4
75.3
31
29
0
0
0
0
0
0
0
0
0
60.1
0
0
0
0
0
0
0
0
0
0
1
0
16.8
16.9
0
0
3.7
22.7
44.2
33.5
11.3
23.7
0
0
0
0
42.7
0
120.7
149.8
117.9
45.1
0
0
0
0
0
0
11.8
33
0
149.9
175.5
344.9
400.4
179
167.1
190.9
78.8
0
0
0
0
0
0
0
0
0
0
0
0
0
0
0
0
0
0
0
0
0
0
0
0
0
0
0
0
0
0
0
0
0
0
0
0
0
0
0
0
0
0
0
0
10.9
9.8
0
0
0
0
0
0
0
0
0
0
0
0
0
0
0
0
0
26.5
12.7
27.1
33.7
57.6
60.6
113.9
115.9
115.8
122.8
63.2
43.2
56.4
28.4
24.9
0
0
19.9
20.3
81.3
208.7
286.6
479.7
631.3
800
853.3
785.2
528.8
407.4
171.1
16
26.2
0
0
0
0
9.5
0
0
0
0
0
0
0
0
0
0
0
0
0
0
0
0
0
0
0
0
0
0
0
0
0
0
0
0
0
0
0
0
0
0
0
0
48
59.3
30.2
12.2
30
31.7
52
82.9
62.3
20.7
41.1
24.9
0
0
4
10.9
22.1
103.2
108.4
91.9
190.5
200
169.3
136.9
129.9
73
77.5
82.9
95.4
67.9
112.4
42.7
68
54.5
57.5
62.8
39.6
6.7
3.4
0
17.9
45.4
15
0
0
0
0
0
0
0
57.7
78.3
25.2
4.2
22.9
46.1
51.9
45.2
40.3
46.5
55.5
67.2
92.4
68.4
71.7
77.2
66
30.4
18.1
32.6
69.4
65
102.7
31.5
58.1
75
82.5
105.8
121.5
109
83
80.9
69.6
63.2
68.1
126
198.7
155.5
159.9
116.5
115
117.9
168.7
189
193.9
202.4
172.3
137.4
126.1
143
75.6
31.3
52.7
39.6
3.8
0
10.6
32.6
30.6
0
0
9.9
24.7
21.3
20.6
16.8
27.3
71.6
76.4
6.1
14.6
125.1
145.8
171.4
182.2
166.7
271.8
54.2
19.1
109.8
72.2
60
62.5
23
40.8
143.8
322.1
457.8
442.4
288.1
190.3
117.4
118.3
124.5
132.1
170.8
222
141.8
120.1
118.9
82.2
51.6
116.3
70.5
69.7
35.9
69.8
37.5
58.7
68.1
3.3
10.2
16.9
36.7
20.2
40
60.2
2.8
44
43.9
46.2
62.3
61.5
90.5
159.6
48.4
20.7
20
20
20
24.4
19.5
0
0
0
0
0
0
0
0
0
0
0
0
0
0
0
0
0
0
10
30
1.3
36.2
34.2
0
35.4
59.2
70
112.5
130
105.4
58.4
0
9.3
0
0
0
0
0
0
0
0
110.7
44
32.9
34.6
44.2
29.2
6
44.2
18.7
0
0
0
0
0
0
0
0
0
0
0
0
0
0
0
0
0
0
0
0
0
0
0
0
0
0
0
0
0
0
0
0
0
0
0
3.7
87.9
218.8
215.8
256.8
181.7
194.6
239.2
254
196
160.3
30.4
0
0
0
0
0
15.4
0
0
0
0
0
0
0
0
0
0
61
75.7
120
91.3
94.5
115.1
136.7
31.1
58.9
25.2
49.1
87.8
138
179.3
163.2
152.4
100
100
4.2
0
0
0
106.9
25.1
91.9
80
83.7
99.2
108.6
69.3
57.7
41
31.8
0
0
0
19.5
56
5
0
0
0
0
0
14.1
121.9
207.2
166.6
201.4
156.2
117.4
134.6
151.1
200
16.6
0
0
0
0
0
24.8
73.6
55.2
53.9
35.6
17.3
3.5
31.4
30.7
46.2
18.1
71.3
96.8
85.5
86.4
71
44.9
57.5
5.4
0
0
0
0
0
0
14.1
46
56.5
101.1
93.2
16.6
0
0
0
6.5
0
105.7
112.8
105.8
100
100
34.1
0
0
0
0
0
0
0
0
0
0
0
0
0
0
0
0
115.8
230.9
215.8
161.2
130.2
157.4
127.7
80
18.1
0
0
0
0
9.8
0
18.6
34.9
66.9
49.5
12
0
0
6.6
51.2
80.2
128.8
123.2
96.1
91.3
78
99.1
83.6
0
0
0
57.8
3.3
0
41.6
32.7
35.1
41.2
40
74.9
89.4
49.1
62.3
61.2
52.8
72.5
0
3.9
16.8
85.6
85.1
51
40.8
0
31.7
59.8
94.5
227.2
200.1
247.9
250
193.7
0
18.3
104.5
181.6
310.5
150.7
140
138.1
35.2
33.4
67.5
31.2
13.2
3.3
0
0
77.2
142.4
162.5
241.2
306
215.6
131
95.7
92.8
142.5
261.5
252.2
280.2
205.4
238.4
225.4
167.6
124.7
152.3
134.6
116.1
0
0
96.4
107.3
20.9
173.4
226.1
254.5
289.2
296.9
330.7
358.8
388.9
320
170.4
40.8
62.2
77.5
77.7
45.9
60.4
93.7
101.4
140.7
118.5
35.5
0
0
26.4
59.3
124.3
183.3
198
172.2
133
100
82.8
27.9
0
21.1
82.4
113.2
51.4
88.1
74.1
38.7
29.6
65.7
70
107.2
52.2
33.4
53.8
0
14.5
0
0
2.9
0
22.1
74.4
85.6
98
130.4
158.4
153.4
151.4
121
104
68.9
71.2
77.9
33.9
38
88.6
95.7
123.3
95
69.8
85.1
55.7
5.7
0
0
0
0
0
0
0
0
0
0
0
0
104.5
190.8
148.7
62.5
0
0
2.7
30
30
80.7
89.1
85.1
55.2
0
0
18.6
55
39.4
89.2
131.8
124.1
150.7
202.4
169.9
176.2
166.5
117.2
107.5
82.8
74.7
38.4
87.5
75.9
86.6
44.8
10.5
0
0
0
0
0
0
0
0.7
43.2
122.4
89.1
92
68
108
115
21.4
31.4
49.2
28.1
0
33.4
71.9
138.3
144.5
108.9
104.6
117.1
119.7
105.2
126.3
123.6
150.4
87.7
46.1
46.8
39.9
31.1
22.7
44.4
21.2
0
57.8
0
10.2
40.6
122.6
168.7
195.4
125.2
69.3
61.8
66
58.9
101.7
82.9
117.5
73.3
104.6
84
67.8
80.2
87.7
33
22.5
0
0
0
0
0
0
0
0
0
0
0
0
0
0
34.2
76.4
45.1
37.3
0
0
0
0
40.7
14.5
19
0
0
0
0
0
0
0
0
78
144
216.8
267.2
383.9
361.4
328.8
230.7
28.9
52.2
29.6
32.7
40.5
53.7
66.4
111.2
77
67.7
40.2
0
0
0
0
0
0
0
0
0
25.2
100.5
94.8
16
7.8
1.7
11.3
111.7
235.1
190.7
159.1
113.1
96.2
138
187.5
208.9
166
206
208.8
158.8
134.8
73.1
81.5
33.9
4.5
68
36
46.4
69.2
81.9
65.6
78
106.5
73.3
24
0
40.7
8.5
0
0
0
3
0
0
0
0
0
3.7
0
14.4
37.9
40
1.7
0
0
0
0
0
0
71.2
26
0
9.9
0
0
52.7
41.9
0
0
0
0
0
0
71
43.5
12.5
0
2.8
29.5
40
110.1
40.3
84.1
47.3
86
100.5
137.1
113.8
113.3
153.1
63.1
2
9.7
40
23.7
52.1
106.5
182.7
195.8
174.4
101.3
100
100
100
100
70.8
67.2
46.4
0
0
22.8
37.9
42.6
70
61.4
47.6
127.5
136.2
44.3
24.9
66.8
140.4
146.6
117
141.1
131.7
91.4
80
80
102.9
80
80
80
36
62.7
51.5
17.9
0
0
0
0
17.4
2.2
0
49.1
86
138.5
103.8
88.6
93.4
99.4
101.7
143.8
137.7
130.7
136.2
119.2
120
45.1
57.4
66.2
68
69.5
45
49.3
65.7
71.9
96.5
100.1
134.1
136.2
117.2
64.9
118.7
95
123.2
124.5
167.6
122.5
117.6
148.5
156.6
87.9
189.4
205.8
174.5
179.5
150
118.7
131.5
235.1
287.6
300
300
376.3
186
126.3
133.3
163.6
155
148
119.7
117.5
53.5
52.7
0
0
99.6
2.7
0
0
0
0
17.6
91
96.9
183
149
205.5
161.2
35.2
78.9
100
100
126.5
136.5
146.4
155.2
165.3
193.8
214.7
172.7
175.1
208.3
206.8
174
158.8
138.8
159.6
160.2
142.9
175.5
246.1
194.4
115.9
126.3
136
137.3
157.5
160.2
174.4
112.7
166.9
248.3
173.7
116.9
221.4
183.2
177.9
178.6
73.2
89.3
172.2
127.4
134.8
155
229.8
195.7
179.5
185.2
196.8
165.9
195.6
201.9
135.2
105.9
92.5
165.1
149.6
147.5
179.9
191.4
184.2
206.7
191.8
202
66.1
99
142.6
150.8
210.4
204.9
174.2
178.5
170.6
175.3
159.7
179.3
200.4
160.5
184
193.3
195.6
132.8
68.9
28.4
47.2
88.3
78.5
70.2
120
90.8
78.6
120
160
119
98.5
88.2
49.6
48.7
70.2
108.5
130.1
95.8
65.4
113.8
115.8
116.2
54
42.2
17.8
0
0
0
0
13.9
80.4
66.2
185.8
128.1
169.1
169.3
147.3
170.9
199.3
220.5
117.2
82.9
160.6
168
126.3
98.1
209.4
241.9
285.4
248.4
207.5
130.6
140.3
119.3
188.7
272.4
259
190.7
143.4
106.7
146.9
260
259.6
242.7
206.7
40.2
54.2
78.5
42.8
82.6
133
140.3
214.7
246.7
312.2
305.9
342.2
360.7
347.4
445.8
423
306.5
149.7
159
127.2
150.2
135.7
115.5
151.9
133.7
185.2
201
190.1
200
165.3
61.2
68.2
6.4
0
0
0
0
7
38.6
46.3
118.1
168.1
143.2
95.1
66.8
50
58.4
60.4
93.4
30.4
0
0
0
0
0
0
0
0
0
0
0
0
0
0
0
0
0
0
0
0
0
0
0
0
0
0
0
0
0
0
0
0
0
0
0
0
0
0
0
0
0
0
0
0
0
0
0
0
0
0
0
0
0
0
0
0
0
0
0
0
18
0
0
0
0
0
0
0
29.9
0
8
32.7
0
0
0
0
40
15.7
26.7
33.4
31.5
24.4
6.4
7.7
5.9
43
17.7
47
52
50
50
67.1
36.6
39.2
0
0
0
0
0
0
0
0
0
0
0
0
0
12.8
65.2
2.7
18.8
104.1
93
73.7
91.7
80.6
102.1
111.6
40.8
0
0
0
0
14
0
23.4
8.6
0
74.7
135.6
97.2
147
151
160.2
102.3
69.7
77.7
42
30.8
79.9
192
190.1
173
122
16.3
0
0
0
0
0
0
0
0
0
0
91.6
171.6
125.2
91.3
23.2
0
0
0
0
0
0
0
0
0
0
0
0
46.4
118.7
66.2
0
0
0
41.9
117.9
179.4
110.6
90
42.9
0
40.9
90
90
92.4
126.8
79.5
61
52.5
0
0
0
0
0
0
0
0
0
85.8
36.7
0
0
6.3
111.3
97
35.4
0
0
14.1
15.9
6.2
1.8
0
0
0
0
0
0
0
0
0
0
74.1
122
271.3
223.9
104.7
107.1
181.1
86.4
0
0
28.4
0
8.8
0
0
4.4
63.9
82.9
102.3
100.6
53.2
60
28.8
0
13
45
58.3
9.3
20.5
4.4
42.3
13.7
10
0
0
8.5
0
0
3.3
17.5
29.4
0
66
27.2
0
0
0
0
0
0
0
5.6
0
26.7
19
27.5
41
48.5
77.4
6.2
27.4
28.1
6.8
16.5
12.6
8.9
0.3
0
0
0
0
0
0
0
0
0
0
0
0
0
0
0
0
0
0
0
0
0
0
0
0
0
0
0
0
8.7
0
81.7
92.1
70.2
69.1
52
42
41.5
35.8
38.5
48.7
9.4
0
0
4
32.9
23
23.2
0
0
0
0
0
0
0
51.3
91.6
107.9
86.5
70.1
104.5
113.8
112.2
104.7
77.8
74.6
0
0
26.5
16
0
0
0
0
0
0
19.9
0
0
19.2
32.8
45
108.5
163.7
109.5
108.8
111.1
105.9
115.8
102.1
47
78.1
45.2
85.8
50
42.8
59.2
54.8
66
91.4
107.2
122.2
146.5
97
67
14
6.6
0
0
0
0
0
0
0
0
0
0
0
14.8
21.1
96.5
140
226.7
292.8
358.1
343.5
289.6
255.3
201.2
33.6
0
60.7
27.3
0
0
0
0
10.1
0
0
0
0
0
0
0
0
0
0
0
0
0
36.4
141.9
148.3
106.8
0
0
0
0
0
0
0
0
0
0
0
0
0
0
0
0
0
8
0
41.5
100.9
72.1
18.7
38.3
0
0
0
45.2
5.4
0
0
33
0
0
0
0
0
3.5
0
0
0
0
0
0
0
94.7
129.4
66
97.9
77.2
35.1
58
90.3
121.1
67.4
0
0
0
20
37.9
112.9
230.9
142.4
40.2
4.6
0
43.7
222.9
95.8
95.8
15.3
0
5.2
3.2
23.7
30
28.8
36.1
86.9
40.3
0
0
0
15.9
0
0
48.7
82.6
126.2
82
58.4
27.3
22
0
0
0
0
55.6
60.7
44.1
60.1
68.8
71.6
92.3
106
183.7
281.4
260.7
92.7
34.8
39.6
64.9
120.2
187.5
256.3
225.3
140
122.7
130.1
134.9
4.2
102.6
160.9
153.5
162.9
198.8
257.8
225.9
240.8
236.2
241.5
276.8
314.1
294.1
226.8
162.9
148.6
146.8
135.8
144.6
188.6
128.2
83
118.8
124.3
132.5
113
112.9
128.9
104.5
121
118.6
147.3
115
121.1
159.9
127.5
123.9
153.7
164.4
138.4
149.2
106.1
4.2
0
0
0
0
0
0
0
0
0
20.5
40.4
33.7
0
0
0
0
0
0
6.9
0
16.6
120.9
59.2
27.1
122.1
159.2
166.2
211.5
152.5
135.4
139.2
126.8
103.4
182
144
48
81.7
95.8
50.7
35.5
64
87.8
126
113.6
82.9
93.3
165.5
95.9
118.1
42.9
79.3
76.6
0
0
0
0
0
43.8
111
190.2
317.2
489.7
530.6
535.6
402.1
243.6
133.6
59.3
34.1
0
0
0
53.2
40.7
75.5
133.3
81.1
99.7
96.8
105.8
106.6
89.7
96.1
25.3
56.7
53.5
111.7
127.3
171
176.9
220.3
294.9
260.1
171.7
107.6
82
125.9
201.6
222.2
180.9
0
0
0
0
0
0
0
0
13.6
29.6
0
0
0
0
0
0
0
0
0.9
34.6
70.1
72.4
67.8
85.4
55
57
30.4
13.6
0
0
0
0
0
0
0
0
0
0
0
0
0
0
34.5
124.7
158.7
53.8
38.9
55.3
181.5
168.6
179.8
147.1
96.4
59.5
86.9
0
0
0
0
0
0
116.6
149
103.6
29.3
16.7
2.5
0
0
0
0
0
76.9
124.6
130
140.7
147.2
146.8
106.8
27.6
116.3
141.9
150.9
178.1
258
359.8
319.1
312.5
252.3
319.8
347.6
430.6
464.8
360
342.2
262
51.3
0
0
0
0
29.8
13.6
0
0
0
0
0
36.5
23.5
0
0
13.1
129.4
238.3
223.7
207.3
161.5
132.6
139.3
12.3
0
26.2
30
30
31.3
54.2
30.7
62.4
128.9
165.2
161.9
146.5
90
38.7
0
0
20.2
72.6
91.5
155.3
254.8
151.9
129.6
7.1
79.5
119.1
146.9
169.8
163.2
237.7
128.3
200.3
186.4
97.5
0
0
0
0
0
0
76.9
111.9
73.4
77
0
114.7
97.1
0
0
22.3
57.1
61.1
71.7
106.9
96.6
73
46.4
58.1
42.5
14.2
4.5
1
3.8
82.3
99.7
72.7
76.5
7.1
20.2
0
0
7.9
28.8
4.9
49.3
195
359.7
367.1
238.5
310
473.4
279.3
167.5
121.3
40.1
0
0
0
0
8.3
160.4
197.1
238.9
279
339.1
89.4
92.1
42.7
63.5
68.3
152.9
234
270.1
187.6
142
102.5
140.9
187.2
216.6
219.4
334.9
382
347.5
269.5
90.1
0
0
0
0
225.9
472.7
235.8
253.2
267.3
217.6
147.6
79.7
0
0
0
0
0
0
0
0
0
0
0
37.1
160.6
106.4
127.3
156
145.7
177.9
230.9
253.4
142.5
64.2
18
320.8
62.8
55.6
0
0
0
0
0
0
0
0
0
0
0
0
0
0
1.6
0
0
0
0
3.9
0
43
0
0
35.4
0
43.7
7.5
0
24.8
26.9
25.2
94.6
129.2
10.2
0
0
0
125.8
75.3
52.5
33.5
45.5
0
0
28.4
0
46.3
115.6
191.9
206.8
196.5
106.3
68.3
0
70.5
130.5
92.5
81.7
5.6
108.1
128.8
174.8
150.9
140.2
58.7
52.3
2.1
0
0
0
0
0
0
0
0
0
0
0
0
0
11.4
0
0
0
0
0
0
0
0
0
0
10.5
25.1
10.4
39.6
28.2
0
0
0
0
41.2
36.7
99.5
140.8
90.3
50.2
49.3
98.4
79.4
63.2
64
36.2
24.7
0
63.4
0
2.1
50
23.4
50
58.5
45.3
40.5
0
0
0
0
0
0
8.3
26.5
24.3
72.7
94.7
115.3
88
80
49.7
41.2
3.8
35.7
27.1
0
21.2
18.3
0
0
0
0
0
0
0
0
0
0
0
52.2
0
14.7
31
17.3
0
0
0
0
0
0
0
0
0
0
0
0
0
0
0
85.3
21.5
44.4
85.4
128.9
118
118.7
122.5
108.3
147.5
106.3
119.9
169
180.9
88.3
99.8
5.4
0
0
0
0
0
0
0
43.4
45.7
93.2
57.1
42.6
44.1
73.3
23.1
20
20
82.5
51.9
0
0
15.2
182.5
222.9
234.1
364
262.9
221.3
257.7
293.9
275.5
236.9
61.1
92.3
0
53.6
150.7
133
107.2
114.5
128.3
212
335.3
368.1
342
406.3
523.4
504.2
485.3
370.7
385.7
291.5
234.6
236.3
385.2
375.9
258.5
137.7
122.5
130.7
83.1
0
0
0
4.5
22.9
28.9
14.7
0
0
0
0
0
0
0
0
0
0
31.3
12.8
0
0
0
0
0
0
0
0
33
101.7
114.8
111.7
62
114.5
108.9
24.4
0
0
0
68.1
96.2
252.1
298
303.8
255.6
254.5
236.5
215.5
321.5
195
142.5
110.6
73.9
65.1
0
0
16.8
26.4
57.5
27.1
0
86.2
103.9
47.8
37.3
13.6
0
0
0
0
0
0
174.4
171
115.1
102.4
112.9
37
42.7
41.7
0
0
62.3
216.1
244
225.6
101.9
174
406.7
451.1
449.3
313.4
162.1
246.2
323.1
308.2
267.9
118.2
30.3
0
0
0
0
0
0
0
0
0
0
0
0
0
10.5
95.6
51.3
48.7
0
16.2
11
10.2
232.8
250
231.4
170.6
49.4
0
0
0
0
0
0
0
0
0
0
0
0
0
0
0
0
0
0
0
0
0
0
25.4
124.8
195.4
295.9
344.4
297.4
216.6
121.4
0
0
0
0
0
0
0
0
0
10.4
70.4
146.8
239.9
0
0
0
0
0
0
0
35.3
0
0
40.4
0
0
0
0
0
95.8
72.6
158.7
88.7
3.3
12.5
49.9
58.2
135.5
122.3
146.7
148.5
131.8
112.1
30.8
93.7
0
0
0
0
0
0
0
0
0
0
4.6
10.5
0
25.2
0
0
115.5
87.8
70.6
80.9
106.6
110.9
81
40
0
0
20.5
0
0
0
0
0
0
3.4
106.6
148.2
164.9
251
235.1
212.4
85.8
111.5
110.7
108
119.6
129.9
43.5
61.3
106.6
139.2
135.8
108.1
58.9
29
20
39.5
16.8
0
95.2
55.7
45
91.2
83.9
148.7
81.5
125.8
111.8
95.7
97.5
69.1
90.8
36.7
21.9
68.3
71.4
2.9
0
0
0
0
0
0
0
0
0
59.3
83.6
96.9
101.3
104.8
76.7
63
52.1
61.5
0
0
0
0
0
0
0
0
0
0
0
0
0
0
0
0
0
0
0
0
0
0
0
0
0
0
0
0
0
0
0
0
0
0
10.4
34.2
137.7
42.4
79.4
46.2
24.4
34.7
0
0
0
0
0
0
0
0
0
0
0
0
0
0
0
0
0
0
0
0
0
0
0
0
0
0
0
0
0
0
0
62.4
298
300
252.1
110.8
8.7
0
0
0
0
0
166.6
298.3
0
2.9
28.4
4.5
41.5
16.6
0
0
0
0
18.8
0
99.8
100
212.2
221.4
204
154.2
124
114.4
41.9
90
93.3
10.6
0
0
0
0
0
0
0
0
0
0
3.2
1.7
23.6
36.8
33.5
0
0
0
17.1
38.2
91.6
164.8
266.3
201
139.9
58.1
68.3
14.1
29.9
36.8
34.1
60.1
60
93.8
210.6
357.9
394.5
316.4
536.6
438.9
427.9
451.8
175.9
91.5
37.2
189.9
203.9
164.4
117.9
60.3
47.6
125
61.6
15.9
51.2
75
80.9
96.2
121.1
179
268
219.3
205.6
164
138.6
41.7
0
0
0
0
0
0
0
0
0
0
0
0
47.2
79.3
45.4
42.8
124.2
196.8
196.7
118.8
143.1
218.1
284.6
224.8
173.2
91
4.6
28.4
99.1
0
0
48.9
59.9
12.5
203
202.5
482.3
170.9
210.4
204.3
205.5
205.1
225.2
265.4
265.4
57.3
20.5
120.4
184.2
209.5
270.6
232.1
234.3
99.1
65.4
135
67.2
93.8
0
0
0
0
0
0
0
0
0
0
0
0
0
69.9
138.3
97.7
0
32
0
0
0
0
0
0
0
0
0
0
0
0
0
0
0
0
0
0
0
0
0
0
0
101.4
13.6
53.9
91.2
6.7
154.4
228
305
350.2
315.4
323.8
348.8
302.4
203
208.9
169.7
204.5
258.5
222.5
269.6
312.8
295
283.1
221
291.9
172.9
128.8
178.7
158.4
281.7
211.8
31.3
7.2
0
26.3
62.5
1.1
0
0
0
107.8
116.7
60.6
96.4
126.2
131.8
110.6
140.1
143.2
124.8
79.7
0
37.5
92.3
95.7
55.6
60.4
52.8
50
30.6
40
9.4
0
0
0
0
0
0
0
4.4
44.5
20.5
10.1
0
0
0.3
0
0
0
97
75.3
29.3
12.1
0.7
0
0
0
0
0
61.5
140.4
221
371.4
351.8
368.7
407.6
341.1
80.9
0
0
0
0
0
241.7
381.2
354.3
354.5
265.7
125.2
0
0
0
87.6
253.7
248.7
218.4
207.9
210.7
190.8
215.7
129.2
38.9
13.2
0
0
0
0
0
5
65.4
246.4
255.8
209.2
126.8
29.2
0
0
0
0
0
0
40.4
116.5
145.6
222.8
156
124.1
205.2
227.6
343.3
448.7
363.8
357.3
272.3
252.7
290.1
211.5
249.6
252.9
115.9
129.5
95.9
17.6
0
72.4
125.9
181.6
235.1
294.4
177
106.9
69.7
115.6
226.7
252.9
6.3
0
0
0
0
0
0
0
114.1
169.4
336.2
366.7
403.5
250
227.1
125.6
175.9
104.7
31.1
0
29.2
164
174.3
251.1
143.8
93.9
61.6
0
0
0
0
0
0
0
0
0
65.2
140.3
103.9
32.7
0
0
0
0
0
0
0
0
0
0
0
0
0
0
0
0
0
0
0
0
0
16
92.4
44.2
87.5
63.5
0
0
0
0
0
0
0
0
0
0
0
0
0
0
0
0
25.2
0
0
0
0
0
0
0
0
0
0
0
0
21.5
0
0
0
0
0
0
0
0
0
0
0
0
0
125.3
127
171.8
209.1
233.2
257.1
210.6
167.1
172.3
92.7
70.2
0
0
0
0
0
0
0
0
0
0
0
0
0
19.8
59.2
43.1
25.3
31.1
0
0
0
0
0
0
0
0
0
0
9.6
0
17.6
0
0
0
0
0
12.4
65.8
161.2
191.9
92.7
87.1
1.9
0
0
0
0
0
0
36.5
60.9
80
38.9
0
0
0
67.6
207.4
209.7
130
161.1
188.1
158.8
133.7
53
156.4
117
115.9
85.8
127.8
237.9
200.5
204.8
188.1
172.7
175.7
186
250.8
113.9
16.5
110.5
157.4
277
282.3
265.6
260.7
229.6
212.1
192
84.1
39.7
6.5
0
47.1
134.9
133.7
0
9.4
20.5
31.5
40.2
16
67.7
95.2
168.3
188.7
283.9
339.8
327.1
364.1
392.5
327.2
241.1
171
1.8
1.3
75
113.3
97.3
97.9
0
0
0
0
0
0
0
0
0
0
0
0
51.1
43.4
106.2
175.1
156.2
270.7
251.6
273.4
338.2
319.6
290.8
198.3
75.9
27.7
0
0
0
0
0
0
0
0
0
0
0
0
0
11.9
49.7
9.2
43.7
38.5
101.9
160.3
169.3
176.3
167.9
212.7
195.3
102.6
97.9
2.1
0
0
0
0
41.3
115.7
64.5
4.9
44.6
78.3
119.4
244
87.6
136.3
198
203.5
273.8
267.5
52.8
155.7
205.8
220
229.3
178.9
72
0
0
0
67.7
218.4
325.8
431.3
519.6
481.2
292.6
229.1
150.1
123
170.6
143.9
232.4
84.3
171.9
216.4
224.3
218.6
216.8
270
185
98.2
0
0
0
0
0
86.6
145.6
153.5
84.5
60.1
46.4
172.3
225.6
249
337.6
285.3
448.7
442
359.5
241.6
156
102.8
24.9
5.5
31.5
97.9
236.4
242.3
261.8
316.5
356.2
397.2
284.9
225.7
54.2
60.5
66.2
121.2
154.3
128.7
95.8
120.6
186.3
157.2
137.6
160.4
101.3
5.3
58.7
0
8.5
0
0
10.7
27.2
43.6
106.5
194.9
224.8
311.2
394.3
438.5
553.1
591.1
317.7
317.5
329.2
338.6
421.2
461.7
489.9
489.5
520.6
564.1
582.2
586.7
592.1
629.7
557.5
508.1
432.6
108.9
30.4
0
0
0
0
0
0
0
0
0
0
0
20.7
2.2
79.5
90.1
99
113.3
0
0
0
0
1.1
19
54.6
0
8.4
94.4
111.4
105.4
73.1
47
27.6
31.1
35.3
0
0
0
64.2
39.8
177.5
224.8
165.8
0
160.7
168.3
5.4
76.2
100.3
33.3
95.4
104
68
0
0
0
0
0
0
0
0
0
125.6
139.7
108.8
85.8
86.5
76.7
36.6
42
77.2
76.1
51.8
0
0
0
0
0
41.4
60
60
68.6
132.2
92.3
71.9
156.7
98.3
175
191.5
220.5
273.9
287.1
221.6
76.5
5.5
0
0
1.1
21.4
45.4
170.4
166.9
121.8
102.1
81.9
68.2
38.4
90.4
66.4
33.1
106.3
112.9
124.7
159.4
203.3
184.3
189.9
199.2
219.3
142.3
144.7
225.7
158.5
152.5
207.1
221.2
208.5
220.4
193.8
241.5
200.8
207.4
130
71.9
71.4
0
0
0
2.1
0
0
0
0
0
0.5
31.2
0
0
0
0
0
0
0
0
0
0
0
0
0
0
0
0
0
0
6.7
0
0
0
0
0
0
0
0
0
0
0
11.8
19.3
66.7
123.3
170.6
138
240.4
182.3
87.9
34.5
98.2
22.2
0
0
0
0
0
0
0
0
0
0
24.2
66.6
93.1
64.5
75.5
37
95
39.6
100.3
60
0
7
0
0
0
0
0
0
0
0
0
0
0
14.5
47.7
154.8
200.6
200
200
195.8
36.4
50.4
98.8
105.6
126.5
168.2
143.2
196.3
188.3
171.8
194.5
164.4
69
61.8
14.1
64.6
52.1
0
0
0
0
62.5
170.8
195.8
104.9
0
21.2
56.4
67.1
84.4
116.8
130.4
134.2
162.7
121.2
110.6
132.8
158.1
145.5
120
168
100.8
322.8
335.1
171
165.2
159.8
170.2
168.9
89
163
131.9
195.1
112.3
150.8
248.5
186.4
56.3
133.1
117.7
106.9
20.7
0
0
0
0
0
0
0
0
0
0
0
0
121.8
128.1
75.7
31.9
0
0
0
0
0
0
0
0
0
0
0
0
142.6
97.9
139.5
176.7
244.5
302.9
201.3
224.3
187.3
100.3
0
0
0
0
10
285.2
448.4
598.5
615.7
574.7
491.9
412.4
388.9
297.3
74
93.4
101.6
63.8
5.5
0
0
0
0
0
0
0
0
0
0
0
0
0
18.2
0
0
0
0
0
42.6
27.7
0
0
10.4
50
2.1
3.4
66.4
63.8
86.8
84.9
43.2
9.3
0
0
0
0
0
0
0
0
0
0
8.9
0
0
2.2
20
19.5
27.4
52.5
0
34.3
4.4
0
16.2
83.6
96.1
86.4
116.1
144.4
149.5
155.7
0
93
85.9
98.2
20.3
90.5
117.8
111
101.2
57.2
74.9
51.4
244
272.9
257.7
273.7
283.7
281.7
263.9
271
394.1
435.3
427
412.5
215.4
340.7
264.7
218.4
62.2
102.8
43.3
40
6.6
0
0
0
0
0
0
0
0
0
15.1
18.8
0
59.1
201.1
467.7
622.2
585.6
466.1
433.1
104.6
266.7
447.9
450
446.3
266.9
0
0
0
0
25.3
102.9
13
0
32.5
0
0
0
13.9
106.6
143.9
231.8
195.9
183.7
0.8
0
0
0
0
25.8
150.1
263.7
380.1
496.8
670.6
641.9
670.9
527.5
415.1
324.7
311.7
316.1
265.8
202.3
298.8
255.5
237.9
167.8
50
22.5
11
75.9
100
124.8
91.6
0
0
0
0
0
0
0
0.6
0
12.7
41.7
34.2
0
0
20
10.3
0
0
0
49.2
195.6
247.6
311.8
584
569.6
577.9
164.8
0
0
0
0
0
0
0
0
0
0
0
0
0
21
44.6
111.7
140.4
147
175.5
243.3
223.6
297.1
366.1
299.3
278.6
132.8
145.5
124
165.8
140.2
58.9
21.3
22
0
0
0
0
0
231.6
168.3
75.3
0
0
0
0
0
0
5.9
0
0
0
0
0
0
0
0
0
0
0
0
0
0
0
0
0
4.1
89.1
75.9
108.8
34.4
61.3
100.8
85.8
15.5
0
0
0
0
0
0
0
0
0
0
0
0
0
0
0
0
0
0
14.8
19.5
55.5
22.9
94.5
59.2
41.6
52.4
43.9
94.1
13.7
41.2
0
0
0
0
0
0
0
0
0
0
0
37.5
100
4.2
14.8
0
0
0
1
93.9
129.8
143.3
158.3
222
139.5
0
0
0
0
0
0
0
0
0
0
0
0
140.4
235.9
365.7
397.4
511.8
588.5
489.8
441.4
179.8
104
0
0
0
0
0
0
0
86.1
52.8
40
40
40
66
134.9
149.9
145.9
219.1
234.5
257.9
326.6
410.9
451.7
387.7
255.7
160.9
120.5
79.9
22.9
14.2
0
0
0
0
0
0
0
0
0
0
167.3
177.3
265.6
292.4
286.2
244.8
18.4
0
0
0
0
0
0
0
0
0
0
0
0
0
0
0
0
0
0
0
0
0
0
0
0
0
0
0
0
0
0
0
0
0
71.1
0
0
0
0
0
0
0
0
0
0
0
0
0
0
0
15.8
139.8
292.3
335.3
426.6
435.7
361.3
290.3
0
0
0
0
0
0
0
0
47.5
71.6
54.2
0
0
0
0
0
0
0
0
0
0
27.8
61.4
109.2
0
0
0
0
0
0
46.2
97.7
6.2
69.1
2.2
0
0
0
0
0
0
0
0
0
0
0
0
0
0
26.1
208.5
296.6
368.1
407.9
358.9
372.9
279.9
312.6
258.6
269
243.6
189
116.8
79.8
22.9
0
0
0
0
0
0
0
191.1
234.2
298.3
339.6
356.4
270.7
111.3
0
43.3
80
80
80
80
3.3
0
0
0
0
0
0
0
63.3
75
24.1
0
0
0
0
0
0
0
0
0
0
0
0
0
0
0
62.5
300
300
279.2
200
201.8
200
130.3
0
0
6.2
0
0
2.6
0
0
0
0
0
0
0
0
0
0
0
4.2
148.8
176.1
0
0
0
0
0
42.8
83.6
80.8
6.2
0
0
0
0
0
0
0
2.9
21.3
51.9
94.4
67.1
27
154.4
206.9
145.7
120
123.7
106.7
45.7
