2.9
28
0
0
0
0
0
0
0
0
0
0
0
0
0
0
0
0
0
0
0
0
0
0
0
0
0
0
0
0
0
0
0
0
0
0
0
0
0
0
0
147.6
199.7
222.2
287.8
300.7
208.5
218.5
154.5
200.1
211.7
170.1
125.9
0
0
0
0
0
0
0
0
0
0
0
0
13.2
30.1
1.8
0
0
49.8
26.1
0
0
0
10.7
74.3
60.3
38.5
65.5
233.1
241.1
250.6
206
131.9
203.8
233.5
287.2
309.5
294.5
329.6
300.3
193
226.1
249.8
213
257.7
272.8
224.4
220
292.8
339.8
424
500.6
561.9
525.2
565.8
578.4
489.8
452.3
290.1
229.4
120.3
193
77.8
52.1
29.8
0
0
51.2
0
0
0
0
0
0
0
0
0
0
0
0
0
0
0
0
0
0
0
0
82.8
138.7
210.8
305.3
87.5
59.9
78.3
99.8
99.8
59.2
2.6
85.3
141.7
82.5
60.1
37.3
0
0
0
0
0
0
0
0
0
0
0
0
0
0
0
0
0
0
0
0
0
0
0
0
0
0
0
0
0
0
0
0
0
0
0
0
0
3.8
19.9
20
9.4
0
0
0
0
0
5.3
0
0
0
0
26.7
159
234.3
241.4
192.7
151.3
60
76.9
115
128.4
99.7
99.7
139.6
224.3
223.6
223.8
326.1
296.2
223.8
171.3
131.8
67
37.9
0
0
0
0
0
0
0
0
0
0
0
0
0
0
0
0
0
84.6
57.4
25.8
85.2
91
109.8
152
160
101.3
18
0
0
0
0
0
0
0
0
0
0
0
0
0
0
0
40.7
3.8
0
0
0
0
0
0
0
0
0
0
0
0
0
0
0
0
0
0
0
0
0
0
0
0
0
0
0
0
0
28.3
34.5
98.2
111.6
89.9
127
147.6
194.4
117
188
227.3
256.7
260.5
284.3
294.5
323.1
408.1
380.3
367.8
340.8
349.8
357.3
379.4
369.1
339.5
321.8
339.7
405.9
360
360
360
360
266.5
153.8
212.3
195.8
187
182.4
194.6
222.4
194.2
233.5
223.6
223.6
223.8
214
175.8
173.8
130.3
153.7
207.2
186.8
167
192.3
165
85
110
0
0
0
0
0
46.4
117.1
130.9
136
125.1
119.8
75.9
9.3
0
0
0
0
0
0
0
0
0
0
0
15.7
29.9
14.3
0
0
12.4
59.8
32.7
0
0
0
0
0
0
0
0
0
0
0
0
0
0
0
0
0
0
3.8
65.6
159
262.7
268
254.3
186.9
251.7
262.2
168.4
20
0
0
0
0
0
49.9
69.3
99.8
157.2
220.4
172.9
302.3
346.6
329.7
362.5
343.8
339.9
283.7
333.2
313.3
354.7
403.7
452.2
475.9
602.4
656.1
585.5
492.1
598.1
569.8
426.2
349.6
183
24.8
0
0
30.1
81.8
104.1
129.8
129.8
154.4
120.1
0
0
0
0
0
0
0
0
0
0
0
0
0
0
0
0
0
29.4
0
34.3
171
286.9
260.6
427.2
428.8
315.4
270.6
41.6
0
0
0
0
28.9
175.4
246.8
249.6
306.5
261.1
279
143.9
0
0
0
0
0
0
0
0
0
0
0
0
0
0
0
0
53.7
82.4
157.9
179.7
209.3
209.3
231.3
210.5
171.6
164.8
179.7
179.4
196.6
199.7
181
171.6
242.4
251.8
204.8
108.9
98.2
80
22.8
80.7
96.7
168.4
231.8
252.3
248.9
272.8
325.8
339.2
139.7
115.6
129.8
129.6
129.8
118.8
139.4
237.3
195.5
177.8
199.7
199.7
133.4
139.8
108
35.9
0
90.2
240.1
205.7
209.3
175
109.9
71.7
78.9
99.7
99.8
99.8
123.8
149.6
130.7
168
140.3
79.9
79.9
79.9
84
88
53.4
0
0
0
0
31.4
0
0
32.7
33.3
123.6
231.7
223.8
216.6
190.8
146.7
17.6
0
0
0
0
0
0
0
0
0
0
0
0
0
0
0
0
0
0
0
43.1
30
54.4
76.9
65.5
33.4
35.3
29.1
1.8
0
0
0
0
0
0
0
0
0
0
0
0
0
0
0
0
0
22.2
69.9
37.9
39.9
39.9
65.9
99.8
99.8
65.9
45.6
0
0
0
0
0
0
0
2.1
39.9
39.9
16.8
39.9
20.4
59.9
23.1
0
0
0
0
0
35.8
76.6
79.9
79.9
51.4
34.2
0
0
28.9
74.9
199.8
356.4
450.8
572.4
674.6
750.9
893
903.2
846.9
857.3
852
808.7
690
564
206.5
115.3
62.4
0
0
0
0
300.8
465.3
501.6
477.8
445.9
499.4
555.8
0
0
0
0
0
0
0
99.8
71.3
68.1
185.9
299.8
381.3
392
283
267.7
178.9
215.2
222.3
99.1
30.8
0
0
0
70
222.6
325.9
442
362.8
419.3
375.9
487.6
357.4
279.6
207.8
136.8
86.4
0
0
0
0
0
0
0
0
0
0
0
0
0
0
25.1
91.3
143.8
149.5
141.2
127.9
49.8
0
0
0
0
0
0
0
0
0
0
0
0
0
0
0
0
0
0
0
0
0
0
0
0
0
0
0
0
0
0
19.1
139.6
240.8
226.2
208.9
59.3
107.3
0
0
0
0
0
0
0
0
0
0
0
0
0
0
0
0
0
0
0
0
0
0
0
0
0
0
0
0
0
0
0
0
0
0
0
19.7
0
0
14.5
26.1
36.7
87.3
130.9
140.7
80
73.1
40.1
40.1
40.8
0
0
0
0
0
0
0
0
0
0
50.5
169.8
232.8
383.2
459.8
420.8
403.7
326
313.8
245
164.6
19.5
0
0
0
0
0
0
0
0
0
0
0
0
0
0
0
0
0
0
0
0
0
0
0
0
0
0
0
0
0
0
0
0
0
0
0
0
0
0
0
0
0
0
0
0
54.2
156.8
231.4
117.2
34.9
0
0
0
0
0
0
0
0
0
0
0
0
0
0
0
0
0
0
0
71.7
163
352.9
371.8
410.4
339.3
322
332.1
358.4
376.6
239.7
174.6
87.6
101.8
0
0
0
0
0
0
0
12.3
17.6
51.7
169.5
251.5
213.3
242.2
290.5
265.2
321
377.8
424.7
441
351.3
344.3
305.3
246.1
142.5
112.7
59.1
49.8
49.9
49.9
49.8
69.7
122
222.9
368.1
372.7
323.7
372.6
413.4
380.5
127.9
105.8
156.8
225.4
253.5
251.1
190
55.5
15.2
0
0
0
0
0
0
0
48.6
104.1
117.4
49.5
96.4
181.9
199.3
199.3
187.7
224.3
303.3
281.2
303.3
342.7
470.2
459.9
455.1
380.7
292.4
162.6
19
0
0
0
0
0
0
0
45
86
131.2
168.1
12.9
0
0
37.6
107.7
135.8
116.9
150.2
201.1
340.2
371.6
270.3
192.6
199.2
153.6
162.4
196.2
193.8
231.3
233.8
122.1
71.3
92.5
67.3
138.3
174
333.3
439.7
529.8
464.8
434.7
334.6
393.8
406.3
331.2
252
159
169.7
162.5
65.5
62.2
93.2
332.3
379.7
492.2
544.2
577.6
575.4
391.8
320.9
349.5
362
360.4
290.3
268.6
279.7
217.2
277.2
359.2
359.1
352.2
460.5
519.9
511.9
390.1
409.3
415.9
425.6
422.4
398
503.7
512
155.7
121.3
142.7
149.8
183.5
199.3
247.4
221.7
266
279.6
296.7
279.7
251.8
250.5
200
189.2
56.5
32.8
95.2
199.8
200.8
202.8
182.7
194.1
107.9
178.9
163.8
176.8
183.7
140.9
149.5
193.1
236
232.8
302.9
299.8
274.1
253.4
204.8
98.9
70.9
31.6
99.7
43.8
0
0
0
0
0
0
0
0
0
0
0
0
0
0
0
0
0
0
0
0
0
0
0
16.1
14.8
19.9
61.8
79.7
115.7
157.9
153.8
153.8
153.8
153.8
153.8
122.7
104
19.5
31.7
0
0
0
0
0
0
0
93.7
108.6
79.7
76.6
59.8
59.8
59.8
59.8
72.4
99.8
99.8
99.8
66.4
99.2
126.4
72.8
109.6
75.9
15.8
35
0
0
0
0
0
0
0
0
0
0
0
0
0
0
0
0
0
24.1
29.9
48.3
79.7
94.1
127.7
199.7
192.2
152.1
156.7
63.3
133.3
188
36.2
0
0
49.8
16.2
0
0
0
0
0
0
0
0
0
0
0
0
0
0
0
0
0
0
0
0
0
0
0
0
0
0
0
0
0
0
0
0
0
0
0
0
0
0
0
0
0
0
0
0
6.1
7.4
0
95.3
74.3
49.8
49.8
21.4
19.9
0
0
75.9
49.8
0
0
0
0
0
0
0
0
0
0
0
0
0
0
0
112.7
128.2
49
29.1
0
0
0
0
0
0
0
0
0
0
0
0
0
0
0
0
0
0
0
116.3
133
129.6
120.6
94.9
32.6
0
0
0
0
0
0
0
0
0
0
0
0
0
0
0
0
0
0
0
0
0
0
0
0
0
118.6
200.9
359.1
442.1
404.4
458
389.7
159.6
75.1
0
0
0
0
0
0
0
0
0
0
0
0
0
0
0
0
0
0
0
0
0
0
0
0
0
0
0
0
0
0
0
0
147.4
184.3
109.7
72.5
31.9
0
79.6
165.2
80.2
81.9
0
0
0
0
0
0
0
0
0
0
0
0
0
0
0
0
0
0
0
81
154.3
283
337.2
262.5
263.9
259.9
206.3
220
144.5
16.9
0
0
0
0
0
0
0
0
0
0
0
0
0
0
0
0
0
0
0
0
0
0
0
0
0
0
0
0
0
0
0
0
0
0
80.3
231.8
331.7
411.4
399
361.8
438.6
379.2
265.7
93.1
0
0
0
0
0
0
0
0
0
0
0
0
0
15.3
29.9
1
33.6
41.8
90.8
139.2
170
181.9
110.7
66.1
6.8
0
0
0
0
0
31.2
109.6
101.2
24.7
0
0
0
0
0
0
0
0
0
0
0
0
0
0
0
0
0
0
0
0
0
0
0
0
0
0
0
0
0
0
0
39.7
24.7
137.8
251.7
297.6
369.4
386.7
310.5
264.5
243.5
151.6
69.9
69.9
110.7
229.2
335.8
328.9
349.2
338.8
188.8
89.1
79.9
64.9
66.5
86.5
35.7
0
0
0
0
0
0
0
0
0
0
0
0
0
0
0
0
0
0
0
0
0
0
0
0
0
0
44.7
23.4
0
0
0
0
0
0
0
0
109.6
113.5
62.5
101.4
101.9
185.3
192.3
179.2
149.5
149.5
149.5
77.2
0
0
0
0
0
0
0
0
0
0
0
0
0
0
0
0
0
0
124.1
230.9
246.3
157.5
0
0
0
0
0
0
0
12.5
137.7
205.6
214.5
231.1
188.1
121.1
71.3
47.8
0
0
0
46.5
44.9
38.7
49.8
28
0
0
0
0
30.5
84.7
215
395.5
448.3
463.7
504.3
428.9
347.9
195.2
204.8
210.8
166.8
225.6
161.9
170
159.8
133.9
132.9
104
97.2
72.8
0
0
0
0
0
0
0
0
0
0
0
0
91
179.5
173.1
144.6
104.3
4
0
0
86.8
99.7
61.7
128.9
145.4
232
228.6
176.3
113.9
14
29.9
62
113.4
88
89.8
0
0
0
0
0
0
0
0
0
0
0
0
0
0
0
9.6
54.7
88.7
17.9
95.3
110.2
131.3
200.6
149.5
59.5
29.9
29.9
18
0
0
0
0
0
0
0
45.5
57.8
102.5
137.4
187
249.5
249.5
249.5
249.5
257.5
222.4
195.1
214.3
168.5
38.3
0
0
0
0
0
0
0
66.5
165.8
286.9
124
142.4
149.8
149.5
149.5
149.5
115.2
101.7
79.7
79.7
31.8
0
0
38.3
49.9
87.9
15.9
159.1
159.5
219
176.6
152.5
128.7
129.7
147.6
147.8
194
219.5
219.5
257.4
339.4
331.4
282.4
171.8
61
43.3
99.7
127.3
149.5
149.5
191.8
241.7
28.3
0
0
0
0
0
0
0
56.2
95.8
81.3
7.5
0
0
0
0
0
0
0
12.2
16.5
0
0
0
0
0
0
0
0
0
0
0
0
0
0
0
0
0
0
0
0
0
0
0
0
0
0
0
32.3
49.8
17.1
78.1
79.9
37.9
0
0
0
0
0
0
0
0
0
0
0
0
0
0
0
200.1
401
406.5
94.6
67.7
29.9
60.6
96.1
84.9
30
4.6
0
0
0
0
0
0
0
22.8
11.6
35.9
18.8
111.8
112.5
158.5
100.8
127.5
0
0
0
0
0
0
0
0
0
0
0
0
0
0
0
0
0
0
0
0
0
35.1
26.9
22.5
0
0
0
0
0
0
0
0
0
0
0
0
0
0
0
0
0
0
0
0
0
60.8
116.6
61
0
0
25.5
49.9
108.2
175.3
169.1
194.8
288.4
308.7
222.2
192
161.3
85.3
49.8
49.9
49.8
49.8
13.2
0
12.5
0
0
35.3
0
0
0
0
0
0
28.1
12
0
53.6
90.4
99.8
91.6
112.2
96.8
0
71.1
44.4
0
0
0
0
0
0
50.8
109.6
109.8
109.8
96.7
98.8
60.7
129.2
69.5
83.9
113.8
192.6
232
366
323.4
244
86.6
182.5
38.6
0
0
0
0
0
0
0
0
0
0
0
0
44.9
54.8
0
69.8
69.9
6.6
0
0
0
0
0
0
0
0
0
0
0
89.9
34.1
59.9
59.8
43.4
19.4
19.5
42.4
79.9
113.6
142.8
74.7
0
49.9
56.2
12
0
0
0
0
0
31.9
115.4
172.7
195.8
229.9
239.9
239.9
239.9
255.8
225
113.6
142.6
208.6
264.8
247.5
182.3
171
116.4
54.2
0
0
0
0
0
165.4
308.2
414.7
173.2
159.5
159.7
159.7
159.7
171.4
181.6
80.3
66.9
12.5
5
0
0
0
0
0
0
0
0
0
0
6.1
23.5
0
0
0
21.6
73.7
79.9
79.9
53.2
44.6
59.9
59.9
2.4
0
0
0
0
0
0
0
0
11.2
81.7
163.3
115.6
82.9
0.8
0
0
0
0
0
0
32.2
91.3
81.1
14
0
0
0
0
0
0
0
0
0
0
0
0
0
0
0
0
0
0
0
0
0
0
0
0
0
0
0
0
0
0
0
0
0
0
0
49.9
30.7
0
0
0
0
0
0
11.1
0
0
0
0
0
0
0
0
0
0
0
0
0
0
0
0
0
0
0
0
0
0
0
0
38.9
70.7
0
0
0
0
0
0
0
0
0
0
0
0
0
0
0
0
0
0
0
0
0
0
0
0
0
0
0
0
0
0
0
0
0
0
0
0
0
0
0
0
0
0
0
0
68.8
60.3
0
0
52.9
119.8
119.8
119.8
119.8
94.6
69.9
31.8
0
0
62
33.8
81.6
87.3
74.6
64.8
147.3
124.2
107.4
111.8
127.9
88.3
55.3
62
146.9
235
307.2
386
365.5
332
343.1
429.7
339.9
300
193.2
248.1
309
291.8
174.4
28.5
10.7
12.8
0.8
0
49.4
18.5
0
0
0
0
0
0
0
0
0
0
0
0
0
0
78.8
76.2
69.9
92.3
88.7
109.7
92.1
71.3
18.8
33.3
0
3.8
0
0
0
17.1
42.4
12.2
4.5
0
0
0
12.9
26.9
36.9
54
39.8
76.1
139.9
139.9
139.8
139.9
129.9
59.9
81.9
75.4
22.5
30
18.6
0
0
0
0
0
0
0
0
0
0
0
0
0
35.4
59.8
69.8
30.5
22.9
11
0
25.2
0
0
0
0
99.7
118
139.7
198.2
311.6
386.9
478.1
372.5
357.8
409.5
427.5
55.4
0
0
0
0
0
0
0
0
15.2
39.9
55.3
79.7
69
0
0
0
0
0
0
0
64.9
59.8
24.7
49.6
59.8
59.8
59.8
57.3
24.5
0
0
0
0
0
0
0
0
0
0
0
38.9
80.8
120
72.1
93.9
55.3
6.4
0
34.2
39.9
39.9
39.9
39.9
14.8
0
0.6
0
0
0
20.7
67.2
109.5
119.8
98.6
87
119.8
94.4
28.8
67
43.4
39.9
72.5
91
80
80
70
45.4
59.9
65.9
89.5
99.8
107.3
167.8
190.8
183.9
183.7
183.9
183.9
218.4
217.8
168.4
133.9
76.9
30.9
66
80.8
69.8
70.2
109.5
109.8
22.6
0
0
0
0
0
0
0
69.9
79.9
92.9
79.1
0
0
98.7
65.7
162.5
349.6
313.7
104
91.2
63.7
59.9
59.9
87.1
78.4
65.8
159.4
179.7
123.8
0
0
0
0
0
0
0
0
0
0
119.5
190.1
139.7
151.7
116
119.9
103.6
72.5
51.2
11.5
0
0
0
56.6
30
86.7
199.7
207.8
179.8
225.2
270.9
273.2
320.6
259
228
138
171.5
156.9
116.8
74.7
60
79.3
77.5
51
27.7
28.4
49.9
65.1
30.5
7.4
11.7
0
0
0
0
10.1
39
0
25.3
123.3
139.5
107.7
69.9
69.9
70
138.5
137.9
68
57.6
156
240
303.9
331.6
305
240.1
207
197
39.5
3.5
0
0
0
0
14.2
36.6
0
0
0
0
0
0
0
0
23.7
39.9
39.9
21.4
37.5
68.3
112.8
128.3
148
330.6
406
282.2
130.8
0
0
0
0
0
0
0
0
0
0
0
34
39.9
39.9
32.2
9.1
37
39.9
79.1
99.8
149.4
105.1
31.8
0
0
1.1
35.9
0
0
0
0
0
0
0
0
7.2
56.6
97.9
131.6
139.8
157.3
170
222.5
232.1
250
246.3
172
80.1
61.2
26.8
34.8
0
0
0
0
0
0
0
0
0
0
0
0
0
0
0
0
0
0
0
0
0
0
58.9
69.9
69.9
44.1
25.1
20
20
56.3
8.3
0
12.5
8.6
26.4
0
0
0
0
0
0
0
0
0
0
0
0
0
59.7
68
52.9
47.5
59.9
80.6
39.7
0
49.9
68.9
72.4
67.1
72.3
126.1
295.6
358.8
320.3
350
256.7
242.9
130.7
0
56.7
0
0
0
0
0
0
0
0
0
0
0
0.8
0
0
0
0
0
0
15.5
107.7
209.1
165
47.9
0
0
43.5
55.6
49.9
43.4
33.4
46.9
30
59.1
133
134.9
160.5
114
121.2
140
125.1
77
42.9
7.3
70.7
162.9
163.1
94.6
149.8
134
0
0
0
0
0
0
0
0
0
0
0
0
0
0
44.3
156.3
35.5
0
0
0
0
0
0
0
0
0
0
0
0
0
0
0
0
0
0
62.8
246.1
332.4
433.1
399
308.3
349
358.7
394.3
387.9
348.5
330.9
282.4
0.6
0
0
0
0
0
0
21.8
53.2
30
22.7
0
31.2
50.8
136.6
108
119.8
125.2
166.9
175
131.3
69.4
98.4
60
15.6
53
59.9
59.9
49.8
49.9
97.8
126.3
75.1
76.3
114.2
109.8
136.9
208.5
219.1
262.1
262.5
270
240.6
245.8
237.4
119.8
80.4
119.8
79.4
77.1
69.9
69.9
52.4
0
0
0
0
0
0
0
8.9
75
32.6
68.5
39.9
39.9
2.6
11.2
0
0
39.5
39.9
39.9
43
69.9
69.9
101.1
0
40.9
32.5
25.9
76.2
72.4
25.2
102.1
70
84.5
0
0
0
0
0
39.9
0
56.9
56.5
42
81.9
97.4
94.7
88.8
108.8
118.7
124.9
115.5
118.2
139.1
148
113.2
122
106.5
100
90.1
79.3
40.1
28.8
56.1
20.4
0
0
0
0
0
0
0
0
0
0
0
0
0
0
0
0
0
0
0
0
0
0
0
0
0
0
0
0
0
0
0
0
22
59.5
51.2
0
20
0
0
0
0
0
0
3
58.7
79.9
86
76.3
147
130.2
104.3
119
149.8
149.8
149.8
89.5
169.1
73.2
92.5
70.3
88.5
81.9
48
18.1
121.3
129.9
73.4
84.1
89.7
123.2
129.8
146.1
149.7
126.9
0
0
0
0
0
0
0
0
0
0
0
0
0
0
0
59.7
0
0
0
24.9
30
28.7
99.4
85.7
76.9
71.2
39.9
23.5
2.4
14.9
23.8
97.8
75.9
98.4
132.5
109.1
0
0
0
0
0
0
0
0
0
0
0
0
126.6
134.8
129.9
129.9
128
34
22.3
112
54
102
113.8
93.4
67.3
32.8
0
0
0
0
0
0
0
0
132.8
128.8
99.8
72.6
69.9
69.9
69.9
61.2
30
20.6
49.9
49.9
106.7
125.9
126
90
30
30
30
100.7
116.9
59.9
116.3
108.3
89.9
135.2
133.4
122.7
79.9
79.9
77.2
39.9
1.7
0
0
0
0
0
0
0
0
37.9
49.9
58.8
81.4
30
53.3
60
125.7
139.3
121.5
105.7
97.9
76
59.9
59.9
59.9
165.4
145.8
178.2
229
254
249.5
205.8
224.3
187
169.7
169.7
169.4
164.9
154.7
179.7
179.4
179.7
203.8
252.4
188
188
224.6
181.2
98.2
177.5
353.4
340.4
212.9
286
316.5
285.8
299.8
243.6
219.8
175.4
148.9
52.4
69.5
52.1
26.3
0
0
0
0
21.5
125.1
129.8
124.5
157.1
27.9
20.8
159.1
304.6
438.2
506.1
460.7
378
117.9
0
0
0
7.6
186.1
253.8
238.3
117.3
23.8
20
5.8
0
0
0
4.8
0
0
0
0
0
0
0
0
0
0
0
0
0
0
0
0
94.4
148
60.1
79.7
99.4
67.6
49.9
97.6
74.6
69.4
87.1
162.6
179.7
179.8
130.8
121.4
141.9
142.5
157.2
89.9
79.9
75.5
53.1
18.8
0
0
0
0
0
0
0
0
0
0
0
0
0
0
0
0
63.5
55.9
43.9
11.8
10
0
0
0
0
0
0
0
0
0
0
0
0
0
0
0
0
0
0
0
0
0
49.9
30.7
30
0.4
0
0
0
0
0
0
0
0
21.6
68.3
17.7
5.7
6.3
0
0
0
0
0
0
0
0
0
0
0
0
0
0
0
0
0
0
0
0
0
0
0
0
0
0
0
0
0
0
0
0
0
0
40
29.4
3.7
0
0
0
0
0
0
70.1
131.1
227
233.9
289.4
290
237.7
104.3
0.3
0
0
0
0
0
0
32.7
39.9
39.9
222.9
337.8
435.9
450
450
537.5
589.1
570.2
514.2
477.9
353.2
171.8
99.7
23.2
16.6
0
0
0
0
0
0
0
0
0
32.7
129.5
132.9
167.1
212.9
258
257
223.6
162.6
144.3
171.8
117.7
0
0
0
0
0
0
0
0
0
0
0
0
18.6
9
54.7
154.6
208
311.1
399.2
423.7
536.3
605.4
524.2
501.7
274.8
202.6
182.2
170.6
176
131.4
120
79.5
33.2
84.7
110.1
162.1
150.3
72
65.6
68.9
147.8
149.8
121.5
72.1
85.4
139.5
102.1
79.7
56.5
0
2.8
122.1
132.7
164.6
220
33.1
0
53.1
209.8
228
152.8
99.7
139.3
178.9
209.3
180.7
82
205.9
225.7
319.3
298
259.6
157.9
113.4
89.6
0
0
0
0
0
0
0
0
0
100.3
140.6
119.6
134.7
148.5
164.8
92.1
134.5
66.9
157.9
224.1
263.8
234.5
219.9
219.9
193.8
170.1
127.4
70
56.6
181.8
322.4
413.6
361.7
31.6
0
0
0
0
14.8
0
0
0
0
0
0
0
0
0
0
0
0
0
0
0
0
0
0
73.9
66.6
83.2
79.9
72.4
112.7
124.8
135.8
153.8
153.8
166.2
196.7
280.4
348.3
506.3
605.1
694
729.6
695.9
608.8
558.2
451.7
353.7
218.5
0
0
0
0
0
0
0
0
0
0
0
0
0
0
0
0
0
0
0
0
0
0
0
0
0
18.2
0
15.1
61.4
69.8
69.8
31.7
4.8
0
0
36.1
86.1
140
176
144
35.9
42.8
83.4
56
23.4
39.5
21.5
19.9
4.2
0
0
0
0
0
0
0
0
0
0
48.6
136.4
159.5
162.4
200.6
124.5
168.8
158.2
72.1
58.7
36.8
2.5
0
0
0
0
19.3
0
0
0
29.2
94.6
99.8
99.7
120.8
73.5
112.1
56.1
53.9
20.8
6
112.7
143.6
192.1
203.8
206.6
254.2
42.7
56.5
89.7
89.7
112
103.9
72.5
153.8
143.6
199.3
225.8
229.9
181
128.3
56.4
120
62.5
109.8
105.2
99.8
110.9
150.7
160.3
189.1
16
30.8
19.9
5.3
0
0
0
65.3
40.5
3.8
0
0
5.4
67.5
31.4
0
0
0
0
0
0
0
0
0
55.4
90.2
67.5
100
111.2
146.7
112
87.1
0
0
0.9
50.8
73
0
0
0
0
0
0
0
0
0
12.9
87
19.6
0
0
17.9
37
2.4
6.9
0
0
0
0
0
0
0
0
0
0
0
26.3
63.6
117.6
94.1
0
0
96.8
88
168.5
229.1
248.4
249.3
297.2
362.3
448
530.6
575.8
623.5
637.2
682.2
695.7
538
407.6
310.6
182.7
66.2
119.7
176.8
208.1
199.6
0
7.4
29.9
29.9
17.9
0
0
0
0
0
0
0
0
0
0
0
0
0
0
0
0
0
0
0
0
0
0
0
0
0
0
0
0
0
0
0
0
0
0
0
0
0
0
0
0
0
0
0
0
13.7
4.7
0
0
0
0
0
13.8
0
9.1
78.2
123.8
178.1
158
211
22.4
0
0
0
60.5
113.4
142.7
198.4
324.5
349.5
349.5
312.3
248.8
192
105
75.2
0
0
0
0
0
0
0
0
0
0
0
0
0
0
0
0
23.6
28.2
19.9
47.8
13.6
0
10.4
39.4
0
0
13.1
0.4
76.3
184.7
262
220.4
81.3
13.6
0
0
0
40.8
78.6
127.3
75.1
37.6
6.2
54.9
133.6
139.5
109.8
71.9
0
0
0
0
0
0
0
0
0
0
0
0
0
0
0
0
271.4
296
201.5
177.9
158.8
126
109.3
168.2
128.6
148.3
166.3
159.5
142.5
81.6
38.9
0
0
0
0
0
0
0
0
0
0
13.2
55.2
99.3
129.2
181.2
174.9
108.8
71.9
48
29.9
30
56.8
70.8
149.7
187.8
176.7
132.8
187.8
187.7
154.7
99.7
139
165.6
97.5
139.5
129.7
109.6
99.7
99.8
14.9
0
0
0
0
3.2
66.9
0
19.6
97.6
106.2
155.5
253.5
328.8
341.3
395.7
399.8
345.3
190.9
122.4
139.5
139.5
139.8
131
154.8
193.3
179.7
196.3
183.5
189.9
199.1
218.3
272.5
198.6
139.9
110.7
139.9
176.7
266.4
214.4
231.2
283.9
194.9
170.9
173.8
175.6
238.6
207.8
181.7
198
277.3
279
257.5
283.3
332.7
359.8
276.6
31.5
0
0
0
0
89.8
130.9
139.5
129.2
71.7
50
50
50
65.5
63.6
77.6
0
0
0
0
0
0
0
0
0
0
0
0
0
0
0
0
0
98.6
92.7
66.6
40.2
40.1
0
0
0
0
0
0
0
0
0
0
0
54.1
49.9
17.4
0
0
0
0
0
0
0
0
0
0
0
0
8.4
0
0
0
0
43.7
53
98.9
116.5
124.5
149.5
212.2
199.7
197.3
179.7
108.1
119.8
48.1
51.2
73.4
62.4
106.7
74.2
95.9
122
122.1
110
99.9
79
5.9
0
29.2
101.1
149.4
139.3
214.5
106.1
72
21.5
3.5
12.7
0
0
0
0
0
0
0
0
0
0
0
0
0
0
0
0
0
0
0
0
0
0
0
0
0
30.1
41.6
50.1
50.2
0
0
0
0
0
0
0
0
0
0
0
0
0
0
0
0
0
0
37.3
8.3
11.7
0
15
81.2
70.7
64.9
137.2
133.5
90.4
49.4
0
0
47
92.7
33.1
7.4
42.7
39.9
39.9
64
108.6
119.9
114.3
101
49
26.8
39.9
70.8
35.1
26.8
0
0
0
0
0
0
0
0
0
0
0
0
0
0
0
0
0
0
0
0
0
0
0
0
0
0
0
0
0
0
0
0
0
0
0
0
0
0
0
0
0
0
0
0
0
27.3
49.8
60.6
49.8
103.8
81.4
95.6
129
139.5
145.8
159.5
159.5
126.5
149.6
153.1
127.3
96.8
109.8
109.8
79.4
48.5
43.7
33.7
29.9
75.9
82.1
69.8
53.6
0.7
24.2
30.2
2.8
3.8
0
0
0
3.6
2.1
43.6
39.1
39.8
15.1
0
46.2
28
19.9
16.5
0
0
0
0
0
20
0
0
0
28.4
62.4
37.6
0
0
0
9.5
19.9
19.9
30.3
41
75.5
63.6
71.1
78.7
99.7
99.7
99.7
70.4
53.4
40.8
32.4
31.5
21.9
90.5
178.6
219.1
195.4
141.3
129.3
139.8
92.3
69.8
89.9
99.7
175.7
136.5
112.3
77.3
69.8
91.5
79.2
38.7
0
0
46.6
13
0
78.2
211.8
235.8
195.7
150.9
88
93.1
102.8
128.9
139.4
125.9
133
69.8
65.7
40.7
0
0
0
0
0
0
0
0
0
0
0
8.6
0
0
0
0
0
0
0
0
0
123.6
204.7
213.6
198.8
166.8
134
80.4
0
0
0
0
0
0
0
0
6.3
0
21.7
107.1
169.7
169.7
173.3
212.1
201
83.1
117.2
111.6
62
37.7
6.1
0
0
0
0
0
0
42.9
82.3
131.1
66.5
117.5
154.2
205.9
280.6
310.8
317.6
249.6
221.2
155.8
201.1
176.4
176.2
173.9
119.6
99.8
124.8
129.8
137.3
170
148.8
159.9
166.4
279.7
270.6
270.7
357.4
332.5
377.8
305.5
190.4
102.5
57.5
0
0
0
0
0
0
0
0
0
0
0
0
0
0
0
0
0
0
0
0
0
0
0
0
54
0
0
0
0
0
0
0
57.9
156.5
139.5
105.6
49.1
0
17.3
0
0
32.1
69.7
42.4
23.1
20.2
29.9
0
0
24.5
19.5
30
30
16.1
0
0
0
0
0
0
0
0
0
0
0
0
0
0
0
0
0
0
0
6.5
26.4
65.7
95.2
100.9
97.8
0
0
0
0
0
0
0
0
0
0
0
0
0
0
104.3
198.6
163.2
7
0
0
0
0
0
0
0
0
0
0
0
0
0
0
0
0
0
0
0
17.3
0
21
0
0
0
0
0
0
0
0
0
0
0
0
0
0
0
0
0
9.9
37.8
68.6
82.1
85.7
55.8
12.4
0
0
0
0
0
0
0
0
0
0
0
0
0
0
0
0
0
0
0
0
0
0
0
7.4
13.4
0
0
0
0
0
0
0
0
0
0
0
0
0
50.9
49.6
64.3
0
0
0
0
0
0
0
0
0
0
0
0
0
0
0
0
0
0
0
0
0
0
0
0
0
0
0
0
0
0
0
0
0
0
0
52.7
104.5
125.8
33.3
0
0
0
0
0
0
0
0
0
0
0
0
0
0
0
0
0
0
0
0
0
0
0
0
0
0
0
0
0
0
0
0
0
0
0
0
0
0
19.9
100.6
112.8
99.5
127.9
169.8
169.8
165.3
101.5
61.7
9.1
11.7
0
0
0
0
0
0
0
0
0
0
0
0
45.4
143.2
190
144.9
139.6
99.5
99.7
112.4
119.6
119.6
119.6
126.2
165.9
187.8
194.3
154.7
139.5
151.6
136.6
114
152.1
193.6
146.2
171.4
205.2
170.1
196.8
84.6
49.8
60.3
69.7
69.8
69.7
69.8
69.8
69.8
69.8
69.8
76.5
109.6
109.5
165.5
177.4
135.6
143.9
178.7
169.4
159.7
149.5
165.7
172.1
135.9
119.6
119.6
119.6
119.6
119.6
114.8
87.1
147.5
150.9
109.6
109.6
112.5
159.1
165.7
189.4
189.4
213.8
189.6
189.7
180.3
153.3
129.9
136.2
85.2
89.6
89.7
89.7
89.7
89.1
47.7
50.1
88
148.5
196.5
245.8
341
417.3
428.5
437.1
306.3
273.5
269.7
247.2
203.2
169.9
139.7
124.2
79.6
79.7
60.5
59.8
70.4
70
59.7
62.5
55
16.2
70.6
86.2
139.9
147.7
166.1
177.5
77.3
99.5
99
96.7
71.2
109.5
129.6
128.6
118.5
83.6
73.7
99.7
99.5
85.9
64.3
0
0
2.5
12.7
10.1
39.8
102.8
101
99.8
94.8
76
70.8
82.1
122.3
94.2
146
77.4
57
79.7
79.7
79.6
79.7
83.4
51.2
35.2
0.1
0
1.9
21.3
20.9
19.9
19.9
8.5
0
19.4
101.7
130
180.9
164.6
109
76.1
96.7
59.9
36.9
59.8
59.7
59.8
51.4
51.4
54.9
81.3
99.8
99.7
112.2
138.3
160.9
103
14.9
0
3.4
22.3
41.3
91.4
87.1
18.1
19.9
19.9
19.9
19.9
19.9
43.9
49.8
49.8
26.2
54.7
70
88
127.5
168.3
225
246.1
294.6
283.7
248.6
219.3
251.9
315.5
327.1
263.1
108.7
123.5
90.7
59.9
39.8
11.3
0
0
0
0
16.2
12
3
30.2
19.3
0
0
0
0
0
54.9
167
262.5
147.1
86.8
43.7
16.8
10
42
49.8
77.3
23.3
140.2
124.3
146.3
131.2
118.3
190.3
66.1
0
0
0
29.9
47.7
82.3
81.1
105.9
89.7
79.9
56.9
49.8
49.8
49.8
49.8
68.5
68.7
37.1
27.5
70.6
59.4
90.9
92.4
41.9
67.6
0
0
0
0
0
0
0
36.8
51.2
0
0
0
0
0
21.7
17.6
0
0
6
39.8
0
0
0
0
0
0
0
7.4
0
0
0
2.4
0
0
0
0
0
0
0
0
0
0
0
0
0
0
0
0
0
0
0
0
0
0
0
0
0
0
0
0
0
26.9
29.9
25.4
29.6
50.6
109.8
114.5
89.4
89.2
89.4
120
63.2
0
0
0
0
0
0
0
0
0
0
0
0
0
0
0
0
0
0
0
0
0
32.3
0
0
45.4
0
0
0
0
0
0
22.8
99.7
129.8
139.5
139.3
186.3
210.8
347.1
106.8
14.7
67.8
113.5
159.5
180.3
98.6
61
25.3
53.2
11.7
33.7
121.1
240.4
272.1
264.8
131.1
288.8
253.7
271.8
301.8
347.1
279
221.6
241.3
223.2
202.5
269.3
361.1
328.1
264.5
254.7
172.4
164.5
135.5
106
185.6
298.1
314.4
220.4
78.4
113
100.5
81.4
0
69.2
7.7
56.1
34.6
0
100
124.4
66.9
89.8
40.6
35
54.6
92.6
68.7
25.7
168.5
212.7
180.9
107.3
34.7
19.9
19.9
19.9
39.3
94.3
95.9
92.5
117.7
158.2
212.9
249.1
215.9
224.8
197.4
169.5
194.5
201.7
203.4
234.6
187.1
172.7
196.8
196.7
59.8
59.8
59.7
21.3
0
0
25.2
67.8
152.3
275.8
298
298
298
257.6
297.8
256.9
248
248.7
254.5
81.8
103.3
129.3
133.1
71.5
0
0
0
0
0
0
0
0
0
0
0
0
0
0
0
0
0
0
0
0
0
37.3
69.8
82.9
13.6
49.2
49.8
49.8
49.8
53.6
90.4
49.8
49.8
49.8
49.8
46.9
0
0
0
0
0
0
0
0
0
36.6
28.4
34.6
0
0
39
39.8
39.9
39.9
39.8
128.1
203.7
219.9
325.8
452.6
478.2
498.8
436.7
445.5
321.8
290.5
201.1
236.1
248.2
249.3
164.8
96.1
27.8
39
10
10
10
29.6
86.8
99.5
112.6
82.3
127.9
139.5
185.2
229.9
189.3
140.8
95.3
95.4
109.5
105.6
79.7
159
211.1
149.3
152.8
179.4
187
180.4
170.3
181.5
130.4
124.4
127.8
120.7
64.9
67.8
134.8
185.4
107
111.8
24
0
0
0
0
0
0
0
0
0
0
0
0
10.2
0
1.8
0
0
0
0
44.3
44.1
119.4
124.3
52.9
0
0
0
0
29.3
49.8
49.3
61.9
103.4
69.5
58.1
49.8
49.8
23.9
0
0
0
0
0
0
0
0
0
0
0
0
0
0
0
38.1
0
0
0
0
15.5
29.9
31.5
49.8
59.7
57.3
33.3
33.7
40
47.5
76.3
70
55.3
32
61.7
56.1
47.7
16.6
0
0
0
192.8
251.7
238
251.7
224.6
181
179.7
148.8
151.3
108.2
0
0
0
0
0
0
0
0
0
0
0
23.4
69.8
29.1
94.9
125.8
125.8
125.8
126.5
126.6
119.6
103.4
31.3
38.6
41.4
11.3
12.1
92.2
79.7
55.4
59.7
0
0
0
0
4.7
0
0
68.5
54.5
39.8
39.9
51
59.7
53.3
14.2
24.6
0
0
0
0
0
1.8
0
0
0
0
0
85.5
233.7
216.7
172.6
144.8
105.6
112.2
199.7
199.7
222.2
162.2
164.6
116.5
35.6
81
158.7
174.2
175.5
138.8
129.4
129.4
115.1
120.3
172.1
254.5
348.8
290.1
248.1
137.2
112.8
119.6
180.8
269.7
277.5
193.4
195.8
337
435.4
351.6
245.4
158.9
87.5
79.7
92.1
149.7
197.3
179
226.8
310.7
329.4
329.4
254.2
201.5
170.3
139.9
76.9
108.2
148.6
83.2
146.7
92.9
63.9
40.3
59.4
65.4
84.9
58.1
46.7
101.4
32.1
0
19.4
40.6
54.9
77.1
93.7
102.3
96.1
79.8
77.7
79.6
91
52.2
45.1
125.4
135.2
145.8
191.5
225.2
206.3
82
67
126
139.5
156.8
235
384.4
367.2
369.9
253.1
16
89.8
150
193.3
265.1
305.7
305.3
240.2
251
166.9
222.7
253.2
306.9
310.5
344
330.6
244.9
78.3
0
0
23.6
88.2
58.2
40.1
0
0
0
0
0
30.9
70.9
88.5
7.8
0
5.2
69.7
178.7
226.3
162.7
207.6
156.5
82.1
125.9
130
139.5
148
130
80.1
113.1
159.5
159.3
159.3
147.9
110.7
89.6
69.5
11.5
0
9.5
0
0
0
0
4
0
0
0
18.2
71.1
71
26.7
19.2
29.9
29.9
29.9
29.9
29.9
29.9
52.4
0
0
0
0
0
0
0
0
0
0
0
0
0
0
0
0
0
0
0
0
0
0
0
0
0
0
0
0
0
0
0
0
0
0
0
0
0
0
41.7
82
79.2
63
79.6
61.8
59.8
32.5
20.5
50.4
0
0
0
0
0
0
0
0
0
0
0
0
0
5.3
122.9
182.6
178.9
110.7
79.7
79.6
79.6
79.7
92.6
92.3
91.5
90.4
109.8
159.8
159.8
142.3
139.2
182.2
200
221.6
157.1
184.3
207.5
261.1
262.2
224.7
157.8
48.9
0
0
0
0
0
0
0
0
0
11.7
61.9
88.9
134.3
136
113.8
95.8
175.9
214.7
280.9
308.8
153.9
9
0
0
0
0
0
0
0
0
0
0
0
0
0
0.2
6.5
44.5
50.1
93
80.6
86.6
124.6
172.2
177.4
134.9
81.2
43.3
59.8
59.8
74.5
71.7
24.7
70.7
21
99.6
52.1
49.8
49.8
54
14.2
0
0
0
0
0
0
19.1
34.1
63.5
13.8
39
29.9
29.9
37.4
30.8
0.3
98.5
72.5
110.9
107.1
126.3
53
0
0
0
0
0
6.6
10.2
0
0
0
0
19.7
53.1
59.8
59.8
59.7
59.8
77.7
142.7
78.6
134.7
118.1
109.1
68.7
77.8
96
91
44.8
24.6
24.5
49.4
0
1.6
0
0
0
0
0
0
0
108.9
180.2
265.9
354.6
359.8
375.2
331.1
194.4
14.1
0
0
0
0
130.5
246.6
342.9
432.4
460.8
397
364.7
0
73.7
113
50.7
21
30
8.8
0
0
0
0
0
0
0
0
0
0
67.4
155
161.5
197
139
122.3
173.3
121.6
176.9
124
148
134
115.8
91
60.6
113.6
64.8
16.5
0
0
0
0
39
20.1
0
0
0
48.6
52.5
0
8.6
41.1
83
89.7
95.6
119.6
119.6
149.6
86.8
136.7
56
0
0
0
0
0
0
0
0
0
1.8
67.1
49.8
74.8
75.1
69.3
69.7
69.7
63.5
31.1
16.3
97.2
107.6
95.9
131.9
190.5
150.8
78
43.4
12.5
0
0
140.5
123.6
179.3
210.6
156.8
122.7
36.1
47.4
0
0.2
0
0
0
7.4
31.9
0
3
54.8
66.5
116.2
81.5
80.6
76.2
74.1
67.1
94.7
89.7
136.2
110
112.5
97.5
66.3
0
0
27.6
66.8
121
189.6
125
43.2
110.7
188
306.2
250.5
281.7
271.5
262.9
279.9
259.4
239.6
245.3
255.4
271.4
299
263.4
0
0
0
0
0
0
64
112.9
67.7
10.8
4.9
0
0
33.5
0
0
0
0
0
0
0
0
0
0
29.7
106.1
99.8
116.5
123
141.1
191.2
157.3
80.7
87.5
83.9
58.7
36.4
0
0
0
0
0
0
0
0
0
0
0
23.5
0
29.3
15.5
29.7
0
9.4
17.3
67.3
128.9
66.8
0
0
0
0
0
0
0
0
0
0
0
0
0
0
0
0
0
0
0
0
0
0
33.9
64.4
82.1
0
74.3
79.6
79.7
38.6
36.7
70.6
160.4
198.5
189.7
189.4
67.6
136.3
58.8
29.2
0
0
0
27.1
53.6
25
81.4
10.1
0
7.1
14
0
0
0
0
14.3
74.2
149.5
138.8
77.7
5.2
78.2
150.9
190.7
155.9
156.8
185.7
259.7
251.6
161.7
162.1
179.4
168.4
126.3
98
49.8
49.8
0
49.8
95.5
228.3
275.9
350.2
301.1
238.3
134.3
183
205.3
234.6
286.4
366.9
314.1
372.1
368.5
352.5
292.2
206.9
127.9
163.1
180.1
139.5
96.1
82.5
82.5
74.8
34.6
102.4
151
99.9
0
0
0
0
0
0
0
0
0
0
0
0
0
0
0
0
0
0
0
0
0
0
0
0
0
0
17.2
69.8
69.7
69.8
113
144.6
115.2
176.9
193.6
138.2
74.5
0
0
0
0
0
0
0
0
0
0
0
47.7
39.8
9.9
0
0
0
0
0
0
0
0
0
0
0
0
0
0
0
0
30.2
33.7
134.8
129.6
87.5
56
59.8
8.5
0
0
0
0
17.4
120.2
201.9
219.4
42.7
0
49.8
49.8
57
181.8
157
237.2
201.3
33
25.9
87.8
47.2
58.9
108.6
89.9
92.4
100.8
85.2
34.6
79.7
44.8
69.8
69.8
54
8.1
56
76.3
26.8
4.9
0
36.5
61.5
10
0
91.4
16.4
55
44.7
0
0
0
0
132.7
199
161.3
186.5
189.4
183.2
256.3
379.8
499.8
489.4
397.6
278.6
231.7
200
124.7
130.4
130.2
79.7
65.2
51.1
39.8
38.2
19.9
28.2
45.4
86.4
19
0
21.2
29.9
78.7
181.9
308.1
230.2
166.6
176.8
311.6
289.2
263
218.3
192.4
205.7
154.3
99.7
74.2
69.7
75.6
105.8
112.2
118.1
119.1
95.4
142.7
109
75.8
34
0
2.5
32.5
30.3
74.8
68.2
56.7
0
0
0
0
0
0
0
0
0
0
0
0
0
0
0
0
0
0
0
0
0
0
0
0
0
0
0
0
0
0
0
0
0
0
12.8
25.6
40.3
150.6
80.7
7.7
5.4
99.7
99.7
99.5
53.8
61.6
127.2
95.4
59.8
59.7
50.7
0
0
0
0
44.2
49.8
43.5
92.8
25
7.9
55.3
75.1
118.3
208.3
223
171.6
103.9
0
0
0
19.5
0
0
0
0
0
9.8
18.5
0
0
0
0
0
0
0
10.2
138.2
199.3
168.7
156.2
154.9
34.1
0
116
191.7
219.7
123.1
139.8
51.1
79.7
97
82.1
47.2
29.9
0
0
0
0
0
0
0
38.8
111.2
102.4
80.8
135.1
124.7
307.1
292.2
310.9
243.6
252.4
46.7
72.9
69.8
69.8
90
76.2
54.9
78.3
58.5
0
27.2
0
92.9
127.4
96.5
87.5
94.8
77.3
148.9
122.2
117.6
56.3
47.5
54
1.7
30.9
39.9
39.9
37.3
37.5
3.2
0
0
0
0
0
0
0
0
0
0
0
0
0
0
0
0
6.3
46.3
1.2
29.9
29.9
29.9
0.7
0
30.9
35.7
22.4
39.8
39.9
39.9
46.3
79.1
56
77.5
61.5
89.6
139.1
83.6
27.4
32
23.8
30.1
0
0
0
0
0
0
0
0
32.8
77.8
79.7
73.3
84.9
112.2
100
130.6
216.2
267.4
247.4
91.5
0
0
0
0
0
0
0
0
0
0
0
0
0
0
11.3
0
0
0
0
0
0
34.1
32.1
27.5
72.7
137.8
93.8
25.4
134.7
192.7
150
84.1
42.5
0
0
0
0
0
0
0
0
0
0
0
0
0
0
0
0
0
0
0
0
0
0
0
0
48.5
25.3
0
0
0
0
0
49.8
23.3
0
2.5
75.4
49.4
0
0
0
0
0
4.1
25.6
0
0
0
0
0
0
0
0
0
0
0
0
0
0
0
37.5
39.9
0
0
0
0
0
76.1
73.3
65.4
90.9
106.8
119.6
89.5
27.5
108.8
141.8
142.4
172.5
180.8
64.3
0
0
0
0
64.3
97.3
0
0
0
0
0
0
0
0
0
0
1.7
0.9
0
0
0
1.7
0
0
0
0
0
0
18
0
0
0
0
0
0
0
22.2
39.9
39.9
39.9
39.9
20.6
10
0
0
52.4
83.1
77.3
0
0
0
0
0
0
0
0
0
0
0
0
0
0
0
0
0
0
0
0
0
0
0
49.8
49.8
0
17.9
50.2
24.2
0
0
0
0
0
0
0
0
0
0
0
0
0
0
0
0
0
0
0
0
0
29.8
11.1
96.6
197.3
148.7
114
68.4
119.6
35.7
0
0
0
0
0
28.9
0
0
0
0
0
0
0
0
0
0
0
82.7
10.5
0
0
0
0
80.3
89.6
16.4
0
0
0
0
0
0
0
0
0
167.5
276
375.9
341.9
278.1
225.1
191.6
14.6
2.6
0
17.4
62.4
29.9
29.9
48
77.4
68.1
37.2
0
0
6.3
49.4
61.3
0
0
0
0
0
0
63.6
105.5
0
0
0
0
0
0
0
0
0
0
0
0
0
0
0
0
0
0
0
0
45.9
68.9
0
0
0
0
0
0
0
6.8
134.7
149.5
128.7
83.1
51.1
55
109.5
97.9
79.8
74.3
74.7
36.2
22.8
66.4
79.7
56
100.6
220.8
165.6
101.1
85.7
82.3
4.3
1.1
0
0
0
0
0
48.4
49.9
49.4
41.4
23.3
0
106.4
175.9
113.9
47
0
0
21.5
0
16.5
0
0
0
35.7
0
6
0
0
0
0
0
0
0
0
0
0
0
0
0
0
0
0
0
0
0
50.6
41.8
198.2
157.5
169.8
169.8
184.8
192.2
239.5
175.8
101.8
69.3
0
0
0
0
0
0
0
0
0
0
0
0
0
0
0
0
0
0
0
0
0
0
0
0
0
0
0
0
0
0
0
0
57.2
0
0
0
20.3
0
106.3
251
271.2
284.3
282.8
245.9
229
250.8
222
168.6
177.3
162.9
137.7
124.9
160.1
150
182.6
220.3
253.9
267.3
220
40
140
176.2
9.7
0
79.7
94.9
159.1
153.8
107.7
69.3
148.2
148.8
129.4
166.2
179.4
179.1
190.9
179.8
209.7
203
183.7
21.7
32.2
0
0
0
160.8
227.5
288.2
12.4
0
5.7
54.3
89.6
144.5
169.9
5.5
0
0
0
0
81.8
165.9
412.8
218.3
53.6
67.1
34.4
0
0
3.4
0
37.5
37.2
65.5
156.8
356.3
461
399
457.3
225.1
72.8
0
0
0
9.5
94.8
155.2
51.2
5.7
5.8
0
0
0
0
0
0
0
0
0
0
0
0
0
0
0
0
0
16.6
141.9
234.4
396
421.5
392.6
448.9
521.7
560.1
479.5
200.2
159
154.5
201.5
179.7
203.1
44
0
0
0
0
0
0
0
26.9
89.4
165.8
278.2
329.8
452
593
499.2
363.5
297.3
285.6
241
163.3
57.5
41.5
122.5
184.1
83.6
0
51.6
162.3
206.6
258.4
229.8
212.9
217.8
220.3
263
168.9
151.4
110.4
34.5
45
0
0
0
0
0
0
0
0
0
0
0
0
0
0
0
0
38.2
61.9
243
210.6
176.2
222.3
154.3
158.6
152.3
0
0
0
0
0
0
16.3
0
0
61.3
19.9
19.9
19.9
61.1
133.9
115.6
195.2
179.4
117.8
39.8
39.9
20.5
56.5
162.9
0
0
0
0
0
0
0
0
0
0
0
0
0
0
0
0
70.1
175.8
134.2
72.4
97.5
141.2
178.5
147
99.7
98.2
107.7
80
61.1
42.7
79
126.7
38.3
44.3
27.1
79.6
92.5
89.4
44.3
0
0
39.1
0
0
0
0
71.9
0
65.8
99.7
99.7
81.2
24.4
0
0
0
0
0
0
0
68.9
21
24.8
40.7
68.7
96.2
26.3
63.7
52.1
84
2.6
17.9
131.2
179.4
179.4
179.4
136.4
119.6
91.4
0.8
0
0
0
0
0
0
0
16.8
0
0
0
0
0
0
0
0
0
29.9
29.9
12.4
0
0
0
0
0
0
0
0
0
0
15.8
19.9
0
0
0
0
0
0
0
0
65.3
119.4
119.4
144.9
177.9
190.5
115.2
70.7
8.1
10.6
68.6
49.3
0
68.3
86.4
175.9
229.7
272.7
158.8
79.7
82
144.8
125.5
62.3
59.2
12.2
33.9
0
0
0
0
0
0
0
0
17.2
61.9
174
332.3
346.6
380.8
290.8
182.4
162.3
218
195.5
195.5
178.3
179.4
179.4
146.4
99.7
99.7
87.4
54.5
21.6
0
77.8
151.8
253.7
283.7
336.9
415.8
362.4
294.2
270.1
269.8
301.1
393.6
337.2
348.9
307
105.3
0
0
0
0
94.9
112.4
71.1
89
143.6
159.1
127.6
40
17.4
60.1
64
31.5
58.7
37.8
13.3
61.2
71.2
81.9
173.9
119.6
85.3
79.6
79.7
79.6
60.2
42.3
0
0
0
0
0
0
0
0
0
0
0
0
0
0
64.2
99.7
88.1
16.4
35.1
35.4
21.4
9.8
0
0
0
0
0
0
0
0
0
0
0
0
0
0
0
0
0
0
0
0
0
0
0
0
0
0
0
0
0
0
0
0
0
0
0
0
0
0
0
0
0
0
0
0
0
0
0
0
51.7
100.9
162.1
162.3
258
315
425.9
417.2
412.9
282.1
124.6
117.1
45.3
43.6
115.2
124.2
100.4
50.7
160.1
132.9
99.2
50.9
45.5
20.2
0
6.4
19.4
0
25.5
49.8
50.3
193.2
269.9
328.8
415.5
494.8
525.3
426.3
227.4
62.5
0
0
0
0
0
0
0
0
0
0
0
0
0
0
0
0
0
0
0
0
0
0
0
0
0
0
0
0
0
0
0
0
0
38.4
0
0
0
0
0
0
0
0
0
14.9
0
0
0
0
0
0
0
118.9
156.1
149.3
149.3
149.5
134.5
117.4
55.7
2.7
0
0
0
0
0
0
0
7.1
18.4
37.9
21
30.1
2.2
0
35.2
0
0
0
0
0
0
0
0
0
0
53.4
106.8
160.4
147
182.2
171.4
87.5
56.7
0
0
120.6
234.9
234.5
175.9
208.4
240.6
200.4
168.4
100.3
57.2
50.1
2.9
38.7
0
10.5
45.7
77.9
64.5
57.1
0
0
0
0
0
0
0
0
0
0
0
0
0
0
0
0
0
0
0
0
0
154.6
316.7
381.8
497.4
599.6
499.3
449.1
303.8
211.1
144.5
150.1
72.3
79.6
123.6
126.3
86.2
60.9
6.5
0
0
0
0
0
0
0
0
0
0
0
0
0
0
0
3.4
0
0
0
0
0
0
0
0
0
0
0
0
0
0
0
0
0
0
0
0
0
0
0
32.7
202.8
292
249.2
351.6
354.7
323
255
162.7
113.2
72.4
120.6
136.9
170.1
123.7
90
91.7
49.8
24.2
61.5
92.2
57.1
13.3
9.5
29.1
18.3
61.8
29.9
14.1
0
0
9.4
0
0
0
33.7
0
0
0
0
0
0
0
0
0
0
0
21.5
20.1
0
2.9
74.3
79.6
92.6
138.5
179.3
149.8
113.2
110.7
156
143.7
213
229.1
284.2
369.7
404.7
379.2
373.4
316.3
259
248.8
294.8
354.6
355.4
313.3
69.2
15.8
20.4
37.4
0
0
0
0
0
0
16.1
39.8
24.5
123.6
241.8
313.7
345.7
374.8
344.8
185.8
289.9
474.3
512.5
468.9
28.9
46.3
49.8
49.8
59.6
99.7
67.2
0
0
0
0
0
28.8
0
0
0
99.5
50.5
31
11.4
0
141.3
169.5
142.1
79.7
79.7
79.7
79.7
79.7
50.9
0.1
0
46.4
18.4
2.1
19.9
19.9
43.9
59.8
134.2
177.8
235.9
215.6
198.7
254.7
233.4
224.1
219.8
127.5
183.5
201.8
201.8
176.1
152
65.1
50.6
1.2
0
0
45.7
79
112.4
99.9
117.6
50.2
39
0
15.5
102.6
133.1
174.2
181.2
0
0
0
48.5
107.7
183.2
82.2
66.3
0.3
0
0
0
0
0
57.8
11.9
4.6
20
0
0
34.6
82.1
208.8
129.2
2.6
0
0
0
0
0
0
0
0
0
0
0
0
10.9
0
0
84.5
30.8
0
0
14.5
75.6
174.1
193.7
184.3
199.2
141.5
83.4
2.7
0
0
0
0
0
0
0
7.8
0
10.5
33.1
73.8
0
0
77.4
124.8
167.6
162
201.9
89.9
57.2
70.1
23.9
0
0
0
0
0
0
0
0
0
0
0
0
0
0
0
31.2
0
73
174.5
200.2
49.9
58.7
0
0
0
0
0
0
0
0
0
78.3
74.5
128.1
102.8
29.7
37
0
0
0
0
0
0
0
0
0
0
0
0
0
0
0
0
0
0
0
0
0
0
3.6
0
0
0
16.5
41.1
56.9
82.3
88.3
2.4
0
0
0
0
14.1
29.9
0
0
0
0
131
164.1
169.8
190.9
161.6
8.1
0
0
0
13.9
76
115.7
84.1
169.7
122.2
99.7
99.7
56.5
8.9
0
0
0
0
0
0
0
0
0
0
0
0
0
0
101.9
362.3
669.8
751.8
121
52.8
49.8
49.8
58.6
86.1
123.5
68.3
48.7
21.4
6.6
33.6
0
17.7
0
46.3
64.5
0
23.1
0
0
154.5
208
200.3
72.9
0
0
0
0
0
0
0
0
0
0
0
0
34.6
0
68.5
48.9
79.7
108
237.3
310.5
320.2
521.9
505.3
549.3
521.6
233.3
70.3
71.9
0
0
0
0
0
0
0
0
0
0
0
0
0
0
0
0
0
0
0
0
0
0
0
0
0
22.4
79.4
94.8
113.1
135.6
102.2
0
0
0
0
0
0
0
0
0
0
0
0
0
0
0
0
0
0
0
0
0
0
0
0
0
0
0
0
23.3
50
93.9
73.9
84.6
86.2
119.6
119.6
127.5
97.5
57.5
23.5
30.2
24.8
44.5
31.3
18.4
36.4
22
29.4
26.2
43.1
0
0
0
0
0
52.6
79.7
79.7
126.9
96.4
149
160
160
155
127
120
95
71.7
102.5
73.2
91.2
62.1
55.1
55.9
23.4
43.2
58.9
122.8
121.8
86.4
32.9
35.3
71.3
126.1
38.1
15.8
19.9
30.4
39.9
46.9
52
50.3
55.6
90.2
99.5
56.5
77.5
108.9
123.8
51.8
24.5
80.8
104.7
63.4
13.4
0
69.8
64.1
0
49.8
13
0.4
0
0
33.3
25.5
0
0
0
0
0
0
0
0
0
0
0
0
0
0
0
0
0
0
0
0
0
0
21.7
24.8
1.3
0
0
0
0
0
0
0
0
0
0
0
0
0
0
0
0
0
0
0
0
0
0
0
0
0
0
0
0
0
0
0
0
16.3
12.1
0
0
0
0
0
0
0
0
0
0
0
0
0
0
0
0
0
0
0
0
0
0
0
22.9
43.6
76.8
45.6
0
0
0
0
0
0
0
0
0
86
141.9
101.7
81.4
81.5
14.8
10.5
36.5
50.9
108.5
163.4
82.2
0
35
23.6
0
33.6
52.5
4.1
0
0
0
0
0
0
0
0
0
0
0
0
0
0
0
0
8.8
143.8
0
16.4
9.5
0
0
0
12.6
29.9
43.2
66.8
147.2
76.3
58.3
79.7
79.7
49.3
0
0
0
0
0
0.7
0
0
20.3
0
0
0
0
0
0
0
0
0
0
0
0
0
0
0
0
0
0
0
0
0
0
0
0
0
0
0
0
0
0
0
0
0
0
0
0
0
0
0
0
13.7
29.9
0
0
0
0
0
0
0
0
0
135.7
177.7
211.8
171.7
159.9
137.7
13.2
0
9.6
76.6
114.1
85.8
69.8
151.8
223
180
220.4
220.2
234.8
193.7
138.2
144.7
125.6
191.5
0
0
0
0
0
0
0
0
0
0
0
0
0
0
0
0
0
0
0
0
0
0
0
0
0
10.3
0
0
0
0
2.8
0
0
0
0
0
0
0
0
0
0
0
16
0
0
0
0
0
33.5
