42.8
83.6
80.8
6.2
0
0
0
0
0
0
0
2.9
21.3
51.9
94.4
67.1
27
154.4
206.9
145.7
120
123.7
106.7
45.7
0
0
0
0
0
0
0
0
0
0
139.6
18.8
145.8
100
100
4.2
95.8
95.8
0
0
0
0
0
6.2
0
76.8
58
30.5
52.7
49.5
9.5
0
0
0
0
0
0
0
0
0
0
0
0
0
0
0
0
0
31.7
81.8
159
262.2
215.7
186.6
214
171.5
175.5
214.1
187.3
156.9
138.4
209.3
201.5
131.8
110.4
219
253.9
242.3
192.8
200
223.7
115.9
79.3
104.3
111.2
95.5
80.3
83.1
61.9
32.4
101.6
53.1
185.5
172
154.2
125.2
191.4
175.2
72.8
87
57.5
45.6
11.7
0
0
0
0
0
14
74.9
105.4
84.9
66.9
94.3
208.6
211.5
262
323.8
380.1
423.9
343.2
293
164
56.3
2.5
19.4
5.8
0
0
0
183
128
112.6
127.3
186.4
279.4
148.1
15.3
140.7
60.6
103.9
181.7
177.6
144.2
72.6
0
0
55.1
88.8
60.9
89.4
138
211.7
230.6
180.7
181.8
182.5
167.3
205.9
230.8
106.7
30
132.9
4.2
89.2
211.8
229
248.3
229.6
173.9
82.1
0
0
0
0
134.6
315.6
439.7
95.4
9.4
0
0
0
0
0
0
15.4
141.5
246.3
287.9
278.9
303.6
229.7
132.3
53.6
54.7
0
0
0
0
0
0
53.2
80.4
92.5
115.4
129.7
121.4
105.3
54.5
91.8
169
137.5
145.3
161.2
202.2
167
133.1
22.2
0
0
0
0
0
0
0
95.3
68.7
0
0
0
0
0
0
0
0
0
0
0
0
0
0
0
0
0
0
0
0
36.9
158.7
0
0
0
0
0
0
0
38.4
89.7
188.8
262.7
222.8
154.2
320.7
461.8
577.2
745.1
758.5
714.3
666.2
693
735.4
648.5
476.9
157.2
193.9
195.9
255.4
244
305.1
263.8
119
131
67.5
32.5
0
0
36.9
50
50
59.9
121.8
167.7
135.2
165
392.7
505
615.3
542.5
547.8
494.4
612.2
486
489.6
495
477.6
511.7
566.5
657
723.6
704.2
698.8
575.6
469.8
285.3
255.2
209.5
150.8
107.8
6.4
0
14.8
40
71.4
59.3
40
69
53.2
73.2
1.6
90.7
18.2
11.4
0.1
0
0
0
0
5.8
44.6
72.5
50.1
31.3
93.7
185.6
157.9
62.1
77.3
27.9
48.6
14.5
0
0
0
0
0
0
0
7.9
75.9
90.2
62.4
66.4
88.1
131.5
102
136
60.6
0
0
101
81.6
60.1
87.5
113.3
125.7
80.7
26.8
72.6
116.2
158
224.8
299.9
353.7
377.7
353.5
358.8
236.1
158.3
0
0
0
0
0
108.6
154.5
190.8
172.9
153.9
112.5
137.7
121.2
55.1
31.5
0
0
0
0
0
0
0
0
0
0
0
0
45
231.5
161.9
177.1
202.8
247.1
158.3
134.5
14.3
24.7
17.7
38.9
151
308.9
410.3
454.4
467.9
428.5
353.8
410.1
324.1
295.5
163.8
133.3
48.5
56.1
135.5
130.7
66.1
75.8
56.4
34.7
78.4
120.4
146.3
242.4
345.2
353.2
286.4
213
162.4
86.4
111.7
145.7
111.2
33.5
0
78.7
59.7
101.7
0
15.7
20
20
20
18.6
0
158.9
310.8
184
263.3
174.1
144.9
169.2
122.7
91
100.4
106.3
147.3
137.6
95.5
79.7
93.3
48.8
10.4
55.2
72.3
41.2
25.2
0
0
21.5
0
0
0
0
0
0
0.2
0
0
57.9
74.7
52.2
49
125
103.4
132
156.2
168.6
176.2
168.2
160
134.7
58.3
50.5
101.9
84.8
117.5
124.5
121.3
158
192
200
185.5
287.7
295.6
270.8
225.4
288.5
276.9
275.2
206.8
202
180.7
190.5
174.8
95.6
0
0
0
0
0
0
19.9
101.9
121.1
85.2
0
0
0
0
0
0
0
0
0
0
0
0
20.7
67
70.7
27.8
38
58.6
81.6
1.9
72.8
76.2
60
65.5
98.3
115.3
162.6
144.5
129.7
78.1
103.9
101
67.8
96
100.4
75.8
110.2
129.9
87.7
48.5
89.7
36.8
24.8
32.1
86
71.8
66.7
47.6
0
93.2
189
154.3
98.8
88.2
104.9
85.6
85.3
120.6
116.9
140.6
145.3
134.3
105.5
202.1
287.4
308.6
319
370.3
319
327.3
297.4
304
271.9
357.8
415.7
285
211.6
165.3
222.3
326.9
4.9
0
0
0
0
0
0
73.5
186.2
132.1
55
0
0
0
0
0
0
0
0
0
0
0
6.7
34.5
32.2
75
142.4
127.3
128.7
145.9
69.4
67
240.9
260.8
247.1
213.9
90.6
3.9
0
0
0
0
72.6
66.6
60.6
25.2
0
0
0
0
50.4
80
109.5
129.8
237.3
281.3
271.3
219.3
292.7
344.4
232.9
96.1
0
0
0
0
0
0
0
0
0
0
0
0
0
0
0
0
0
0
0
0
13.8
0
0
0
0
47.1
29
42.3
101.8
145.1
204.3
236
202.3
269.2
18.9
0
0
0
0
0
174.7
383.8
535.1
586.7
535.7
410.5
264.3
202.9
156.8
69.7
0
136
332.7
393.7
401.8
392.4
242.3
175.4
190.3
257.7
312.4
335.3
353.3
432.8
373.8
389.5
366.3
370.5
381.6
352.9
322.6
330
289.7
282.9
166.5
162.6
173.2
154.6
63.2
18.3
0
0
0
0
0
0
0
0
0
0
0
0
4
133.3
184.6
201.4
18.4
0
0
0
0
0
0
0
0
0
0
0
0
0
0
0
0
0
0
0
0
0
0
0
0
0
0
31.9
102.8
75.3
229
294.9
405.3
371.4
119
16.2
0
0
0
0
0
0
0
0
0
0
0
0
0
0
0
0
0
8.3
15.8
0
79.2
128.4
0
69.8
132.7
164.4
116.2
14.9
0
0
0
0
0
0
1.6
72.7
153.6
228.5
209.4
187.4
99.7
0
0
0
16.5
70.3
4.8
10.1
0
0
61.8
126.2
94.6
32.3
0
0
0
0
0
0
0
0
0
0
0
0
0
83.2
208.8
261.9
164.6
104.3
267.8
48
109.6
133.9
159.7
75.2
0
0
0
0
0
0
2.1
0
0
0
0
0
0
0
0
0
194.4
176.2
279.4
464.1
386
366.1
332.8
270.2
109.8
102.1
43
53.4
0
2.4
6.6
20.9
147.2
290.8
346.5
305.2
352.7
331.3
264.8
224.2
115.9
277.4
315.6
299.7
264.8
309.8
185.8
141
187.3
292.1
361.8
225.5
212.3
282.1
240.5
152.2
23.6
45.7
139.4
81.9
12.5
0
0
0
37.9
83.2
114.8
215.3
274.7
410.6
321.7
143.7
178.1
104.6
171.9
146.4
116.5
213.3
223.5
218.2
245.3
94.8
158.5
69.6
15.5
2.9
1.1
45.7
153.4
140
132.3
86.3
65.3
90.8
0
0
7.6
138.9
228.9
257.8
205.8
215
195
156.6
116.4
138.3
141.5
126.7
121.9
36.8
2.3
98.7
0
11.3
0
2.3
0
0
0
0
0
0
0
0
0
0
47
171.4
191.4
231.5
395.5
424.8
389.6
417.6
348
395.5
54.4
52
39
13.5
0
1.8
9.5
2.7
0
13.7
0
0
0
0
0
77.1
135.4
0
0
0
0
0
0.6
9.5
45.8
23
15
0
0
0
41.7
0
0
0
0
0
0
0
0
0
0
0
0
0
0
0
0
0
17.9
33.9
54.4
58.3
42.2
57.9
71.5
21.9
56.9
99.1
130
4.8
7.6
3
31.3
0
0
0
0
0
0
0
0
18.4
2.5
33.5
7.8
0
22.5
150.9
135.4
0
0
0
0
0
72
100
81.8
172.8
239.2
359.4
440.4
336.4
347.6
216.8
199.3
204
133.8
150
150
150
150
150
78.4
20.7
0
0
0
0
0
0
0
0
0
0
67.5
142.4
268
280.9
299.1
368.7
92.7
108.3
98.1
102.7
124.2
112.1
56.2
31.1
124.4
201
247.9
212.2
119.7
74.4
17.6
0
0
16.3
130.1
161.7
98.1
19.9
34
82.4
0
0
0
0
0
20.2
73
45.1
61.1
63.5
88.7
104.8
65.6
142.5
166.9
120
0
0
28.4
0
0
0
0
0
0
0
0
0
0
40.5
97.8
135.9
160
84.5
1
0
0
0
0
0
0
9.4
16.8
30
34.5
0
12.9
0
26.8
50
31.3
0
0
0
24.8
66.7
183.3
263.5
392.1
307.3
33.2
0
0
0
0
0
0
0
0
0
0
0
0
31.2
123.9
227.8
233.1
175.8
245.2
310.3
311.4
234.2
107.8
10.8
0
0
0
0
0
0
0
26.2
71.1
123.7
145.8
1.7
7.9
0
0
0
0
0
0
0
0
11.8
113.7
170.7
157.9
140
87.1
40.2
94.6
154.7
241.9
313.6
271.1
200.5
64.6
0
8.2
47.5
79.1
50.9
19.4
2.5
0
0
0
0
0
0
0
0
0
0
0
0
0
0
0
0
0
0
0
0
0
0
0
6.8
0
0
0
0
0
0
0
0
0
0
0
0
0.8
29
35.4
112.7
99.3
92.9
111.3
50.4
132.7
117.7
73.9
96.2
33.4
1
0
56.3
62
70.4
97.8
36.8
54.1
1.7
0
0
1.4
26.8
18
56.3
52.1
0
0
0
0
0
0
0
16.2
0
0
4.2
100
100
100
100
100
100
100
0
0
0
0
20.8
131.3
150
33.9
34.7
20
20
20
20
16.2
30.3
41
14
34.6
0
0
0
32.7
58.3
40.9
25.9
8
100
138.1
150
150
139.6
15.4
0
0
0
0
0
0
0
0
0
0
0
0
0
0
0
0
0
0
0
0
0
0
0
0
0
0
0
27.1
47.9
0
0
0
63.3
235.9
84.1
0
42.7
0
0
0
13.8
0.5
0
0
0
0
0
58.2
72.2
162.6
201.7
110.4
66.6
0
1.5
0
0
0
0
0
0
0
0
0
0
0
0
0
42.7
124.8
142.4
25.4
0
22.4
8.8
0
0
0
100
104.2
112.5
0
0
0
0
0
0
0
0
9.4
0
0
99.4
100
95.8
0
0
0
0
0
0
0
154.2
426.2
335.8
347.9
367.1
317.2
274.3
211.1
239.6
241.7
170.8
0
0
0
0
0
0
0
0
0
0
0
0
0
0
0
49.8
200
170.3
0
0
0
0
0
0
0
0
41
24.9
56.7
89.8
139.8
120.4
74.8
87.6
40
0
9.3
60.3
0
31.3
56.2
9.1
0
11.5
30
1
0
0
0
132.2
54.8
59.6
79.9
21.7
79.4
80
35.4
0
0
63.9
0
0
41.8
124.4
105.5
70.7
0
0
0
0
0
0
0
0
0
0
0
0
73.7
65.6
123.3
131.9
88.7
3.6
0
32.4
99.6
49
8
21.6
25.6
90
68.1
8.3
0
40.7
19.8
88.8
87.8
84.7
76.1
42.3
0
0
0
0
0
0
0
0
21.8
0
0
0
0
0
0
0
66
110.4
172.9
147.1
0
0
0
0
0
69.6
142.8
142
152.8
106.7
69.5
8.4
50
76.8
75.5
0
0
76.6
197.2
268.4
205.7
134.4
87.3
130.3
133.8
187
234.5
154.2
102.6
53.5
0.7
0
0
0
0
0
0
0
0
0
0
0
0
0
0
0
0
0
6.5
0
19.4
64.8
0
0
0
57.4
94.4
116.6
56.2
62.8
179.4
319.1
440.3
479.4
428.9
526.1
505.5
415.6
251.7
32.3
0
0
0
6.3
0
33.3
251.5
16.7
0
7.4
67.3
70
11.8
0
0
0
0
0
0
0
0
0
0
0
0
0
0
0
0
0
0
0
0
0
0
0
124
0
70.7
0
0
0
0
0
0
0
0
0
0
0
0
0
4.2
100
4.2
0
0
0
40.6
78.3
35.5
44.5
117.7
35.9
70
8.4
0
0
0
0
0
0
0
0
0
6.2
6.2
0
0
0
0
0
0
0
0
0
0
0
0
54.3
163
255.7
281.5
295.5
287.6
206.7
179.4
317.9
309.7
206.9
70.3
13.1
81.5
69.5
0
0
0
0
0
0
0
0
35.3
39.7
0.3
0
0
0
32.5
46.7
31.9
89.6
3.8
66.6
152
211.3
149.3
111.6
183.2
121.8
132.1
237.2
192.4
159.4
170.5
85.9
65.8
59.4
0
0
0
0
0
0
0
0
0
0
0
76.5
80.5
113.2
92.5
103.3
54.2
72.9
46
0
0
0
0
0
0
77.8
190.5
384.4
391.4
433.8
138.6
0
0
0
0
0
0
49.8
221.9
325.7
459.5
579.4
627.4
715.8
870.1
899.9
969.7
917.3
719.3
518.8
253.2
58.5
0
0
0
45.9
226.2
265
286.4
332.3
132.6
148.8
104.8
43.1
37.1
97
0
0
12.5
0
0
0
0
0
0
0
0
0
0
0
0
0
0
26.7
235.1
184.2
119.5
80.2
63
45.1
0.2
0
0
0
0
0
0
0
0
0
0
0
0
0
0
0
0
29.9
39.8
139.8
152.9
129
10.3
29
0
0
68.8
150
150
150
150
145.8
50
97.9
93.2
85
100
100
117.5
0
0
0
0
0
0
0
0
0
0
56.3
147.9
100
100
100
188
104.2
133.6
159.9
117.8
98
61.5
113.2
129.5
162.2
206.8
102.6
23.2
0.7
0
0
0
40.9
0
106.3
224.5
314.7
226.8
218.8
108
83.8
52
14.1
0
0
0
0
0
0
0
0
0
0
0
0
0
0
0
0
0
72.2
0
0.1
72.1
0.6
0
0
45
1.1
0
0
0
4.1
0
84
0
0
0
0
0
0
0
0
0
4.2
100
62.5
0
0
0
0
0
0
0
0
0
0
0
0
0
61.6
90.1
103.4
96.8
81.3
111.1
23.1
50
16
63.1
11.8
0
0
0
0
0
0
0
0
0
0
0
1.1
27.5
95.5
132.1
124.4
113.7
126.5
114.9
144.2
86.3
88.9
119.4
58.9
38.3
102.7
109.8
8.3
0
0
0
0
5.5
31.1
88.5
102.3
51.4
42.5
43.5
14.8
0
0
0
0
3.9
28
18.4
67.9
0
0
1.5
0.3
10.4
34.8
0
0
75.8
237
371.2
250.2
53.1
0
0
0
0
0
0
0
0
0
0
0
0
0
0
0
0
52.1
150
150
90.3
189.7
180.7
249.3
0
0
0
0
17.5
0
0
0
0
0
0
0
0
0
0
0
0
0
0
0
0
75.5
170.6
154.1
134.6
174.2
107.8
110
114.6
124.8
149
114.8
58.8
54.8
3.3
0
0
39.2
69.4
157
147.8
148.3
51.9
0
0
21.5
20.5
0
326.2
254.5
239.3
241.4
274.3
329.4
382.6
350.4
344.1
339.4
296.6
235.3
117.5
1
0
0
0
0
0
0
0
0
0
38.5
180.9
244.5
288.8
300.2
297.1
326.4
331.8
304.8
253.6
204
249
200.6
118.7
41
0
0
0
0
91.7
0
0
0
0
0.1
23.6
84.8
66
73.5
85
85
49.8
8.1
128.8
152.6
99.3
92.8
3.5
0
0
0
0
24.2
18.4
0
82.3
109.1
0
19
0
0
0
26.6
14
63.3
20.5
23.5
105.8
182.3
224.2
247.9
234
174.8
133.2
105.1
84.7
134.2
127.7
124.6
139
314.2
216.9
64.4
0
27.3
0
0
0
0
0
0
0
0
0
0
0
0
26.5
36.2
0
0
0
0
0
0
0
0
141.6
184.8
109.5
65
73.4
56.6
28
0
28.3
25
0
0
0
0
0
0
0
0
0
0
0
0
0
0
0
0
0
0
0
73.6
151.2
17.9
0
0
10.7
109.9
221.7
233.4
208
230.1
310.3
223.6
124.7
121.5
270.9
504.2
565.2
496.7
90.1
96
137.3
146.2
137.7
47.5
1.8
0
0
0
0
0
0
0
30.7
70
0
0
0
0
0
0
0
0
0
0
0
0
0
0
0
0
0
0
55
143.5
99.6
77.5
8.4
0
0
0
0
0
22.5
90.2
121.7
154.1
5.6
0
0
28.7
35
47
1.6
0
32.4
65.5
27
64.5
9
0
0
0
0
0
0
0
0
0
0
0
85.8
84.6
106.3
79.2
102.3
60.5
21.6
0
0
0
0
0
0
35.4
64.6
100
100
8.3
100
100
12.3
66.2
150.4
175.7
105.1
133.5
83
50
22.9
0
17.8
0
0
0
58.3
57.7
99.5
57
0
0
0
0
0
0
0
21.5
56.5
57.2
0
0
0
0
11.7
0
0
0
0
0
43.1
96.9
17.9
0
0
10.4
127
133.4
191.9
288.2
210
149.2
44.8
92.9
133.3
146.8
150
152.9
155
98.7
60
10.1
0
39.6
88.9
36.7
0
0
0
0
0
0
0
0
6.7
0
0
0
130.5
139.3
150.1
167.6
185.8
198.2
234.3
241.1
236.7
235.9
228.3
78.2
11
0
0
0
113.3
203.4
199.5
136
129.3
67.5
8.3
0
62.8
46.3
79
140.2
109.9
150.6
204.9
203.5
58.3
138.7
252.4
323.1
387.9
400
290.5
274.8
229.2
201.6
144.6
26.5
0
0
0
0
0
139.6
150
150
237.5
220.8
2.8
3.8
0
0
0
0
0
0
0
0
0
0
100
100
150
92.7
82.2
31
58.3
32.2
31
47
25.3
40.4
66.7
20.4
0
0
0
0
0
0
0
0
0
0
0
0
0
0
0
0
32.8
59.8
42.5
29.8
0
19.3
37.5
3.5
57.7
46
8.7
45.3
81.7
269
170.3
259
319.1
304
302.6
265.3
239.6
96.8
133.2
219.7
77.1
73.4
94
138.3
100
80.6
23.7
12.2
0
0
26.6
47
9.1
68.5
56.1
0
0
0
0
0
0
85.9
83.8
84.9
57.2
84.4
64.3
72.5
52
61.4
102.2
93.9
92.3
53.9
88
65.5
61.5
94
93.3
67.9
25.3
13.5
0
6.1
66.3
104.6
171.3
129.6
11.7
31.8
44.2
20.3
0
0
0
0
0
0
0
0
0
0
0
0
0
0
0
0
0
0
50
71.1
80.4
82.5
68.3
88.6
97.2
87.6
112.6
80.3
84.9
107.2
60.8
32.6
143.3
59.3
122
129.1
17.8
111.2
250
250
244.8
95.6
200
183.3
25.2
55.2
47.3
50.4
64.3
1.7
28.5
47
0
0
0
0
38.8
174.5
118
124.9
31.1
37.8
37.1
32.9
41.1
87.4
183.5
160
6.8
99.8
100
100
100
17.3
56.3
30.3
28.8
0
0
0
0
0
0
0
0
0
0
35.6
46.1
70.7
121.4
91.5
168
193.8
59.7
88.5
104.1
49.3
3.1
0
0
0
0
0
0
0
0
0
0
0
34.6
38.1
0
3.8
73
58.4
54.2
118.1
168.7
349
193.4
65.9
56.9
31.2
0
0
0
0
0
0
0
0
0
10.7
177.6
175
116.3
163.8
204.5
235.6
0
0
0
0
0
0
0
0
24.3
114.4
149.9
254.7
264
211
175.1
142.1
119.7
73.8
23.6
0
0
0
0
0
0
0
0
0
0
0
5.4
24.6
48
46.8
53.2
65.3
91.6
119.5
68.9
109.8
144.1
49.2
0
75.9
44.8
0
121.8
181.3
12.5
18
30.3
47.5
35
5.9
0
0
0
1.7
0
0
58.8
193.5
248.8
274.9
193.8
163.3
143.1
102
5.3
31
99.2
73.8
39.8
46.7
1.8
0
0
0
0
0.6
9.4
41.4
25
74.3
52.2
1.8
0
0
114.9
211
312.5
341.8
289.5
176.6
72.4
87.4
72.1
134.4
108.7
99.7
74.8
35.7
99.4
80.9
111.1
180
269.7
241.8
132.9
180.5
179.5
208.8
299.4
287.7
245.5
187.7
37.3
50.8
1.5
65.3
28.1
44.3
71.1
72
64.5
80.1
60.9
23.8
62.8
0
0
0
93.8
152.5
246.9
303.8
277.4
388.6
271.5
261.2
191.1
163.1
201
121
116.5
72.6
120.6
189.9
221.2
184
55.1
8.2
0
0
0
0
0
0
44.5
119.9
117.5
204.5
398.9
530.9
467.7
320.2
55.5
0
0
0
0
0
0
0
0
0
0
0.9
88.1
149.5
100
94.9
145.8
175.6
171.9
234
209.7
119.4
78.8
68.3
64.1
54.5
0
0
0
0
0
0
0
0
0
0
0
0
64.8
92.5
62.3
10.7
31.5
0
0
0
0
0
4.2
26.8
0
0
0
0
0
0
0
0
0
0
0
63.7
173
307.8
356.5
312.8
263
213.7
175.3
112.7
43
0
147
154.5
49.2
0
0
10.1
25.3
67.2
50.7
67.8
65.3
16.2
60.4
50.7
89.3
168.2
240.6
234.5
156.6
180.9
245.7
191.5
170.6
176.8
196.8
243.6
92
134.9
114.8
123
134
134.7
68.1
60.2
131.5
171.9
164.8
141.7
102.2
127
160.4
189.8
154.6
125.8
87.9
24.3
42.9
49
26.6
89.8
29.5
5.4
55
70.5
0
0
7.1
86.7
107.5
90.9
58.3
83.5
0
0
0
0
0
0
0
0
10.4
58.4
18.6
0
0
0
0
0
0
0
0
0
0
0
0
2.9
17.7
0
0
0
0
0
0
0
0
0
19
39.8
0
0
0
0
0
0
0
0
0
0
0
0
0
0
0
44.1
53.2
44.7
0
0
0
53.3
143
196.4
174.2
107.3
4.7
0
0
0
0
0
0
0
0
0
0
0
0
0
0
0
0
0
0
0
0
0
14.4
84.5
65
63.2
59.4
34
44.3
0
47.5
50.7
77.2
71
142.3
208.8
282.2
167
146.9
4.2
0
0
0
17.4
0
0
0
0
0
7.3
0
0.5
0
0
0
0
0
0
0
0
0
0
0
0
0
0
0
0
0
0
0
31.3
23.2
66.6
0
0
0
0
0
0
0
0
0
0
0
0
0
0
0
0
0
0
0
0
85.8
183.5
149.1
105.2
130.4
99.1
50
0
0.5
0
0
0
0
0
0
0
0
0
0
0
0
0
0
4.6
70
112.1
135.2
131.9
153.4
126.3
134
25
0
0
0
0
0
0
0
0
0
0
9.8
0
53.5
252.6
407
495.9
285.5
360.5
352
326.2
296.1
272.8
238.9
102
0
0
0
0
0
0
0
0
0
0
0
0
0
0
0
0
10.6
14.3
0
0
0
0
44.4
80
0
0
61.7
56
14.4
10.7
0
0
10
49.8
16.8
0
22.4
151.1
182.5
181.8
105.4
48.9
0
0
0
0
0
0
0
0
0
47.9
150
150
146.9
3.1
0
0
0
0
0
12.1
177.2
257
0
0
0
19.4
15.9
77.2
12.6
0
12.8
0
0
0
0
0
0
0
0
0
0
0
0
0
0
114.3
189.8
183.1
140.8
98.2
129.2
155.2
151.9
102.9
46.6
63.8
130
156.8
153.2
234.3
200.6
65.3
19.3
129.8
163.8
235.1
207.4
201.3
174.2
138.5
45
35.5
28.1
65
72.8
83.1
35.3
11
77.2
72.2
154.8
177.1
188
288.1
258.8
216
248.3
156.8
87.3
165.9
217
210.2
173.4
172
0
0
0
0
0
0
0
0
0
0
0
0
0
0
0
0
0
0
0
0
0
0
0
0
14.6
50
77.1
97.9
50
50
16.7
54.2
73
106.1
127.2
54.2
100
41.7
0
0
0
24
40.4
50.3
32.5
37.5
74.2
105.2
93.2
99.8
100
90.8
26.7
32.3
34
88.3
100
115.5
70
37.9
0
0
0
0
0
0
0
0
0
0
0
0
0
0
0
0
16.7
26.5
0
25.4
98.2
31.6
50
50
47.9
0
0
0
0
0
0
0
0
0
0
32.3
178.1
211.7
175.8
120.3
2.3
0
20.8
70.8
0
0
0
0
0
0
0
0
37.8
32.4
104.8
128
209
201.1
171.2
186.8
217.5
272.2
211.8
177.9
124.2
6.5
24.7
4.1
37.5
100
100
127.1
200.4
152.9
150
150
6.3
0
0
0
13.5
82.9
115.9
175.2
76.2
106.8
90.6
92
39
26
50.6
38.3
68
60.2
19.9
11.9
50.9
192.8
200
8.3
0
0
0
20.2
70.1
274.8
234.3
254.6
203
189.8
164.7
188.8
172.8
185.8
231.8
276.1
245.6
299.2
300
314.9
336.2
272.7
250.4
159.5
181.8
137.3
99.5
95.3
146.3
246.9
218.6
164.3
223.8
188.7
169.4
147.3
125.5
96.3
58.2
67.7
65.6
11.7
0
0
0
0
0
0
0
0
0
0
0
0
39.7
66.8
25.1
85
80.2
43.1
34
11
0
0
7.1
52.7
117.3
113.9
135.5
200
180.5
180.3
100.4
69.5
130.2
98.7
28.5
46.5
49.3
45.4
65.4
60.8
36.1
67.4
64.8
9.5
30.7
231.7
102.1
34.3
4
14
161.6
91.2
5.7
20.6
182.4
285.6
360
284
192.4
202.6
218.3
197.5
233.4
157.7
72.5
122.6
99.8
12.5
0
0
0
0
0
0
36.9
91
98.7
155.8
139.9
105.9
145.2
132.3
78.3
88.4
117.3
134.3
85.3
73.7
15.4
0
2.8
75
47.9
0
0
0
2.7
74.2
98.8
196.6
201.7
201.5
242.9
232.4
315.6
310.5
189.6
4.1
0
62.6
191.3
186.7
171.4
160
145.4
91.2
100.8
155.3
118.5
23.8
24.3
0
31.2
204.5
277.4
278.2
218.3
255.5
225.4
212.2
209.3
225.9
148.6
127.7
80.8
116.1
148.6
164.1
165
125.5
157.2
206.9
186.1
137.5
205.3
185.2
252
117
48.7
0
0
0
0
0
0
81.4
190.1
115.7
0
0
0
0
0
0
0
0
0
0
25.8
129.7
140.3
130.6
127.7
83.5
81.5
134.6
186
147.5
205.4
231.6
252.5
318.4
108.3
12.1
0
0
0
0
0
0
0
0
0
0
0
0
0
11.4
79.8
25.2
0.8
0
0
0
0
0
66
54.5
15.7
62.5
100
100
23.1
83.3
269.2
280.9
279.3
238.2
151.8
14
0
0
0
0
0
0
0
0
0
0
0
0
27.1
153.5
214.8
267.3
101.2
151
164.8
71
0
0
0
0
0
0
0
0
0
0
0
0
0
0
0
0
0
0
0
42.7
23.1
40
0
0
0
0
0
0
25.7
80.9
33.7
17.5
1.7
0
16.7
100.1
47.2
67.6
115
144.8
171.3
211
215.5
141.5
162.3
136.4
180.5
139.6
108.2
102.7
162.5
111.7
151.9
69.5
1.6
65.8
4.2
0
0
0
0
16.5
134
118.7
104.4
123.8
138.8
41.2
91.6
28.2
0.8
0
63.4
186
231
166.3
107.9
139.3
239
243.4
148.1
58.7
2.4
118.7
127.2
195.9
90
74.7
94.5
113.1
135.9
111.8
175.7
178
216.7
182.8
150.9
79.8
26.3
0
0
0
0
0
0
0
44.7
125.7
82.1
78.1
127.8
121.8
135.8
175.5
165.7
154.5
145.9
181.8
206.4
165.1
195.2
193.3
164.9
113
57.6
81.7
99.8
89.4
0
0
21.5
67.3
99.9
97.9
17.3
0
0
0
0
0
0
3.8
70.4
2.7
0
58.3
88.1
175.8
3.7
38.3
0
0
0
0
0
0
0
22.7
65.5
92.6
84.1
138
121.1
58.5
37.7
42
0
0
0
0
3.1
42.4
88.1
73
67.3
0
0
8.1
0
0
0
17.1
86.3
69.7
19.5
16.2
0
0
0
9
30.7
36.4
21.9
0
0
0
59.9
221.3
332.2
550
674.7
551.3
532.1
422.3
352.6
289
21
0
0
0
10.5
48.8
96.4
186.1
267.7
345.9
406.1
374.3
458
384.3
240
282.6
286.6
289.9
118.4
1.3
0
0
0
5.3
44
25.3
0
0
67
101.7
40.8
40.3
83
178
183.8
146.8
128
117.5
155.8
175.8
94.1
28.1
0
72.6
143.6
239.9
199.5
195.8
258.7
240.5
166.9
150
150.1
145.9
108.6
161.3
68
0
0
0
0
0
0
0
0
0
0
0
0
0
0
18.8
109.5
105.1
73.8
56.6
45.8
47.3
77.2
52.6
1.2
0
0
0
0
0
0
0
0
0
5.8
42.1
47.3
78
73.5
73.8
1.7
0
0
2.6
26.8
0
30.4
40.9
218.6
4.8
0
0
0
0
0
0
0
0
0
0
0
0
0
0
64.2
31.7
0
0
0
1.8
0
0
0
0
0
0
0
0
0
0
0
0
0
0
0
0
0
0
0
0
30.5
138.5
256.8
194
207.7
71.4
50
13.6
55.3
63.6
69
61.5
40.5
97.1
64.1
0
0
80.4
160.7
169.1
137.6
112.3
73.9
56.2
81.3
84.3
71.5
77.8
36
27.5
113.2
144.8
116.7
47.9
0
0
0
0
0
0
27
103.6
72.5
56.3
171.5
135.1
119.8
100.6
200
222.5
318.8
262.5
0
16.9
38
0
0
0
0
0
0
0
0
5.3
60.3
140.5
200.6
317.3
220.3
80.5
70.1
35
33.4
22
36.4
25.7
32.5
23
0
0
0
0
0
4.2
95.8
0
0
0
0
0
0
0
0
0
0
0
0
0
0
0
0
0
0
0
0
0
0
0
0
0
0
0
0
0
0
0
0
0
0
0
0
0
0
0
0
0
0
0
0
0
0
0
0
0
0
0
0
0
0
81.3
150
135.4
74.9
289.8
154.5
100.4
100.6
132.3
128.4
52.5
0
0
0
0
0
0
0
0
0
0
0
0
50
195.8
4.2
41.5
112.6
151.4
207.1
249.3
248.3
186.7
51.7
0
0
0
0
0
18.8
43.8
50.9
64
59
28.3
0
0
0
0
6
61.8
140.2
122.8
126.6
152.9
208
191.8
192.1
243.3
319.7
327.5
344.4
384.3
462
620.2
695.8
695.5
621.1
501.1
466
433.3
268.5
306.7
260.2
171.8
113.8
137.3
105.7
108.1
169
170.5
232
303
440.9
498.7
600.4
655.3
734.6
688.6
690.7
736.8
649.4
552.8
456.5
389.8
365.3
308.1
395.4
425.6
68
42.6
22.7
1.2
31.6
19.6
0
0
11.8
41.8
95
92.2
44
0
0
0
0
8.3
50.6
67.8
17.2
0
0
0
0
0
0
0
0
0
0
0
0
0
0
25
114
133.6
204.8
205.8
136.8
164.4
98.8
46
110.4
115.3
0
0
0
0
0
0
0
0
0
0
0
0
0
0
0
0
0
0
0
0
0
0
0
0
20.3
51.8
0
0
0
0
0
0
0
0
0
0
0
0
0
0
0
0
0
0
0
0
0
0
0
0
74.3
109.5
112.7
53.7
0
75
43
74.7
69.1
63.5
99.5
147.5
251.6
293.4
431.3
484.5
430.2
369.6
329.9
179.4
0
0
0
0
0
0
0
0
0
0
0
9
35.3
35.6
0
0
0
0
0
0
0
0
0
0
0
0
0
0
0
0
0
0
0
0
0
0
0
0
0
0
0
0
0
0
0
0
0
0
0
0
0
0
0
0
0
0
0
0
0
0
0
0
0
0
0
0
0
0
0
0
0
0
0
0
0
0
0
30.8
149.4
178.6
195.8
138.3
116.6
64.2
1.1
0
0
0
0
0
0
0
23.5
64.7
83.8
56.6
71
53.8
96.3
143.7
51.5
35
38.5
26
0.8
15.9
39.1
78.2
69.4
91.7
98.1
115.3
80.2
119.9
120.2
147.8
106.4
131.5
103
32.7
0
0
0
0
0
0
0
0
0
0
0
0
0
0
0
0
0
0
0
0
0
0
0
0
0
36.4
133
207.4
49
116.5
134.3
130.8
136.8
162.1
175.8
63.7
247.5
298.6
299.6
253.5
268.8
297.9
201.5
250.8
241.4
216.1
237.7
200.2
102.2
76.9
112.4
86
60.5
94
82.9
82.4
82.3
70.2
46.5
48.8
0
28.4
70.3
16
70.1
92.3
87.7
111.4
98.2
65.6
88.5
104.3
62
67
76.5
124.3
94.9
106.8
102.2
59.3
53.4
78.8
31.8
9.1
58.3
33
35.3
79.5
180.8
245.5
281.2
301
316
397.5
345.8
346.3
334.1
235.3
234.6
284.3
142.8
155.3
159.5
139.7
72.6
40.9
18.8
63.1
58.6
0
0
0
0
0
0
0
71
89.1
36.6
0
0
0
0
0
115.5
96.6
126.6
139.4
193.8
206.8
179.9
76.1
137.9
226.9
263.5
237.8
238.9
255.2
233.2
255.7
278.8
218.5
221.2
165.3
199.2
233.7
166.1
85
0
0
0
0
0
0
0
0
18.2
39
41.2
4.9
0
0
0
0
0
0
0
0
0
0
0
0
0
0
0
0
0
0
0
4.6
0
0
0
0
0
0
0
0
0
52.2
42.5
0
0
5.5
47.8
33.1
0
61.1
80.5
95.1
94.9
75.3
71.7
5.9
0
0
45
58.2
51.3
63.2
55.1
71.2
47.9
87.9
132.1
119.6
93.1
60.8
130.4
176.7
97.2
130.5
121
149.3
138.2
112.7
97
113.4
147.5
140.9
201.8
190.2
188.7
233.1
180.9
211
156.1
142.1
142.3
153.3
151.7
140.9
175.8
135.6
38.8
42.5
31.4
35.5
40.5
29.1
0
0
36
37.9
67.5
35.6
0
0
0
0
0
0
0
0
0
0
0
0
0
0
0
0
0
0
0
0
0
0
0
13.3
34.3
58.6
84.9
20.3
29.8
73.6
85
86.6
96
91.3
118.8
140.3
100.5
57.1
0
0
18.8
50
6.3
0
20.7
74.3
35.7
30.9
0.8
0
0
0
4.7
12.3
61.7
33
41.8
91.2
161.8
103
0
24.3
39.8
58.2
48.8
45
37.2
31.3
80
112.6
57.9
11.9
29.5
8.4
1.4
25.5
0
0
0
0
11.1
49.8
95.5
101.2
151
130.4
132.6
134.6
144.8
91.1
103.3
80.2
125.6
86.9
81.8
82
31.5
60.5
15.3
0
0
0
0
0
74.7
164.2
169.6
167.5
110
184.5
179.6
235.4
149.2
216.2
217.8
134.7
142.9
143.3
80.9
112.3
167.4
219.2
227.3
229.8
172
131.3
125.3
130.7
144.8
159.6
191.1
190.8
189.5
136
126
146.1
146.7
142.7
120.6
111.5
138.8
118.4
130.3
39.9
61.8
86
88.5
78
10.1
0
0
24.2
60.8
58.8
62.3
90
97.9
110.5
111.5
105.8
127.3
34.2
61.8
89.4
93
83
126.7
105.2
174.7
66.2
24.4
0
0
0
0
0
0
0
1.4
40.4
136.3
140
53.8
50
58.9
72.4
17.1
3.2
78
78.2
112.5
183.2
176.3
167.9
81.4
0
0
0
0
0
69.8
97
108.4
108.5
0
0
0
0
0
0
0
0
0
31.3
201.5
166
152.3
135.5
101.9
42.3
0
0
56.3
151.7
81.4
120.8
73.8
67
4.2
0
0
0
0
0
0
52.8
63.3
52.9
57.9
44.8
0.3
1.7
0
5.3
35.8
74.3
88.8
158.4
205.5
169
84.4
43.9
0
11
52
48.2
31.5
9.8
13
4.2
34.2
84.6
17.9
0
0
0
0
0
0
0
0
0
0
56
62.4
46
0
0
0
27.7
48.3
31.5
16.4
1.7
97.1
0
13.1
0
0
0
0
0
0
13.5
153
132.2
164.6
178
202.6
153.8
33.3
52.6
52
50.9
54.2
45
70.8
58.3
16.2
173.1
196.2
226.2
154
122.1
174.2
107.2
103.7
145.1
96.2
86.3
50
93.9
95.6
85.8
4.8
23.3
38.8
35.1
60.4
61.1
67.1
67.9
0
0
0
0
0
41.4
94
148.8
199.9
163.6
306.1
348.6
275.7
243.7
230.6
133.2
2.1
0
0
0
0
0
13.6
49.7
90.5
117.6
120
99.8
99.8
108.3
116.4
116.1
107.8
125.9
135.5
78.6
59.1
38.1
0.4
13.5
148.9
105.5
117.1
72.2
69.1
83.5
68
29.4
0
0
0
0
0
0
0
0
0
0
0
0
11.2
59.7
68.1
173.1
37.3
0
0
0
0
0
6
11
121.4
89.7
5
0
67.1
38.1
52
83.1
0
77.1
89.9
23.1
66.7
97.5
50.6
109.2
45.6
21.8
43.9
48.8
29.9
50.9
85.8
19.7
70.4
72.5
6.3
0
29.2
8.3
0
0
0
0
0
0
0
0
0
0
0
0
0
0
0
0
0
0
0
0
0
0
26.8
2.5
0
0
0
0
0
34.8
0.4
2.3
7.5
33.2
0
0
0
0
0
18.1
172.7
363
531.3
419.8
234
33.9
0
0
15.5
205.3
341.3
324.7
322.3
164.9
5
52.9
101.6
152.9
7.5
8.4
36.7
83.5
79.9
92
196.9
110.7
198.8
86.7
28.2
0
0
0
0
0
0
0
0
0
0
0
0
0
42
40.5
15.2
31.7
41.4
21.8
30.3
41
115.2
110
107.3
20.4
0
0
0
0
0
0
0
0
64.3
130
100.2
78
33.6
38
100
97.9
50
45.8
0
0
0
0
0
0
0
0
0
0
0
0
0
95.8
100
4.2
0
0
0
0
0
0
0
0
0
0
0
0
0
0
22.5
16.8
39.6
29.5
82.3
36.7
55.6
58.3
63.6
52.7
52.8
38.9
22.7
0
0
0
0
0
0
0
0
0
0
0
52.4
113.4
88.8
124.2
111.8
144.3
166.5
93.1
124.5
0
0
0
0
0
0
0
0
0
0
18.5
27.8
15.6
38.4
36.6
21.6
9
20.8
18.8
16.7
45.4
26.4
28.9
89.3
96.2
28.7
31.6
0
5.3
0
0
5.7
0.4
0
157.8
123.6
172.9
0
0
56.4
81.8
26
0
35.3
40.1
7.5
1.2
54.5
65.1
0
0
0
0
0
0
0
0
0
7.7
109.8
208.3
208.3
268.9
314.9
418.9
318.8
255.5
221.4
177.1
146.6
105.3
91
244
299.5
371.8
196.3
200
183.8
150.8
112.6
24
24.3
99.6
141.4
169.7
165.1
155.5
230.8
313.2
316.3
318
328.9
346.8
257.5
161.5
186.1
178.3
108.6
48.6
0
0
0
0
0
0
0
0
0
28.1
15.4
11.3
0
0
0
14.5
141.5
231.4
296.9
244.8
189.5
199.8
197.8
174.5
123
100
100
139.6
134.6
194.5
254.5
134.5
146
144.7
145.9
88.4
106.1
120.6
0
0
0
0
21.1
49.1
46.6
46.9
76.6
0
77.6
87.4
62.4
47.8
52.7
18.7
72.8
9.6
11.8
0
0
0
0
0
0
0
0
0
0
0
0
0
0
0
0
0
0
29.3
101.9
49.8
70
0
16.7
52.4
53.3
0
16.3
7.9
0
0
0
0
0
22.7
53.3
12.8
0
0
0
0
0
0
10.1
33.7
3.5
26.3
0
0
0
0
0
0
0
0.3
10.3
2.9
72.9
42.7
1.9
46.3
8
30.2
6.7
24.6
33.8
46.6
35.3
3.4
15.2
0
0
0
0
0
0
0
0
0
0
0
0
0
0
0
0
0
0
0
0
0
14.6
47.9
46.3
31.8
4.9
58.2
79.8
100.9
35.4
23.7
57.4
4.8
3.2
29.4
41.2
72.1
141.5
168.1
175
166.9
50.9
57
66.7
52.6
42.4
35.4
77.3
87.8
58.3
17.7
28
18.3
20.5
4.3
35.2
0
10.6
57.4
22.6
0
74.8
38.5
116.5
100
113
127.8
131.7
113.8
87.9
89.4
87.5
136.8
90.2
134.9
145.4
112.4
76.5
161.5
139
118.5
98.8
35.5
56.1
42.4
31.4
73.7
62.6
66.6
34
66.8
74.9
51.5
60.1
35.4
40.2
30
109.1
152.6
159.5
145.5
149.4
129.5
37.5
31.3
0
0
0
68.6
138.1
214.3
240.5
218.7
117.7
106.5
94.4
56.2
24.5
16.6
0
19.7
19.3
170.6
282.7
250.8
301.2
329.4
270.2
124.6
103
112.2
122.1
137
129.7
152.4
51.1
52.8
71
46.4
45.3
53.5
18.8
0
11.1
0
0
0
0
0
0
0
0
0
0
0
0
0
0
24.1
27.5
20.7
1.7
0
0
0
0
0
0
1.7
0
52.3
138.8
189.3
150.9
193.8
135.9
20.6
79.2
109.6
121.9
174.5
0
0
0
0
0
0
0
0
0
0
0
0
0
0
0
0
0
0
0
37
148.4
91.5
12.8
0
0
0
121.3
191.3
197.2
151.8
119.9
45.3
20.4
0
0
0
0
0
0
0
87.3
15.4
0
0
0
0
0
61.8
101.9
96.2
124.2
77.7
111.2
168
132.9
140.4
103.1
62
54.5
42
143.6
23.6
0
0
0
0
0
0
0
0
0
0
0
0
31.3
70.5
450.8
454.4
482.2
424.2
207.4
96.1
30.8
62.8
198.6
189.3
145.6
262.6
327.9
244.1
117.9
139.6
198.3
480.9
661.4
797.2
779.9
592.6
376.9
266.6
131.5
33.5
40
31.6
1
0
0
0
0
0
0
0
0
0
0
0
0
0
0
0
0
0
0
0
0
10.4
72.9
89.2
85.6
109.9
141
178.6
144.1
107.9
25
0
0
0
0
0
0
0
0
19.7
71.3
53.8
41.1
61.5
0
0
46.5
82.9
100.3
153.8
213.1
178
165.7
144.8
15
0
0
0
0
0
0
72.9
242.3
189.9
190.9
2.1
0
0
0
0
0
1.8
77.5
97.7
117.2
109.1
62.7
150.7
208.4
170.9
93.2
55.9
110.5
137.2
146.4
130.2
88.5
95.5
49
18.8
2.7
2.1
224.2
123.3
23.2
0
0
0
0
0
0
39.6
47.9
0
0
0
0
0
0
0
2.5
56.2
43.4
41.3
33.3
115.3
19
0
0
0
0
0
0
0
0
0
0
0
0
0
0
57.9
0.6
8.8
91.8
125.8
193.2
44
70.2
78.8
0
0
0
0
46.2
107
176
130.9
143.9
148.7
0
0
0
0
0
0
0
0
0
0
0
0
0
0
0
0
0
0
0
0
1.3
29.9
0
83.3
175
0
12.5
100
100
100
4.2
0
38.3
196.9
247.7
199.7
239.3
220
113.9
121
92.3
42.4
94.6
116.3
92
16.7
4
66
141.8
128.3
149.3
200.6
225.7
0
0
0
23.5
168.1
157
222.8
246.5
221.7
14.8
37.5
8.1
0
20.8
110.3
113.8
112
114.5
210.5
221.3
164.2
196.8
285.9
419.5
478.5
440.5
428.2
456.6
353.8
398.9
272.6
342.4
320.4
160
168.8
138
113.5
127.5
102.4
90.2
25
0
0
0
0
0
0
0
0
79.3
151.2
39.1
0
0
0
0
0
54.2
45.2
0
0
0
0
0
0
0
0
0
0
0
0
0
0
0
0
0
0
0
0
0
0
0
0
0
0.9
39.5
84
219.4
208.3
213.7
67.8
1.2
0
0
0
0
0
0
0
0
0
0
0
0
0
0
0
0
0
0
0
77.9
111
112.9
157.8
267.1
275.8
267.5
247.7
182.7
186.2
136.1
164.7
163.2
231.3
188.7
136
157.6
118.6
44.3
24.8
53.3
45.1
44.4
34.4
29.8
58
88
74.9
81.1
42.6
36.3
0
0
0
0
0
0
0
0
0
0
0
0
0
0
0
0
24.2
21.8
84.6
16.2
9.5
0.9
0
0
0
0
0
0
0
0
21.2
9.4
40.1
38.8
48.6
0
0
0
0
0
0
0
0
0
0
0
0
0
0
0
0
0
0
11.4
141.8
65.2
0
15.8
0
0
0
0
0
0
0
0
0
0
0
0
116.6
213.9
236.5
292.5
349.8
291.7
300.4
300.1
254.6
120.2
77.8
0
0
18.6
0
20.1
86.6
126.5
147.6
140.8
134
77.3
147.2
209
186.3
101.3
11.1
0
0
0
14.7
6
49.8
4.7
42.9
39.7
74.5
0
0
0
26.7
77.3
31.5
8.8
30.3
47
0
0
0
0
0
0
0
0
0
0
0
0
0
0
0
0
0
8.8
30
30.3
0
0
0
0
48.8
166.4
324.8
551.6
701.1
703.5
559.2
446.5
528.9
619.1
884.4
914.5
906.1
855.3
784.1
357.4
301.9
282.1
217.9
179.9
114.3
38.2
61.7
4.2
0
0
0
4.6
0
0
0
0
0
0
141.5
282.2
338.1
428.9
371.4
144.1
86.1
51.6
47.9
0
17.8
46.7
89.8
89.4
130.5
158.8
221.7
322
326.1
195.1
111.9
209.6
165.6
142.8
76.8
0
0
0
0
0
0
0
0
0
0
0
0
0
11.8
118.3
161.6
40.4
24.8
7.7
0
0
0
0
22.3
0
0
0
40
5
0
0
0
26.3
28.8
17.5
86.6
47.9
47.3
1.6
0
0
0
0
0
0
0
45
60.6
58.7
103.4
101.8
56
47.3
47.1
49.6
49.3
37
47.5
87.5
93.6
48.2
3.2
0
0
0
0
0
0
0
0
0
0
0
0
0
0
0
0
0
0
0
0
0
0
0
0
0
0
0
0
0
0
0
0
0
0
0
0
0
0
106.8
125
62.4
0
8.3
257.5
42.5
75.8
293.8
293.8
145.8
47.9
0
0
0
0
0
0
0
0
0
0
0
41.2
97.3
69.5
69.7
40.2
49.8
34
23.2
0
0
0
0
0
0
0
0
0
0
0
11.1
0.2
0
0
44.6
64.1
183.3
109.8
93.2
30.3
0
0
0
0
0
0
0
0
0
0
0
0
38
0
59.2
66.4
65
204.4
205.9
237
97.6
0
0
0
0
1.5
0
0
0
0
0
0
57.8
98.3
195.2
226.4
357
444.5
502.5
445.7
419.8
481.1
414.1
425.2
100.6
107.8
60.5
1.2
9.6
30.8
2.3
0
0.7
12.8
28.5
0
0
13.3
34.8
54.3
129.6
59.2
14.9
0
0
0
0
0
0
0
0
0.4
0
0
0
0
0
0
60.1
185
233.7
282.1
232.5
291.3
198.9
88.4
64
0
13.6
44.5
18.7
0
0
0
0
0
0
0
0
0
0
0
0
0
0
0
0
0
0
21.8
44.1
18.8
0
0
0
0
108.5
143.4
154
131.5
145.6
91.7
0
0
48.8
50
45.5
23
5.5
82.2
90.5
144.6
120.8
143.2
96.9
21.2
45.9
105.9
91.2
113.1
81.4
59.9
100
101.9
98.2
103.2
161.2
212.4
190.5
129.5
123.3
75.8
59.3
139.7
90.7
22.9
0
0
0
0
0
0
0
0
0
0
4.2
79.3
95.4
129.7
75.5
368.9
483.6
519.8
487.9
226.4
4.2
0
0
0
0
0
16.3
141.5
110.9
8.4
0
0
54.3
71.9
6.4
161.7
125.3
115.7
0
58
153.7
219.4
383.3
351.3
248.8
192.5
140.6
130.6
197
290.2
331.5
187.8
70.6
0
0
0
0
0
0
0
0
57.6
296.6
318.2
323.7
160.2
0
0
0
0
0
0
0
0
166.3
143.8
164.7
219.8
247.8
312.5
178.8
185.4
128.8
33.3
0.8
0
23.6
84.8
196
228.7
358.5
370.8
416.1
450.3
533.1
597.4
554.5
399.7
395.3
337
237.1
187.2
167.9
150.5
235.8
217.2
231
251.1
298.3
293.6
168.7
72.8
194.3
207.2
113.6
41.3
135.9
82.9
41.7
0
0
0
0
0
37.6
43.6
0
0
0
0
0
0
0
0
89.2
115.3
109.5
3.4
0
0
0
7.5
62.1
133.8
116.4
134.2
92.7
63.6
174
0
0
0
66.4
51.7
54.3
47.8
67.2
48.4
99.2
11.1
20
0
0
0
0
0
0
0
0
48.5
107.4
72.3
0
94.8
129.2
101.8
0
0
1.6
6.9
52
47.5
60.7
24.2
38.7
7.4
23.6
0
0
0
0
0
0
5.2
0
0
0
0
6.9
0
0
17.8
20.4
39.3
71.6
106.1
208.8
180.2
215.4
187.4
235.5
311.3
382.4
390.8
337.4
271.5
200.9
196
182.3
29.8
0
0
0
3.4
0
0
0
0
0
0
0
0
0
0
0
0
0
0
0
0
0
0
75.9
0
7.3
38.3
58.3
25.4
65.2
4.8
0
0
0
0
0
0
0
0
82
0
0
0
0
0
39.8
7.3
0
0
0
0
0
0
0
0
0
0
0
0
0
0
0
0
0
0
0
50
43.5
22.3
120.7
190.8
37.6
0
86.7
104.6
144.6
121.8
131.5
114.3
101.8
96.3
112.4
102.3
128.8
8.1
0
0
0
0
0
46.6
157.3
240.3
293.4
252.6
152.3
119
78.1
113.2
157.6
160.1
0
0
0
0
0
0
0
0
34.9
162.8
381.3
568.1
646.7
584.1
566.3
454
257
253.6
24.9
0
0
0
0
0
0
0
25.6
44.9
55.6
29.2
37.1
36.7
0
5.8
109.7
126.6
180.8
163
77
52
0
0
0
0
0
160.3
179.6
191.6
267.5
282.2
279.1
242
141.6
216.5
254
191.5
166.6
218.8
247.4
119.3
3
0
35
300.9
300
25
58.8
27.5
146.3
208.2
301.2
280.8
378.6
353.3
242.5
153.6
155.5
215.1
280.6
211.4
153.4
66.4
6
0
0
0
0
0
0
86
84.4
0
34.4
83.8
62.7
0
0
0
0
0
0
0
0
0
0
0
0
0
0
0
0
0
0
0
0
0
0
0
0
0
0
0
0
0
0
0
0
0
0
0
0
0
0
0
0
0
13.8
36.2
0
0
0
0
0
0
0
0
0
0
0
0
10.4
0
0
0
0
0
0
10.3
49.2
58.3
24.5
67.8
0
0
0
0
0
1.8
13.8
43.4
52.3
17.2
0
0
0
6.7
28.1
10.4
141.3
286.9
303.7
299.3
273.4
314.1
285.2
421
268.2
184.2
76.3
0
18.6
0
0
47.9
21.1
42.9
0
0
11
16
27.2
0
0
0
0
0
0
0
0
0
0
0
0
0
0
0
0
0
0
0
0
0
0
0
0
158.3
300
300
293.8
256.3
367.2
433.3
366
291.7
313.6
421.6
549.5
596.8
539.7
429.3
307.8
241
220.1
199.9
183.9
232.3
151.4
134.1
83.5
75.9
106.8
82.8
0
0
0
20.7
137.7
179.6
134.8
192.3
107.8
33.8
2.1
47.9
116.3
80.8
0
0
0
0
0
0
0
0
0
0
0
0
0
0
0
0
0
0
0
0
0
0
0
0
0
0
37.6
72.5
35.6
0
0
0
0
0
0
0
0
0
0
0
0
0
0
0
0
0
0
63.4
61.8
63
24
0
0
0
0
0
0
0
0
0
6.3
58.4
102.5
47.1
25
0
0
125
96.3
123.8
0
0
0
0
0
0
15
13.3
53.1
58.7
35.8
0
1.3
49.2
78.9
100.4
124.4
51
20.8
0
0
0
0
0
0
0
0
0
0
0
108.3
0
0
0
0
0
0
0
171.5
373.4
545.5
678.2
688
584.7
503.3
423.8
218.6
95.2
0
0
66
55
0
102
101.4
85.3
100
100
102.1
129.6
100
97.9
50
87.7
52.3
94.3
119.7
114.7
75.8
149.5
62.6
9.4
6.3
0
0
0
0
0
0
0
53.8
92.3
262.3
330.4
327.7
342.2
345.8
292.9
271.9
167.7
176.2
174.6
182
179.1
157.3
154.6
64.1
76.8
44.7
31.3
34.2
65.3
71.7
90.5
166.2
116.1
67.5
91.9
69
45.1
50.2
0
0
0
0
0
0
0
0
0
30.5
2.5
0
0
0
0
0
0
0
0
0
0
0
0
0
0
0
0
0
0
0
52.3
3.5
0
0
0
0
0
0
0
0
0
0
0
0
0
0
0
0
0
0
0
0
0
0
0
16.5
31.8
23
4.9
32
126.2
130.5
151.5
115.6
97
25.9
0
0
0
0
0
0
0
0
0
0
0
0
0
0
4
0
0
0
0
0
0
0
0
0
49.5
133.8
113.8
111.1
0
54.3
69.6
95.8
61.7
30
0
0
0
0
0
103.8
111.3
100
61.1
46.6
49.1
0
0
0
0
0
0
0
0
0
0
0
0
0
0
0
0
88.9
196.1
252.4
261.9
283.8
302.3
289.9
243.5
156.4
231.7
198.8
197.8
236.8
150.2
211.6
155.3
156.4
204.4
257.3
247.2
190.5
98.6
76
128.3
98.3
58.5
0
0
0
0
0
0
0
0
0
70.8
293.8
347.9
384.2
325.3
407.5
494.3
495.8
0
9.4
26.5
0
0
57.5
64.3
82.5
37
0
0
0
0
0
0
0
0
0
0
0
0
0
0
0
0
0
0
0
112.4
33.2
67.7
10.8
4.8
72.8
72.7
52.5
43.5
10.9
0
0
0
0
0
0
0
0
0
20.6
17.3
0
0
0
0
0
32.5
0
0
0
0
0
0
0
0
0
0
0
27.1
52.9
100.8
100
49.8
2.8
54.7
80.9
31.7
57.4
127.2
95.3
19.9
0
0
12.9
48.6
0
0
0
0
0
0
0
0
0
0
0
0
0
0
0
0
0
9.3
41.1
0
0
0
0
0
0
7.7
0
0
0
0
0
0
0
0
0
0
0
0
0
0
0
0
0
0
41.8
0
0
0
0
0
0
0
0
0
0
63.9
60.3
44.4
50.5
53.3
8.7
0
0
0
0
0
0
0
0
0
0
0
0
0
0
0
0
41.5
59.4
26
0
0
0
0
0
0
0
0
0
0
0
0
25.2
31.5
28.7
43.3
120.1
250.2
197.2
63.2
0
0
0
0
0
0
43.3
70
57.9
95.1
35.5
0.8
58
32
0.3
0
0
37.1
0
14.4
106.8
154.8
279.7
294.4
318.2
268.8
230
121.8
146.7
163.8
108.9
134.9
178.1
217.8
200.9
284.4
209.1
146.3
125.8
121.5
32.2
81
134.5
130.6
67.1
29.1
0
0
0
0
0
0
0
0
0
0
0
0
13.8
0
0
0
0
0
0
0
0
0
0
0
0
0
0
61.1
75.7
52
37.1
105.8
103.4
108.5
80.7
133.9
80.8
20.4
21.6
111.5
123
93.6
46.4
57.8
70
107.5
130
189.6
263.5
229.3
253.8
241
253.6
267.8
229.3
243.4
157.1
134.9
104.6
130
108.2
166.3
159
117.5
165.4
188.3
57.7
0
0
0
0
0
0
1.8
43.7
120.6
127.8
159
205.5
251.8
232.8
159
144.1
65.5
0
0
0
0
0
0
0
0
0
0
0
0
0
0
0
6.6
0
0
0
15.6
0
0
0
0
0
0
0
19.8
0
0
0
0
0
0
0
0
0
17.5
7.5
19.2
14.9
3.2
33.2
43.5
44.8
27.1
49.3
27.4
95.5
86.9
161.5
242.8
321
347
23.5
0
0
0
0
0
0
0
0
0
0
0
0
0
0
0
0
0
0
0
0
0
0
0
0
0
0
0
0
0
0
0
0
0
3.8
51.7
47.2
86.8
215.4
429
458.8
520
448.8
322.1
141.7
57.9
83.9
53.6
0
0
0
0
1.3
22.3
0
21.7
0
0
0
0
0
0
0
0
0
0
0
0
0
0
0
3.5
174.5
85
0
0
0
0
235.1
466.5
493.8
413.3
348.3
264.2
300
313.8
290.4
353.5
388.1
407.3
400.8
332.5
302.4
322.7
424
532
388.2
431.3
509.5
481.1
207.6
86
33.9
0
0
0
0
0
0
0
0
0
86.4
188.2
138.4
102
82.9
49.3
119.7
152.5
212.4
250.4
266.3
383.8
449.6
449
440.6
535.8
605.5
622.5
519
484.9
450.3
349.1
183.8
81
0
87.5
64.2
0
0
0
0
0
0
126.4
337.1
470.5
398.7
306.6
239.1
187.3
102.1
102.2
111.3
82.1
46.8
17.4
0
0
0
0
0
0
121.9
296.1
300
287.5
200
200
104.2
100
100
100
144
101
148.9
162.5
147.9
120.1
122.7
136.2
0
0
0
0
0
0
0
0
0
0
2.5
12.3
30.1
0
0
0
0
0
0
0
0
0
0
0
0
0
0
0
68.6
115.8
144.8
0
0
0
159.2
54.2
5.4
0
0
0
0
0
0
0
0
0
0
0
0
0
0
0
0
27.4
126.8
201.1
169.3
96.1
137.1
249.5
249
160.9
83.6
2
0
240.8
502.6
873
988.5
1026.9
954
689.1
454.2
374.1
368.7
505.5
477.3
397.6
265.2
286.8
169.2
89.7
0
0
0
6.7
329
570.3
592
542.6
525.9
295.3
103
0
0
27.1
47.9
0
0
0
0
0
0
0
0
0
196.3
103
105.1
120.9
121.7
95.5
20.8
27.7
17.1
0.8
0
1.3
0
0
0
0
0
0
0
0
0
0
0
0
0
0
0
0
0
0
0
0
0
0
0
0
0
0
0
0
0
0
0
0
0
0
0
0
60.5
121.1
99.9
133.8
134
158.2
146.4
45.5
45.7
7.5
0
0
0
0
0
0
0
0
0
0
0
0
0
0
331.3
405.4
357.1
351
307
190.9
155.8
57.4
154.2
150.3
121.5
118.5
5.3
0
0
0
0
0
0
0
0
0
0
0
13.8
61.8
46.9
0
0
0
0
0
0
0
0
0
0
0
0
0
0
0
0
0
0
0
0
0
58
99.7
35.9
32.4
73.3
3.5
0
0
0
0
0
0
0
0
0
0
23.2
0
0
0
0
0
0
71.8
0
