271
350
352
356
294
249
187
152
74
0
0
0
0
0
0
0
0
0
0
0
0
0
0
0
0
0
0
0
50
0
0
0
0
0
0
0
0
0
0
0
0
0
8
0
0
0
33
81
115
96
109
85
102
0
0
37
69
107
190
199
162
128
76
2
0
44
63
0
0
0
0
0
40
69
115
139
139
85
85
10
111
141
189
189
189
144
114
49
45
114
218
139
115
63
0
47
0
0
0
0
0
0
0
0
0
5
0
0
0
0
0
0
7
0
7
0
0
0
0
0
28
57
57
6
0
0
0
0
24
27
83
95
64
59
91
123
127
80
206
209
181
142
159
159
104
99
99
149
127
73
0
8
0
0
0
0
0
27
17
0
0
0
0
0
0
0
0
19
0
0
0
0
0
0
0
0
0
0
0
0
0
11
0
0
0
0
0
0
0
0
0
0
0
0
0
0
0
0
0
0
0
33
91
108
80
126
16
0
0
0
0
0
0
13
27
23
48
59
59
59
59
82
14
161
123
65
99
87
19
49
49
30
19
32
13
20
0
0
0
0
0
0
0
0
0
0
0
79
129
121
121
100
129
203
236
183
165
106
45
0
21
0
0
0
0
0
0
0
0
0
0
0
0
28
66
104
75
90
113
53
18
0
0
0
0
0
0
0
118
216
173
265
299
369
365
273
241
214
215
150
84
99
99
99
62
49
0
0
0
0
0
0
103
51
6
0
33
78
124
128
171
113
165
184
99
90
129
119
79
58
24
0
0
0
0
0
74
106
93
79
79
17
0
0
0
69
114
174
163
207
239
175
126
157
108
71
85
83
130
119
21
0
2
0
17
0
11
87
95
82
71
99
88
118
100
120
31
100
77
17
0
0
19
29
0
0
0
80
74
0
0
0
0
0
0
0
0
0
0
0
0
0
0
0
0
0
0
0
41
14
87
252
247
246
251
356
224
263
343
356
186
98
87
20
17
0
0
0
0
0
0
0
0
0
60
145
183
212
111
121
92
62
12
129
150
126
104
55
0
0
0
0
47
55
121
100
8
0
0
0
0
0
0
0
26
52
0
0
0
0
0
0
0
0
0
0
0
0
0
0
0
0
0
0
0
0
0
0
0
0
0
0
0
0
16
0
0
79
41
27
28
124
297
347
120
100
101
187
228
204
76
0
0
0
0
0
0
0
0
5
0
0
0
0
0
0
0
0
0
0
0
0
0
0
0
0
0
0
45
87
123
298
356
457
364
340
254
102
54
131
167
109
0
0
0
0
0
30
49
111
110
150
210
287
387
544
588
531
312
65
0
0
0
7
90
113
152
161
120
132
180
117
16
117
0
0
0
0
0
0
70
156
128
253
223
48
0
0
0
0
139
344
277
125
0
0
0
0
0
0
0
0
0
0
0
124
275
90
0
0
0
0
0
0
0
0
0
0
0
7
28
57
116
120
120
189
178
11
10
50
26
64
147
80
109
241
441
614
12
0
0
0
0
0
0
0
0
28
0
0
0
0
0
0
0
0
0
0
65
313
451
584
650
623
456
176
129
93
79
173
12
0
0
0
0
0
0
0
0
0
0
0
0
0
0
0
0
0
0
0
0
12
330
357
333
60
0
0
0
0
0
0
0
0
0
0
0
0
0
1
123
231
320
330
368
415
257
87
12
0
82
107
8
38
40
0
0
0
32
118
150
122
140
136
21
0
0
0
0
0
0
0
0
0
0
0
0
0
0
0
0
0
0
0
0
0
0
0
0
0
0
0
0
0
0
0
0
0
0
0
0
0
0
0
0
0
0
0
0
77
162
202
0
0
0
0
0
0
0
29
104
194
180
236
296
358
335
122
37
88
241
224
311
447
459
356
111
185
200
123
12
0
0
0
0
0
0
0
0
0
0
0
0
71
246
319
206
197
270
275
356
298
200
140
120
167
209
193
363
511
518
564
676
745
692
456
325
174
56
15
143
342
473
450
286
127
119
252
311
366
314
363
366
272
330
359
345
331
257
212
40
8
77
75
100
203
318
239
17
0
0
0
0
0
0
0
0
0
0
0
0
0
0
0
0
0
0
0
0
0
0
135
233
315
223
190
136
139
122
106
79
51
0
0
0
0
0
0
177
478
545
387
270
64
0
0
167
175
80
0
21
40
0
0
0
0
0
0
0
0
0
0
0
0
0
0
0
0
0
37
191
325
344
352
352
402
368
305
249
287
280
125
105
56
32
0
0
22
119
52
41
0
40
30
117
331
356
350
385
461
500
550
591
677
655
461
212
104
36
0
0
0
0
0
0
0
0
0
44
155
274
367
310
237
133
12
0
0
0
0
0
0
0
0
0
0
94
106
0
0
48
37
49
47
25
71
99
59
62
123
53
39
128
104
37
48
23
34
94
261
351
289
338
235
233
218
7
0
0
0
0
0
0
0
0
0
0
0
0
0
0
0
0
0
94
0
79
192
240
226
125
142
180
263
306
397
310
337
260
303
344
357
302
237
200
33
90
27
79
17
0
0
0
0
0
0
0
0
0
0
0
0
0
0
30
71
70
8
0
0
0
0
0
0
0
0
0
0
60
130
130
130
130
130
93
80
65
74
60
73
31
0
0
0
0
0
0
0
0
0
0
0
0
0
0
0
0
0
0
42
61
92
140
108
56
71
80
52
55
59
47
0
1
0
0
0
54
143
162
224
127
0
0
0
0
0
207
444
253
164
69
6
145
404
545
539
483
335
265
132
0
0
2
10
0
0
0
49
0
0
0
0
0
0
0
0
0
0
78
120
167
155
119
40
30
65
190
251
235
160
155
142
65
133
17
0
0
0
0
0
0
36
161
150
122
75
0
0
0
0
0
79
178
198
42
5
0
23
13
0
0
0
0
0
0
0
0
28
70
70
56
0
0
0
0
0
6
50
47
94
92
0
0
0
0
0
49
95
211
276
244
86
0
0
59
74
306
335
245
87
65
117
200
276
321
241
112
112
198
230
171
227
251
212
290
226
231
120
122
100
100
100
50
97
57
94
108
160
121
86
107
71
0
0
0
16
113
179
194
120
15
0
0
8
0
73
116
164
200
200
166
160
196
202
141
13
0
0
0
1
136
345
435
527
316
78
0
0
200
206
242
264
265
210
165
326
356
299
224
214
213
110
0
0
0
0
0
19
0
0
0
0
63
0
0
0
0
0
0
0
0
0
0
0
0
0
0
0
0
0
0
96
184
256
438
474
50
0
32
0
0
0
0
0
0
0
0
0
0
0
0
0
0
0
0
0
0
0
0
1
0
11
40
74
93
127
154
63
0
0
0
36
98
230
380
578
651
620
671
779
836
864
960
909
257
127
80
82
137
246
432
617
764
844
809
608
435
325
328
319
247
118
46
0
0
0
0
0
151
314
271
130
102
175
90
46
0
0
0
0
0
0
0
0
0
0
0
0
0
0
0
0
0
0
78
144
235
274
154
0
0
0
0
19
0
0
0
0
0
0
0
0
0
0
0
0
0
0
0
0
0
0
0
0
0
0
0
0
0
0
0
0
0
0
0
0
0
0
0
0
0
0
0
0
0
99
179
150
94
30
0
0
0
0
0
0
0
0
0
0
0
0
0
38
60
8
0
0
0
0
0
0
0
0
0
0
82
196
229
50
90
17
0
0
0
0
0
0
0
0
0
0
0
0
0
0
0
0
0
0
0
0
0
0
97
355
442
463
380
296
342
325
172
335
427
437
391
485
528
507
555
587
341
304
304
184
220
200
112
12
0
0
0
0
0
0
0
0
117
231
260
299
287
276
250
211
212
200
184
297
402
520
487
521
522
486
337
179
143
52
182
137
101
51
0
0
0
0
0
0
0
0
0
0
0
0
0
0
0
0
0
0
0
0
133
231
250
286
274
240
134
89
30
0
0
0
0
27
59
41
5
10
0
10
0
0
0
0
0
0
0
0
0
0
0
0
0
0
0
9
4
0
0
0
0
0
0
54
0
0
0
0
0
0
0
0
0
0
0
0
29
0
0
0
0
0
0
0
0
0
0
0
0
0
0
0
0
0
0
0
0
0
0
0
0
0
0
65
145
254
270
206
150
53
0
0
0
0
0
0
105
15
1
40
40
5
0
0
22
60
60
65
0
0
0
0
0
0
0
0
0
0
21
0
0
0
0
0
0
0
0
0
0
0
0
0
36
52
30
30
29
36
0
0
0
72
67
18
62
78
80
63
80
60
0
0
0
0
0
0
0
0
0
0
0
0
0
0
0
0
0
0
0
0
0
0
0
0
0
0
0
0
0
0
0
0
10
0
0
0
0
0
0
0
0
0
106
237
268
299
320
343
374
353
320
222
351
484
577
622
670
636
520
407
412
499
444
434
391
326
10
0
0
0
0
0
0
0
0
0
0
0
0
12
79
70
38
0
33
88
106
57
0
0
0
0
0
0
0
0
20
24
7
0
0
0
0
73
135
150
180
162
127
119
82
98
149
160
160
78
48
70
70
45
0
0
0
0
0
0
0
0
0
0
0
0
0
55
95
53
40
27
0
0
0
0
0
0
0
0
0
0
0
0
0
0
0
0
0
0
0
0
1
89
112
67
24
3
0
0
0
0
0
0
0
0
0
0
0
0
0
0
0
0
0
0
0
0
0
0
44
80
80
80
79
16
0
0
0
0
45
37
0
0
0
0
0
0
0
0
0
0
0
0
0
0
0
0
0
0
0
0
0
0
0
0
0
0
0
0
0
0
0
31
80
40
0
0
13
19
0
0
0
0
0
0
0
0
0
0
0
0
0
8
0
0
0
0
0
0
0
0
0
0
0
0
0
0
0
0
64
114
195
170
57
100
100
134
189
180
63
50
120
58
50
10
16
0
0
0
0
0
17
0
0
0
0
0
0
133
185
223
159
152
19
0
0
13
47
89
19
15
0
0
0
20
46
31
0
0
53
100
184
179
176
193
139
0
0
0
72
60
103
131
114
50
40
40
40
83
45
14
0
0
0
0
9
52
110
34
0
0
0
0
48
175
200
184
12
0
0
0
0
0
0
0
0
12
80
80
33
32
20
0
0
0
0
0
2
200
230
197
0
0
45
60
60
6
0
0
0
0
0
0
0
0
0
0
0
0
0
0
0
46
38
0
0
0
0
0
53
37
24
0
0
0
0
0
0
0
0
0
0
0
18
0
0
0
0
0
0
0
0
0
0
1
33
0
43
70
17
0
0
0
0
0
0
0
0
0
0
40
67
60
20
20
20
41
50
8
0
0
0
0
0
0
0
0
0
0
0
0
0
0
26
59
0
0
0
0
21
33
68
96
0
0
0
0
0
0
0
0
0
0
14
0
0
0
0
0
53
63
37
50
50
50
50
50
32
1
20
2
0
0
0
0
0
0
0
0
0
0
0
0
0
0
0
0
0
0
0
27
43
24
0
0
40
8
14
40
61
49
17
40
14
0
0
0
51
80
2
0
0
0
0
0
0
0
0
30
66
80
80
115
158
113
94
171
134
52
0
27
130
113
17
10
0
0
0
15
62
27
80
2
0
0
0
0
0
0
0
0
0
0
0
0
0
0
66
67
82
95
129
127
118
158
180
220
331
321
332
377
346
402
367
284
150
107
33
25
0
0
0
0
0
0
0
0
0
0
0
0
0
0
0
0
0
0
0
0
0
8
0
0
0
0
0
0
0
0
0
0
27
12
50
61
124
150
150
150
150
174
100
82
43
71
148
167
267
197
75
103
81
86
104
67
76
68
63
0
0
0
0
0
0
0
0
0
0
0
0
62
0
0
0
0
59
60
55
35
29
6
20
20
51
94
92
189
146
62
30
35
86
63
47
61
55
79
22
0
0
0
0
0
0
75
55
42
70
53
27
171
190
119
56
21
0
0
0
10
26
50
82
130
121
109
87
123
23
30
0
0
0
0
5
29
23
0
0
30
34
0
0
0
0
0
0
0
0
0
0
0
0
0
0
0
0
0
0
2
3
0
0
0
0
0
0
44
50
50
50
50
67
80
82
62
72
150
87
5
0
1
0
0
0
0
0
0
0
0
0
84
97
80
80
32
0
0
0
0
0
0
0
0
0
0
0
0
0
0
0
0
0
0
23
101
98
35
126
92
106
105
128
68
55
37
0
35
81
120
70
37
0
66
152
357
489
447
397
423
459
348
10
0
0
0
0
0
0
0
0
0
0
0
7
15
29
100
162
287
253
150
111
102
119
110
29
0
0
0
0
0
0
43
0
0
0
0
12
59
100
67
0
0
0
0
0
0
0
0
5
77
54
93
120
89
62
90
110
156
167
288
416
500
456
402
400
548
675
510
484
503
493
442
105
64
191
340
341
228
103
0
0
0
0
0
0
0
0
0
0
0
0
0
0
0
0
0
0
0
0
0
0
0
0
0
0
0
0
2
64
158
213
259
307
365
410
400
318
289
180
144
140
146
100
100
136
260
301
339
454
450
406
287
137
214
170
12
0
0
137
262
368
547
628
570
102
95
96
21
0
0
0
0
0
0
0
0
0
0
0
0
0
50
47
0
0
0
0
0
24
60
51
80
80
80
0
0
0
0
0
0
0
0
0
0
20
149
156
0
0
57
32
0
0
10
60
60
35
16
0
0
0
0
0
0
0
0
0
32
27
0
0
0
0
0
0
0
0
0
0
0
0
30
0
5
5
0
30
19
0
21
199
213
174
93
100
62
0
0
115
108
67
60
60
60
84
100
104
140
105
100
96
80
146
150
159
128
90
90
75
13
0
17
31
0
0
0
0
0
0
0
0
0
0
0
0
0
8
30
30
117
104
105
150
185
248
250
235
177
229
193
110
91
90
35
0
79
71
0
0
46
146
261
269
133
0
24
6
36
56
126
122
82
40
4
0
0
0
0
0
17
96
56
74
123
86
116
50
50
50
64
57
19
0
41
83
84
4
0
0
0
0
0
0
0
0
25
0
0
0
0
0
0
0
0
0
48
12
0
0
0
45
0
0
0
0
0
0
20
16
1
10
0
0
0
0
0
0
0
0
0
0
0
0
0
29
60
74
100
110
41
12
0
0
9
10
63
120
50
55
0
0
0
0
0
0
0
0
0
114
126
120
120
90
44
4
0
42
61
98
173
244
257
219
232
232
221
233
174
112
90
104
90
76
4
0
0
39
40
29
31
0
0
0
0
0
0
0
0
0
0
0
0
0
0
0
0
66
46
20
0
0
0
28
23
0
56
87
39
20
20
24
78
101
72
77
52
98
0
0
7
104
128
129
139
150
172
190
71
0
0
0
0
0
0
0
27
23
65
107
211
287
277
364
387
303
312
284
261
280
280
232
201
139
216
299
296
291
255
250
221
175
140
76
14
0
29
158
127
10
0
0
0
0
11
0
0
0
0
0
0
0
0
49
0
0
0
0
0
0
0
0
0
0
0
0
0
0
0
0
0
0
0
0
0
9
112
135
136
95
31
0
0
24
22
13
82
52
64
73
50
40
0
0
49
80
80
80
80
80
80
49
0
0
0
0
0
0
0
0
0
0
0
0
0
0
13
20
0
0
0
0
0
0
0
0
0
0
0
0
0
0
0
0
0
4
30
30
48
49
22
0
0
0
0
0
0
0
0
0
0
0
0
0
0
0
0
0
0
0
0
0
0
0
0
30
72
80
147
154
55
0
11
77
86
50
66
100
100
100
100
141
215
275
310
304
300
300
258
163
147
101
65
133
76
157
270
353
265
212
214
170
126
167
113
169
185
147
72
11
0
4
32
99
138
37
42
96
132
250
331
309
274
250
248
236
193
170
142
248
285
111
72
120
120
116
109
144
118
0
0
0
0
0
13
170
175
216
295
225
97
84
0
34
128
237
285
348
323
239
57
58
112
105
95
196
290
148
206
116
100
100
191
199
82
78
112
84
130
20
0
0
0
0
0
0
0
0
0
0
79
120
120
67
7
0
0
0
0
0
0
106
150
111
71
68
72
76
64
152
113
100
109
202
220
249
304
286
259
173
176
192
216
185
193
188
242
102
85
114
122
140
83
102
123
93
32
60
137
127
67
57
124
167
154
123
43
56
50
73
93
107
130
130
106
90
99
97
96
59
14
104
89
90
101
128
63
66
90
77
85
100
140
199
227
155
120
120
120
120
120
102
8
0
0
67
87
47
62
116
69
61
111
163
172
230
225
217
175
57
97
131
148
137
81
34
0
78
193
402
482
475
437
483
485
432
375
252
216
47
50
70
90
0
0
0
0
0
0
0
0
0
0
0
0
0
0
0
0
0
0
0
0
0
0
0
0
0
38
50
50
45
31
50
55
90
107
120
155
182
200
110
100
83
80
59
40
84
126
60
98
37
28
0
0
27
93
159
135
90
11
36
153
118
111
13
16
6
6
0
46
166
176
180
235
140
107
100
160
190
190
259
302
224
233
392
369
383
365
164
124
41
65
90
176
249
255
208
151
81
149
261
292
301
294
293
318
243
266
259
278
235
190
184
213
243
304
455
438
296
339
320
297
140
149
287
300
299
282
335
465
443
380
358
227
140
122
171
204
195
206
319
314
328
350
347
400
258
326
300
251
154
100
76
119
63
20
0
62
81
2
0
10
14
69
183
173
207
230
151
137
257
259
200
141
112
138
180
180
180
334
379
330
258
243
278
288
254
271
211
211
251
286
205
143
99
70
70
70
103
222
170
143
89
64
57
56
219
205
206
296
277
275
407
400
287
268
250
250
237
201
182
180
180
155
152
150
75
63
66
78
63
138
100
89
160
199
259
217
203
195
175
140
140
140
140
140
136
109
148
163
157
148
154
234
314
258
218
155
84
52
125
0
0
20
8
70
57
41
32
64
92
100
119
95
127
140
156
188
184
219
160
148
123
91
112
35
27
40
52
100
116
120
120
120
99
63
108
77
48
20
67
90
92
62
0
0
0
0
0
0
0
0
0
0
0
11
30
47
58
29
29
0
0
0
0
0
150
200
25
0
0
0
0
0
0
0
6
50
50
50
49
0
0
0
0
0
0
70
106
160
211
183
0
0
0
0
0
0
0
0
0
73
160
160
160
109
30
0
13
29
0
0
0
0
0
0
0
0
0
77
137
100
82
0
0
0
0
0
0
19
40
40
28
17
8
14
0
0
0
0
0
2
0
0
0
0
0
0
12
66
47
0
0
0
0
0
41
0
63
60
130
176
291
520
815
1031
981
959
620
562
519
492
294
256
81
0
0
0
0
0
0
2
51
0
0
0
31
100
64
137
94
13
11
39
0
0
0
0
40
50
50
50
50
50
43
25
0
0
87
100
22
220
187
196
112
56
117
30
0
0
0
0
0
6
242
423
401
292
153
104
99
80
80
105
159
180
180
180
192
227
167
177
105
177
129
200
82
40
40
40
40
40
40
14
77
80
95
100
118
205
220
251
255
281
258
114
20
0
0
0
0
0
0
0
0
0
0
0
0
0
0
0
0
0
0
0
0
0
0
0
0
0
0
11
8
0
47
57
65
49
0
0
0
0
0
0
0
0
0
0
0
0
0
0
0
46
73
100
103
148
150
150
167
200
194
124
212
202
105
55
79
153
126
164
110
112
126
104
104
91
0
0
120
140
210
251
254
194
118
156
180
142
130
130
97
146
208
254
290
294
282
275
320
342
381
373
74
54
153
192
283
300
281
224
295
364
304
82
0
0
0
0
0
0
0
0
30
136
150
139
42
29
1
0
0
0
0
0
0
0
5
5
111
60
82
0
0
0
0
0
0
0
0
0
0
0
0
0
0
0
0
0
0
0
0
0
0
0
0
0
0
0
0
0
53
112
89
0
76
9
0
0
0
0
0
0
0
0
0
0
0
0
0
91
176
210
158
112
201
269
300
300
177
49
7
4
9
72
63
60
43
0
20
20
0
15
57
138
304
329
300
326
287
247
245
130
298
179
104
48
80
109
176
221
216
229
315
359
411
455
419
511
498
480
453
416
443
433
307
329
388
404
358
358
321
252
206
273
280
316
369
387
483
469
368
326
273
307
270
189
307
367
450
443
128
100
100
100
100
99
73
63
28
89
191
291
371
356
333
322
453
420
380
232
243
311
374
396
212
200
119
100
104
161
137
29
0
0
0
0
0
0
0
0
0
0
0
0
23
50
50
43
97
34
66
107
148
125
97
66
85
1
44
60
40
40
40
40
42
76
72
80
119
91
81
88
0
0
0
0
0
0
0
0
0
0
0
0
0
0
0
0
0
0
0
11
11
22
0
0
0
0
0
0
0
0
0
0
0
0
0
0
0
0
0
0
0
23
70
21
0
0
0
39
0
21
50
50
39
20
22
28
41
73
84
38
105
93
8
23
0
0
0
30
85
146
104
46
0
0
0
137
150
135
125
212
150
150
134
133
255
157
192
200
173
73
46
0
0
0
0
0
0
0
0
0
0
0
0
79
0
0
5
0
0
7
20
0
12
26
38
0
10
38
55
58
58
0
0
0
0
0
0
0
0
0
0
0
0
0
0
0
0
0
0
0
0
55
85
158
134
181
183
148
100
23
76
80
124
160
132
113
195
281
320
303
333
356
360
320
300
274
280
285
33
4
0
0
0
0
0
0
0
0
0
0
0
0
0
0
0
0
0
92
100
100
98
128
131
145
138
127
118
86
116
41
0
0
0
0
0
0
0
98
170
106
100
100
127
126
94
138
93
59
20
20
39
23
20
0
0
0
0
0
0
0
0
0
0
0
0
0
0
0
5
30
7
0
0
0
0
0
0
0
0
0
0
0
0
0
12
40
16
45
52
0
34
126
187
149
10
0
0
0
0
0
0
0
0
0
0
0
0
0
0
0
0
0
0
0
0
0
0
0
1
20
8
0
0
0
0
0
0
0
0
34
70
85
105
145
145
125
134
78
102
106
165
207
41
0
26
40
40
40
15
0
0
52
149
160
200
200
200
188
114
114
91
89
72
60
63
80
28
21
60
60
80
90
90
90
69
50
107
120
139
130
155
162
147
150
181
201
161
162
156
151
41
7
0
0
0
0
0
0
0
0
0
0
0
0
0
0
0
0
0
0
0
0
0
0
0
68
69
20
0
0
0
0
0
0
0
0
0
0
0
0
0
115
161
167
163
248
221
109
153
148
124
98
115
80
63
38
0
0
0
0
0
0
0
0
0
0
0
0
0
0
0
0
0
0
0
0
30
30
26
0
0
0
0
0
0
0
0
0
0
0
0
0
65
152
237
260
187
130
130
130
187
200
157
150
127
215
266
270
192
129
124
84
30
0
0
0
0
0
0
0
0
0
0
0
0
23
60
55
51
0
47
20
26
45
40
40
45
96
77
82
115
110
126
80
0
0
0
0
0
0
0
0
0
34
38
0
0
0
0
0
0
0
0
0
7
23
68
85
80
80
80
80
80
35
0
116
43
52
51
52
102
168
127
135
41
0
0
0
9
19
63
88
20
20
12
0
0
0
0
0
0
50
72
75
57
34
19
0
0
0
0
69
122
120
196
240
144
154
160
160
176
166
188
79
83
88
40
0
0
83
114
149
76
2
0
0
46
60
136
116
96
62
50
50
77
100
108
112
128
104
83
67
125
249
162
109
50
50
133
212
178
161
230
191
106
22
0
0
0
0
0
0
95
158
287
391
404
344
264
250
256
228
260
251
293
300
300
275
109
130
130
130
130
130
103
90
90
138
114
104
104
95
98
110
118
179
133
84
75
97
134
142
130
127
100
100
100
100
100
100
100
97
100
100
100
100
100
82
30
0
51
126
192
252
247
191
140
120
120
110
120
155
130
179
99
14
0
0
0
0
0
0
0
0
0
0
53
90
42
0
0
22
37
60
60
62
69
123
127
4
5
35
0
0
0
0
0
56
73
92
111
110
79
59
36
30
57
96
101
81
137
125
94
150
114
115
94
85
85
115
110
110
87
64
90
165
190
146
137
121
119
110
105
140
152
135
100
106
52
31
0
0
0
0
0
0
0
0
24
84
68
10
79
76
70
70
70
70
80
120
116
105
118
116
140
94
0
0
0
0
0
0
69
73
94
30
0
36
50
50
50
50
50
56
97
92
127
130
134
129
66
54
56
51
0
28
78
101
115
30
106
121
132
129
128
155
151
142
196
200
200
187
179
175
174
182
184
181
155
184
214
290
285
250
232
223
230
230
230
230
211
242
254
219
215
215
245
330
212
72
0
11
96
108
132
134
111
51
0
0
0
0
0
10
103
126
12
0
0
0
47
153
147
167
143
150
179
190
320
380
377
320
353
381
330
330
330
330
354
485
516
526
415
383
365
400
400
363
382
386
392
317
331
264
223
158
68
60
60
60
60
83
112
148
91
69
90
163
116
100
121
158
130
135
198
179
183
185
210
168
120
130
130
107
100
100
130
100
89
22
19
30
30
109
121
150
113
45
70
70
87
158
194
157
136
170
170
170
170
170
159
170
152
145
148
110
129
176
190
163
133
107
99
70
80
145
219
231
117
100
100
100
100
121
100
100
100
72
5
0
0
0
0
0
0
0
0
0
87
99
24
0
157
224
292
340
339
334
273
240
220
210
224
188
135
65
0
0
0
0
0
0
92
104
104
65
73
160
152
152
190
256
190
299
196
162
140
187
99
0
0
0
0
0
0
0
0
0
0
0
0
0
0
0
0
0
0
0
0
0
0
0
0
0
23
0
0
0
0
0
0
0
0
0
0
0
0
0
0
0
0
23
0
0
0
0
0
0
0
0
0
0
23
50
64
97
111
45
77
76
80
110
110
108
36
48
0
8
40
40
54
21
0
0
0
0
54
30
30
30
11
0
7
63
137
140
140
140
128
124
120
65
118
130
130
100
20
0
0
0
0
0
0
0
0
0
0
0
0
59
76
60
46
0
0
0
0
0
46
80
80
80
48
40
30
10
14
30
8
13
20
20
20
44
80
76
59
56
0
0
0
0
0
28
40
22
0
0
30
55
80
120
129
71
0
40
57
54
31
12
42
23
136
157
158
110
174
160
140
116
40
67
116
94
41
87
120
104
109
49
69
69
73
88
44
57
0
0
0
0
0
101
85
38
0
0
4
0
18
98
100
86
42
83
110
71
0
36
0
0
0
0
0
0
8
60
104
264
424
433
329
305
304
220
153
89
182
250
238
272
289
205
224
261
224
259
307
330
316
283
174
131
0
0
0
0
0
0
0
0
138
97
47
49
81
93
170
132
96
76
20
40
95
131
150
221
200
231
263
172
185
266
227
176
171
216
170
170
193
272
289
300
299
203
17
0
13
235
355
450
420
442
422
360
253
248
157
100
13
0
0
0
0
17
0
49
7
0
0
0
2
11
21
64
64
63
83
33
30
79
73
86
85
101
90
90
93
85
36
82
0
0
0
0
0
0
0
0
0
0
0
0
0
0
0
0
70
50
70
82
100
195
280
236
265
196
118
147
291
330
289
207
142
102
89
107
64
7
0
0
0
0
37
62
70
85
110
113
50
103
120
168
244
281
264
221
201
151
50
88
146
94
21
0
0
0
0
0
0
0
0
0
0
0
17
130
248
288
316
339
462
556
534
551
717
728
734
631
350
212
144
99
91
58
39
87
100
86
50
66
82
110
138
219
269
228
246
155
100
35
0
0
23
0
0
27
30
51
91
100
119
128
100
53
21
0
0
0
0
0
0
0
0
0
0
0
0
42
100
100
100
100
85
80
110
129
160
160
134
74
39
58
61
137
265
307
297
219
111
91
156
122
172
201
236
326
268
335
275
244
280
318
355
446
459
426
423
463
456
400
311
219
182
253
0
0
10
40
40
62
35
19
0
27
36
0
0
28
17
0
17
10
39
13
87
69
92
120
50
56
80
80
72
85
0
31
0
0
0
0
0
0
0
0
0
0
0
0
0
0
0
0
67
40
47
89
100
100
100
37
17
40
37
0
6
15
0
0
0
0
0
0
0
0
0
0
113
244
250
250
222
186
237
185
203
199
50
38
60
117
186
152
80
26
137
186
191
93
0
0
184
160
62
18
0
0
0
0
0
0
0
0
0
0
0
0
0
0
0
30
80
81
50
32
0
0
0
0
0
0
0
54
47
55
61
84
30
95
125
122
111
91
123
120
114
100
80
50
3
0
0
0
0
0
0
0
0
0
0
0
0
0
2
0
0
0
29
63
32
1
60
48
264
242
208
217
109
101
0
0
0
0
0
0
0
0
64
129
120
133
162
157
176
80
12
60
0
0
0
0
0
0
0
64
107
82
72
89
34
0
0
0
0
0
0
0
0
0
0
8
91
111
136
134
139
140
7
65
72
80
101
246
192
107
100
89
80
165
249
199
164
101
105
70
0
0
0
0
0
0
34
4
0
0
0
15
0
0
0
20
37
88
130
130
104
80
80
80
115
107
126
112
78
35
37
58
0
0
0
0
0
0
0
0
0
0
0
0
0
59
284
320
129
138
129
120
103
119
0
89
50
68
75
75
27
100
100
100
95
121
72
97
147
29
70
93
60
60
48
0
0
0
0
0
28
40
39
40
9
0
0
0
0
0
0
0
0
40
95
92
104
112
130
141
90
102
110
92
4
5
0
31
25
20
51
122
172
191
235
251
227
207
101
82
83
91
80
80
80
72
110
115
40
0
0
0
0
0
0
0
1
115
151
144
125
118
156
0
6
0
0
0
0
2
54
93
38
62
0
8
0
0
0
0
0
0
0
0
0
0
0
0
62
120
120
120
120
32
12
43
3
20
50
50
21
0
0
0
0
0
20
70
77
57
44
60
60
60
60
60
38
30
64
90
144
150
136
37
18
0
0
0
0
0
43
74
88
56
30
32
97
130
130
130
130
123
33
100
100
118
87
0
0
0
0
0
0
104
170
180
208
69
0
4
0
0
0
0
0
0
0
120
44
19
21
0
35
76
40
18
0
14
175
255
265
241
180
107
74
121
100
100
79
82
119
106
50
97
86
87
104
127
121
97
82
40
56
142
140
152
127
119
117
83
116
130
130
110
134
149
90
99
146
115
186
208
209
260
256
245
305
428
460
495
471
476
25
74
80
80
71
40
40
64
33
0
0
0
0
0
0
0
0
0
0
0
66
127
128
100
112
160
150
150
184
243
210
146
12
0
0
0
40
39
20
20
2
4
0
0
0
0
0
0
0
0
0
0
0
0
0
0
0
0
0
0
0
0
0
0
0
36
128
0
0
0
0
0
0
0
0
0
0
0
0
0
0
29
42
48
6
0
0
0
0
0
0
0
0
0
0
0
0
0
0
0
0
0
0
0
0
23
113
61
0
7
0
0
36
164
200
31
0
0
0
0
0
2
20
20
20
27
77
129
125
190
164
94
0
0
0
0
0
0
33
38
0
0
0
0
0
0
0
0
0
32
87
208
97
86
105
44
93
135
49
0
0
0
34
97
148
160
209
214
104
120
120
120
120
120
137
75
59
80
82
0
0
0
0
0
0
49
173
197
123
117
0
0
0
0
0
0
0
37
54
114
120
135
111
18
0
0
0
0
0
0
50
0
0
0
0
118
109
127
65
26
0
0
0
0
0
0
0
0
0
0
0
0
0
0
0
0
0
0
68
137
195
221
204
200
194
167
121
102
204
237
343
350
229
144
39
11
9
103
124
117
37
0
0
0
0
0
0
0
0
0
0
0
0
39
70
61
0
0
0
0
0
46
62
28
0
0
86
101
113
70
50
93
100
108
96
40
45
119
177
157
204
179
82
82
68
103
88
0
0
0
0
0
0
0
0
0
0
0
0
0
0
0
58
70
70
33
53
57
74
106
111
45
22
159
155
127
271
134
130
130
130
130
90
0
0
33
74
80
57
80
131
130
145
167
117
49
30
118
98
96
0
24
40
40
98
110
110
110
68
45
40
32
20
0
3
0
12
0
135
196
227
248
241
196
78
50
50
133
150
249
339
315
263
311
394
443
482
360
233
78
15
46
80
41
35
42
82
70
0
0
0
0
0
0
0
12
96
128
268
390
397
356
290
293
260
236
113
185
153
120
61
0
0
0
0
0
0
0
42
127
224
183
164
140
123
217
180
163
104
66
0
0
0
0
0
0
22
71
50
49
0
0
0
0
113
90
6
0
0
0
0
0
0
0
0
0
239
378
537
664
611
622
610
537
543
477
482
420
347
270
313
226
80
187
198
117
57
58
70
126
158
345
473
450
89
0
47
106
160
131
68
0
0
0
40
70
130
205
172
128
67
37
0
0
0
0
0
0
72
70
104
230
433
492
550
632
664
574
565
550
389
137
100
12
0
0
0
0
58
82
150
296
288
437.1
1227.7
695.2
596.8
515.2
392.1
279.2
86
0
0
0
0
0
27.4
197.1
393.8
621.7
724.7
528.3
154.2
0
0
0
0
36
0
0
0
0
25
11
0
0
0
0
0
0
0
0
0
114
130
101
130
98
160
226
106
37
0
4
96
158
218
145
131
159
213
273
197
172
146
106
81
133
93
25
0
87
104
113
113
160
151
150
150
180
178
24
0
0
98
151
195
310
192
173
100
99
77
0
66
39
207
192
96
60
87
100
37
0
33
0
0
0
0
69
50
100
101
9
70
100
19
0
0
12
51
10
140
238
260
260
266
280
253
119
80
152
186
210
197
169
143
120
138
213
99
0
0
0
0
0
0
0
20
50
93
110
107
100
100
146
170
150
147
251
384
522
556
598
399
318
366
329
300
288
12
0
0
0
0
0
0
0
0
0
0
0
0
0
0
0
0
20
0
0
0
19
78
118
211
277
300
254
200
172
379
242
316
338
411
332
242
282
290
321
290
271
167
44
0
0
0
0
0
0
0
27
40
40
85
71
33
15
0
0
0
0
25
68
221
150
125
24
0
28
51
0
93
251
307
268
221
235
67
115
70
130
225
305
182
257
275
198
158
21
0
0
0
0
0
0
0
0
0
0
0
0
0
43
91
121
180
190
192
229
225
197
296
169
90
127
43
75
88
56
125
215
241
257
275
228
185
44
10
0
0
0
0
93
100
12
0
0
0
0
0
44
0
0
0
31
30
9
0
0
0
0
0
0
0
37
122
153
204
256
367
339
118
50
89
46
40
39
34
48
60
20
0
11
7
22
30
30
30
30
23
0
0
70
135
180
97
3
96
140
140
130
359
296
274
224
225
218
146
179
279
363
491
509
517
593
536
583
571
586
518
550
435
326
357
292
55
20
0
0
0
0
0
0
0
0
92
145
129
177
167
208
296
194
41
0
0
0
0
0
185
371
496
422
387
280
153
87
0
0
0
0
0
87
100
50
100
12
0
0
0
22
144
182
130
86
37
0
0
0
0
0
0
0
0
0
0
78
238
290
313
370
437
484
532
525
647
655
228
200
200
77
110
100
85
40
40
40
40
30
0
0
0
25
78
124
151
131
203
313
310
268
25
0
0
0
0
0
0
0
0
0
0
6
42
80
80
47
0
0
0
0
0
0
0
0
0
0
0
0
0
0
0
0
0
0
0
0
0
0
0
0
10
68
154
230
242
237
284
247
44
27
14
0
0
0
0
0
0
36
90
90
55
80
80
56
46
46
11
0
48
81
144
161
106
59
40
40
14
0
0
20
37
0
0
0
0
0
0
0
0
0
0
0
0
0
0
0
0
11
40
99
130
112
94
167
191
150
135
95
112
140
140
99
103
113
65
26
0
0
0
0
48
48
52
70
85
145
217
299
353
353
407
410
363
363
321
252
197
190
170
122
43
105
111
78
91
30
0
0
0
0
0
0
0
0
0
0
0
0
0
0
0
0
0
0
0
0
0
0
48
130
130
145
170
170
179
226
260
258
250
250
228
196
113
51
0
0
0
0
0
0
0
0
0
0
0
0
0
0
0
0
0
81
115
155
123
117
100
64
38
45
157
261
319
340
377
407
192
219
194
194
194
206
204
118
161
120
99
126
182
249
278
261
217
93
0
0
0
0
0
0
0
0
0
0
0
0
0
0
0
0
0
0
0
0
0
0
0
0
0
0
0
19
171
130
84
60
62
90
90
130
96
94
109
117
140
140
122
120
120
120
92
90
110
42
0
0
0
0
46
73
0
0
0
0
0
0
0
0
0
0
40
146
147
105
19
4
0
0
0
0
0
0
7
77
80
100
112
150
196
200
277
299
358
353
355
303
291
189
142
50
6
0
19
30
14
0
0
0
0
0
0
0
0
0
0
1
45
194
222
212
229
223
214
125
86
158
235
226
196
95
147
91
52
40
91
157
102
60
140
197
254
300
379
330
330
332
446
387
281
194
231
278
228
152
40
0
0
0
0
0
36
39
64
91
65
86
131
146
96
50
6
0
16
69
70
67
30
10
20
1
0
0
19
78
110
66
106
120
149
159
234
296
250
179
196
187
198
253
182
157
203
102
0
0
0
0
0
0
0
0
50
98
150
126
117
171
158
100
4
0
0
36
99
187
218
257
97
90
61
60
60
23
0
0
54
110
152
184
170
147
128
112
93
85
85
29
0
0
23
39
0
0
0
0
0
0
0
0
0
0
0
0
0
0
0
0
0
0
0
0
0
0
0
0
0
0
0
0
0
0
0
0
0
0
0
0
0
0
0
0
0
0
0
0
0
0
0
0
0
0
0
0
0
0
0
0
0
0
0
0
0
0
0
0
0
0
0
0
0
0
0
0
0
0
0
0
0
0
0
0
0
12
100
100
72
94
100
69
81
106
120
119
77
30
0
0
37
47
18
50
50
43
105
70
192
150
149
142
118
172
181
151
168
210
150
131
128
94
37
80
106
80
60
30
30
18
44
56
56
29
80
55
20
50
31
18
46
53
39
14
67
89
46
18
102
160
137
120
120
120
67
117
85
53
80
122
100
66
0
0
27
97
100
80
52
60
60
42
50
7
0
0
0
42
22
4
40
8
0
0
30
80
80
80
80
115
120
146
150
56
0
0
0
0
0
0
0
0
0
0
0
0
0
0
0
0
0
0
0
0
0
0
0
0
0
22
80
62
114
136
234
338
213
125
300
297
194
124
129
76
70
70
69
0
0
0
88
161
200
240
121
74
150
172
190
213
278
349
363
314
256
272
319
322
286
227
193
217
221
195
196
236
254
245
107
98
123
108
114
162
131
87
61
116
131
85
46
20
32
66
50
76
35
43
50
18
0
0
73
57
30
30
30
68
142
146
177
153
116
87
19
0
0
0
0
0
0
0
13
98
155
191
90
139
167
118
97
37
0
0
36
7
40
40
18
0
0
0
0
0
0
0
49
60
102
88
0
0
0
0
0
7
29
111
153
124
118
41
0
79
120
149
187
215
181
189
100
100
100
130
0
0
0
0
0
0
0
0
0
0
0
4
0
34
85
100
100
151
220
211
161
205
140
140
61
0
0
0
0
0
0
0
0
6
72
96
26
0
0
0
0
0
28
0
0
0
34
0
0
10
37
71
125
130
0
0
0
0
0
0
0
0
0
0
0
0
0
0
0
0
0
0
0
0
0
0
0
0
0
0
0
0
0
0
0
0
0
0
0
0
0
0
0
0
0
0
0
91
148
240
174
184
243
353
303
304
342
328
345
327
288
254
210
166
80
80
107
95
34
30
30
61
58
30
30
30
30
0
0
6
88
110
95
36
0
0
0
0
0
0
0
0
111
170
260
208
120
88
63
0
0
0
0
0
0
0
0
0
0
0
0
0
0
0
0
0
0
0
0
0
0
0
0
0
0
0
0
0
0
0
0
0
0
0
0
0
0
0
0
0
0
0
12
41
0
0
0
0
0
0
0
0
0
77
131
141
95
75
75
9
0
0
0
0
0
0
0
0
0
0
0
0
0
0
0
0
0
0
0
0
0
0
0
0
0
0
0
0
0
0
0
0
0
0
0
0
0
0
0
0
0
0
0
0
0
0
0
7
17
0
0
0
20
42
42
64
96
100
86
60
35
0
0
0
11
50
32
4
0
3
26
3
63
27
0
0
0
0
