139.79
133.48
128.62
89.61
0
0
0
0
0
0
0
0
0
0
0
0
201.96
661.94
621.51
545.67
206.79
204.01
538.44
538.26
0
0
0
0
0
0
1.95
627.45
174.73
200.02
306.17
333.69
300.94
226.54
214.03
206.79
644.54
686.38
644.18
349.76
115.45
102.2
64.11
0
47.31
40.22
19.26
19.55
21.8
19.35
137.21
727.08
747.98
739.12
739.01
729.42
718.85
712.17
715.06
212.58
751.94
752.39
741.72
259.81
160.43
96.13
94.92
93.95
81.65
55.94
45.13
48.94
127.02
134.68
48.4
721.58
753.55
748.92
786.28
787.45
770.74
728.94
728.97
762.54
787.18
785.91
744.48
756.4
725.06
730.63
219.05
97.89
730.59
183.05
124.35
121.19
120.47
121.14
63.29
78.44
12.82
76.48
81.62
82.14
72.24
58.81
44.68
24.95
104.7
207.02
205.22
180.92
153.51
80.48
83.74
72.34
11.57
4.72
6.77
13.53
19.1
34.56
87.79
785.97
786.32
785.51
805.61
805.65
775.04
775.48
775.37
785.14
816.58
817.81
816.69
785.89
163.97
764.67
159.52
99.77
849.56
830.34
819.67
819.52
830.42
853.32
814.62
870.39
884.14
829.6
839.88
839.44
834.23
829.37
829.02
848.53
874.38
876.6
853.25
825.33
812.91
817.37
819.15
812.67
780.4
780.42
775.48
775.58
780.61
810.75
809.77
824.86
842.71
827.95
830.31
832.47
822.33
820.61
819.53
829.2
840.64
861.4
843.72
809.06
762.56
766.29
476.1
351.82
753.47
730.39
717.09
718.62
761.08
772.81
769.99
806.51
814.64
795.36
789.39
764.22
753.88
748.88
753.66
773.35
794.24
824.29
779.14
758.13
738.18
742.6
741.02
220.03
710.62
685.29
670.52
676.17
716.17
732.32
728.88
807.21
811.39
806.85
802.9
807.3
790.05
777.41
771.08
793.65
796.8
797.36
796.05
778.57
770.77
774.15
770.69
760.33
606.39
596.2
590.88
590.78
590.88
596.28
591.91
592.45
602.6
607.34
617.12
611.82
600.91
595.23
204.81
263.74
641.18
647.04
640.82
291.69
546.54
209.1
206.39
160.21
0
0
0
0
0
0
0
0
69.62
104.29
145.87
511.12
499.51
253.93
128.14
119.37
500.64
522.8
510.99
497.98
202.39
182.4
212.54
146.52
65.92
78.66
20.65
21.04
24.11
136.86
227.66
426.5
407.07
417.93
460.86
480
480.03
477.55
467.42
480.19
478.94
711.11
705.66
480.06
480.18
479.87
479.57
458.51
257.42
133.19
107.11
106.06
105.52
108.12
200.54
356.02
432.98
399.29
405.62
254.66
254.27
254.06
223.15
215.96
254.45
565.39
548.4
522.74
508.32
556.51
341.22
201.98
151.51
118.27
101.28
101.02
100.91
138.29
174.97
425.73
436.79
436.72
436.85
437.13
416.8
417.03
253.08
234.29
233.51
455.38
363.95
231.39
145.65
150.59
150.47
153.05
163.15
125.58
111.04
110.45
110.61
111.43
126.56
128.94
153.99
144.7
291.44
174.53
164.92
262.16
261.54
331.6
352.77
460.37
419.06
329.38
219.08
208.25
218.67
186.97
113.11
92.63
77.35
67.19
67.76
93.2
109.75
398.48
273.37
262.99
262.79
261.4
224.47
212.27
175.74
161.22
176.55
257.92
266.65
175.2
147.93
122.83
132.49
106.56
106.84
91.27
100.03
51.59
51.4
50.76
50.92
56.48
82.64
135.66
165.25
210.63
146.28
141.9
140.02
135.47
200.44
342.93
338.01
239.19
230.59
181.22
240.26
176.22
214.26
212.07
209.75
209.02
209.62
213.14
211.23
314.43
304.22
311.39
240.01
239.23
177.47
142.62
123.6
119.39
324.11
340.37
347.96
329.91
320.44
330.05
324.41
318.73
113.1
89.13
73.97
74.5
79.18
96.11
204.21
347.03
351.47
345.79
356.18
355.86
350.07
340.62
340.92
350.47
371.01
392.47
371.74
350.81
345.88
350.88
354.92
354.22
142.99
102.49
88.26
88.15
88.53
104.74
364.26
386.13
390.87
380.86
380.95
370.28
336.96
336.72
337.42
337.41
384.45
393.33
384.96
344.23
361.26
362.41
361.69
350.1
313.04
303.01
298.33
303.45
313.58
324.03
344.43
361.09
367.72
363.15
359.8
359.2
363.04
359.64
357.79
359.95
353.14
393.12
378.81
306.23
352.71
352.37
354.99
304.38
318.76
311.93
310.39
310.62
313.82
314.22
319.53
339.46
333.58
334.95
335.09
334.97
329.39
326.72
326.56
326.84
339.24
341.03
336.27
331.47
330.4
327.35
331.03
331.18
278.57
273.72
273.92
274.13
279.45
279.62
327.74
359.73
364.74
354.24
304.77
350.48
284.79
284.18
279.15
283.56
283.49
284.32
283.59
282.6
271.5
271.62
271.59
271.49
170.05
215.89
210.72
210.67
210.61
215.82
216.12
213.58
212.3
216.32
217.87
217.14
215.46
191.8
160.96
161.34
236.27
244.36
239.9
226.74
215.12
225.13
215.39
215.28
171.38
145.69
127.78
138.96
106.67
107
72.11
259.13
265.04
266.58
230.48
202.32
139.34
129.29
133.29
104.48
275.87
278.72
278.45
272.83
267.39
266.99
266.82
266.82
153.71
133.5
84.28
77.28
93.44
113.99
133.34
308.7
317.99
300.69
279.91
292.17
285.86
286.14
286.97
292.56
311.72
315.97
306.08
294.05
283.83
285.5
289.2
181.88
81.6
65.53
64.77
63.72
57.47
106.37
140.8
320.16
325.5
320.39
320.63
315.86
311.18
307.13
307.67
312.3
322.76
329
318.8
307.66
302.92
301.49
304.6
298.72
315.78
313.28
309.78
309.28
314.05
319.36
323.46
345.63
350.18
341.35
339.52
336.43
334.26
335.32
334.59
340.05
349.61
362.56
354.41
341.11
340.94
339.11
340.03
332.23
294.31
288.8
288.59
288.44
288.19
293.66
319.48
351.64
336.26
322.83
315.52
314.59
314.26
312.66
313.88
321.48
337.51
361.48
346.12
312.94
313.18
313.94
312.98
301.45
186.09
158.15
161.82
301.51
307.04
317.17
342.08
370.96
389.66
381.4
375.71
370.55
352.29
344.91
337.75
338.1
348.75
362.59
361.38
347.98
336.77
335.68
319.45
313.58
285.41
277.38
270.06
210.27
105.14
95.27
97.46
102.99
204.15
262.59
269.48
275.47
108.25
96.61
96.9
98.24
292.82
303.88
301.18
291.46
86
81.46
79.53
74.67
107.22
75.33
0
0
0
0
1.18
1.74
4.82
89.53
124.77
151.74
142.23
0
0
74.27
110.51
309.85
304.84
289.82
229.62
228.23
289.08
278.03
121.51
52.34
28.69
33.7
40.73
111.79
263.47
332.18
342.67
338.21
334.6
335.36
320.95
318.81
313.32
316.38
323.64
348.06
342.17
319.77
300.18
300.29
302.83
293.04
282.4
276.59
271.52
276.61
281.73
287.78
322.11
329.57
347.28
341.3
341.04
341.33
326.1
322.76
316.65
310.98
318.29
346.47
347.21
317.47
310.74
308.4
310.41
298.16
305.98
289.91
300.2
305.62
313.5
337.01
337.31
339.86
345.95
338.47
337.15
338.28
334.01
333.54
332.37
330.97
341.81
471.18
381.53
350.89
335.8
335.64
332.87
309.24
334.17
332.19
329.56
332.28
336.67
332.58
142.65
549.33
622.19
488.47
468.06
465.5
405.95
392.76
369.88
369.09
389.13
965.21
761.74
533.76
369.54
352.05
349.83
345.42
207.51
149.09
133.23
131.91
131.4
143.25
369.57
406.78
414.3
396.17
394.1
384.27
369.85
360.45
351.01
347.67
358.83
378.91
370.55
358.12
345.26
341.97
340.64
337.75
268.99
269.56
264.42
307.09
307.89
309.1
300.93
303
321.45
341.71
343.48
343.09
259.73
254.47
254.48
259.6
315.34
354.21
351.53
264.93
259.71
258.99
261.67
196.72
128.5
109.86
94.54
76.98
43.81
30.61
10.49
33.23
56.51
110.41
138.82
145.83
144.33
130.05
109.08
288.1
306.24
309.57
347.97
339.69
310.22
309.93
308.36
309.99
173.92
205.88
319.44
322.86
326.37
334.46
342.39
351.49
348.48
346.14
346.53
347.2
340.24
337.7
331.81
331.84
334.95
350.78
348.38
337.11
333.08
336.4
333.4
325.17
272.61
272.56
267.38
272.24
277.53
284.03
332.38
352.24
357.93
349.02
347.22
341.96
334.21
336.68
333.69
332.26
340.57
362.98
363.36
343.42
332.14
334.65
331.86
279.64
315.94
316.31
310.79
316.76
324.27
342.89
283.48
373.95
379.56
379.09
379.24
377.08
367.73
358.7
354.76
349.16
351.42
373.1
379.16
359.13
349.8
355.92
355.46
344.83
352.61
349.26
347.33
347.91
353.65
358.4
366.31
384.87
402.49
400.83
398.25
398.19
384.81
381.03
364.49
354.22
361.64
393.81
400.14
384.41
289.23
358.64
364.89
345.33
361.02
357.45
355.77
357.14
360.96
366.72
378.68
394.15
400.56
398.48
396.02
391.85
363.56
360.71
348.12
341.03
353.97
370.83
385.5
366.77
358.09
360.63
368.92
358.86
297.14
296.54
296.41
296.54
296.68
297.27
298.55
364.24
366.71
370.95
376.59
373.87
364.42
360.61
355.25
358.33
370.53
393.42
392.52
366.45
370.41
366.42
299.61
298.51
306.3
304.74
303.15
302.83
302.81
303.16
303.9
304.44
352.1
352.35
353.86
354.12
353.35
352.09
352.13
352.09
353.7
384.81
388.87
385.27
379.86
353.47
306.82
305.36
329.43
327.42
326.84
327.26
327.54
375.19
330.52
395.22
404.31
401.02
397.89
399.16
388.11
385.11
379.12
370.47
375.34
395.17
419.58
398.6
381.51
377.16
375.88
320.61
384.39
379.4
377.66
381.86
386.06
388.14
390.6
404.29
588.65
422.1
418.3
412.41
396.7
394.26
387.5
383.34
364.6
420.72
419.47
523.29
333.02
387.25
378.02
362.01
378.02
371.91
370.3
374.19
378.2
384.58
331.33
413.25
427.31
422.59
427.02
407.24
398.86
483.9
375.64
368.57
363.41
398.98
1189.63
654.05
328.72
387.61
381.41
376.17
384.02
378.13
377.06
379.26
385.2
386.67
301.64
559.14
423.86
421.23
419.28
402.05
396.21
394.29
388.2
379.67
372.75
402.92
414.25
420.37
395.64
389.6
381.59
375.83
381.96
375.08
374.59
377.42
384.6
392.99
396.62
404.43
411.1
410.94
405.33
400.01
385.24
373.16
362.74
356.13
356.11
372.79
387.89
373.03
337.89
361.03
362.65
362.06
330.99
222.5
206.22
195.31
198.44
300
325.55
336.72
365.69
359.86
359.52
347.56
334.73
333.29
332.94
332.58
334.97
338.28
335.43
332.92
331.46
234.04
216.57
210.64
312.37
309.86
178.43
174.82
171.81
176.89
309.86
319.88
319.96
320.58
322.38
322.54
322.33
321.77
320.7
321.11
322.26
328.11
386.03
328.74
319.31
317.48
315.98
315.57
336.73
335.71
335.53
335.68
334.31
336.23
347.91
392.33
412.16
397.9
391.73
383.63
380.49
374.87
373.6
370.18
369
377.83
399.47
391.44
374.47
373.56
372.17
359.12
336.4
322.59
326.71
327.42
336.16
347.95
354.65
375.42
394.52
391.86
385.66
382.97
376.83
372.54
365.23
357.75
355.54
367.38
384.86
377.94
344.19
363.52
362.24
350
352.44
349.86
348.97
349.83
351.55
361.64
355.34
396.19
402.7
385.71
382.26
377.11
374.36
369.59
364.64
323.33
355.69
361.29
380.41
372.57
347.79
369.09
365.88
356.59
364.73
360.66
358.71
360.4
365.65
349.04
370.4
363.45
377.08
371.22
365.02
363.83
356.25
356.63
354.29
355.15
355.97
364.04
375.53
364.62
366.07
375.37
375.9
333.43
337.31
341.6
335.95
343
346.97
349.13
351.99
359.3
376.22
372.2
367.51
363.04
356.27
343.98
343.19
340.55
342.15
352.59
360.01
354.99
345.39
346.13
343.09
329.48
203.71
166.92
152.29
118.79
113.09
149.11
188.91
193.96
325.16
335.31
335.31
292.99
212.17
211.46
216.01
222.24
333.55
354.89
369.03
363.26
357.95
341.24
340.41
332.18
345.34
139.58
61.34
48.98
46.77
49.65
69.68
86.61
336.1
88.22
144.77
219.27
162.69
40.03
38.35
37.41
38.64
93.08
366.37
364.61
360.81
204.78
208
147.46
135.25
98.62
99.03
99.65
100
356.6
363.91
367.25
381.78
370.27
375.11
374.14
368.94
367.45
368.21
363
361.76
368.73
379.11
374.76
372.81
374.82
350.3
336.88
336.32
335.53
335.46
335.71
336.4
338.65
373.16
380.92
385.74
382.16
375.41
369.59
368.37
367.32
365.53
347.04
345.75
349.57
349.91
346.05
342.16
331.33
300.14
155.88
321.74
317.46
311.22
316.15
320.53
325.85
332.53
362.37
367.07
365.93
363.2
361
346.19
361.4
361.79
319.05
318.95
364.52
367.98
363.91
329.62
360.72
328.92
317.34
153.58
137.62
123.91
106.8
106.98
153.41
251.51
343.18
346.24
346.94
346.72
349.77
347.09
348.4
337.04
334.46
335.7
336.68
366.22
364.8
357.79
352.23
353.5
354.49
342.92
341.12
314.96
314.99
344.68
345.89
347.85
345.26
345.62
345.63
346.89
343.82
339.85
337.12
330.69
321.98
322.12
337.35
340.18
334.31
330.87
329.95
330.25
319.19
187.84
151.04
126.8
116.08
110.29
111.3
109.61
290.61
291.47
297.25
297.41
296.87
291.29
285.77
285.65
285.87
291.43
308.33
314.21
308.13
302.63
302.37
297.04
189.51
115
86.82
56.82
56.31
51.43
52.02
102.74
278.37
300.45
305.64
310.45
310.36
309.84
305.92
300.06
300.02
301.58
313.93
337.31
335.42
313.74
312.44
301.44
297.3
282.22
175.58
169.76
167.38
170.03
227.65
224.09
271.27
286.45
305.87
311.29
311.12
310.79
320.73
290.37
289.33
298.78
309.52
315.23
309.82
307.74
303.08
282.53
162.74
105.34
93.12
35.74
105.28
105.92
106.79
109.54
320.18
321.76
321.33
321.94
321.13
320.75
320.46
320.81
320.8
320.13
320.22
323.67
323.56
320.66
323.08
320.35
313.03
307.12
307.49
307.11
308.23
312.47
324.45
324.3
329.1
331.45
328.61
326.48
323.86
319.66
320.61
319.37
319.25
319.02
327.46
336.34
334.6
331.52
330.65
326.52
323.49
323.68
323.41
321.36
323.2
326.89
328.87
330.13
331.99
334.55
330.74
329.61
326.84
324.23
325.67
324.95
324.92
322.92
326.62
329.98
329.13
328.65
327.32
321.73
317.36
302.66
302.69
302.57
302.74
307.75
308.22
308.43
322.68
324.24
323.74
320.99
316.11
308.82
309.12
309.19
307.3
306.44
308.55
315.77
315.16
307.88
307.97
306.65
299.83
297.83
297.2
297.28
297.19
296.97
297.36
294.33
300.23
304.64
311.53
313.95
308.85
305.02
299.5
299.06
299.05
301.94
304.91
311.34
310.25
301.8
299.45
297.4
298.87
279.72
277.36
279.54
279.8
279.7
279.39
283.56
268.87
280.35
283.18
282.58
281.71
274.22
265.12
255.66
255.37
265.99
282.41
293.22
294.96
288.36
283.02
264.69
198.67
266.87
254.19
253.74
256.36
278.39
282.21
296.33
307.85
312.97
311.32
309.92
306.18
305.08
302.78
300.08
297.87
299.15
301.93
308.3
306.46
303.97
302.64
295.57
280.17
278.57
265.21
263.35
276.25
285.62
287.28
288.84
298.87
306.41
306.24
303.05
298.52
297.25
295.5
285.26
283.19
281.7
286.34
298.91
302.8
294.68
290.53
282.47
273.81
248.95
242.92
241.43
241.92
249.88
251.71
271.53
282.56
287.34
281.82
281.45
274.42
268.32
266.26
259.42
256.56
253.91
261.25
274.87
280.35
268.59
264.27
254.17
238.29
224.14
224.43
219.62
224.94
229.95
229.97
256
283.9
291.52
291.4
290.95
287.53
286.31
283.67
281.86
274.08
272.32
268.99
285.17
289.54
282.71
282.83
266.12
236.18
228.15
228.77
235.77
239.02
244.96
265.69
272.15
281.42
284.16
278.36
270.33
265.39
261.75
262.78
258.26
253.24
250.96
254.31
264.48
270.67
261.55
259.9
253.48
231.43
219.66
198.83
189.9
188.84
192.94
203.9
221.23
222.52
228.21
229.97
234.98
233.03
229.8
225.75
222.09
223.07
230.52
242.42
256.2
255.81
242.29
236.77
223.79
214.85
179.65
119.2
87.78
118.73
120.75
125.51
181.87
191.8
200.8
204.14
204.81
205.34
202.02
194.72
187.46
185.47
194.06
220.16
239.79
251.27
239.37
233.05
221.86
197.44
180.45
171.65
170.4
175.84
189.13
209.3
256.88
264.06
266.86
268.4
263.38
261.43
257.98
264.81
262.4
259.62
240.09
249.39
260.57
270.26
242.86
260.56
266.61
222.67
175.75
172.07
171.64
177.13
189.12
195.83
233.7
239.81
279.33
276.98
270.53
261.61
257.78
254.18
248.42
246.04
240.46
243.22
249.41
272.69
246.39
252.44
235.69
193.29
194.43
166.39
168.24
176.58
186.01
202.99
235.92
263.6
269.31
264.56
254.54
256.51
255.84
255.35
251.32
241.18
235.64
244.47
253.28
268.95
266.71
259.83
260.07
238.51
198.23
196.34
198.51
191.82
185.9
201.51
179.6
266.66
274.65
265.98
260.36
257.98
253.58
251.74
249.45
245.27
242.94
246.39
248.25
265.81
197.27
251.9
248.6
220.18
199.62
186.9
187.43
187.21
186.79
193.45
234.35
248.29
254.26
252.03
249.76
245.83
238.02
235.48
233.54
231.12
218.76
222.42
238.39
250.64
242.47
235
233.51
195.53
182.36
171.03
171.83
171.9
175.27
185.34
197.97
199.28
204.82
222.53
221
223.71
204.33
194.69
199.88
195.45
197.55
199.08
233.92
238.03
221.35
204.49
209
188.85
189.65
190.34
0
185.13
183.79
173.78
182.37
174.59
180.1
186.55
188.25
185.55
156
91.81
2.45
1.28
2.08
59.96
67.1
28.8
32.03
16.37
0.42
0.11
0
0
0
0
0
1.27
196.84
245.17
242.75
242.12
240.52
239.77
239.55
239.5
237.18
234.48
230.7
233.94
234.76
244.08
240.56
242.51
236.26
216.15
199.83
196.57
195.32
200.17
204.68
188.73
194.15
204.57
236.1
232.43
218
216.48
194.42
194.24
192.5
191.32
189.68
191.54
192.58
202.56
213.13
203.36
209.57
192.59
131.17
131.7
126.86
131.73
131.87
147.31
164.34
239.95
254.76
249.08
243.38
237.11
228.88
224.86
217.89
206.47
154.46
190.09
198.7
213.33
212.28
214.57
172.62
170.51
148.57
170.07
143.24
142.96
160.09
185.53
221.53
238.76
263.05
253.41
253.3
250.06
250.39
247.33
245.36
236.62
232.65
232.61
236.44
245.4
247.76
243.45
234.63
215.95
181.04
180.63
180.56
180.47
185.36
195.28
202.08
263.73
283.06
276.59
265.97
248.53
236.17
226.4
199.61
193.07
192.63
187.94
197.73
203.72
207.45
196.65
196.94
170.9
142.17
101.67
81.78
97.01
97.29
174.58
179.93
200.53
211.63
214.11
179.23
187.18
181.59
151.37
121.45
106.24
97.29
114.29
201.61
227.28
199.54
197.31
185.79
141.21
122.83
0
0
0
0
0
0
40.79
70.49
89.48
107.26
124.12
119.68
83.62
0
0
16.17
68.55
105.34
150.74
165.87
150
155.37
147.61
174.08
174.02
175.16
186.02
186.18
197.52
240.98
265.67
274.42
268.78
261.05
258.7
247.6
247.43
246.77
242.91
232.37
229.5
228.36
237.51
265.05
259.14
248.28
168.91
223.8
217.61
212.03
216.27
204.41
246.99
250.03
280.99
293.54
285.41
282.68
277.24
260.29
253.41
251.33
248.19
240.32
238.21
238.69
244.37
253.82
244.14
234.18
215.61
200.09
204.03
199.14
198.97
203.75
213.09
238.42
292.93
311.81
303.25
295.93
287.05
282.26
280
275.07
213.38
205.22
249.79
250.8
261.3
269.61
266.7
219.35
207.32
138.17
149.47
139.11
139.1
151.14
211.99
255.03
280.59
287.56
284.54
285.9
293.4
290.5
286.2
282.99
276.76
269.29
270.27
268.91
270.3
282.02
284.32
268.61
241.21
189.48
177.09
158.58
157.99
162.09
199.35
264.63
286.36
302.39
299.24
293.12
285.37
280.87
275.1
263.64
248.28
236.29
238.42
245.17
248.47
253.44
249.56
244.33
212.66
110.87
174.27
174.54
179.49
178.75
198.07
220.4
256.24
257.82
253.92
256.45
255.42
246.34
245.95
241.05
222.04
232.67
228.86
244.55
248.25
249.13
247.13
237.76
212.78
220.56
215.35
210.08
208.01
201.42
207.24
67.64
201.23
227.74
251.27
257.66
256.74
245.73
233.4
222.44
214.08
212.17
223.27
229.97
240.64
220.87
247.76
219.93
212.27
220.29
215.04
214.47
143.87
227.9
235.14
280.59
282.42
291.64
290.21
287.14
287.43
272.27
266.38
255.56
251.25
241.16
235.45
235.66
247.41
257.72
270.42
264.54
200.44
220.92
217.3
212.66
212.99
217.75
222.82
234.5
254.48
273.24
269.62
266.38
264.31
254.73
251.35
236.72
226.35
216.12
217.36
222.36
228.17
238.72
247.13
234.01
214.9
205.8
200.36
200.58
200.66
210.62
221.12
239.74
254.93
268.09
265.43
262.04
256.52
250.82
249.93
229.51
235.02
231.5
230.97
233.79
226.84
246.05
246.41
239.29
218.06
196.39
191.15
180.98
185.99
191.11
200.16
211.45
224.73
245.07
245.66
251.34
250.25
244.89
238.11
226.21
218.76
221.07
221.98
221.27
223.26
230.82
210.09
204.75
180.55
206.01
197.08
190.11
189.09
194.36
197.57
197.29
203.65
212.89
217.57
214.34
207.68
195.69
186.57
166.52
154.22
154.92
175.82
186.17
190.99
202.91
213.84
208.03
188.41
197.79
192.77
182.13
180.95
169.89
163.3
171.58
181.99
192.71
193.93
193.66
220.85
180.89
139.35
118.46
113.2
125.31
152.15
162.22
168.07
224.83
227.89
228.24
167.93
97.13
99.11
96.27
100.85
95.84
49.13
38.62
42.98
71.47
98.02
101.82
131.27
87.43
79.97
65.24
55.2
48.69
71.04
70.77
42.25
122.51
133.73
114.35
82.3
70.11
57.81
57.61
53.87
59.14
53.09
68.02
195.72
198.62
206.19
197.73
191.43
99.05
73.38
58.46
43.93
63.34
147.53
143.98
184.51
221.02
226.63
210.42
205
215.95
210.38
208.51
209.48
217.63
224.41
245.27
244.15
259.09
261.78
258.15
261.74
245.12
243.77
244.18
235.57
228.57
227.34
224.25
224.98
236.1
236.06
227.49
203.66
226.22
223.81
222.06
222.38
225.98
232.2
241.32
215.46
271.82
273.47
273.36
269.85
257.74
258.72
247.36
236.57
235.44
230.66
230.67
231.64
241.36
241.42
238.86
222.57
213.15
207.25
204.2
206.37
207.89
221.01
238.43
251.59
270.79
271.82
268.11
270.63
254.25
252.63
249.79
241.72
240.54
241.88
240.04
239.63
245.01
247.9
238.92
223.01
218.83
210.75
202.69
204.52
210.11
227.01
248.7
252.47
261.38
263.16
263.2
259.81
250.75
242.64
234.33
216.86
209.74
210.95
215.99
218.03
229.08
227.56
219.64
205.82
129.85
98.71
97.62
98.4
96.76
96.12
73.69
95.27
129.33
163.3
182.63
192.13
179.79
155.27
149.84
155.84
167.73
195.85
187.78
191.68
201.96
191.55
189.47
183.06
201.87
180.61
155.56
105.53
105.53
105.58
70.26
96.04
125.79
158.74
175.34
183.25
175
99.49
122.41
131.51
144.81
178.23
180.66
185.86
187.67
194.48
188.96
182.13
196.17
207.61
207.19
210.48
210.82
215.74
217.86
257.23
280.62
270.85
274.25
275.64
261.66
261.63
260.71
254.13
246.19
243.87
238.77
237.23
241.27
245.14
228.93
203.01
182.01
171.06
162.84
155.5
163.34
187.61
221.51
251.22
262.9
260.87
260.47
257.46
247.5
245.78
210.9
194.69
192.22
208.86
201.27
206.02
220.48
221.16
206.73
188.6
180.61
170.24
160.23
155.39
160.61
197.15
197.89
228.47
250.29
246.93
245.67
247
239.39
238.05
225.9
202.94
196.32
210.41
209.24
204.53
224.92
230.77
207.53
193.7
65.54
48.31
47.93
47.75
47.4
61.55
96.14
110.92
199.01
207.91
213.84
211.04
150.16
93
91.93
42.42
27.18
200.7
201.44
196.14
108.74
110.05
109.42
67.66
207.28
191.97
187.3
182.62
168.08
198.84
232.12
243.75
252.15
255.55
256.75
254.68
246.65
242.49
238.8
212.46
208.15
213.51
219.43
218.33
227.55
237.67
237.86
209.58
201.78
196.38
196.06
196.09
196.41
201.22
211.16
216.34
216.91
216.66
216.68
215.75
215.68
215.44
216.68
205.15
74.37
200.84
200.93
104.4
205.16
215.43
131.08
107.33
219.76
215.01
210.56
206.95
207.78
207.72
206.86
206.42
223.06
233.03
236.18
233.36
232.21
227.59
225.89
223.87
224.11
224.92
227.67
228.75
236.25
233.96
233.16
227.39
218.55
212.06
206.72
202.05
203.44
202.57
205.17
266.21
276.28
282.4
291.36
301.18
282.98
274.17
273.43
263.83
259.65
257.19
254
216.51
260.74
264.44
253.98
229.06
211.87
212.31
217.08
217.04
212.37
232.26
249.32
268
275.43
275.69
278
274.39
268.96
266.26
261.29
243.96
236.09
214.68
209.25
245.78
251.18
255.99
250.26
235.42
206.42
206.54
206.68
206.7
211.83
217.19
234.35
259.76
271.7
272.54
276.96
277.9
271.36
265.85
262.81
227.15
239.32
244.61
244.41
243.16
246.56
252.31
249.89
233.41
227.18
218.94
213.9
213.9
214.12
224.22
239
257.23
266.06
259.47
278.02
286.68
263.84
255.68
245.5
224.73
219.58
229.16
229.84
240.65
241.64
245.03
244.88
231.6
220.48
219.51
215.23
215.39
216.96
219.1
219.44
252.16
260.52
261.79
264.63
268.32
259.1
255.68
229.56
238.39
236.37
235.85
237.2
226.21
227.02
235.2
237.22
229.74
206.18
200.68
200.71
200.81
200.92
206.32
219.88
221.13
229.7
234.93
237.62
236.72
232.66
230.07
225.91
219.35
217.38
219.68
233.38
211.11
210.92
215.31
207.4
198.01
204.18
203.77
204.26
220
221.54
218.16
214.34
219.15
225.81
230.8
235.69
235.46
230.06
229.95
225.06
219.88
219.71
224.72
230.28
231.12
232.84
241.89
241.54
236.66
237.16
234.86
234.38
231.09
234.72
237.36
245.01
263.26
279.8
278.9
280.26
282.81
277.04
273.35
265.19
255.08
252.39
248.95
247.94
245.91
251.41
255.55
249.57
240.09
230.82
225.69
220.29
220.67
220.86
226.53
232.84
234.06
299.03
302.92
318.6
317.51
295.66
291.43
393.82
228.68
252.3
253.77
254.66
249.37
249.1
248.85
246.95
222.12
225.07
220.16
220.43
215.51
225.83
229.63
241.48
259.72
270.83
266.62
271.34
287.29
279.85
267.79
259.74
256.61
249.63
238.14
250.03
234.41
248.04
239.79
228.51
217.6
218.45
213.04
214.48
219.15
220.47
220.47
218.68
280.69
309.52
310.57
310.63
308.2
283.27
286.44
279.93
265.9
259.05
259.73
259.33
254.88
240.54
241.88
240.62
235.61
230.25
222.39
218.16
220.53
221.05
227.4
239.44
261.23
270.97
270.78
276.02
281.3
269.7
257.67
253.01
246.25
239.51
239.08
240.2
237.11
235.31
236.62
236.89
233.53
212.21
211.33
201.21
193.87
189.56
179.15
184.59
189.62
210.93
213.84
217.14
218.21
215.21
203.72
194.72
192.38
200.28
207.9
213.15
208.25
211.46
212.72
214.49
215.88
197.64
191.25
180.85
174.89
159.56
147.41
147.12
151.08
162.31
182.81
195.84
193.89
184.36
177.45
170.32
167.99
175
181.73
186.15
185.59
185.24
198.81
205.33
196.98
182.29
175.38
162.29
148.18
154.8
176.37
213.75
245.17
270.94
271.33
270.33
269.11
263.65
262.4
259.01
252.45
241.39
236.87
229.24
219.54
217.62
220.72
210.39
189.9
168.5
166.46
154.56
137.92
147.33
168.87
184.05
226.44
339.32
257.11
259.55
257.96
251.72
249.6
247.97
238.04
231.57
231.99
228.09
226.41
195.15
202.85
191.15
168.01
159.51
159.34
155.9
155.68
155.68
162.73
174.37
272.64
251.39
252.8
252.94
250.8
244.92
243.71
240
233.8
230.49
232.62
234.01
228.68
201.25
219.67
184.93
159.09
151.94
151.9
151.89
151.95
152.03
162.53
183.64
228.09
334.66
253.47
253.85
251.83
243.45
241.05
237.85
234.6
231.44
230.9
220.29
217.31
211.88
212.5
194.85
186.41
180.47
164.56
164.47
164.16
164.04
164.65
188.29
232.37
270.03
245.6
244.44
243.33
235.38
231.57
228.42
224.36
218.08
216.81
208.4
198.26
196.81
197.79
199.75
190.8
180.01
169.85
178.02
177.2
175.19
172.98
179.51
188.26
193.63
197.34
195.86
194.87
193.43
188.79
187.26
186.29
190.7
192.1
192.29
187.01
186.37
186.52
188.29
178.01
178.54
168.5
163.06
155.61
128.79
121.45
127.32
138.28
162.29
168.39
172.3
175.04
168.71
162.91
159.25
157.45
159.41
166.59
168.47
168.25
169.68
177.24
185.5
170.73
165.39
171.81
171.25
170.39
170.44
174.29
170.98
219.89
237.04
236.07
238.72
235.92
232.12
230.2
226.91
224.95
224.29
219.07
211.99
203.24
194.95
196.28
189.35
183.31
171.6
170.01
163.35
160.51
159.41
172.8
179.07
218.31
235.01
233.76
233.46
230.38
228.59
231.4
231.64
228.89
221.23
221.58
232.09
205.17
204.72
201.72
193.56
186.81
170.79
164.19
162.7
161.21
161.62
167.91
178.36
228.51
228.29
225.88
225.56
222.32
219.88
219.31
217.41
214.1
212.7
208.32
201.42
196.35
189.19
190.75
189.2
179.87
172.21
162.79
153.84
142.29
101.6
100.75
120.39
128.83
142.15
163.76
170.07
170.46
169.83
163.97
163.22
163.25
163.21
166.88
169.39
168.32
169.52
170.68
179.34
169.93
175.12
162.95
159.71
154.64
150.11
163.2
185.17
186.65
192.2
197.84
198.94
200.32
198.69
196.03
190.08
187.92
187.8
186.96
186.3
170.1
162.56
167.65
178.68
164.47
164.23
152.74
145.52
120.46
94.19
94.95
127.69
155.06
163.83
171.16
178.39
175.29
169.22
163.31
160.56
160.38
161.92
163.9
164.81
162.89
159.76
161.51
165.15
162.12
156.57
147.41
137.91
84.18
77.38
75.73
81.91
96.64
128.79
151.17
160.81
163.37
161.58
158.08
150.8
148.87
150.65
153.61
154.65
154.69
154.81
160.24
169.63
153.69
160.06
157.79
153.53
141.86
123.16
122.5
176.94
252.01
267.6
243.97
252.37
229.56
223.62
223.89
222.26
214.74
215.99
218.09
214.48
198.18
203.41
201.06
196.56
169.54
153.08
137.7
127.71
122.08
102.79
153.92
166.73
236.19
276.58
282.67
354.68
503.16
352.4
354.38
354.21
268.67
246.63
251.21
248.17
232.76
207.22
205.72
196.54
168.71
165.13
149.62
136.28
123.13
123.94
157.96
154.34
221.44
257.79
257.08
355.68
471.43
309.15
357.98
320.18
238.75
221.91
207.87
205.52
226.7
189
187.67
186.55
174.27
154.44
152.34
147.06
95.1
77.93
139.13
181.34
203.69
197.25
197.48
197.24
196.34
196.11
195.95
195.5
190.23
190.74
191.65
192.09
189.84
190.69
189.12
186.64
168.23
108.75
94
90.1
73.66
71.27
91.94
134.45
207.57
203.75
203.27
202.8
202.48
197.03
185.34
183.89
178.7
179.79
199.54
198.04
167.96
166.6
157.91
156.97
151.14
145.68
128.27
113.99
110.97
89.27
90.13
98.33
123.54
163.87
182.2
186.28
183.4
163.12
161.66
150.52
140.84
128.89
138.92
145.14
131.64
132.95
137.07
148.88
126.75
146.72
124.36
90.61
72.48
63.54
58.99
71.82
93.11
117.25
131.12
140.11
143.09
131.04
119.33
115.58
101.62
114.89
126.32
136.94
135.93
137.92
140.84
148.15
145.71
78.97
39.09
22.63
20.5
0.14
0
0
15.6
25.81
80.05
101.57
102
101.81
91.13
41.74
30.05
77.2
81.58
78.38
62.67
141.97
148.05
151.87
131.99
156.77
156.96
154.37
152.83
152.98
150.45
151.56
319
276.87
377.55
395.17
859.17
446.43
444.61
447.66
265.6
267.54
205.74
207.6
188.7
182.94
182.88
184.69
163.42
159.33
159.15
156.87
154.46
153.37
154.06
184.14
205.3
221.3
213.68
221.47
216.7
211.94
215.88
214.23
208.47
205.39
205.03
204.11
194.36
183.92
181.84
183.63
159.31
168.44
161.42
159.95
156.8
154.55
112.72
176.08
219.69
361.61
406.14
441.88
562.91
434.57
435.67
431.13
272.75
232.7
225.79
222.88
194.04
197.34
197.39
190.66
173.84
171.38
164.82
162.59
154.29
150.64
126.55
127.43
239.56
290.44
286.31
389.4
516.37
362.85
212.75
207.27
212.98
201.48
201.88
203.25
196.95
190.74
184.93
186.48
171.75
159.1
157.74
157.88
157.14
156.87
154.99
154.33
161.66
169.47
163.15
187.36
188.89
185.64
180.94
176.73
171.35
173.94
180.13
180.96
176.03
173.06
176.15
181.92
181.23
168
170.06
159.33
154.92
143.52
142.34
143.68
153.87
153.17
159.67
175.96
177.91
159.71
159.56
160.08
158.09
166.2
181.99
183.84
182.42
182.35
185.37
187.65
183.38
180.53
178.54
175.95
172.2
172.66
80.52
165.02
305.6
297.78
354.63
438.24
491.36
418.08
423.68
420.2
269.59
237
233.1
223.96
211.22
211.54
209.13
207.98
194.26
113.94
186.86
182.87
180.23
179.04
187.82
203.94
228.58
632.69
492.76
513.63
731.98
525.98
520.69
505.51
344.19
280.35
289.7
277.48
274.2
216.13
213.94
189.78
174.88
179.43
179.02
178.57
177.99
176.15
173.93
170.41
234.66
373.46
449.57
675.59
987.6
621.58
560.68
534.71
248.75
225.58
215.32
216.03
213.97
206.44
205.06
199.5
191.71
188.66
172.93
171.93
169
164.36
167.17
167.62
194.14
199.45
200.54
208.63
209.2
200.17
193.47
193.07
191.2
188.34
186.3
181.59
182.29
181.12
185.72
197.93
171.9
172.55
168.83
161.39
151.05
147.05
158.99
172.05
173.62
198.95
203.82
209.11
208.71
205.64
197.4
191.36
182.46
179.43
180.88
180.46
165.72
141.72
168.98
170.78
166.65
30.88
32.71
33.06
33.19
31.77
30.91
36.09
101.77
139.86
170.12
179.5
181.37
179.23
171.17
115.8
108.96
120.03
143.07
141.18
134.89
138.69
145.81
166.03
133.1
167.56
157.65
140.12
106.07
77.65
76.54
96.22
100.46
131.97
163.5
175.56
178.34
177.09
171.24
170.5
168.61
171.54
180.11
179.99
178.34
177.25
178.43
181.95
172.07
167.77
163.16
137.95
118.8
116.6
166.07
152.01
217.16
206.86
211.96
214.68
213.35
209.62
210.2
203.75
198.71
198.75
199
197.6
192.24
194.98
177.98
182.91
179.21
165.71
156.7
157.19
157.36
157.29
157.62
166.16
199.83
197.54
196.9
196.68
195.72
197.96
199.54
199.29
198.79
195.65
195.39
194.72
196.05
197.37
198.71
198.34
157.29
185.3
180.17
175.29
171.23
171.49
176.9
195.53
193.68
197.79
197.92
198.38
197.9
198.85
199.48
200.35
199.41
198.87
199.28
198.51
198.92
200.47
199.56
201.68
193.62
187.7
188.79
187.71
184.9
184.18
190.17
204.17
249.63
405.67
391.49
475.44
518.12
444.43
328.37
322.7
312.17
293.86
298.16
298.58
265.43
206.42
205.21
209.35
183.88
189.34
183.96
164.98
159.82
159.69
182.32
198.32
224.22
305.24
302.36
311.73
308.8
291.59
264.49
247.41
224.6
210.17
202.75
201.77
245.66
185.21
186.55
187.68
182.87
169.47
173.85
175.27
172.95
170.25
170.14
180.11
185.76
187.25
198.55
200.37
201.11
198.93
195.45
192.92
187.4
188
189.52
190.22
189.6
187.08
184.33
179.67
178.43
181.18
170.71
169.95
164.73
158.27
158.86
163.87
177.7
181.4
184.91
190.33
194.35
188.21
184.13
178.56
175.21
173.66
175.58
180.41
174.05
173.57
189.85
203.36
179.06
191.7
186.28
186.67
181.64
181.42
109.08
199.14
293.23
406.54
388.61
393.56
398.96
393.62
328.51
323.32
292.62
284.52
279.76
273.6
227.71
208.12
206.95
209.91
187.17
191.11
191.1
191.5
190.25
178.79
177.69
195.73
204.64
207.48
209.21
276.76
283.4
290.61
317.91
318.07
299.48
258.78
247.32
228.01
221.75
206.72
208.61
215.08
192.55
202.36
191.4
196.1
193.76
191.46
142.38
194.72
308.06
335.65
321.41
384.15
390.89
352.57
373.47
306.64
288.77
277.33
280.53
265.82
229.9
214.09
211.74
220.14
177.8
200.93
195.45
190.93
190.96
185.21
188.83
202.6
237.4
258.91
271.15
298.62
419.36
297.51
289.87
295.37
290.73
255.68
252.17
234.76
230.23
207
206.54
217.3
199.17
174.65
167.41
162.32
158.49
156.57
162.66
190.26
223.64
245.02
220.52
246.47
270.14
263.58
239.81
211.38
214.93
210.45
206.76
203.76
191.23
177.42
178.49
183
172.97
185.8
183.24
176.71
170.15
161.96
162.52
162.44
168.97
178.45
195.51
200.51
211.43
187.37
186.8
182.07
180.14
182.96
184.87
187.06
184.49
182.14
179.57
183.49
180.19
158.09
155.6
144.95
114.92
130.22
86.56
146.05
125.08
161.29
164.29
182.68
182.87
183.07
153.18
145.79
140.39
150.04
152.84
158.13
158.14
179.8
149.02
190.44
180.07
123.15
176.28
107.36
90.32
114.8
147.17
180.51
205.75
215.28
219.23
222.32
224.36
222.68
224.28
222.03
224.66
222.13
223.46
222.41
215.41
208.78
205.65
212.99
193.49
181.87
182.2
172.77
166.68
164.33
179.57
198.15
212.65
218.62
221.09
223.89
222.81
222.44
224.45
220.27
219.44
218.78
217.49
215.09
206.6
208.06
204.76
211.28
193.98
190.38
182.62
172.35
167.03
165.07
176.44
189.95
213.97
214.73
220.17
220.22
221.07
221.49
220.37
218.69
214.28
210.38
211.74
207.11
201.79
192.18
190.23
193.61
188.05
186.6
176.75
167.35
161.77
162.51
173.58
202.57
262.44
222.12
227.37
235.26
239.21
239.34
242.31
234.61
235.52
243.67
250.37
243.58
219.95
213.76
207.8
246.08
186.72
180.71
171.91
162.28
157.64
155
166.23
188.62
215.56
217.76
222.41
224.69
223.13
219.77
218.97
213.1
207.35
204.76
201.49
197.24
190.81
171.91
171.91
182.92
172.14
180.16
152.84
98.97
98.75
98.61
98.43
99.97
153.59
174.09
186.4
193.97
195.66
189.9
183.6
175.01
143.74
142.65
143.09
138.41
143.08
143.78
124.32
180.08
172.31
120.95
91.06
66.89
80.76
53.94
58.2
62.19
97.61
140.88
164.87
171.57
179.82
181.47
178.89
174.29
171.81
170.99
171.88
175.64
172.39
178.86
178.79
184.95
179.13
170.72
159.75
155.57
143.97
118.89
154.12
192.08
209.16
213.81
216
450.48
626.4
356.37
215.64
216.53
216.67
218.5
295.99
295.71
215.3
204.89
202.52
208.59
191.45
172.21
162.99
162.67
161.05
157.75
171.26
206.07
216.83
222.99
901.68
951.74
1096.93
927.54
892.95
842.6
851.77
756.01
756.33
750.49
646.84
211.84
203.4
204.73
198.53
189.68
182.28
174.12
168.93
163.84
175.6
197.33
221
217.87
218.49
219.72
219.76
219.16
218.34
219.62
221.31
222.66
224.88
224.31
222.47
216.86
216.47
222.07
209.1
175.34
176.95
163.5
155.33
160.05
168.78
197.7
217.95
225.56
229.39
891.46
1095.46
709.44
705.32
650.24
595.14
407.83
375.29
350.5
308.02
219.57
215.71
221.78
212.9
195.02
185.24
175.55
165.24
160.92
166.59
204.54
225.25
233.67
234.87
236.95
237.32
235.34
234.78
232.6
230.76
231.21
232.32
232.45
232.12
199.76
216.44
223.17
208.26
201.57
192.23
182.2
167.23
158.5
158.03
159.3
173.19
199.84
216.3
225.16
263.27
226.61
221.94
205.84
204.27
182.92
184.47
198.51
183.37
180.25
179.08
196.39
173.2
205.35
194.83
189.87
179.9
169.84
174.86
179.88
184.96
193.53
201.12
215.52
216.84
215.12
208.78
197.21
191.07
191.82
193.4
207.3
205.18
205.89
205.57
220.52
201.63
196.61
192.82
184.85
181.47
164.24
184.81
210.85
298.18
238.01
385.81
550.28
1424.98
741.26
686.82
556.91
446.91
329.6
316.22
295.73
278.68
224.14
228.95
229.1
224.22
191.84
186.66
177.14
172.4
167.38
182.84
207.78
234.08
235.47
235.37
1066.84
1151.81
692.07
737.14
796.94
235.24
236.69
238.61
238.59
236.03
232.65
231.67
233.76
209.7
189.95
186.77
173.85
169.16
166.19
180.76
209.03
234.31
236.6
1116.04
1200.71
1496.56
1211.93
1101.87
1102.37
239.54
239.01
239.03
237.73
236.89
233.6
233.65
334.7
208.9
203.2
196.04
185.26
180.44
168.45
185.38
213.15
233.98
236.07
237.17
686.23
1496.26
747.33
806.69
731.09
238.84
238.71
242.19
240.05
322.94
224.34
224.04
228.06
218.71
200.31
190.39
179.41
171.78
160.09
179.5
206.87
311.98
236.86
239.6
241.67
241.24
240.65
237.51
235.97
234.71
237.81
239.33
239.97
268.13
217.79
219.48
226.85
220.17
194.43
163.61
163.86
162.03
158.49
159.48
161.64
193.85
210.45
216.41
220.85
228.11
221.29
213.72
196.13
200.34
188.63
204.62
204.33
203.25
200.32
193.24
210.91
187.99
182.68
161.92
161.96
143.24
121.01
118.39
130.06
135.96
153.9
184.81
189.7
196.62
195.5
189.95
190.63
187.4
188.5
189.52
203.68
203.41
203.39
201.45
216.45
195.1
207.26
195.58
184.91
168
148.18
170.95
177.1
199.39
262.58
276.81
285.87
442.36
312.76
328.42
297.87
231.1
229.9
230.66
230.83
230.04
224.62
226.7
237.01
220.89
197.07
187.97
179.72
175.21
167.15
173.08
215.54
272.32
302.22
322.95
384.78
597.74
427.54
447.16
357.86
368.58
284.73
297.91
296.94
259.66
223.87
223.32
225.94
215.88
162.55
187.44
179.97
174.53
166.28
178.44
201.22
209.41
253.37
240.73
239.58
242.03
242.04
242.5
241.63
239.44
234.97
228.71
226.06
220.56
216.09
216.64
221.38
206.71
189.38
187.51
180.14
170.09
159.79
178.79
207.01
228.74
269.47
279.41
281.02
273.84
248.22
274.76
282.02
239.01
237.51
232.08
229.55
223.8
216.68
215.9
221.11
209.17
184.81
185.54
175.7
170.44
172.57
176.3
213.98
220.69
239.91
246.23
249.37
249.95
247.28
244.7
239.27
233.32
211.12
214.33
218.55
215.63
206.12
203.65
211.64
196.7
205.62
197.35
194.87
190.72
176.36
185.98
207.3
211.57
212.69
245.19
250.66
254.03
250.3
247.38
211.94
238.71
238.27
240.99
241.5
239.13
233.56
214.16
229.74
217.38
228.33
223.92
218.82
209
193.79
193.71
194.21
200.87
217.55
231.5
234.78
240.99
241.47
239.25
230.83
230.74
231.24
243.4
244.74
245.7
220.48
220.08
248.31
212.89
214.22
229.33
223.53
218.47
157.79
212.91
211.23
217.31
259.22
270.45
285.51
332.03
290.47
285.59
287.61
275.33
262.05
263.17
258.1
253.73
239.89
246.48
251.27
222.47
241.03
225.99
215.91
206.03
191.09
213.27
246.94
272.18
502.03
538.12
618.75
929.34
590.52
889.27
1026.56
433.66
348.56
324.49
318.3
318.57
257.13
259.07
262.64
249.41
250.68
236.55
226.53
216.47
206.59
222.46
255.63
271.81
285.44
446.19
471.47
622.83
522.84
518.66
472.51
416.26
288.83
284.09
277.06
272.37
267.65
263.34
270.78
255.6
252.3
242.2
232.15
222.1
211.48
224.09
259.38
292.86
298.01
632.69
738.13
1248.40
863.62
728.96
683.84
668.23
550.44
516.66
298.07
419.23
267.88
285.95
283.15
263.68
261.24
246.96
236.91
226.85
216.8
237.06
272.95
304.85
410.78
768.59
839.56
1064.58
839.11
753.24
671.91
606.07
472.49
429.86
299.22
291.2
279.05
287
289.1
268.85
260.85
249.1
238.67
218.39
198.2
198.2
208.75
219.97
251.6
278.29
284.92
293.03
285.74
283.99
272.99
271.18
271.46
277.33
280.59
275.84
273.43
274.8
274.83
259.01
264.31
257.43
245.57
230.48
210.48
210.35
220.51
230.58
250.79
266.29
272.23
278.91
275.71
272.39
269.89
266.1
270.04
273.44
273.74
273.38
274.83
276.7
283.92
270.41
259.86
247.51
242.29
235.37
231.58
246.86
243.9
298.69
407.75
482.46
666.2
1855.03
1486.03
667.13
634
473.97
316.82
330.01
326.79
387.07
284.72
302.2
298.8
279.05
267.19
260.28
254.76
252.67
249
254.57
282.56
311.67
759.31
789.23
1024.48
1229.54
1498.96
1284.97
1263.65
346.97
329.94
330.21
327.78
316.78
304.74
310.36
302.77
282.76
257.47
242.37
238.91
228.49
223.73
232.99
259.12
270.42
397.46
539.01
658.9
803.79
728.66
688.7
626.43
344.23
333.73
333.45
332.25
339.65
253.78
283.26
267.13
237.52
167.05
126.05
112.3
102.36
103.55
141.69
256.02
292.17
303.71
312.79
316.53
318.7
314.5
313.25
306.09
302.91
299.87
296.76
292.72
284.44
255.89
281.03
280.16
177.76
121.18
95.73
86.18
81.92
82.49
97.71
123.75
213.55
273.18
276.61
281.11
283.76
277.47
263.46
218.65
197.74
207.11
196.53
191.28
166.91
138.42
237.69
238.05
124.25
152.34
118.14
112.8
103.19
103.73
83.12
77.92
114.54
188.94
208.36
223.02
225.94
221.02
212.99
204.55
198.63
201.61
204.08
204.56
206.9
210.35
214.46
225.48
203.58
194.71
124.47
109.35
176.36
163.93
145.6
156.45
148.25
173.42
197.22
205.24
206.16
199.73
195.28
190.77
189.29
193.84
200.3
204.97
203.91
203.16
219.11
225.08
201.02
223.31
214.03
208.15
204.95
203.01
204.43
198.84
200.33
391.97
283.32
286.26
286.71
285.32
286.09
282.01
275.33
268.34
268.99
266.38
258.11
226.47
253.15
242.39
211.88
224.26
214.87
209.16
204.95
206.63
211.07
230.38
281.85
280.47
292.91
293.44
291.12
291.81
292.13
281.91
273.93
268.05
263.57
258.42
253.61
249.01
250.85
245.06
206.35
215.31
206.34
197.88
195.71
196.55
200.97
195.13
257.3
317.05
278.05
282.07
280.57
280.58
277.88
277.39
273.95
263.76
262.09
258.37
249.39
239.39
246.45
241.09
209.58
213.94
203.24
197.86
198.8
195.1
200.23
234.22
208.09
275.71
285.33
289.6
291.92
284.32
284.25
279.08
278.43
264.75
255.92
253.48
253.69
251.7
254.38
220.56
194.18
197.39
186.95
175.02
172.22
170.2
177.43
217.39
238.18
231.49
254.5
264.85
264.04
249.25
242.45
198.41
196.36
179.46
198.13
168.54
153.22
186.61
187.85
202.7
141.46
174.72
104.53
94.7
89.72
89.68
79.91
129.76
160.58
169.1
184.81
222.46
223.01
213.75
191.52
180.43
164.91
178.57
185.3
174.22
178.4
185.9
195.73
200.16
191.32
147.01
96.11
81.56
58.35
68.71
69.03
64.84
142.16
154.51
174.96
183.34
190.52
188.66
177.86
173.64
174.1
174.84
180.9
181.21
182.6
188.9
192.33
196.1
184.19
179.69
178.34
174.07
173.01
174.93
182.67
186.31
266.18
297.59
297.54
312.2
331.14
333.66
323.96
322
295.87
253.34
258.69
238.31
230.51
236.37
232.96
214.39
196.68
190.19
176.89
172.03
170.3
174.65
184.06
213.71
259.97
284.86
301.63
309.94
324.87
326.52
315.93
314.31
287.69
250.42
252.55
245.86
234.31
233.21
237.43
228.92
192.25
29.95
74.96
47.92
64.62
103.83
171.06
205.84
248.85
281.72
301.74
306.19
315.74
315.89
310.1
303.71
283.11
247.23
240.06
240.35
226.23
229.04
229.24
213.87
190.23
195.25
189.16
187.83
187.29
188.13
186.93
207.46
251.29
283.7
288.35
293.57
293.53
294.01
403.49
343.17
278.46
263.11
263.04
248.37
257.38
233.66
243.45
227.51
191.79
194.03
189.3
189.39
189.66
190.04
192.26
205.27
256.83
278.36
287.88
293.51
293.99
288.41
283.09
276.69
265.92
244.6
240.06
237.42
233.96
237.94
236.93
222.4
197.36
195.57
190.16
107.34
106.61
106.41
107.42
190.22
196.12
208.27
232.67
238.96
248.04
242.73
235.79
210.89
196.31
195.43
213.97
209.02
200.58
196.56
197.63
194.53
193.04
231.08
193.85
192.54
191.76
96.72
112.64
50.08
190.84
191.99
192.09
191.02
191.31
178.78
150.88
0
0
0
136.73
146.86
174.13
190.13
191.34
190.77
189.41
162.66
159.72
161.99
190.84
191.32
196.7
215.46
235.48
290.65
308.74
305.09
303.1
301.25
289.76
289.47
300.05
242.05
243.31
242.11
242.46
240.59
235.38
223.47
209.19
198.75
192.98
193
192.92
193.07
193.39
213.37
256.54
3968.10
2952.88
3422.45
3251.94
2847.94
4387.84
4429.81
341.33
259.83
259.64
252.92
251.76
235.91
234.82
232.59
215.81
149.56
101.29
70.91
66.87
70.65
151.69
235.71
247.83
258.58
257.97
258.64
258.22
256.88
256.23
255.84
251.23
225.78
240.1
197.79
177.16
246.71
245.24
186.89
88.67
141.16
94.95
94.6
74
104
170.29
241.3
260.58
262.51
264.3
265.45
264.82
263.02
263.49
259.83
263.95
257.99
256.07
249.44
249.32
261.9
257.17
243.28
231.55
213.98
218.56
218.58
218.6
218.67
219.06
229.29
247.01
259.89
257.51
258.5
260.24
253.98
250.81
246.24
236.51
208.58
211.5
210.91
204.35
224.91
230.61
228.79
213.99
216.17
151.39
114.21
105.91
108.08
109.62
156.65
186.65
201.54
218.82
229.93
229.17
226.34
152.43
126.05
111.67
122.15
170.29
186.09
197.45
220.87
235.74
186.07
125.59
139.15
138.48
90.83
91.08
93.71
100.07
104.27
169.94
226.1
234.11
235.77
231.69
223.56
214.5
221.81
224.88
224.29
241.04
241.58
243.15
255.11
253.73
244.34
226.54
231.59
226.87
220.35
220.05
219.17
230.5
239.46
261.64
263.04
262.03
265.02
264.19
260.85
261.03
261.32
258.23
252.59
250.86
246.48
248.67
261.79
261.33
246.6
232.44
226.16
222.19
216.71
216.05
216.72
227.97
241.5
255.45
286.37
267.2
267.23
265.73
264.52
267.39
265.88
265.59
258.97
259.03
256.28
256.17
265.8
262.59
239.35
230.77
213.88
211.56
211.53
211.5
211.56
221.75
234.41
262.96
267.07
267.35
268.27
267.23
266.09
269.52
267.9
270.12
263.11
264.58
262.03
259.97
268.11
259.87
238.41
239.97
217.19
216.73
216.2
215.74
213.1
218.23
241.84
256.19
260.8
260.04
259.48
259.67
259.53
260.31
260.14
261.44
255.54
249.92
246.66
247.19
261.17
254.37
237.9
236.39
215.96
215.86
215.81
215.74
215.76
221.81
231.4
243.79
269.2
268.78
268.71
267.12
263.51
261.92
254.39
246.95
223.2
222.98
223.36
237.05
234.28
225.27
213.07
183.83
210.92
155.06
205.47
207.51
209.42
210.8
212.14
214.6
224.94
236.23
248.46
248.39
245.44
234.7
221.45
220.93
222.31
227.45
234.96
224.19
224.6
218.82
216.52
216.23
210.11
210.84
210.63
210.51
210.49
210.6
216.75
218.1
219.36
220.08
219.31
218.13
216.58
215.56
215.73
215.75
216.3
217.88
218.28
219.01
219.64
219.02
217.56
209.31
101.26
122.25
121.22
121.48
122.72
214.92
227.47
252.38
256.08
256.3
255.59
253.41
252.13
253.41
252.68
254.79
253.78
255.18
255.92
258.56
259.22
253.7
231.13
226.04
215.05
215.11
215.21
215.17
215.15
223.65
236.52
246.16
254.28
252.12
252.55
251.33
251.58
251.76
251.73
252.38
251.83
251.88
250.74
252.2
256.37
251.56
229.28
221.15
215.42
215.7
215.72
215.68
215.98
224.61
222.84
249.82
263.79
249.07
295.56
311.14
289.72
262.91
262.51
247.13
243.51
243.31
242.78
242.79
249.42
232.34
224.95
221.22
164.12
128.15
96.56
67.52
88.61
151.11
235.54
244.94
249.75
246.98
247
245.25
243.48
244.36
244.46
244.15
242.84
243.31
243.17
246.01
252.28
237.2
232.06
222.85
222.55
222.38
216.78
215.71
220.4
222.46
212.97
252.85
252.92
251.91
251
248.8
247.06
246.68
245.17
243.07
237.8
239.98
244.42
247.32
251.86
241.88
228.54
216.9
220.68
210.69
201.73
196.65
196.73
207.42
222.45
215.58
220.76
248
249.18
248.94
246.57
222.91
217.88
214.44
214.51
220.64
221.95
227.27
235.97
236
235.89
235.63
235.87
230.68
230.59
225.78
225.44
86.89
39.13
49.04
114.86
140.22
155.23
111.73
149.66
0
75.27
92.08
98.7
224.67
238.82
240.75
250.21
246.2
240.44
225.56
230.11
233.76
227.34
225.24
232.5
228.9
237.33
245.23
239.53
245.65
245.81
245.46
243.97
242.05
240.29
238.96
235.77
235
238.48
244.83
246.49
243.66
230.16
162.66
74.9
15.63
15.72
21.11
64
163.47
228.63
250.75
240.97
240.03
240.2
239.91
239.27
239.51
238.79
238.72
238.21
239.08
239.27
242.5
244.68
238.94
225.38
211.31
224.87
221.5
220.09
220.01
221.93
228.07
238.38
320.1
242.99
242.52
242.95
243.1
241.48
242.01
241.89
239.67
239.29
240.8
242.89
247.46
245.92
242.37
231.23
227.57
228.21
223.97
223.53
223.17
223.25
227.81
239.83
275.95
245.98
244.21
242.88
240.85
240.56
242.55
240.36
240.93
241.92
244.48
256.99
267.55
265.47
244.91
233.31
229.39
224.5
220.01
217.86
216.89
219.01
229.96
241.59
292.35
227.13
237.72
236.28
234.65
232.32
231.06
229.66
228.98
228.87
228.98
229.96
232.83
238.01
230.72
213.16
214.38
188.44
179.13
141.75
141.33
139.68
167.09
185.5
194.32
203.25
213.21
216.16
215.17
211.79
200.49
198.62
198.26
202.34
210.28
214.37
217.82
224.52
214.34
212.18
206.35
181.48
179.5
178.48
177.91
177.75
178.57
180.91
194.65
198.57
200.79
199.92
211.48
209.5
197.23
196.22
195.65
200.14
213.1
213.96
229.48
234.09
211.96
203.73
197.94
210.74
210.51
210.49
210.53
215.69
158.04
246.37
267.54
268.35
265.03
265.21
263.33
256.04
256.58
255.14
247.79
243.68
254.88
256.04
269.75
269.59
247.9
235.65
212.12
231.85
226.06
225.68
225.67
224.02
173.18
307.71
298.83
295.14
286.43
282.49
274.97
263.7
266.86
268.81
262.88
247.47
259.06
265.22
303.45
292.43
264.1
238.82
221.22
229.72
225
225.05
224.98
224.11
225.05
251.74
267.1
269.93
266.1
266.63
342.42
325.95
327.3
258.99
244.83
242.59
244.24
254.31
273.49
266.41
249.07
232.29
232.91
225.23
220.11
220.19
220.2
210.93
215.28
269.82
285.99
310.87
291.57
284.59
271.1
278.74
278.4
270.2
262.54
256.16
260.5
267.01
315.52
314.69
272.16
248.31
210.76
227.6
224.83
222.52
220.5
219.22
233.25
235.65
236.75
234.46
240.47
256.52
242.83
239.55
229.44
217.59
213.98
215.84
223.5
232.62
240.97
238.54
234.38
234.74
230.73
212.45
213.23
211.74
211.72
211.24
210.81
211.62
213.05
214.75
242.34
249.76
249.48
241.66
223.51
213.83
210.57
211.42
224.32
245.05
263.6
256.62
234.91
226.82
213.46
214.94
216.53
216.36
215.5
215.12
215.41
216.11
216.89
217.53
219.07
222.74
241.28
228.86
216.23
215.45
215.83
216.79
219.38
239.73
258.27
254.62
241.39
236.95
227.5
190.7
220.59
221.39
221.26
220.74
200.86
246.65
276.45
246.49
247.23
245.06
242.56
241.62
240.63
239.68
238.59
237.69
239.53
240.61
249.47
250.69
242.2
238.77
218.05
216.95
212.59
213.18
213.6
214.62
220.37
255.05
272.53
277.29
276.08
276.38
269.38
264.2
266.03
265.51
257.59
252.95
254.94
262.62
304.17
268.62
254.1
223.62
217.61
228.51
225.83
225.91
226.2
226.2
227.62
231.28
300.34
303.53
284.97
282.45
252.88
248.31
245.74
242.65
240.13
240.8
242.43
246.95
256.69
252.05
236.54
230.31
110.2
135.06
76.63
29.37
29.7
39.94
181.86
229.41
257.28
259.6
257.72
256.89
254.65
252.15
251.45
251.31
249.38
248.56
252.18
265.55
273.65
268.78
253.03
244.34
237.46
195.52
107.92
18.29
28.96
107.78
205.83
224.2
254.63
244.7
258.93
257.66
244.63
243.82
243.58
236.14
233.38
212.74
231.11
250.1
258.98
191.84
133.59
122.55
24.38
26.08
21.74
17.45
15.98
16.99
13.93
15.46
58.85
189.35
217.16
238.12
238.15
232.51
195.26
121.21
113.46
96.05
164.63
209.03
251.18
217.67
115.33
110.17
98.55
3.66
7.37
8.12
9.14
12.06
15.16
18.71
19.96
217.24
207.85
208.82
209.83
189.01
214.73
215.33
215.56
220.64
229.19
250.35
261.6
258.54
233.82
227.5
221.63
238.72
228.2
228.12
227.16
227.25
224.37
226.7
345.68
268.55
267.22
266.65
266.49
261.28
260.1
257.03
254.45
248
251.19
268.28
283.48
271.42
257.7
252.6
236.95
239.94
235.08
235.24
235.2
235.2
236.02
253.81
265.57
271.34
268.82
267.52
265.49
262.41
261.66
257.22
255.21
254.42
256.37
266.17
288.85
263.65
250.52
232.89
231.34
241.27
240.88
240.73
240.73
240.93
248.3
262.55
357.23
348.67
349.07
349.4
342.58
298.96
287.7
267.74
263.63
258.38
261.81
293.86
345.52
287.49
271.65
263.56
240.71
255.38
255.06
254.35
254.48
255.14
256.38
260.54
285.85
303.77
298.47
296.32
289.06
284.95
280.79
277.39
271.46
265.06
267.42
286.75
305.45
286.29
257.49
259.19
255.64
255.66
255.28
255.62
255.57
255.77
255.17
255.99
302.63
302.9
299.49
296.84
286.98
280.01
287.94
254.99
250.45
244.14
244.45
277.24
291.06
272.94
250.35
246.29
246.28
246.16
245.49
245.64
245.62
245.57
261.23
262
262.82
260.26
263.01
273.05
273.25
267.21
256.76
253.55
253.58
256.94
267.48
269.05
274.4
262.44
254.8
249.67
246.67
258.81
257.08
256.54
256.25
256.15
256.54
257.92
260.14
260.97
261.38
260.5
260.98
258.5
257.69
258.57
259.41
260.2
263.95
268.02
287.51
266.27
264.72
263.59
260.35
245.86
155.07
175.05
245.01
175.02
259.33
266.35
302.5
306.62
303.23
303.33
300.13
285.92
283.45
279.54
277.22
274.1
278.57
302.43
315.62
286.98
273.66
261.03
257.2
266.39
265.74
265.6
265.42
265.49
257.56
265.63
304.26
303.97
298.3
294.3
286.05
285.09
285.42
281.33
278.74
277.91
280.93
296.24
303.44
280.57
277.72
266.49
151.49
196.76
125.46
140.2
137.9
165.15
211.52
256.19
312.67
322.51
312.25
308.65
294.69
285.46
285.57
284.4
282.14
284.28
288.33
327.37
331.29
296.88
281.72
271.76
261.1
267.95
267.19
267.23
267.47
267.7
268.61
292.27
342.23
340.81
403.6
501.96
502.02
388.27
378.1
294.31
286.73
283.88
288.51
316.96
315.69
295.08
283.91
276
269.22
270.9
265.31
265.45
265.47
265.55
270.72
277.08
294.57
508.62
503.44
488.35
527.99
432.49
415.4
274.18
276.87
277
279.77
290.99
287.92
277.37
256.31
267.96
261.95
218.38
201.13
131.33
123.19
122.14
116.42
150.85
217.29
265.37
275.55
277.92
278.56
274.38
269.64
254.13
253.46
254.51
269.13
283.74
290.1
270.88
270.26
268.17
260.66
190.42
126.44
117.74
99.6
100.24
102.14
152.54
153.63
171.44
179.17
179.24
251.36
250.58
214.01
178.04
180.8
203.57
264.91
276.47
285.12
279.99
270.15
265.89
261.35
259.7
259.69
259.51
259.66
259.67
263.79
262.44
305.42
308.59
303.27
294.43
286.42
284.17
283.88
281.83
279.15
280.02
284.95
293.56
288.45
279.18
263.86
258.88
194.24
251.19
202.84
186.05
187.63
189.86
255.97
262.2
283.59
286.55
285.05
283.07
278.77
276.01
277.03
276.04
276.04
279.3
282.65
284.36
283.35
279.65
274.55
266.79
257.48
204.19
170.04
154.76
154.29
143.32
248.53
253.11
291.31
284.57
284.06
281.53
276.14
273.58
273.16
271.92
271.33
273.13
304.06
310.43
284.02
278.41
275.35
268.7
256.77
251.34
250.4
250.52
250.51
250.67
253.81
264.35
292.2
364.58
374.69
384.52
409.43
364.17
334.02
323.71
322.28
322.21
398.94
468.42
419.4
280.29
273.44
267.39
257.94
257.95
257.62
257.64
257.63
257.7
254.95
261.29
291.97
288.03
286.66
284.72
283.23
280.35
276.12
272.05
270.52
274.86
278.47
279.36
274.35
269.56
261.34
256.15
247.55
219.68
30.15
44.11
39.25
41.59
71.7
219.33
248.86
246.52
250.18
247.25
238.81
232.71
224.88
221.2
131.42
228.23
250.95
254
219.9
250.33
224.21
219.86
219.28
99.65
69.54
69.96
48.21
51.98
108.1
249.44
250.79
250.55
250.34
175.21
130.38
93.55
15.47
15.41
23.29
123.69
247.66
250.99
197.09
94.37
90.61
44.58
15.43
106.26
6.95
9.57
14.36
26.09
111.01
244.18
279.38
281.69
279.89
278.97
278.43
275.15
276.36
272.41
262.28
280.07
303.95
284.62
282.82
273.66
254.05
255.21
255.91
251.71
251.24
251.09
251.07
250.98
250.75
246.58
277.7
281.17
279.83
278.77
274.26
272.16
271.83
271.32
272.75
281
294.88
292.96
290.1
280.65
272.18
256.76
250.44
262.25
261.11
260.62
260.52
260.53
261.34
260.79
283.7
291.31
292.66
295.47
291.16
288.75
280.53
278.95
279.12
290.27
331.57
411.55
314.62
277.82
250.66
249.48
201.18
259.55
259.22
260.16
260.26
265.34
265.75
268.04
283.75
289.21
288.99
290.4
286.27
286.27
286.83
284.95
284.69
291.93
303.04
297.35
306.45
282.38
269.86
267.08
256.46
268.28
267.45
267.47
267.88
263.95
264.44
283.51
288.53
283.5
283.35
282.46
279.72
276.56
272.15
264.76
263.95
279.06
288.79
289.98
281.76
272.5
263.54
258.64
270.37
255.53
200.8
197.26
196.57
195.16
197.95
253.04
255.89
258.89
253.42
259.54
255.76
250.93
254.79
245.2
255.13
256.56
275.51
283.9
272.67
264.29
227.5
220.74
215.76
135.43
42.98
26.3
25.26
24.08
22.89
22.93
33.04
47.47
99.95
156.69
223.34
165.98
131.85
141.2
118.73
251.63
285.36
286.48
283.24
259.47
256.29
256.6
140.29
116.27
121
174.93
189.59
189.65
260.28
263.43
292.13
294.98
290.85
289.28
291.03
287.29
285.56
287.02
288.72
292.74
302.88
297.34
290.02
285.88
282.78
264.22
261.62
267.57
265.82
265.04
265.4
267.82
274.2
270.62
285.67
288.96
290.18
288.26
286.46
285.88
283.11
281.41
282.9
264.9
319.57
302.89
289.1
281.96
278.19
274.18
269.84
270.31
270.24
265.11
265.07
269.62
270.11
276.97
285.92
287
286.48
285.33
284.53
282.52
283.1
283.15
284.08
288.5
297.15
293.51
288.73
281.56
274.43
262.29
219.46
216.89
261.84
263
264.55
265.32
270.34
270.54
300.85
290.32
289.71
289.46
286.99
286.34
283.03
283.24
285.18
294.51
466.27
461.88
289.58
283.53
278.77
275.64
261.69
259.07
259.39
259.72
259.64
259.34
258.12
271.74
399.89
337.72
323.4
283.83
283.79
282.2
280.99
278.64
276.44
279.59
286.25
283.17
279.02
269.2
250.98
236.63
215.35
236.75
181.18
172.7
165.49
165.12
165.07
174.1
195.85
254.42
257.34
262.87
262.55
261.87
178.31
192.19
236.06
263.02
284.28
284.15
263.32
161.35
172.11
197.81
148.17
12.62
120.26
107.06
106.94
102.54
102.68
62.29
258.13
256.17
227.5
255.36
255.68
255.26
256.27
255.53
257.83
275.53
283.57
284.9
280.71
270.08
266.05
258.58
260.63
260.27
255.94
255.77
256.23
259.33
265.32
267.49
290.18
285.93
284.95
284.89
284.1
282.66
281.98
282.33
283.94
289.52
296.34
294.15
286.91
281.79
274.16
269.06
265.37
263.02
253.82
253.32
255.31
261.85
264.11
267.31
310.21
290.33
286.6
283.94
281.42
278.57
277
276.81
277.17
280.42
282.64
281.16
277.25
272
265.33
258.09
217.69
44.75
17.32
18.73
22.42
31.27
124.48
228.35
273.87
276.66
274.97
274.8
273.53
273.13
273.04
271.75
269.53
272.15
282.87
279.56
276.57
270.92
259.89
248.67
196.05
157.94
121.35
174.81
209.45
225.34
239.59
250.2
274.48
275.87
274.02
273.56
272.06
270.59
270.48
271.05
271.92
276.28
281.15
279.05
275.82
269.57
265.44
244.42
197.11
185.68
74.53
125.76
169.83
74.92
241.5
251.99
273.52
275.53
273.05
273.35
272.94
271.46
270.53
268.65
269.14
272.76
277.41
272.99
267.64
258.56
251.3
242.47
130.62
226.6
164.22
197.31
196.96
163.05
110.52
113.58
230.67
231.41
234.77
246.82
264.64
238.02
231.1
231.7
240.46
246.74
280.51
275.45
268.49
244.8
238.85
206.1
188.15
0.31
0
0
0
0
0
0
0
0
16.07
38.82
209.03
236.88
238.72
248.19
259.77
263.11
273.54
273.46
264.64
262.99
251.79
239.24
213.35
226.5
214.36
200.24
199.23
222.05
244.54
237.09
319.56
303.69
280.62
280.11
279
277.65
277.44
277.98
279.98
288.54
300.73
285.41
281.46
281.7
271.52
248.79
247.18
227.32
225.64
226.5
227.66
228.54
227.51
226.11
327.91
307.98
312.72
317.69
328.04
312.49
307.58
307.26
306.63
327.04
357.97
352.12
326.44
297.08
248.48
239.98
227.9
211.25
163.54
162.36
160.57
160.33
152.66
233.79
285.64
274.03
274.15
273.71
273.04
272.44
272.19
271.08
271.12
273.85
275.59
272.2
269.81
265.41
257.29
242.7
213.85
211.56
212.53
211.33
211.22
217.77
238.41
252.86
343.53
340.58
345.1
346.67
360.93
309.9
350.47
308.81
301.59
324.64
407.07
395.2
295.72
313.14
252.21
238.77
216.52
217.65
211.98
205.03
209.02
216.87
223.63
234.46
336.75
319.32
319.33
322.46
335.79
319.85
318.44
315.88
312.04
345.44
415.1
349.8
321.81
313.01
246.82
246.42
226.58
220.86
209.81
202.1
198.3
201.23
205.56
206.31
214.63
223.55
257.05
258.51
234.78
227.52
226.02
219.93
221.29
244.29
269.68
267.27
246
217.27
215.36
217.56
136.35
4.44
0
3.75
4
5.14
10.13
25.16
53.59
147.1
164.67
186.22
217.68
231.07
226.78
229.41
250.7
261.19
267.19
266.92
263.76
258.1
251.36
233.11
211.49
233.68
222.17
212.95
213.78
214.52
245.04
244.47
270.5
268.92
266.84
268.01
270.59
266.83
266.12
267.19
269.41
271.82
290.47
267.58
263.56
259.8
256.77
248.47
216.98
211.7
203.65
201.34
202.07
207.31
235.98
248.28
266.4
268.25
267.12
267.59
266.63
266.94
266.82
267.73
269.25
270.83
270.58
266.77
264.63
261.93
257.57
247.54
214.27
210.71
209.06
209.43
207.47
205.85
232.14
247.55
262.55
265.35
265.08
265.79
264.92
265.01
265.06
266.88
268.8
270.24
269.82
272.62
268.72
264.79
256.66
248.43
215.26
210.24
210.52
207.31
210.02
210.36
232.88
257.05
366.08
271.28
269.58
267.37
266.93
264.63
266.07
267.54
269.11
379.52
416.09
410.52
370.13
262.32
258.67
255.54
224.98
193.81
185.62
165.64
179.92
201.55
228.93
245.81
263.7
267.09
264.88
265
264.54
262.66
261.32
260.76
261.25
262.29
261.52
258.85
255.93
251.7
202.24
185.47
4.67
108
0.26
30.59
0.21
0.51
30.55
52.67
94.36
188.96
222.13
240.09
246.72
247.97
216.29
197.5
203.82
247.27
261.61
260.38
256.62
251.57
253.43
233.65
238.76
241.12
214.4
188.73
203.59
232.85
235.05
203.89
214.08
220.85
250.04
228.45
256.97
254.63
168.43
140.38
190.54
232.75
240.74
258.05
254.67
240.58
204.82
210.55
187.06
73.51
67.84
44.1
26.44
58.19
82.62
183.57
269.22
270.82
268.91
267.74
267.46
266.46
266.68
268.05
270.73
273.81
273.9
269.01
269.45
265.32
259.88
254.39
230.81
219.76
201.92
192.98
197.92
213.12
231.65
255.93
268.95
271.04
332.77
337.99
371.82
376.43
337.23
331.81
326.44
391.64
486.4
486.21
416.32
261.25
258.37
251.12
226.97
217.89
211.09
206.02
205.89
216
229.43
255.7
302.81
356.55
351.16
351.04
350.78
325.7
335.93
335.49
303.26
350.14
415.55
303.26
335.16
258.39
255
250.52
221.43
234.84
221.74
221.95
218.5
220.81
207.98
252.09
261.35
260.08
258.63
259.02
257.75
256.53
256.53
256.46
257.81
259.11
258.63
256.56
254.43
252.02
251.54
247.45
238.84
211.37
166.58
140.54
136.83
139.8
133.5
241.32
253.98
294.52
305.15
305.44
318.02
291.67
290.13
253.36
254.21
259.58
259.98
252.75
250.48
245.14
238.68
221.97
212.74
182.67
179.63
179.08
179.37
99.63
114.11
157.57
192.25
208.22
224.44
230.19
226.35
209.82
195.76
195.02
196.75
223.18
242.95
240.2
226.11
218
214.1
172.43
128.23
0
0
0
0
0
0
0
0
0
0
0
0
0
0
0
0
0
245.07
244.32
239.8
0
0
0
0
111.84
4.96
4.64
4.47
4.48
121.87
216.86
249.25
251.25
250.67
250.51
251.85
251.24
250.67
251.55
254.65
256.9
256.37
252.31
249.68
247.57
243.52
231.92
217.29
196.78
182.16
190.66
187.13
200.25
227.32
238.55
257.94
265.44
260.42
259.6
261.82
261.08
261.11
264.38
270.96
277.73
275.42
265.77
257.58
250.42
246.22
239.78
221.72
153.55
94.68
74.48
74.56
74.79
106.43
225.68
254.15
256.51
254.27
253.14
250.49
248.21
248
248.52
250.36
253.15
252.76
248.49
244.84
240.28
237.8
228.76
226.14
204.24
199.19
196.43
196.26
201.38
209.39
222.26
242
244.87
244.3
244.26
243.23
241.65
241.37
242.58
244.66
245.26
244.66
240.06
238.1
233.38
225.69
220.7
200.85
204.52
192.79
189.91
190.4
193.16
203.08
219.68
245.87
238.31
235.91
234.65
234.13
232.8
231.72
231.68
234.27
236.66
236.25
232.62
227.88
222.96
220.26
217.16
202.55
203.16
194.51
195.06
185.54
185.47
192.86
192.32
197.95
204.6
210.62
215.23
219.05
215.79
207.59
210.96
217.02
225.19
232.78
229.67
220.8
211
196.94
185.55
187.33
186.42
134.58
105.88
105.92
104.77
80.6
69.39
102.35
174.8
178.14
192.22
203.89
200.2
197.67
202.81
204.24
206.94
212.4
210.92
210.63
205.92
202.24
200.04
187.56
4.06
5.22
4.33
4.32
5.11
74.24
1.47
210.79
212.98
220.1
220.68
228.11
220.58
225.29
227.93
237.89
240.08
262.1
248.57
244.28
240.09
232.61
226.03
224
206.54
195.82
196.01
196.15
201.41
208.97
211.89
238.71
247.5
249.49
249.71
248.18
241.94
239.77
239.57
241.39
249.48
255.13
244.19
255.96
229.65
223.83
219.42
206.13
166.75
61.16
66.5
65.61
62.42
55.48
52.63
78.65
116.36
127.1
140.09
135.38
127.95
101.09
107.22
130.12
180.32
175.68
157.94
113.89
81.63
95.4
135.19
96.96
141.52
54.82
2.25
1.99
1.77
2.41
0
3.52
20.91
29.05
71.04
123.68
72.1
5.55
2.41
6.43
84.82
132.44
137.02
130.44
123.25
119.34
118.57
91.89
94.8
56.04
48.02
0.74
46
51.25
53.8
54.63
123.68
139.29
172.17
178.97
160.71
137.38
72.15
123.91
167.11
183.66
183.27
168.33
169.06
142.4
157.47
81.21
107.1
55.51
9.82
5.46
4.05
5.29
6.3
7.35
102.25
143.52
160.15
179.22
170.44
144.7
151.43
168.19
179.36
210.71
192.62
183.14
147.11
146.78
152.65
81.12
64.75
38.48
37.31
36.04
39.87
47.26
66.56
158.38
170.56
181.05
185.69
206.29
198.71
199.32
202.42
210.95
205.67
225.48
224.92
219.82
207.91
200.03
189.35
167.84
52.27
50.87
50.3
52.34
56.4
180.46
183.83
185.04
195.27
203.77
209.73
212.48
204.82
202.4
196.49
207.7
204.56
227.59
225.77
219.8
213.95
199.28
192.95
185.89
196.68
188.87
184.42
184.83
190.94
196.57
196.73
201.47
221.26
223.41
224.95
226.25
224.08
222.08
220.45
222.06
228.93
233.03
230.24
228.11
218.65
214.48
211.24
209.01
191.85
172.15
162.61
155.36
170.99
195.44
191.71
199.44
208.23
214.21
217.51
219.34
215.85
212
211.58
215.41
221.44
226.75
220.79
213.42
203.55
201.69
198.68
199.64
139.79
133.48
128.62
89.61
0
0
0
0
0
0
0
0
0
0
0
0
201.96
661.94
621.51
545.67
206.79
204.01
538.44
538.26
