160.97
122.55
102.67
85.62
62.47
53.38
20.4
18.99
10.8
18.46
30.38
55.09
89.71
69.09
56.29
56.43
127.02
171.91
189.03
178.68
171.31
144.96
171.46
134.76
119.05
85.1
53.01
71.03
79.29
108.48
134.46
145.33
184.79
209.14
222.98
223.36
223.8
222.09
209.06
211.52
231.02
263.11
268.55
236.91
227.23
207.2
212.26
182.63
208.76
206.6
193.35
186.8
185.01
161.49
144.59
146.3
214.94
226.33
260.88
287.24
286.79
260.88
260.88
270.34
289.99
316.64
317.02
316.79
261.25
260.73
225.14
223.88
188.72
151.93
138.37
134.87
134.35
122.88
85.05
108.66
132.04
170.99
205.55
223.42
223.35
204.8
189.16
189.02
218.8
248.74
260.73
260.88
224.09
218.21
219.1
193.71
201.38
187.3
175.24
165.26
162.35
173
215.38
261.33
295.59
298.49
304.82
307.5
304.97
304.75
298.79
290
290.37
312.87
316.51
298.49
287.1
261.18
235.11
214.86
205.18
201.6
199.07
184.1
176.35
175.31
179.18
224.02
223.5
231.24
238.61
246.43
238.76
224.17
223.79
223.57
268.63
298.72
312.87
298.04
270.34
238.84
224.09
219.92
200.42
161.17
130.86
134.58
158.71
201.76
231.55
430.1
363.15
372.68
360.47
377.67
372.24
357.34
348.92
341.33
372.68
595.59
442.69
371.86
356.89
284.58
281.08
230.36
211.38
203.11
201.47
174.29
154.7
200.88
205.34
282.95
297.33
285.04
309.32
327.87
305.3
305.74
298.22
260.91
282.36
328.16
305.67
251
231.11
201.69
198.42
164.08
128.25
101.81
127.73
112.39
127.8
161.54
188.5
240.19
262.68
270.8
297.61
297.09
275.64
261.27
233.41
231.11
268.42
314.82
310.13
260.9
253.97
223.96
224.18
202.06
185.08
145.9
130.93
127.13
122.74
108.59
108.22
149.33
145.46
201.24
223.81
231.18
216.43
201.76
162.81
162.88
183.14
261.27
240.34
186.42
204.89
176.29
192.53
136.07
129.22
83.72
60.48
59.66
63.31
60.11
57.13
62.79
80.66
135.4
138.53
191.49
165.27
144.86
134.66
131.01
146.5
206.16
208.92
201.17
189.4
169.44
186.94
135.7
115.07
94.66
75.75
71.5
90.87
132.95
189.92
275.8
250.33
257.03
267.23
269.47
260.53
268.5
250.48
240.27
270.66
315.35
309.69
278.18
233.79
217.48
204.97
169.22
106.59
104.5
86.33
65.62
73.07
152.77
160.52
205.73
216.45
224.05
228.59
231.35
223.98
221.37
221.67
216.01
215.49
268.44
267.33
228.3
206.77
169.53
147.85
128.56
44.99
15.79
7.22
3.35
7.89
7.75
89.75
198.34
178.53
186.72
200.88
204.97
202.59
201.92
193.2
182.93
205.34
214.13
220.24
205.27
205.72
189.63
170.86
136.23
175.25
158.87
134.44
126.39
124.53
135.85
187.17
261.35
259.04
260.16
260.98
262.62
258.3
256.29
226.27
220.84
217.78
268.73
284.74
254.5
220.61
196.03
190.37
157.08
152.85
138.17
136.38
82.46
103.54
138.1
170.8
268.15
260.11
239.1
252.43
240.29
232.69
215.49
204.46
203.27
201.56
193.29
192.17
198.65
186.51
173.48
171.39
153.89
113.14
56.39
56.39
48.34
45.14
37.91
37.54
44.69
88.79
134.6
149.27
154.41
161.11
153.89
144.5
144.65
171.62
174.45
198.21
198.21
169.53
116.2
140.48
117.02
104.43
67.41
57.72
58.1
58.32
56.31
48.71
58.02
50.95
79.32
126.55
160.21
140.1
104.28
89.75
86.25
119.69
161.11
173.17
165.43
149.34
135.78
148.74
121.78
88.11
82.38
72.77
60.33
71.21
110.31
162.67
253.39
238.49
246.02
254.43
246.61
239.02
254.28
249.96
242.44
264.79
272.24
274.32
260.69
247.13
216.15
198.57
172.13
189.82
175.3
145.51
143.2
157.95
161.45
186.77
271.96
260.34
261.46
268.61
260.64
246.41
246.41
228.32
223.93
245
273.3
273.3
271.58
269.13
216.11
190.64
184.68
182.16
177.99
155.05
144.25
143.14
167.71
248.36
298.71
307.57
303.47
312.63
328.94
311.44
298.33
297.44
277.78
297.66
334.45
334.45
310.32
290.37
250.9
245.76
210.98
184.88
181.16
180.34
169.83
169.69
203.65
194.12
307.64
357.99
346.67
359.11
342.95
328.42
309.65
292.37
287.53
311.74
320.45
331.33
298.1
262.35
237.25
216.69
223.76
210.3
187.66
181.17
170.22
170.74
194.36
248.74
320.48
298.65
298.73
298.8
306.1
307.74
291.65
283.38
268.48
270.12
291.88
298.13
268.48
271.02
235.78
214.1
190.64
204.86
205.16
191.23
175.14
168.66
145.12
55.87
111.15
170.67
216.86
202.26
216.26
224.53
194.06
190.93
175.74
191.01
190.86
201.81
230.34
198.16
164.11
164.11
173.05
148.24
120.08
106.45
83.5
63.17
57.88
41.12
55.27
85.66
142.42
164.47
190.92
173.49
164.4
153.3
139.3
144.88
204.77
224.07
209.24
193.15
174.83
194.34
173.26
193.45
163.95
148.46
144.44
146.89
151.36
223.62
335.28
329.1
332.9
331.18
349.95
335.8
337.29
350.33
327.16
314.2
349.06
349.28
317.25
327.98
290.44
248.65
217.36
208.19
210.94
201.41
194.11
199.92
208.93
194.11
328.48
311.27
314.77
323.04
309.78
309.26
309.26
298.31
275.07
290.19
348.52
409.07
335.55
335.41
291.09
234.11
205.5
204.98
196.94
188.52
178.09
183.08
197.91
245.65
319.91
319.99
320.06
322.3
320.88
313.06
298.54
298.24
284.31
298.31
330.42
332.58
305.39
290.04
220.48
209.08
209.3
202.99
168.28
161.05
147.49
136.32
182.5
187.64
257.29
283.66
283.51
282.54
283.81
276.73
283.14
260.05
245.6
273.31
298.26
324.56
344.07
289.84
243.96
230.33
196.73
187.35
177.45
169.48
152.79
152.04
181.99
211.34
264.16
271.46
265.05
264.23
263.79
245.16
231.68
239.95
204.94
199.05
234.88
246.8
231.01
208.36
203.82
191.9
188.4
194.36
184.97
158
157.18
144.82
131.41
122.77
168.81
185.12
220.88
233.77
237.94
216.41
209.7
179.83
178.79
180.05
222.89
231.9
205.46
163.96
145.19
152.57
130.96
148.34
107.74
89.41
71.82
68.69
61.32
52.01
57.74
74.8
134.63
165.4
200.57
184.33
145.21
148.27
110.42
109.23
206.38
215.84
215.92
200.57
175.01
182.47
142.16
149.46
124.28
89.63
97.45
108.11
138.43
205.79
283.42
261.22
260.85
267.4
270.53
273.88
268.59
254.59
246.32
246.17
268.59
270.98
261.14
246.24
215.84
215.02
193.79
152.74
153.12
147.23
123.16
127.56
192.83
196.93
280
297.44
292.6
291.26
291.18
267.26
238.43
220.47
209
223.6
236.72
253.55
243.42
204.75
198.27
187.99
161.61
130.77
57.45
59.61
63.71
74.36
102.9
183.45
221.15
238.96
242.17
239.63
239.41
220.71
228.83
217.5
208.71
193.81
208.79
246.27
221.23
201.11
169.37
149.62
123.17
69.37
63.63
15.94
12.74
15.87
102.97
135.9
194.54
173.53
170.92
177.48
184.04
172.26
179.05
153.56
150.14
148.57
171.22
181.13
183.66
174.65
161.68
158.41
107.52
167.86
123.16
79.2
76.96
127.78
166.67
217.78
260.47
260.25
261.36
267.7
260.62
242.14
257.12
249
225.9
235.36
267.32
313.74
296.6
272.17
233.2
208.54
188.87
147
97.45
73.91
64
74.21
60.13
59.98
147.89
161.68
176.65
188.57
186.78
179.04
167.93
157.73
147.97
153.55
185.44
193.04
183.88
176.2
152.06
134.78
83.82
120.69
83.96
63.85
68.69
77.19
65.34
57.74
80.31
86.05
133.73
169.12
194.6
179.18
164.06
142.08
131.72
137.91
183.13
210.84
216.88
192.66
178.81
175.53
149.38
86.57
103.48
63.92
60.2
97.08
134.48
178.81
239.23
250.78
253.91
260.84
267.84
270.45
260.31
253.38
239.6
238.19
260.16
271.12
260.09
238.41
204.06
199.52
160.78
116.68
143.28
116.91
108.41
118.62
154.39
165.71
238.81
220.4
208.18
203.27
206.69
193.51
192.98
183.74
180.84
184.79
214.14
228.45
215.11
200.58
191.27
182.4
152.82
161.02
145.67
138.14
111.84
138.14
169.36
185.23
231.73
230.98
233.37
230.98
252.67
228.67
230.16
223.83
223.76
224.05
253.49
282.92
271.44
283.29
261.61
223.68
204.68
207.67
201.04
187.03
184.5
188.67
197.98
242.69
372.72
282.33
275.7
276.3
268.55
268.55
253.72
250.22
249.32
253.42
245.75
278.09
253.94
253.79
208.19
214.45
204.99
173.61
163.25
146.64
142.46
130.84
145.15
187.09
245.88
247.37
246.55
238.06
229.04
222.04
203.56
194.92
183.97
203.34
224.13
229.04
197.38
203.93
179.12
187.54
162.95
179.05
186.65
186.8
185.68
183.37
179.12
168.91
151.7
176.29
183.67
201.4
220.18
201.18
201.4
182.62
181.28
187.84
188.96
238.58
222.93
199.84
195.96
205.2
198.87
149.02
118.32
109.68
96.86
97.31
86.65
79.2
97.53
97.08
151.77
173.53
189.03
181.2
173.53
158.33
145.74
163.92
194.09
210.19
208.47
197.82
184.56
185.97
171.82
153.04
130.24
105.13
97.23
113.03
150.66
185.52
235.74
238.8
231.42
237.98
241.11
233.14
246.25
231.65
223.82
225.83
235.67
254.74
246.4
230.97
210.93
205.27
179.64
194.18
185.24
162.29
150.52
149.48
145.3
190.16
257.59
261.4
253.94
254.24
254.61
241.95
233.68
231.59
208.71
223.91
228.39
254.17
242.54
194.41
178.83
186.43
181.37
164.08
136.58
151.78
142.17
139.93
193.06
207.29
239.18
260.64
254.01
255.35
263.1
254.01
253.49
246.11
240.23
228.9
253.71
297.6
255.43
275.55
246.93
218.62
216.46
199.55
186.66
170.64
165.65
170.94
173.55
201.41
275.26
246.64
251.49
253.28
246.64
239.71
239.34
237.78
212.14
223.69
227.35
253.65
255.88
261.18
216.84
209.39
181.29
163.03
159.23
174.28
172.34
158.33
176.06
201.25
240.59
290.36
290.06
275.16
267.64
243.05
238.8
208.55
198.72
201.84
223.75
260.71
252.88
236.72
199.98
223.6
216.97
194.24
184.04
183.44
184.71
178.45
178
172.04
181.58
173.53
205.5
193.72
201.47
189.18
187.17
175.99
169.43
172.04
187.32
217.72
201.99
209.3
205.72
189.63
169.14
160.95
132.41
118.4
112.96
108.71
87.4
69.15
90.98
97.39
154.61
164.38
173.39
168.32
149.32
142.39
134.05
133.97
156.92
198.13
204.24
181.07
180.77
182.85
170.19
167.73
158.34
143.66
138.45
146.57
145.82
194.33
230.99
231.66
240.6
246.19
253.72
241.87
241.65
235.16
223.32
219.14
222.27
253.64
246.49
244.63
218.99
216.46
205.58
189.71
187.32
181.73
171.75
167.05
193.06
199.76
253.26
272.11
272.56
278.3
285.45
261.91
240.52
216.38
196.86
205.65
216.16
283.59
273.83
240.37
212.95
194.62
192.09
166.02
181.15
162.67
161.18
149.4
169.89
193.07
259.91
265.05
263.71
261.62
259.09
264.75
268.4
242.62
243.07
231.37
253.2
315.05
311.03
272.72
241.13
216.17
182.11
211.55
209.02
181.75
170.87
153.43
189.57
209.17
262.45
254.03
271.02
297.25
307.23
298.29
291.59
296.35
276.98
274.67
290.39
331.9
323.33
298.14
274.97
257.38
238.38
187.49
198
201.72
194.12
197.25
196.73
234.44
278.4
295.99
305.16
305.23
314.62
304.86
302.62
279.82
246.29
254.04
287.57
339.36
330.27
264.24
246.58
238.98
222.96
216.48
195.46
184.51
193.3
185.33
183.47
166.33
158.58
176.54
223.86
249.71
250.23
253.89
223.48
200.16
181.98
182.42
223.11
272.07
251.87
206.12
192.41
222.96
199.19
186.3
171.17
169.38
163.65
161.63
138.46
115.95
120.87
139.28
175.87
186.97
215.59
201.8
186.75
171.69
155.9
158.21
183.99
224.68
226.09
223.04
211.41
215.14
189.06
173.11
167
171.84
162.98
171.92
185.55
230.56
307.62
350.24
343.54
371.33
357.99
350.69
365.22
361.42
335.41
291.6
296.44
327.66
331.99
290.26
261.42
246.51
206.2
218.5
208.29
196.59
192.79
183.33
204.2
246.82
335.06
298.25
333.94
338.71
338.94
298.39
297.5
291.91
282.6
299.06
302.27
329.4
338.79
304.36
253.83
237.88
232.07
171.24
193.82
174.08
175.57
171.99
188.91
242.93
386.23
401.28
521.78
525.96
556.14
411.94
531.62
357.54
334.81
346.14
372
462.84
558.3
446.89
298.45
268.34
237.19
193.24
196.66
182.73
173.04
175.65
182.5
248.68
447.36
394.52
405.55
414.49
418.22
401.9
351.37
344.59
338.63
329.54
380.36
516.44
447.73
359.64
272.38
231.09
213.43
226.54
216.11
195.76
170.2
175.64
211.86
237.19
285.41
335.63
350.84
319.09
303.81
298.82
297.33
254.18
250.01
250.16
254.56
303.52
301.88
275.94
236.37
233.39
241.07
215.81
190.4
153.66
147.47
161.26
160.89
150.83
208.13
223.63
249.34
248.74
251.05
241.44
223.48
215.51
196.51
199.41
187.27
246.43
276.32
272.59
252.84
240.4
189.13
181.16
172.96
157.24
165.95
165.58
156.12
120.42
131.9
149.63
170.57
178.99
221.99
205
178.92
157.24
138.08
134.13
161.04
229.29
240.32
237.79
231.31
225.42
201.57
174.6
159.84
149.41
146.95
150.16
181.16
238.31
298.37
315.07
329.08
370.14
371.78
369.24
371.85
309.92
298.08
276.24
280.49
367.9
366.93
298.67
244.35
223.48
201.95
231.39
209.04
192.27
186.83
189.88
230.87
278.05
335.58
426.2
480.52
497.44
496.47
441.47
452.35
356.37
318.21
279.98
289.22
420.83
452.28
347.72
320.75
272.38
246.75
186.6
179.45
168.57
168.94
174.23
175.57
253.52
300.1
360.69
367.1
350.92
374.4
354.95
350.55
350.33
307.7
297.64
298.24
418.52
456.89
298.98
290.71
255.24
231.47
229.96
229.59
211.48
199.26
186.44
213.79
261.48
353.81
378.92
375.79
374.45
358.28
391
364.77
338.91
311.49
329.74
335.41
745.18
596.37
314.69
276.16
257.53
231.23
193.89
178.84
178.24
170.79
178.77
187.04
223.85
349.86
373.26
405.67
350.53
338.38
315.06
289.95
254.1
236
240.02
253.58
299.63
295.01
254.4
223.85
205.52
179.51
176.46
161.03
146.65
159.47
149.48
150.52
131.22
122.21
175.71
244.56
272.21
278.54
261.26
245.91
197.17
201.2
205.52
242.85
303.51
298.14
254.62
239.2
254.48
221.76
175.56
148.43
134.28
123.1
138.52
140.83
102.53
117.29
141.95
179.36
205.44
230.18
224.22
188.08
167.66
138.23
139.72
176.3
253.28
272.2
223.55
214.75
208.05
176.08
156.48
123.99
111.47
114.23
127.72
160.73
225.63
254.84
270.79
269.3
270.49
282.41
262.37
267.51
274.22
254.77
246.5
246.35
280.77
283.38
252.16
224.51
214.08
189.57
169.56
96.32
93.57
92.3
127.76
171.57
185.05
248.08
255.82
267.52
253.89
246.51
246.44
252.1
245.91
242.64
242.93
245.91
283.61
295.98
283.24
231.54
200.4
171.94
162.45
128.03
123.19
123.04
137.79
189.71
196.71
246.09
274.99
246.54
245.64
250.19
246.98
253.24
238.42
209.96
206.84
193.06
238.71
255.03
230.15
196.56
178.09
167.73
171.59
136.96
82.59
118.56
152.75
183.65
248
250.38
247.03
261.03
270.86
275.7
266.77
264.61
263.27
249.26
230.42
230.72
239.36
270.49
251.2
246.73
200.26
161.01
120.57
63.6
51.61
55.93
64.86
148.27
169.49
220.43
229.89
218.42
214.77
231.01
204.27
189.9
181.71
186.18
167.71
168.97
194.14
206.43
201.44
174.71
156.68
97.18
58.53
15.34
9.01
12.96
30.01
60.1
105.82
144.84
160.71
199.58
194.37
205.54
179.1
170.76
166.74
136.35
129.28
137.99
160.93
171.28
152.89
129.43
89.89
15.56
74.39
43.79
18.84
24.95
57.64
56.6
52.65
58.31
59.65
115.43
138.14
172.02
150.87
113.49
89.81
85.94
85.71
102.84
171.95
202.41
178.43
160.85
152.81
111.7
132.18
74.77
61.36
66.05
104.11
145.29
187.59
245.9
246.72
245.67
257.14
257.89
252.38
257.14
245.52
235.62
221.69
220.13
246.19
257.74
250.66
230.63
194.07
176.04
166
131.74
135.84
110
136.43
175.98
215.08
247.77
234.89
246.36
253.73
271.16
234.52
239.21
241.89
227.22
224.91
230.2
239.06
273.76
268.62
235.63
220.96
187.15
204.88
201.6
192.52
189.39
182.46
185.07
204.36
260.81
275.18
278.53
276.45
275.78
268.11
267.51
247.85
234.67
233.77
219.18
239.88
260.29
254.85
228.64
180.45
187.23
181.25
136.5
136.42
125.55
136.94
165.84
197.26
245.89
246.33
256.46
275.52
282.45
275.52
276.79
262.57
241.42
224.14
231.59
246.63
294.74
270.98
255.64
231.22
198.53
189.01
198.84
196.08
194.97
190.5
202.94
223.79
290.44
335.2
344.88
294.69
314.42
282.84
282.03
270.85
246.06
239.2
246.13
282.99
294.61
289.7
252.53
260.65
252.24
255.66
203.16
199.66
184.84
186.33
185.81
182.16
208
229.3
261.02
268.47
268.1
256.26
239.35
204.8
194
193.48
222.08
231.16
255.96
233.54
209.19
215
186.92
182.77
155.45
145
138.33
141.01
136.84
115.03
123.14
129.39
170.79
198.48
230.57
221.86
187.69
156.64
144.21
138.1
153.29
185.23
218.96
230.12
229.31
237.57
186.05
169.37
142.35
134.9
135.28
158.21
170.94
223.05
290.06
289.01
298.17
298.4
371.65
319.24
358.85
267.8
248.29
230.27
225.58
223.42
227.89
265.04
246.36
230.65
194.84
170.26
181.28
171.45
171.97
177.11
188.87
241.65
288.26
284.16
286.62
289.75
298.83
269.35
260.64
249.92
242.62
213.07
201.45
204.8
205.92
260.71
245.6
238.16
198.48
155.75
132.67
130.36
135.57
142.87
171.3
185.23
222.9
239.8
239.95
239.13
243.37
238.75
241.73
232.05
210.91
207.71
205.18
208.08
210.84
215.53
208.45
178.6
165.72
187.04
173.49
155.77
153.16
153.38
184.51
216.9
237.82
260.31
260.31
260.68
267.38
259.26
241.99
235.36
231.34
205.95
205.06
194.41
195.9
257.03
240.35
180.11
166.12
143.55
131.27
117.79
102.6
115.56
157.7
197.31
238.49
241.99
244.96
245.63
253.38
235.73
223
216.22
201.63
194.11
187.04
182.94
205.35
212.65
205.05
169.61
158.15
161.57
177.51
159.64
152.04
160.6
155.39
163.51
179.44
177.06
193.74
212.72
231.56
226.72
216.22
180.48
168.5
164.85
168.65
200.96
200.81
231.86
238.04
190.46
171.4
145.14
120.79
111.85
107.61
104.4
104.93
77
82.96
122.57
140.52
159.21
186.77
166.73
137.91
131.14
98.67
89.96
124.21
171.5
193.84
200.47
203.3
197.86
157.95
158.32
120.49
88.84
90.78
127.41
143.13
214.17
253.12
256.91
260.94
263.62
284.54
276.5
255.95
241.65
232.04
223.18
209.26
208.81
210.89
240.76
225.12
206.35
171.43
152.8
133.66
130.38
73.87
64.04
153.17
200.68
235.9
251.31
257.05
253.25
257.12
245.13
244.54
245.5
238.06
220.93
223.98
216.54
228.6
225.4
230.39
216.32
204.92
167.15
161.12
143.03
131.34
139.38
165.37
216.52
239.9
270.5
270.35
278.24
284.79
261.04
250.1
237.37
227.61
211.9
209
208.33
205.28
260.6
223.07
197.23
171.1
216.59
187.85
179.29
174.08
178.92
181.08
240.12
235.65
249.58
253.45
285.24
301.7
260.97
266.48
249.43
241.16
225.3
225.45
223.29
220.24
241.98
257.32
267.3
237.59
185.84
158.96
171.77
145.56
133.13
144.3
131.34
130.82
171.62
216.07
207.14
224.48
205.28
181.75
179.44
171.7
162.17
175.94
192.84
208.55
253.22
257.92
228.58
184.58
150.1
108.78
125.68
120.47
137.74
142.88
150.25
176.61
183.76
193.96
211.75
230.66
220.61
187.55
182.72
178.77
172.07
171.7
181.08
181.52
212.27
216.15
203.56
171.47
138.04
79.14
61.65
61.65
63.66
64.48
57.92
64.03
96.19
131.34
174.67
214.13
179.28
123.89
95.52
84.13
80.33
84.8
120.39
157.32
174.37
194.32
181
125.08
67.31
57.4
52.34
52.64
52.64
59.64
57.55
59.64
83.16
120.02
155.9
182.71
170.27
120.24
89.64
85.99
82.57
87.63
120.54
127.98
163.95
190.97
178.69
127.98
137.81
129.18
108.18
93.29
126.72
172.58
217.85
260.96
266.69
288.88
296.17
322.08
298.85
293.05
270.56
250.91
242.42
238.7
238.03
237.95
253.74
242.64
220.75
193.95
171.89
165.78
147.47
139.88
139.43
187.07
208.66
253.62
270.22
271.49
270.52
296.06
263
261.07
257.94
256.08
237.02
222.8
220.79
197.72
206.28
230.4
205.31
183.87
173.53
152.98
142.41
138.32
131.24
169.36
222.96
240.15
256.01
253.63
265.54
284.74
274.25
262.78
252.88
238.22
217.6
223.78
223.33
226.16
268.29
238.81
220.72
186.78
165.93
160.5
149.03
141.22
158.26
188.93
240.08
277.97
283.7
283.55
286.83
327.32
290.32
278.41
260.03
245.21
232.85
230.99
222.66
217.22
223.18
222.73
202.04
187.97
178.74
170.99
160.5
144.86
138.39
145.31
133.1
165.41
210
253.55
238.44
239.18
217.37
193.92
172.93
167.2
166.82
173
174.49
175.61
177.69
174.42
167.42
144.79
145.01
89.55
72.8
78.98
83.15
83.82
74.29
94.69
114.34
171.88
174.04
215.28
190.27
162.43
129.08
118.13
98.56
131.46
149.1
174.93
209.17
205.45
200.61
164.36
142.48
94.46
82.33
82.33
118.13
164.06
212.52
263.89
270.51
277.96
295
324.18
287.78
289.27
270.21
253.61
232.7
225.4
220.49
218.85
245.05
237.24
205.38
174.86
169.42
152.6
152.6
138.08
136.82
160.78
207.23
253.53
260.46
281.97
298.86
332.88
317.85
289.56
249.44
245.12
222.57
208.65
204.78
203.44
235.82
250.11
205.52
186.39
164.4
137.38
106.8
126.59
145.35
181.22
230.19
264.28
268.52
289.51
310.86
339.44
265.54
249.69
245.37
249.84
249.76
249.54
248.5
243.36
238.45
242.25
187.32
138.43
165.07
137.53
131.35
130.31
143.49
174.15
197.59
242.32
278.12
295.83
314.51
359.09
305.28
314.66
270.45
260.33
233.91
216.87
209.27
208.98
238.22
242.47
233.16
186.35
173.62
137.38
93.77
81.34
130.61
169.53
201.45
274.31
313.01
307.06
284.43
312.56
264.71
267.76
242.98
230.18
205.55
200.41
192.67
187.54
217.9
203.69
192.45
154.27
140.21
48.15
61.17
73.23
65.27
138.12
153.75
163.2
141.7
169.68
187.39
207.19
181.29
174.59
146.01
142.89
101.96
142.22
142.81
153.6
176.9
186.05
153.83
142.89
85.49
59.97
58.04
59.53
58.71
60.27
58.11
57.67
64.73
94.65
142.27
171.28
146.21
139.66
89.73
86.09
79.47
97.47
138.69
142.49
149.19
153.87
142.49
137.13
143.68
107.67
89.29
86.31
127.76
152.83
217.27
267.57
264.37
273
282.75
317.12
297.63
297.93
268.61
253.95
238.7
236.24
225.68
223.44
236.76
238.25
198.15
169.95
174.26
161.01
144.27
146.51
133.11
187.5
186.46
237.95
264.22
270.54
267.19
284.01
247.77
250.9
250.75
240.26
215.85
208.93
208.49
197.99
207.3
209.6
186.61
163.62
153.05
60.04
55.58
25.37
59.9
158.56
190.85
238.24
238.32
238.32
238.54
260.72
240.48
238.62
238.54
218.83
199.7
204.99
187.2
187.87
222.55
225.6
179.39
150.89
179.09
135.34
93.75
59.97
56.4
163.47
188.47
253.2
243.67
237.13
250.44
253.2
236.83
238.39
231.25
231.02
218.97
210.34
204.61
196.43
222.47
222.54
158.33
137.65
141.61
114.59
82.3
59.9
63.85
163.41
169.21
200.39
225.91
232.46
231.05
235.07
232.84
206.27
193.32
188.41
185.06
204.63
204.41
187.44
222.27
216.39
187.07
149.27
137.74
80.07
52.68
51.79
43.16
51.79
17.93
32.37
41.67
126.72
134.54
174.5
171.89
116.98
86.17
52.31
52.09
51.79
103.95
137.89
177.47
186.85
164.08
120.77
96.14
61.91
57.52
57.89
61.91
67.49
59.31
82
86.1
105.74
149.57
173.24
151.88
110.88
94.95
91.6
81.86
100.01
136.92
142.35
167.73
186.26
182.17
138.19
120.33
74.19
63.25
59.68
71.59
152.62
208.58
314.1
331.37
367.46
359.27
422.67
349.97
350.79
331.59
289.62
264.69
249.44
226
223.76
253.38
249.51
212.9
166.54
161.33
113.18
86.47
58.34
56.18
147.78
209.84
286.78
297.95
309.33
308.96
404.58
297.72
274.65
257.47
247.64
245.19
245.71
239.98
232.84
232.69
239.76
217.8
169.51
178.14
134.69
132.68
117.72
127.77
191.76
225.4
256.95
309.56
334.34
426.01
446.92
380.18
446.55
277.78
260.89
241.92
237.15
236.04
221.38
253.67
246.23
210.66
208.73
202.72
177.86
153.75
153.38
112.15
178.16
217.3
283.24
401.79
452.91
555.84
744.56
423.82
347.31
276.32
266.27
260.62
248.19
227.13
224.89
253.62
247.52
225.12
179.95
154.42
141.77
137.82
111.85
134.33
178.75
214.33
261.14
322.68
343.29
352.6
526.59
314.79
287.26
246.18
225.27
204.8
195.8
200.26
194.01
213.43
240.75
238.96
199.82
163.5
164.54
138.12
117.51
126.44
127.26
129.94
137.75
170.27
185.9
203.39
237.4
223.63
184.63
172.13
170.49
149.66
148.09
146.53
163.13
184.26
191.63
205.17
147.94
144.65
89.81
74.41
77.91
83.49
80.66
60.57
84.75
118.76
148.3
175.01
194.58
182.01
163.85
140.71
131.63
138.18
147.93
163.63
176.28
197.04
206.86
198.6
170.33
131.04
97.18
77.69
65.56
108.57
156.49
212.07
285.66
301.89
306.95
331.87
448.1
323.91
319.82
296.97
277.33
261.33
259.17
253.15
242.21
251.14
251.36
224.8
188.41
190.56
187.22
178.66
167.05
174.94
190.04
241.09
297.86
384.18
373.24
386.19
650.42
373.46
373.02
335.29
335.07
270.7
269.66
270.78
267.8
270.26
276.21
241.09
218.32
186.86
172.72
152.7
146.52
160.51
187.23
241.48
298.7
413.97
439.64
461.45
755.31
424.76
431.09
342.23
331.44
261.42
243.26
245.35
230.69
253.38
268.19
227.93
187.38
205.07
178.58
170.32
163.7
163.55
188.33
268.54
373.16
434.33
386.78
378.97
696.62
346.45
379.34
364.08
363.12
304.7
289.53
264.52
252.69
296.45
301.43
260.88
200.31
193.01
171.81
165.41
158.94
169.13
216.82
272.85
334.84
341.98
334.98
335.43
426.73
343.47
335.28
298.97
274.86
253.58
245.7
232.75
224.04
264.45
259.39
238.33
204.55
185.5
171.73
180.44
174.49
161.47
153.28
152.98
175.97
181.26
193.68
214.07
205.89
176.05
180.66
163.25
146.29
166.97
162.28
171.44
137.95
126.2
123.37
137.65
130.07
113.25
85.64
67.78
63.69
63.47
58.33
55.95
63.47
86.16
110.57
132.96
170.84
158.56
113.1
101.04
89.58
86.09
95.17
130.14
137.28
123.81
145.91
161.61
126.27
112.95
79.84
63.84
66.97
96.36
150.97
216.74
262.13
326.87
326.72
341.82
488.1
362.06
354.92
290.03
268.08
261.98
260.12
259.75
238.62
228.43
230.29
219.05
175.08
188.55
164.37
152.16
133.93
137.73
191.82
189.07
260.8
279.18
272.48
284.31
371.52
284.61
279.4
280.59
260.2
247.41
243.76
236.69
223
230.66
241.9
235.5
204.85
180.36
137.95
108.18
63.91
109.15
169.34
189.06
263.32
278.64
267.85
268.38
268.15
255.43
252.3
231.1
225.07
222.77
207.44
204.39
192.26
186.31
182.29
190.4
133.03
161.61
82.14
75.45
48.36
58.48
48.14
19.27
62.95
70.68
97.25
116.52
163.32
148.29
120.24
97.25
97.17
101.19
137.72
161.01
186.08
161.31
174.25
188.39
148.51
97.1
59.6
55.95
55.28
57.29
93.23
152.9
189.06
200.22
211.68
223.8
244.86
230.13
205.58
196.2
199.55
199.7
204.46
200.96
197.47
202
197.54
209.52
173.58
168
122.1
89.43
52.38
105.73
122.69
115.25
118.75
188.09
232.96
238.54
247.32
228.49
186.38
176.41
168.15
141.89
134.52
146.65
145.01
159.97
170.09
169.04
147.39
137.65
77.45
63.47
59.89
58.26
57.29
55.8
60.86
89.06
164.51
167.56
195.38
167.78
158.26
126.71
106.32
102.82
132.88
157.59
167.63
176.26
204.68
213.54
156.4
114.95
73.06
63.91
69.49
105.28
161.01
198.43
286.08
277.75
276.48
285.93
339.58
297.84
301.78
289.73
264.65
242.26
231.69
223.73
218.67
222.84
224.4
206.1
149.4
144.56
73.14
59.67
45.16
56.92
134.59
145.97
198.28
231.31
245.37
256.46
265.61
254.38
264.2
251.7
252.96
221.94
204.53
205.12
202.82
185.26
185.7
186.82
138.91
149.09
88.31
57.51
54.61
44.86
144.33
169.4
261.35
284.27
279.36
295.87
304.58
279.43
271.69
266.78
245.06
227.95
230.7
222.96
211.36
211.73
217.68
200.79
186.06
194.23
177.57
152.87
151.83
152.5
177.72
242.96
279.19
292.51
297.19
460.48
590.81
426.26
379.69
288.71
282.54
270.11
262.6
260.59
261.93
252.78
270.63
273.24
205.17
194.06
183.2
151.96
139.16
140.88
186.77
239.13
316.19
289.71
298.34
333.82
517.16
328.69
279.15
267.84
246.12
231.47
226.26
224.7
193.91
202.46
195.69
198.67
153.22
187.96
182.16
175.69
135.15
56.98
32.13
115.07
150.92
167.5
200.75
207.67
221.5
219.27
192.79
182.23
186.17
175.61
175.76
171.74
149.43
146.01
169.66
178.36
159.25
121.98
59.5
58.16
57.35
55.93
48.12
41.21
57.72
73.63
86.13
114.91
157.83
138.71
104.43
91.48
95.87
86.13
86.2
130.16
138.05
132.32
137.97
145.48
89.55
97.21
57.64
48.2
44.18
42.69
38.75
50.95
80.63
76.68
96.25
121.38
162.89
138.42
124.43
115.29
113.28
102.57
114.69
115.21
126.07
115.21
125.55
147.86
122.43
99.74
57.49
45.74
40.16
51.62
108.82
160.81
242.32
275.64
275.5
331.35
479.81
289.33
283.31
269.17
262.41
250.58
246.86
236.75
222.17
201.19
209.3
200.45
155.45
212.61
186.88
167.99
137.65
138.1
175.36
223.25
278.05
312.56
281.18
330.48
409.38
291.89
279.47
277.91
253.96
246.6
237.08
221.83
221.24
248.68
246
252.18
199.38
172.6
127.38
60.09
60.09
63.65
153.11
193.94
278.04
298.05
287.93
316.56
382.3
309.87
326.75
282.06
282.36
262.28
261.91
259.53
226.66
207.47
200.78
216.92
170.74
178.43
137.76
108.55
78.06
89.22
153.08
193.97
254.19
264.6
270.18
297.69
318.8
277.69
264.23
249.06
228.17
215.23
200.59
203.19
188.69
195.09
193.53
193.6
188.92
190.55
140.22
140.22
140.07
137.91
137.62
141.18
199.77
208.69
248.17
248.1
271.81
237.69
186.39
184.6
179.47
177.39
180.89
184.9
181.56
181.78
185.5
188.99
171.89
110.26
63.49
59.92
57.47
56.58
51.3
48.03
59.03
85.65
119.48
154.57
168.69
167.21
136.5
107.06
119.4
115.54
132.41
152.78
150.55
156.87
171.82
193.38
122.38
127.71
93.36
71.36
59.39
77.83
165.47
193.42
275.34
290.13
309.46
376.51
527.63
341.57
337.78
333.69
293.77
265
260.99
261.14
247.76
222.78
223.15
221.59
190.67
186.99
133.83
92.49
70.41
119.7
158.88
187.58
277.32
320.89
303.34
358.21
509.29
334.79
313.23
305.43
312.27
277.62
264.46
262.08
238.44
221.78
225.05
222.9
188.03
193.5
161.95
120.14
79.9
120.14
168.95
215.67
260.75
291.32
282.17
282.02
383.42
307.39
298.99
306.65
282.1
277.63
265.43
249.37
246.09
224.37
222.88
242.45
189.63
193.47
152.26
113.96
52.66
45.37
56.16
131.51
188.04
215.64
238.33
267.04
283.11
272.62
262.43
240.19
226.65
220.33
219.21
221.74
223.08
208.5
202.92
201.43
186.48
170.6
137.6
59.77
50.99
55.83
138.41
214.01
260.62
282.7
298.76
298.61
331.39
310.13
286.79
285.82
269.91
266.2
263.15
258.76
225.39
200.86
197.14
192.98
158.78
136.7
104.44
48.02
45.05
41.18
37.17
52.33
88.09
137.22
167.93
188.89
189.33
186.29
176.18
148.23
138.56
158.56
149.04
133.88
138.04
137.37
137.67
162.94
139.83
95.97
59.17
56.2
54.04
46.83
37.09
33.9
56.5
63.33
98.64
140.64
172.39
137.6
109.87
96.04
85.78
85.64
83.93
132.47
132.54
124.81
126.67
166.96
121.54
131.94
78.79
62.51
66.08
63.55
121.91
178.92
260.61
302.61
320.52
331.82
416.41
334.13
333.83
298.52
277.26
263.81
254.14
245.37
234.97
214.97
215.12
214.97
166.36
171.03
119.37
56.27
56.12
63.33
146.94
204.62
264.01
310.39
283.93
331.05
383.6
322.21
298.94
317.23
283.33
254.2
236.73
221.35
200.98
192.43
196.45
207.52
169.32
158.63
127.56
59.69
44.6
52.11
104.22
190.82
231.4
269.91
282.62
282.47
341.72
286.19
288.2
288.94
289.46
264.41
259.35
258.76
238.47
230.59
209.33
223.01
195.72
200.88
152.78
142.74
111.59
111.89
160.81
200.88
286.23
331.73
312.77
306.01
372.99
336.42
286.9
273.22
281.99
267.27
253
260.81
236.57
215.01
206.01
208.02
187.05
185.22
143.67
91.5
61.54
74.25
152.15
180.47
242.38
305.11
345.47
393.04
475.69
357.88
356.77
359.74
271.67
252.12
252.56
260.52
245.87
224.17
215.18
218.74
177.27
193.4
171.62
175.56
160.55
149.69
140.18
156.61
191.84
202.17
222.61
234.95
260.29
234.58
190.8
181.06
179.13
172.66
177.49
186.34
184.41
182.1
177.72
176.08
163.74
101.9
64.59
59.16
56.04
54.7
44
40.88
58.87
64.66
104.13
132.97
180.69
161.96
145.23
128.14
109.26
108.89
138.17
144.79
149.03
149.03
146.94
186.34
137.95
99.82
63.55
59.46
59.83
70.09
126.5
193.54
269.06
309.34
303.32
330.83
456.81
392.81
670.05
368.14
335.06
272.93
268.32
261.55
241.71
234.2
224.46
214.58
180.31
205.01
185.84
151.34
138.19
150.97
186.13
275.56
356.51
530.15
379.33
483.54
1114.71
483.32
439.24
357.32
357.84
321.57
289.61
289.98
289.38
263.96
252.88
275.18
208.28
183.9
143.02
129.27
77.68
56.42
136.7
194.9
256.89
270.57
297.78
331.3
446
356.8
343.86
336.51
274.59
246.04
219.36
215.49
208.21
197.35
194.6
195.35
169.11
121.89
61.61
46.82
55.89
56.04
63.47
157.42
222.38
268.61
264.82
294.17
293.73
289.86
282.06
292.24
276.26
260.88
260.28
246.01
228.03
229.22
204.91
224.76
183.58
131.32
68.52
70.23
65.33
59.6
60.87
193.53
197.99
200.96
288.44
312.22
372.86
312.96
286.35
267.4
215.31
218.72
218.65
214.56
210.03
185.95
174.8
168.48
186.1
169.82
73.87
48.53
51.95
41.17
22.96
25.79
82.64
164.69
175.92
215.31
225.86
196.28
175.4
144.03
138.16
130.58
134.22
130.95
124.11
138.24
133.11
156.52
140.02
123.37
59.6
51.73
52.62
43.7
33.96
31.14
56.11
59.98
121.66
159.64
199.25
161.42
136.6
124.11
101.89
96.62
124.71
157.63
161.2
157.86
164.77
193.23
157.78
99.59
70.31
66.52
56.78
55.44
63.84
156.97
255.37
309.77
329.69
508.36
557.78
399.25
406.09
348.49
293.87
268.82
265.92
264.51
252.02
225.12
222.74
192.79
131.47
174.44
137.95
119.96
111.86
118.62
171.24
187.6
241.56
261.48
277.38
276.41
298.79
282.81
277.68
269.28
264.75
256.05
238.95
233.9
212.42
204.54
203.72
190.49
176.15
131.63
63.47
60.06
56.34
68.6
136.61
185.67
227.59
275.15
286.97
304.66
380.4
323.32
290.54
290.47
282.66
252.34
259.99
256.42
237.92
223.94
200.23
187.45
150.14
200.78
170.45
122.73
83.11
79.02
132.09
224.64
282.77
298.53
295.41
336.37
356.58
290.13
301.8
287.08
252.29
249.25
239.58
237.43
237.72
234.82
222.19
224.12
214.98
170.77
123.34
106.31
72.86
56.35
129.88
189.95
236.56
268.75
270.17
281.54
329.05
268.46
262.58
266.23
255.89
238.12
250.91
249.2
218.2
228.31
216.04
219.98
187.2
185.93
187.64
177.83
146.38
122.3
95.98
152.63
185.19
192.85
229.5
237.6
233.59
215.6
200.58
184.3
187.5
166.75
175.75
178.28
185.64
199.39
185.86
205.19
175.97
110.92
77.02
70.18
66.24
60.44
53.23
60.37
61.48
82.67
115.75
152.03
185.34
162.29
150.47
131.59
114.79
113.82
130.99
162.29
175.3
178.28
181.99
230.47
169.43
96.38
65.07
63.58
60.91
63.21
100.02
185.25
271.96
307.66
329.82
354.36
457.06
374.81
365.74
336.73
307.88
276.87
260.06
252.4
236.71
233.81
230.17
225.11
204.96
224.15
215.45
196.41
173.36
123.01
168.3
219.99
266.55
306.78
322.32
309.46
359.14
302.62
292.35
299.42
279.63
270.19
260.08
238.58
225.27
253.9
242.23
253.23
244.98
191.01
182.38
154.43
122.9
76.21
129.59
221.94
273.17
289.3
325.51
356.36
426.4
349.38
338.07
308.56
294.88
252.12
240.45
236.88
236.44
224.69
223.28
227.89
195.47
177.31
141.92
130.99
67.58
68.69
150.02
190.47
200.13
259.61
260.13
289.94
309.71
298.78
300.57
268.53
255.81
255.37
239.61
244.74
223.77
209.13
208.09
207.57
186.08
181.47
158.5
137.98
123.19
64.68
131.22
207.94
258.42
275.22
274.55
277.67
305.11
277.75
252.03
251.95
250.91
232.55
225.86
215.67
229.57
219.46
203.93
214.85
186.23
123.41
56.35
52.41
48.77
20.97
18.44
18.14
18.44
141.77
171.44
193.74
203.93
210.24
209.43
188.91
171.14
162.96
164.67
160.95
149.28
148.32
145.19
151.74
119.02
96.72
59.62
34.72
30.93
32.71
31.37
35.39
51.37
66.46
107.06
141.33
171.36
163.93
133.52
108.39
96.87
101.11
118.43
136.12
134.71
143.48
140.58
157.39
130.99
71.23
55.76
52.49
44.76
44.69
70.93
165.88
230.72
277.41
289.46
312.36
371.17
298.9
309.16
289.23
279.27
249.83
242.39
237.78
226.11
225.88
221.72
216.22
189.01
186.49
160.84
129.09
129.23
52.57
151.39
192.66
225.23
260.55
268.13
264.27
271.41
263.6
267.39
264.64
263.38
242.78
237.87
226.05
223.89
215.49
204.86
204.48
191.77
119.56
96.07
26.47
37.77
81.2
93.39
187.08
264.03
237.71
249.91
250.43
256.82
246.49
242.99
253.4
259.87
232.88
227.38
223.21
214.96
224.78
222.4
210.8
174.07
133.83
122.08
102.9
60.08
110.78
131.16
216.73
247.96
267.74
291.31
311.98
332.27
307
289.23
305.29
272.65
264.09
253.24
245.14
241.12
249.3
243.28
239.56
219.86
180.52
178.29
164.46
138.22
163.94
189.67
225.28
257.77
289.3
297.55
329.97
339.41
314.28
292.34
294.8
267.21
241.64
252.12
246.25
227.29
225.5
227.21
237.18
208.7
170.48
164.46
153.98
165.35
156.58
147.66
155.84
163.87
215.09
242.53
260.3
246.02
250.04
244.02
218.51
216.06
200.3
208.77
212.86
205.06
182.53
189.07
194.2
164.76
118.59
74.42
60.15
65.58
60.07
60.37
60.22
81.04
119.18
164.02
178.14
206.92
191.23
173.53
164.02
150.19
148.18
163.64
185.5
187.73
187.51
194.35
199.26
179.78
138.16
81.35
59.93
58.67
67.37
74.36
196.53
247.24
269.77
297.58
314.38
397.88
325.91
320.11
297.35
270.29
267.09
248.2
235.71
217.64
231.25
220.02
209.54
174.59
158.39
131.7
129.32
113.63
104.93
145.08
175.42
225.32
253.5
286
307.12
414.8
314.18
306.75
292.17
274.85
264.14
263.69
244.51
238.48
223.76
210.6
230.23
170.89
131.56
47.89
53.18
52.21
52.06
80.47
170.83
237.91
253.61
279.93
312.73
372.23
306.93
303.36
291.91
264.54
253.16
253.98
240.81
218.2
208.02
208.46
224.45
173.73
186.38
138.11
111.19
83.52
69.32
151.27
208.17
243.65
263.88
314.45
341.6
407.04
366.96
366.96
320.25
297.34
270.05
264.02
244.24
236.51
241.27
238.29
241.34
207.13
187.38
174.74
142.77
122.84
122.92
164.56
180.99
241.07
276.09
314.54
387.26
440.8
384.66
340.27
298.18
268.06
257.8
253.42
238.17
208.58
213.93
208.06
207.46
166.42
145.89
150.73
134.66
87.59
62.46
63.5
77.63
137.79
193.48
209.77
224.79
258.4
252.89
207.39
201.66
184.34
183.74
181.14
188.87
175.34
181.73
193.56
207.54
166.27
118.53
70.42
58.15
56.07
53.32
52.5
52.42
56.81
93.99
140.24
157.05
176.08
170.43
147.68
147.16
138.23
137.79
134.96
170.73
177.72
173.18
181.88
177.2
162.99
129.09
99.05
59.79
59.94
67.15
122.18
174.68
230.15
271.57
292.84
333.96
409.59
330.91
323.33
297.08
274.69
264.73
259.67
253.05
230.45
231.56
228.29
227.1
178.02
169.08
162.09
115.99
78.22
106.25
170.64
212.13
224.69
261.35
261.05
261.05
320.23
263.58
275.85
264.54
261.27
241.64
240.97
230.19
215.77
230.05
236.29
225.14
204.77
166.62
117.92
63.79
52.42
103.57
150.18
166.32
233.53
250.26
260.67
275.76
312.79
289.52
277.69
267.95
257.17
252.71
241.11
226.54
202.6
214.72
213.98
201.34
174.2
186.9
161.25
119.47
46.91
52.71
160.8
187.19
224.59
243.99
261.01
278.93
319.74
277.67
268.08
261.61
248.67
244.14
239.83
239.46
238.12
223.77
214.18
212.4
192.92
173.77
138.08
137.86
119.19
104.03
166.78
210.58
245.23
260.55
297.43
298.62
319.81
285.16
259.73
253.11
248.5
238.46
228.13
228.35
218.61
228.2
231.55
226.86
214.59
219.58
196.53
178.53
178.01
174.37
189.02
195.48
214.22
219.43
242.78
259.73
263.37
245.82
242.48
228.95
228.72
228.5
228.65
234.6
228.5
223
222.85
225.6
218.09
168.2
119.49
104.62
118.75
110.79
85.58
86.25
111.68
146.41
179.2
207.9
216.83
197.34
195.48
178.75
171.99
170.05
175.71
193.92
197.72
214.89
228.35
234.75
208.5
138.24
88.64
85.96
66.7
78.15
150.06
193.34
261.9
260.04
280.71
295.06
335.37
297
291.5
283.17
264.73
256.32
250.52
240.93
227.77
236.62
224.87
223.31
192.89
169.62
138.31
130.06
82.24
136.97
164.04
178.76
223.38
239.51
271.71
262.42
284.58
267.99
283.91
264.57
262.04
256.84
252.53
248.44
227.54
230.59
233.56
218.17
201.96
190.56
175.1
154.35
138.07
133.09
139.63
203.28
258
270.49
293.1
296.37
317.93
312.5
296.74
296.89
274.28
264.47
264.1
245.73
241.87
237.33
252.43
242.39
216.36
163.95
167.82
136.37
116.37
109.3
180.01
196.67
242.32
253.55
297.72
304.48
319.06
302.77
308.5
278.98
283.59
262.77
261.66
253.18
220.69
219.05
237.12
238.61
219.64
163.64
148.69
137.99
138.06
146.91
180.96
223.11
253
253.07
275.75
306.83
330.24
306.75
278.28
253.22
253.45
245.79
245.49
237.91
234.41
243.56
234.34
236.05
223.34
195.23
165.12
168.02
143.56
151.22
147.28
164.08
186.68
215.98
232.26
259.76
253.59
235.45
237.98
237.91
228.17
229.13
229.95
221.18
212.11
216.79
222.96
219.99
189.43
180.66
152.33
141.63
129.06
129.14
126.46
115.91
141.26
158.65
189.88
208.32
223.56
208.54
195.9
186.46
175.31
175.08
183.63
204.97
204.6
212.85
220.73
232.18
204.97
171.74
161.11
137.99
122.6
130.11
172.71
223.64
296.28
287.58
314.27
322.82
362.67
328.69
319.62
328.25
316.13
276.65
267.8
270.11
254.64
265.57
269.88
257.62
232.11
212.33
187.2
171.37
171.22
153.67
171.44
238.06
280.8
289.58
301.18
306.83
319.99
298.2
316.64
314.26
281.7
280.8
268.17
245.71
230.03
246.98
250.77
241.55
238.13
218.05
208.3
186.22
165.99
173.35
210.54
238.13
272.26
281.93
298.36
334.66
353.4
324.91
300.15
298.36
300.15
269.51
271
257.83
248.91
245.27
245.34
238.65
219.31
248.05
212.65
193.83
185.43
193.24
212.5
253.86
298.26
333.96
367.66
371.67
450.51
370.11
359.25
351.66
334.11
329.2
299.9
299.6
282.49
292.09
289.85
265.98
226.86
200.53
165.87
139.84
133.37
132.62
172.19
219.28
261.38
307.27
289.94
309.35
299.69
283.32
261.08
255.2
255.43
241.44
252.15
232.67
218.91
222.7
230.36
204.7
163.79
164.83
126.38
126.3
83.31
82.42
108.3
56.01
110.75
185.29
232.67
237.28
246.5
253.05
225.23
215.78
220.39
214.82
218.68
218.68
202.99
218.76
218.09
202.69
174.5
156.35
131.51
105.03
102.94
91.49
96.1
85.91
109.94
126.08
170.78
187.96
208.72
199.42
187.59
171.45
163.34
163.57
175.76
188.41
198.6
199.79
222.1
221.66
192.72
162.29
127.04
111.72
90
126.37
187.36
227.67
279
282.34
293.72
301.61
321.84
306.59
305.18
295.58
279.96
268.66
263.23
256.09
243
265.31
263.82
246.79
220.91
131.02
122.76
150.5
112.05
83.43
163.95
189.38
245
282.7
279.28
283.3
300.77
283.97
278.98
282.92
289.84
275.04
268.28
261.58
257.79
256.6
257.27
233.25
185.52
174.67
156.23
139.35
120.54
123.36
163.74
211.63
260.93
268.29
273.27
293.87
306.36
293.72
297.37
276.32
269.33
260.63
260.33
256.77
256.84
261.38
257.21
225.16
189.77
186.82
158.93
123.83
88.28
89.1
150.53
192.85
245.58
275.33
273.91
260.67
294.44
266.92
254.35
261.05
261.05
260.67
260.67
253.01
242.75
248.7
244.16
215.38
197.01
169.28
169.43
121.68
69.32
74.3
177.76
186.99
246.04
260.47
265.83
261.59
260.17
253.55
244.78
223.28
205.95
207.07
215.4
211.38
207.22
217.63
223.65
202.68
187.06
185.65
160.14
160.81
118.26
116.55
134.4
123.69
162.59
195.24
245.22
251.7
251.1
237.41
237.94
201.79
186.02
167.35
171.14
174.27
171.66
186.02
195.24
190.33
139.83
131.87
109.56
103.01
84.72
80.55
96.25
74.75
83.53
135.37
175.83
191.08
222.99
205.73
189.37
175.68
161.62
157.09
170.4
185.13
192.04
205.06
223.36
220.08
188.03
136.11
127.63
107.4
85.46
95.65
133.88
201.86
253.04
279.96
297.07
305.62
342.22
294.24
285.02
290.97
279.52
263
259.73
248.5
238.09
252.14
242.55
213.47
189.59
171.52
176.95
169.14
126.15
126.07
185.57
222.46
246.04
289.48
283.31
311.2
368.77
306.81
312.76
298.85
299
271.11
267.09
257.2
256.98
253.26
253.55
220.9
192.79
185.67
173.18
126.19
119.94
89.75
160.09
188.2
239.58
276.76
282.71
338.85
363.54
334.84
324.65
312.75
267.99
260.48
259.59
260.11
259.81
278.25
270
253.04
202.85
162.49
143.89
154.75
137.95
82.4
185.61
222.57
242.5
313.82
289.35
281.47
298.13
280.65
267.93
260.65
268.38
253.58
259.9
253.06
240.79
242.2
225.25
212.46
187.03
121.59
169.04
118.84
111.85
79.05
169.34
194.03
259.7
260.22
270.26
286.92
306.55
275.17
253.52
252.48
253.23
240.36
243.11
238.58
235.97
259.7
247.5
199.16
174.02
158.78
158.78
130.29
121.74
86.86
123.9
194.03
195.07
191.8
204.22
242.96
262.82
237.68
222.29
223.63
195.22
195
195.14
202.73
210.24
219.91
220.06
190.16
168.82
151.42
116.61
96.23
81.06
79.35
81.66
76.9
113.64
134.53
170.6
187.56
215.74
194.03
181.09
171.49
157.51
154.98
170.83
179.15
187.48
205.11
208.23
209.5
170.75
130.65
104.55
105.44
92.65
111.54
159.87
220.99
277.88
285.61
290.67
307.02
339.37
300.93
297.51
299.74
278.77
260.25
257.13
253.56
251.78
270.14
260.62
231.25
205.45
147.12
172.71
146.75
95.36
114.02
145.64
189.67
253.49
282.94
275.28
297.45
358.59
290.53
283.69
279.22
283.09
261.82
260.18
258.62
253.71
260.85
262.56
217.12
202.69
161.03
169.43
145.41
83.08
87.91
187.28
234.51
296.62
261.81
297.14
306.73
350.09
298.33
285.16
286.35
269.69
256.82
253.33
247.68
247.45
257.49
234.96
230.64
212.57
185.41
186.53
166.15
145.4
147.04
181.03
267.3
293.11
298.24
312.59
303.97
334.76
338.55
305.01
292.59
294.67
261.42
261.28
261.5
259.04
287.75
267.45
231.08
200.81
191.87
162.27
167.33
149.11
157.22
180.05
229.06
260.66
288.18
296.06
296.96
346.63
332.73
298.74
290.04
261.48
253.23
260.44
259.77
248.54
264.23
266.17
253
235.38
199.01
186.15
187.19
162.27
136.39
156.84
188.9
195.29
260.66
282.68
287.88
297.33
287.21
246.98
225.49
222.51
221.02
220.43
237.83
242.52
246.01
237.68
223.85
202.88
175.59
127.84
100.84
90.43
85.52
91.62
86.79
146.95
171.27
185.1
208.46
238.28
223.18
196.63
176.11
171.2
167.93
179.45
204.81
222.66
260.07
227.05
201.32
185.4
172.09
162.35
133.94
108.28
127.76
187.18
246.08
296.73
309.45
298.51
314.65
387.75
332.2
335.18
324.84
306.69
282.82
269.81
268.32
266.91
287.06
263.11
248.84
208.53
193.49
163
159.58
161.89
163.89
192.67
259.67
298.41
338.64
334.55
350.02
375.45
368.31
351.21
371.88
336.71
299.01
290.76
291.28
290.16
318.12
298.19
267.78
244.95
175.34
182.56
161.59
157.87
174.9
187.32
230
279.23
311.35
329.12
347.34
407.13
345.7
333.66
318.93
302.05
292.54
290.23
285.25
282.27
314.03
285.25
259.74
219.59
195.04
187.16
174.22
165.82
159.13
189.17
259.74
288.29
304.65
294.31
304.72
334.91
311.86
318.93
303.61
305.47
290.59
290.07
275.65
292.31
318.18
297.58
249.62
202.63
214.91
190.37
186.58
169.55
168.88
201.31
268.01
318.65
351.9
361.93
355.17
375.02
306.53
309.28
298.2
290.84
280.73
279.31
282.81
276.34
268.31
238.41
233.73
201.53
210.45
195.28
201.16
194.17
193.72
193.42
206.73
215.81
245.63
267.49
283.33
289.8
267.12
234.62
220.05
215.21
203.02
211.87
221.09
228.23
275.15
251.43
221.01
193.57
189.33
174.53
122.48
122.11
120.17
122.33
150.81
156.98
171.93
189.85
227.41
241.54
229.86
197.81
179.67
172.9
171.11
186.73
206.73
238.27
261.47
252.77
233.73
192.68
181.98
169.27
155.73
142.05
145.17
189.35
253.53
290.19
297.85
298.97
311.02
341.8
301.05
302.46
298.07
298.15
274.28
268.33
262.23
266.47
298.89
268.4
245.79
193.44
187
141.33
130.62
121.62
143.56
187.6
202.33
283.63
319.41
307.06
306.91
323.72
306.69
313.09
302
291.29
284.08
283.26
283.63
285.27
318.07
274.48
234.54
199.05
196.15
170.78
137.31
102.2
122.29
178.82
236.91
275.96
291.28
298.13
303.33
318.73
274.85
280.28
283.7
279.01
263.91
256.77
255.8
260.34
298.57
268.52
232.52
205.15
202.56
189.69
169.53
171.69
168.94
190.21
226.21
284.98
320.02
338.47
334.89
426.24
379.6
437.1
335.34
318.98
290.11
289.74
289.82
309.23
313.02
275.09
250.02
222.64
194.97
184.04
176.67
162.84
160.01
194.38
246.9
278.66
296.96
298.37
295.18
297.33
290.34
284.39
278.51
268.32
250.02
248.76
238.86
244
282.75
234.92
226.66
213.57
210.52
194.01
179.13
160.53
145.21
167.82
137.47
196.24
195.94
219.45
220.49
214.31
219.67
214.98
202.78
197.35
189.99
190.66
202.64
227.85
222.87
193.04
195.72
185.3
172.88
121.55
119.32
112.62
92.47
101.17
122.89
123.11
157.04
189.39
216.1
230.46
223.69
199.96
182.4
164.85
158.15
183.74
207.84
239.16
252.03
229.86
211.93
182.25
170.77
153.66
123.32
123.02
138.05
191.97
236.22
272.67
297.07
300.49
305.99
319.97
297.59
285.31
297.21
283.53
272.82
268.28
264.27
268.43
281.67
254.82
221.05
192.49
197.25
183.11
142.5
74.15
80.47
178.5
215.99
268.05
254.96
268.05
267.83
267.83
253.03
253.1
253.1
237.41
229
215.47
226.62
238.6
282.93
260.02
211
177.76
69.84
71.7
63.52
63.97
77.95
188.48
205.29
271.71
296.55
287.55
284.8
291.94
285.09
297.07
285.24
278.77
268.06
267.84
275.43
290.23
298.56
246.57
218.75
208.71
189.01
168.92
135.75
128.01
139.39
197.78
248.81
295.82
292.1
298.13
313
327.66
312.71
311.37
297.53
284.59
268.89
268.15
268.23
276.41
298.13
263.76
214.59
187.22
172.15
148.35
128.93
101.85
122.61
145.67
208.31
268.57
292.6
292.38
306.66
314.4
302.13
274.82
274.08
263.37
246.25
245.29
238.07
250.49
278.39
224.53
219.4
218.88
138.82
122.61
142.02
131.68
127.44
127.67
63.46
63.24
181.38
202.43
231.3
236.14
218.95
204.74
170.37
146.49
127.89
149.91
186.14
222.45
222.89
191.5
139.94
104.23
160.25
116.36
87.71
82.43
85.33
84.44
61.6
61.75
85.63
163.75
183.39
203.4
193.28
173.79
158.69
136.52
140.31
153.63
189.12
223.93
222.97
207.64
188.3
145.52
130.63
63.83
71.64
82.2
105.41
169.09
250.02
297.63
302.92
309.31
316.83
335.13
316.23
317.2
311.32
293.47
278.29
275.39
284.1
298.97
299.72
266.09
222.95
185.83
138.09
73.28
117.33
111.67
76.56
161.3
238.15
299.76
321.71
327.66
312.11
312.78
290.83
275.5
285.25
290.53
285.99
285.1
286.89
311.74
330.71
275.28
227.07
197.61
187.36
148.45
137.06
128.36
122.33
202.54
230.08
335.07
386.41
375.03
378.45
379.57
337.75
335.07
355.98
327.78
330.23
327.78
368.55
440.73
372.27
314.01
293.7
250.84
185.74
171.9
191.77
169.07
138.26
172.5
230.91
327.88
342.83
305.25
342.02
515.18
357.72
386.22
342.31
329.81
319.62
312.62
317.38
338.89
368.88
290.45
224.66
172.79
145.31
138.91
132.66
126.56
129.76
167.63
219.19
298.21
311.16
305.28
302.15
309.82
298.81
290.55
287.94
279.83
274.63
275.15
278.64
289.65
299.92
249.7
212.27
190.55
215.25
191.96
185.27
177.9
151.19
178.05
219.64
232.21
219.27
222.1
232.59
232.96
219.34
208.33
206.62
202.97
208.41
211.01
227.83
260.56
225.3
219.86
208.7
202.3
172.1
134.45
119.12
98.21
91.29
89.43
85.64
74.48
104.69
170.01
193.38
221.35
209.08
182.22
172.32
154.09
154.09
178.57
216.44
272.39
257.51
218.45
216.44
175
137.44
84.23
88.25
88.18
103.28
167.95
216.09
280.46
302.56
305.39
305.46
320.27
303.53
310.37
311.94
298.39
283.14
279.94
298.24
312.38
302.78
270.64
227.7
197.86
173.66
122.32
89.44
93.01
80.66
144.42
213.99
282.37
314.44
305.44
293.31
298.14
288.47
308.93
296.58
290.48
287.65
285.42
295.47
305.51
284.83
268.23
216.45
187.35
144.58
111.17
111.17
133.35
111.32
191.02
224.5
285.15
298.99
298.92
293.34
293.71
286.19
292.96
289.99
283.14
282.62
290.51
297.06
307.62
297.88
268.63
232.39
183.06
161.13
152.72
152.72
106.35
76.58
173.33
200.12
297.77
305.58
301.71
293.23
298.14
293.45
297.39
293.6
293.45
284.52
280.35
305.43
320.09
307.81
285.64
238.23
186.13
177.52
179.23
178.04
178.71
140.61
187.04
246.93
327.5
320.29
314.04
313.81
317.01
305.33
297.74
293.43
272.08
268.58
268.73
273.34
297.6
280.04
262.33
224.76
198.42
144.93
118.52
111
122.39
119.78
122.31
112.34
131.76
157.73
204.97
204.89
222.68
218.51
200.8
178.04
158.69
149.77
158.77
175.36
179.15
217.54
175.43
147.91
115.99
144.78
90.99
80.65
82.14
63.98
82.73
55.35
51.63
94.56
128.93
161.74
200.51
178.78
145.08
110.48
101.48
101.63
123.58
173.2
217.99
205.19
186.44
172.98
114.87
77.15
58.48
58.48
58.63
63.76
155.94
205.2
283.32
300.65
298.12
290.09
300.87
291.95
300.95
304
297.9
276.4
276.1
287.93
297.45
275.8
238.6
208.62
169.48
184.71
116.79
96.78
90.01
63.97
169.08
197.65
283.2
292.72
269.36
280.22
290.34
280
280.15
283.2
270.25
268.76
284.98
290.34
290.86
268.69
223.31
205.46
197.72
161.64
92.98
95.06
88.67
77.21
169.07
227.62
305.12
327.81
320.15
299.25
298.58
300.66
312.71
308.84
304.97
295.16
290.1
319.85
324.09
305.12
275.15
243.38
195.56
172.63
169.73
158.12
143.1
82.41
175.53
219.26
300.78
320.71
320.34
313.05
306.21
305.76
302.93
298.02
290.07
285.46
284.93
301.67
308.44
304.79
249.9
223.72
206.47
182.84
182.24
153.68
162.53
179.71
187.15
242.57
312.86
339.12
320.45
324.24
334.88
317.84
298.21
298.73
286.45
270.31
282.21
305.79
312.93
311.97
254.1
220.33
217.65
187.82
188.64
202.32
187.97
193.55
180.9
137.02
202.25
223.45
219.88
236.17
245.02
233.12
223.38
211.85
207.75
200.24
216.68
271.43
279.83
236.02
206.94
207.46
188.94
184.84
137.61
132.55
119.09
123.18
124.52
101.24
94.77
111.72
172.5
196.15
211.85
200.54
184.25
162.45
146.16
137.61
173.24
204.7
237.66
235.8
218.17
208.13
186.18
126.98
81.23
80.41
78.63
84.43
137.84
205.08
274.19
302.83
297.77
299.11
310.86
290.26
295.32
290.78
285.13
270.02
270.32
296.51
312.35
298.66
249.64
215.5
200.47
180.75
168.92
161.63
184.1
180.3
187.89
223.15
327.51
388.65
328.03
335.84
342.16
324.16
320
319.55
319.1
304.38
298.2
330.26
338.96
312.78
252.16
234.9
202.4
195
187.19
171.8
137.89
181.99
202.44
243.49
286.93
286.56
292.58
297.56
294.14
285.22
280.08
268.11
266.7
249.59
259.63
268.11
294.07
266.92
219.99
207.65
193.59
180.39
181.66
165.52
124.4
124.25
158.83
207.09
295.42
299.96
298.03
295.05
295.05
285.16
283.75
280.26
280.18
267.76
281.97
315.13
319.07
299.51
252.82
241.89
208.87
147.66
124.39
59.85
76.58
122.38
178.51
197.7
267.96
267.07
267.81
267.96
267.88
249
245.73
238.96
222.38
222.46
234.35
264.98
266.54
205.43
193.61
196.51
164.69
195.32
184.69
184.09
177.55
178.66
178.51
156.14
195.17
215.47
216.28
203.2
193.98
185.43
182.6
193.31
184.83
193.98
203.5
243.79
252.86
183.57
175.54
196.88
181.79
161.56
119.48
91.75
85.43
102.23
119.7
97.32
112.19
126.54
163.87
178.74
199.78
190.71
171.38
149.37
143.79
135.17
178.96
231.6
267.21
226.84
215.24
208.25
179.48
155.68
99.7
93.31
96.5
106.24
184.45
215.46
284.3
290.1
297.16
286.98
290.18
283.11
291.66
290.1
275.53
265.2
262.67
279.32
297.46
275.68
234.04
211.44
187.28
137.62
158.06
127.43
139.62
146.54
146.61
192.71
277.17
297.69
308.24
319.77
334.71
321.4
307.5
312.7
307.35
297.83
297.83
353.45
374.19
319.92
296.72
252.93
213.3
183.04
165.65
148.77
148.77
172.64
204.98
283.86
336.65
372.48
368.1
338.95
372.11
313.01
308.54
319.99
305.57
297.47
293.97
329.96
319.85
301.48
256.95
219.18
195.54
172.25
143.11
150.17
157.98
147.12
197.08
181.99
272.69
263.77
261.61
269.86
283.54
263.17
275.51
276.48
262.87
237.45
259.75
302.94
293.95
282.65
215.22
205.33
188.16
190.5
130.29
122.49
124.57
166.04
208.78
270.18
303.47
297.97
287.94
303.03
307.64
290.47
295.15
267.57
259.92
238.36
259.47
293.59
290.09
256.65
213.69
243.27
210.49
189.09
143.97
119.59
128.36
169.46
188.12
131.48
178.9
183.81
195.03
202.17
219.71
217.33
215.62
204.1
190.13
189.61
197.26
215.92
228.11
208.19
207.22
204.55
150.29
155.94
124.2
55.89
90.6
117.21
116.25
61.54
71.8
124.72
159.06
185.67
196.37
193.62
168.42
144.04
143.67
159.43
215.17
225.95
212.94
186.63
170.8
196.52
148.87
115.21
63.99
65.18
64.51
65.04
73.66
58.27
126.5
123.53
130.52
175.63
200.61
193.02
186.86
170.95
164.86
171.62
201.27
220.08
195.77
199.49
185.82
174.22
101.38
76.56
56.19
47.87
56.04
59.61
127.4
196.3
224.32
267.73
267.81
267.44
266.92
261.04
268.33
261.19
252.12
249.3
292.56
284.75
222.54
183.96
171.18
157.35
127.33
27.35
17.69
17.62
25.12
48.01
161.66
184.33
200.46
224.76
213.61
237.55
248.77
242.23
231.6
230.71
226.25
221.79
266.24
323.39
285.86
227.29
190.79
183.81
149.4
133.65
124.65
109.56
121.46
133.65
181.96
230.65
286.62
267.51
262.38
268.18
291.3
270.26
261.27
248.93
238.82
271.6
304.08
300.22
267.89
229.23
232.13
185.97
157.73
116.7
64.52
48.39
59.84
76.86
156.1
170.6
185.39
259.65
230.51
226.72
227.46
212.82
222.33
183.68
179.81
187.32
223.37
223.15
185.39
173.64
156.18
153.05
127.78
128.75
64.3
64.6
64.22
71.29
73.74
66.75
139.9
128.82
183.68
202.78
174.83
187.25
164.58
148.44
146.29
190.59
253.11
260.02
219.81
183.31
146.36
175.28
146.74
151.57
96.63
85.04
85.11
85.71
85.63
58.65
58.72
78.27
129.34
175.95
190.37
193.34
171.12
140.27
139.82
157.96
201.3
220.47
209.55
189.48
184.65
183.08
145.1
108.22
81.16
84.51
86.07
111.12
140.03
186.26
243.19
262.52
267.95
269.43
281.7
269.88
259.7
258.73
257.84
260.51
313.88
297.9
267.87
242.23
227.21
210.71
180.61
189.43
188.17
181.63
182.3
182.37
178.58
183.63
266.2
270.51
274.08
291.91
297.34
284.78
290.87
288.2
275.27
298.6
396.33
388.23
320.15
262.71
213.51
221.46
208.53
181.69
162.59
142.68
161.4
169.35
193.95
241.8
269.97
287.51
283.86
282.08
296.57
282.08
297.69
294.19
297.46
297.54
465.55
487.7
327.71
255.03
232.81
233.26
203.91
207.77
202.42
195.36
190.01
189.72
206.96
222.78
267.82
277.33
290.7
291.67
296.58
285.35
282.98
283.35
283.65
285.5
313.67
297.17
290.48
283.27
245.3
234.9
230.07
194.93
183.34
185.72
178.58
178.73
189.36
208.31
261.82
294.14
289.91
281.66
281.66
267.98
235.58
230.97
224.95
270.06
290.8
298.01
268.06
242.42
218.79
218.19
193.22
151.16
151.16
185.34
179.03
139.49
163.79
172.26
181.33
200.21
219.46
200.95
202.36
195.23
188.84
199.09
200.95
219.31
253.49
244.5
224.58
211.65
219.6
202.59
199.09
168.4
134.21
119.43
124.33
129.53
120.99
75.06
67.55
112.96
129.76
178.51
193.67
185.42
173.3
147.44
133.69
166.77
220.72
227.18
219.9
215
210.76
219.23
190.69
153.91
125.15
123.44
111.25
121.06
164.17
207.35
259.44
268.14
267.77
267.84
275.42
272.3
283.3
267.84
267.62
290.06
319.34
318.23
293.7
245.84
230.31
216.12
192.11
170.27
127.61
127.31
133.55
143.22
164.7
209.29
286.73
292.38
295.5
342.1
314.23
316.16
323.89
310.14
295.95
294.01
455.96
449.79
368.56
267.41
243.1
217.69
186.17
208.49
194.96
181.96
177.57
149.62
185.3
190.28
245.29
265.06
265.21
260.08
259.93
257.85
259.48
257.85
256.73
285.5
285.05
269
265.06
242.24
211.17
208.72
185.3
127.6
119.57
112.29
104.63
77.14
171.96
181.47
222.57
238.32
245.53
267.68
271.54
286.48
290.49
289.45
271.54
280.46
361.24
346.3
290.27
234.53
200.35
208.3
186.82
160.65
161.84
163.18
170.98
170.98
171.65
200.92
243.65
283.03
287.79
292.77
290.76
272.85
267.28
245.73
245.88
273.15
314.31
326.8
286.67
237.85
222.77
233.92
230.5
219.28
193.64
171.42
171.13
175.88
170.61
171.28
183.39
212
242.61
258.58
252.42
242.76
224.63
202.56
201.37
222.47
238.23
256.5
227.67
219.8
220.54
232.88
197.13
186.36
181.23
178.85
178.71
178.93
164.44
88.5
70.07
127.88
167.34
188.81
204.49
200.85
186.88
178.93
169.94
189.18
234.73
237.48
221.43
211.47
208.65
222.84
201.15
166.24
149.07
154.94
145.8
141.04
179.09
207.33
291.3
290.11
284.47
290.63
297.32
295.39
296.88
290.11
289.15
282.16
364.72
334.33
289.97
264.33
237.06
217.36
189.5
143.49
124.1
112.43
127.81
169.5
202.79
223.52
282.68
273.09
280.52
284.38
290.11
284.9
283.94
291.07
290.03
297.91
342.27
320.65
290.55
282.23
227.31
221.22
189.19
171.35
185.69
181.38
177.74
181.82
201.14
249.66
314.24
312.23
318.84
297.44
291.13
290.24
302.64
300.19
297.44
338.09
379.4
390.62
297.96
297.29
237.7
220.02
208.2
173.4
164.33
169.16
161.14
173.54
195.91
237.14
301.18
304.89
294.12
300.28
304
297.91
301.03
301.47
297.54
316.78
557.63
557.7
392.55
301.18
263.14
230.67
211.36
219.6
216.04
215.52
202.74
192.49
208.61
226.66
306.07
297.31
297.46
299.54
305.33
293.74
273.24
257.86
237.21
273.02
293.59
308.53
279.55
262.1
227.03
219.75
204.89
178.44
174.51
167.9
166.71
152
139.22
130.53
164.63
189.66
204.3
215.66
229.93
222.87
218.49
202.74
202.51
215.74
263.21
241.67
205.04
206.6
171.39
193.01
192.78
161.88
130.75
134.09
132.68
126.66
121.09
55.72
56.24
62.18
137.96
173.32
208.53
195.9
176.36
160.09
139.29
173.69
220.49
220.05
223.54
209.87
194.79
193.38
182.98
164.32
144.79
156.23
141
139.36
177.55
203.69
267.95
292.39
301.09
312.3
308.66
313.86
311.41
304.87
304.13
303.17
416.3
392.31
326.86
274.56
237.27
223.9
202.21
193.89
187.5
175.24
178.14
177.25
178.07
237.12
298.49
357.17
378.27
401.89
338.67
338.15
370.62
361.7
338.23
391.49
557.67
572.16
533.31
297.59
253.17
234.82
225.61
173.94
168.3
165.55
156.18
168.3
202.25
223.43
297.51
301.08
304.27
297.36
320.25
303.97
308.58
291.86
282.87
293.57
373.97
364.68
314.08
319.95
267.64
258.28
212.51
189.99
180.77
176.24
176.17
181.44
203.88
230.04
297.87
327.07
312.14
304.49
301.29
297.95
308.65
312.81
319.79
299.88
357.09
379.08
304.49
294.83
260.72
243.04
222.75
190.21
181.59
175.27
162.87
164.87
178.77
215.54
298.24
307.75
283.83
290.51
282.49
281.3
276.17
269.56
266.81
281.52
305.3
315.63
282.12
268.89
219.48
230.48
208.26
222.97
208.71
201.72
177.73
179.66
189.54
161.23
190.13
216.73
223.57
232.78
235.23
230.7
233.9
227.73
225.8
231.22
259.9
266.74
263.17
223.42
202.17
206.55
178.32
177.95
155.88
155.58
133.52
131.81
120.81
59.07
65.83
67.32
154.69
181.07
185.97
185.45
174.16
148.38
140.5
178.69
226.91
230.55
230.18
218.89
204.18
212.87
188.2
155.41
145.6
155.41
148.5
143.75
168.26
220.04
275.75
282.74
284
286.15
289.5
286.6
285.19
285.93
282.44
296.63
365.79
363.63
288.01
278.5
237.64
227.24
202.51
188.85
178.82
152.89
143.98
144.57
152.52
190.26
293.9
326.59
313.96
301.48
312.47
318.79
321.54
305.86
312.25
325.47
450.06
443.37
355.93
290.04
230.45
230.08
200.07
197.88
193.65
196.02
183.54
186.96
204.12
218.76
273.6
282.37
296.64
297.31
297.68
296.93
295
297.01
297.01
281.03
340.4
326.36
297.83
284.15
235.78
229.17
209.25
183.7
174.34
173
169.88
173.15
176.12
227.17
305.79
300.59
296.8
297.84
301.26
306.91
304.83
297.77
296.88
339.75
416.74
362.57
324.52
289.89
245.45
222.94
204.06
192.17
191.5
189.71
187.04
186.59
203.68
245.52
335.73
364.12
331.87
332.31
330.31
327.19
302.59
297.09
296.13
296.72
338.48
330.31
297.24
294.12
238.01
235.04
204.2
202.2
165.34
156.87
119.64
119.12
146.32
164.82
200.34
206.88
246.34
281.78
294.79
282.75
267
235.56
219.81
267.52
297.98
297.83
267.07
247.16
227.61
218.69
198.33
190.68
179.61
164.45
157.54
156.65
157.98
119.56
159.92
175.82
183.4
204.8
223.6
211.49
196.85
182.8
178.12
199.82
223.52
235.41
216.69
222.93
209.18
219.07
201.08
180.48
176.92
177.66
173.5
173.79
192.59
219.49
312.82
335.78
326.64
326.86
326.93
323.14
326.86
318.83
312.37
323.14
453.25
414.54
322.85
299.44
249.66
237.77
208.35
202.77
197.05
185.3
181.81
181.66
200.91
266.77
361.39
356.19
390.16
353.07
366.52
340.21
408.22
379.6
339.54
378.04
595.9
492.29
313.67
326.01
274.43
245.96
208.35
202.8
190.09
185.11
177.52
173.06
200.2
218.93
321.37
334.01
326.95
333.94
333.94
300.18
299.96
299.89
305.24
333.94
378.61
372
326.13
288.29
267.7
255.13
206.96
198.2
185.27
181.78
164.31
166.54
185.57
217.82
313.32
377.75
329.96
333.98
342.45
342.3
321.64
319.48
305.44
304.92
312.72
312.72
302.02
277.05
232.91
210.61
174.12
151.76
142.99
136.08
124.41
124.33
157.26
183.19
275.5
283
283.45
274.53
267.84
262.05
272.15
260.56
260.04
282.33
298.76
299.28
290.21
223.62
182.08
177.99
152.72
189.21
177.77
181.63
158.97
140.76
135.11
124.48
136.89
164.09
195.08
208.24
207.42
200.96
181.93
174.57
164.84
200.73
233.95
223.4
223.4
200.96
164.91
175.24
168.7
174.87
155.84
145.74
145.66
141.58
124.85
93.94
94.76
101.82
158.3
181.26
201.03
193.38
186.02
172.27
171.6
188.47
215.08
230.61
223.4
208.09
201.7
204.23
183.19
167.76
152.37
153.49
145.76
141
159.36
192.66
297.69
317.09
333.81
334.33
334.41
341.39
350.98
338.27
343.1
363.32
491.02
467.75
371.87
301.78
267.66
244.54
207.97
184.51
183.24
181.76
180.94
180.12
186.51
208.67
320.17
312.52
299.88
301.74
299.81
298.54
300.1
295.72
297.8
302.56
413.91
445.58
328.35
315.34
274.75
257.14
211.42
227.14
214.65
193.31
174.06
152.72
166.55
169.52
257.03
297.48
289.45
268.26
268.33
266.92
266.33
244.84
246.03
267.22
290.64
286.18
283.43
267.96
219.86
206.25
188.41
149.57
127.63
172.18
165.49
152.47
189.51
182.37
213.98
244.92
208.62
222.61
233.62
227.22
223.57
191.67
190.77
227.96
250.42
250.5
215.17
199.4
164.97
174.11
152.92
132.39
102.56
58.31
18.52
18.15
18
4.61
58.39
108.22
137.07
146.15
128.37
128
124.43
102.71
86.05
140.57
142.65
137.07
126.44
23.35
29.75
94.76
86.05
102.86
58.83
52.36
51.39
50.06
46.93
17.7
17.7
21.79
112.01
155.15
179.92
146.15
131.05
108.14
103.16
139.9
182.07
184.01
182.22
149.2
141.54
164.45
134.25
131.72
93.57
85.98
85.61
85.68
85.76
59.65
56.9
58.31
134.55
183.11
201.26
189.88
168.46
149.05
148.98
180.88
201.48
204.61
200.07
196.95
188.02
199.25
180.73
135.2
117.27
89.52
86.47
64.74
64.14
69.05
153.21
194.21
211.55
227.7
234.25
236.11
220.33
210.43
211.25
234.17
257.91
255.97
245.56
234.25
207.76
206.94
178.07
194.43
185.58
178.28
156.85
148.97
142.12
62.43
123.59
186.25
225.31
230.89
233.79
242.65
245.1
233.94
241.16
260.73
272.86
287.07
268.47
249.72
214.74
219.8
205.37
118.98
122.47
136.75
144.11
141.14
163.52
179.14
181.59
193.56
225.76
236.17
252.08
267.77
259.59
238.03
236.77
256.1
298.63
312.17
267.55
242.94
220.55
211.41
186.57
192.94
185.51
171.82
121.98
95.06
64.19
122.28
174.65
192.5
205.81
199.04
204.32
204.55
191.83
186.92
186.7
210.2
237.35
240.7
230.95
206.85
185.95
187.74
173.23
158.51
75.12
26.7
23.65
22.61
62.11
36.07
139.02
115.14
182.75
182.38
187.89
189.23
178.81
128.53
111.35
145.94
182.46
181.42
138.79
128.46
111.05
147.42
162.45
