239.48
224.34
208.45
161.97
61.47
8.43
0
0
0
4.48
51.93
201.96
211.36
202.78
199.49
204.12
237.99
329.08
331.92
335.87
265.37
260.6
312.74
241.72
255.51
238.42
210.23
186.95
200.9
216.72
273.41
372.11
399.26
504.6
568.31
599.87
661.19
671.56
566.74
504.97
515.27
670.29
661.56
549.96
447.68
369.42
369.72
292.96
283.93
267.67
243.12
241.18
241.4
234.91
207.97
429.59
548.61
652.41
672.04
582.42
576.89
552.87
544.88
523.69
519.51
690.84
679.27
628.76
508.09
449.67
453.62
306.69
291.83
263.25
261.39
243.03
242.96
276.01
269.3
372.34
514.86
615
646.12
709.02
687.16
634.78
611.79
614.93
604.03
716.11
693.5
645.82
507.92
383.54
400.4
332.27
366.41
338.13
301.57
324.85
329.78
321.42
257.7
366.41
496.53
612.1
615.01
615.46
645.38
615.31
593.9
581.81
646.87
726.03
676.34
635.68
484.97
357.01
412
328.66
319.53
318.26
288.94
242.91
204.64
239.18
82.81
231.65
254.77
303.64
351.38
395.33
362.05
314.46
278.5
245.75
299.83
464.93
470.83
369.66
397.94
321.02
357.35
269.25
305.65
278.42
294.76
264.17
260.89
275.14
244.63
303.86
337.14
395.33
484.93
482.17
485.6
397.86
322.44
305.28
396.15
596.24
521.78
408.16
328.93
322.96
447.77
319.16
305.88
268.87
262.01
245.52
243.21
227.92
176.74
204.49
202.03
242.76
275.36
368.62
336.09
275.51
258.28
253.73
263.13
335.87
357.35
372.65
366.68
350.12
414.05
335.72
282.94
257.06
253.1
233.34
231.4
257.06
305.99
673.83
759.76
746.56
746.48
778.41
753.35
820.63
752.38
718.66
723.28
1.119.39
1.096.49
802.13
690.54
507.7
495.32
391.03
360.32
313.7
313.85
263.66
263.66
327.8
484.35
895.39
834.23
1.095.73
1.036.28
895.32
723.33
722.8
708.71
693.34
714.45
916.05
784.49
715.79
671.49
494.65
485.18
356.74
342.14
307.39
296.43
246.69
277.11
307.02
314.03
645.43
709.26
693.53
693.23
693.16
691.81
693.31
691.52
671.53
671.6
709.86
734.77
699.57
614.93
528.28
507.69
381.52
301.62
387.56
298.86
266.56
263.65
294.68
438.59
820.48
944.47
895.83
895.39
863.23
784.38
776.69
692.09
671.13
701.19
1.957.73
1.179.18
895.46
702.61
537.59
514.69
373.46
339.1
343.79
289.19
275.84
278.38
283
385.72
657.6
769.42
807.16
750.54
700.87
657.3
559.96
494.99
470.6
484.03
657.75
657.75
614.86
505.66
387.21
336.93
285.24
431.74
314.18
283.52
278.75
268.01
225.04
207.66
294.41
358.41
416.52
484.85
522.07
498.5
395.11
343.42
311.2
333.8
521.4
633.96
570.7
395.11
337.53
416.07
312.47
351.1
303.51
271.22
260.55
259.28
238.99
163.43
196.25
227.8
267.86
295.68
334.99
327.68
276.51
247.05
222.81
257.64
393.99
500.06
467.39
305.01
307.62
339.62
319.63
316.36
287.63
280.92
266
263.16
282.93
323.15
701.88
693.38
692.26
693.23
693.83
673.38
672.19
671.82
642.87
671.52
700.91
702.26
693.83
617.65
461.03
465.44
365.45
324.47
267.32
256.73
241.13
248.59
248.67
319.77
553.96
642.75
678.93
677.59
651.03
592.09
594.33
615.96
594.1
615.59
679.08
688.41
634.69
529.79
431.38
374.16
324.17
306.2
249.49
265.68
285.08
260.24
286.5
369.39
581.88
659.47
644.1
659.47
671.85
634.33
634.33
626.72
603.14
630.37
761.38
725.12
679.31
626.12
507.86
459.74
390.13
356.56
334.32
311.48
250.29
250.37
285.14
356.33
603.12
664.01
663.71
663.86
673.19
651.4
622.22
563.49
566.11
595.58
663.79
661.92
635.81
511.03
440.36
366.26
312.31
350.43
321.7
269.17
279.54
284.91
285.96
347.23
632.89
649.98
631.69
636.77
626.92
589.38
583.34
490.06
466.25
441.48
573.56
616.32
457.37
410.73
348.87
342.97
278.42
288.35
234.99
277.08
212.98
208.87
173.28
32.76
212.9
286.26
327.75
362.82
394.54
359.39
337.6
320.96
312.9
341.11
434.61
501.77
447.89
346.48
332.67
341.55
295.73
372.22
290.74
269.02
263.65
263.65
247.83
174.47
209.1
233.87
297.9
315.06
347.67
334.54
311.56
283.57
247.9
259.47
369.09
507.82
530.05
447.82
362.08
424.91
363.12
314.6
296.24
287.96
276.77
280.65
304.37
368.25
670.91
708.59
700.68
701.13
679.12
672.03
709.11
671.8
663.74
660.61
698.74
708.29
671.58
615.69
494.88
490.92
387.8
395.87
411.84
359.24
329.17
286.05
365.58
407.58
731.08
1.119.19
977.14
938.94
961.77
772.79
719.52
709.22
679.53
664.09
741.16
733.99
672.14
680.28
574.03
518.97
403.48
412.6
401.93
346.48
323.8
337.53
335.96
432.08
792.44
746.85
783.49
881.55
820.73
692.07
673.71
708.34
679.61
662.3
891.77
916.25
838.11
634.61
537.45
447.08
362.01
374.58
335.62
304.65
306.51
303.23
361.74
429.66
675.64
856.4
870.58
879.46
891.18
698.26
692.06
693.78
690.87
693.48
1.001.86
5.223.42
758.41
718.78
604.59
565.86
458.09
398.75
383.9
342.78
327.7
327.92
336.28
472.93
703.39
2.238.23
2.238.60
2.227.11
1.493.12
755.93
752.79
679.28
697.79
675.7
1.119.00
1.119.38
775.41
671.74
574.2
475.09
390.24
493.75
480.24
424.87
403.52
372.03
338.6
303.82
347.7
388.08
622.12
664.8
649.8
594.65
495.24
446.81
418.3
436.96
567.26
671.89
581.52
398.75
328.97
411.14
352.48
368.67
310.76
302.4
297.85
292.4
285.76
186.65
215.23
264.41
298.22
323
373.37
351.51
317.48
290.91
270.09
291.13
384.94
485.69
433.45
360.61
342.85
445.24
334.94
308.71
298.33
287.88
277.51
272.58
297.81
354.98
719.82
746.54
730.94
747.06
772.44
708.85
710.26
679.66
656.6
616.14
705.04
745.87
693.55
671.83
538.22
485.68
390.29
403.65
447.76
410.96
336.25
284.3
372.82
443.65
690.26
693.99
795.8
759.6
806.1
704.07
703.85
693.69
682.2
693.47
716.46
835.51
806.25
678.84
565.99
558.3
485.83
355.84
356.66
338.22
250.44
225.21
348.9
455.42
672.04
704.58
823.12
883.73
977.41
694.88
678.98
690.03
680.7
681.44
969.95
1.096.70
725.19
671.59
623.67
499.08
417.42
376.03
429.41
384.32
303.02
302.65
471.07
561.25
712.57
843.37
891.52
794.99
789.17
748.48
702.2
679.58
673.38
677.49
709.36
746.99
746.84
688.53
618.36
582
486.07
477.59
470.79
446.16
350.31
365.54
425.18
537.97
824.39
1.050.42
1.119.02
1.119.24
1.172.61
867.16
867.01
716.83
677.93
673.01
730.41
1.138.95
840.44
693.61
566.71
581.57
473.03
556.19
506.17
434.81
396
373.08
394.88
366.29
403.39
490.8
618.14
664.13
660.84
634.42
576.04
435.04
376.81
354.72
511.18
702.64
641.88
549.84
429.66
481.77
403.46
412.79
358.75
326.35
313.36
302.91
283.88
222.07
235.43
275.52
320.68
365.69
449.07
409.96
350.16
326.73
315.83
318.22
379.43
560.22
488.04
447.65
398.31
447.73
342.92
339.59
345.63
335.85
310.76
284.18
330.7
382.3
704.86
978.81
859.04
873.6
895.63
895.56
881
888.01
761.9
695.3
791.54
1.090.36
876.07
679.25
545.59
538.13
387.97
366.65
322.82
261.66
221.33
242.84
284.06
329.16
598.14
605.01
605.08
656.53
673.56
656.83
672.36
650.49
605.31
575.89
656.61
672.22
662.81
616.51
450.88
396.22
332
264.84
241.7
286.65
284.03
245.65
315.02
325.62
508.18
520.13
575.76
589.79
616.6
622.72
587.7
596.51
524.09
426.8
541.34
560.15
466.15
424.86
347.43
329.73
217.13
326.01
318.02
286.07
263
262.93
316.3
330.41
616.63
656.35
602.45
609.17
653.89
638.73
653.81
640.67
601.63
604.76
747.05
764
676.13
596.18
412.83
385.88
320.19
314.27
263.51
288.59
286.35
275.98
340.55
387.8
671.84
690.58
678.93
715.66
725.51
746.71
724.1
705.21
672.29
663.78
717.75
933.34
858.16
723.5
584.5
596.67
437.67
470.29
387.88
336.52
318.9
286.5
319.42
319.95
373.17
479.32
604.36
685.58
679.08
664.6
593.46
479.92
419.53
418.71
604.58
693.86
667.96
575.25
445.21
540.16
443.56
413.41
336.59
313.23
317.71
321.66
307.4
222.23
227.75
254.11
313.9
343.31
475.66
393.85
344.58
335.85
310.09
304.05
438.11
604.43
604.06
545.31
484.7
522.99
448.27
381.31
367.2
337.94
312.18
321.36
387.95
443.42
731.86
887.58
859.06
858.69
859.06
858.61
858.39
819.2
713.94
679.08
817.63
1.045.38
884.29
689.01
605.63
612.12
457.37
418.48
434.76
401.46
356.23
334.13
427.51
596.67
940.8
903.78
952.75
895.41
888.99
753.21
784.41
713.87
677.44
664.3
689.46
745.74
746.19
753.28
644.3
548.3
436.17
409.55
375.96
358.41
355.58
327.81
373.72
418.66
651.51
656.28
672.63
671.21
656.66
649.12
612.31
621.2
589.84
539.3
590.51
611.86
655.16
627.62
464.8
477.79
395.96
373.69
364.13
358.61
313.51
330.31
358.08
412.89
620.3
653.45
665.25
683.32
701.16
650.99
649.49
662.48
620.15
576.1
649.42
686.45
665.25
634.71
524.06
537.27
406.39
393.27
388.64
323.17
277.71
295.85
318.69
413.28
687.55
621.04
661.28
669.11
675.76
622.16
596.93
544.82
516.9
490.1
615.96
664.93
596.7
576.1
392
348.7
373.27
365.35
350.27
358.41
350.35
351.09
350.87
344.3
368.86
413.06
434.56
541.46
557.96
525.71
413.5
376.4
363.93
343.03
376.7
559.6
479.79
387.9
403.57
484.65
365.13
350.12
300.33
298.31
285.7
285.4
272.11
195.07
222.39
258.45
292.94
350.72
389.02
399.47
322.72
292.04
270.24
263.82
318.62
455.91
413.43
348.55
334.74
408.2
322.13
327.92
312.77
297.24
277.47
257.24
305.75
347.62
626.28
701.73
667.25
599.86
619.26
672.25
656.28
645.16
615.9
560.75
645.38
694.34
605.23
644.41
462.77
425.9
334.86
333.65
328.2
316.78
304.4
319.47
334.54
429.17
629.76
620.66
600.81
615.88
644.76
664.39
672.82
671.48
656.03
519.46
627.45
656.03
626.92
613.79
472.67
454.69
368.72
333.55
298.03
299
300.27
284.68
320.19
372.13
610.91
721.87
667.63
724.49
682.92
708.37
712.92
683.15
667.55
600.77
663.97
774.33
686.8
644.27
589.27
585.69
409.89
430.8
348.2
337.09
297.84
343.43
373.27
508.02
732.52
898.08
1.119.08
1.104.00
1.045.14
760.57
776.62
725.73
671.04
663.58
667.24
812.5
680.14
655.15
588.97
472.58
402.6
447.55
373.24
351.53
351.53
350.79
329.75
428.23
671.59
741.64
681.81
671.59
656.44
615.63
519.69
488.58
380.03
354.52
400.18
507.46
413.38
476.79
378.69
368.47
326.24
304.09
289.09
263.35
305.43
312.14
278.72
215.08
223.89
285.81
347.21
370.19
362.5
357.13
327.51
306.92
286.4
295.88
339.9
596.16
362.05
309.83
280.88
312.59
279.02
327.36
309.31
300.5
306.47
301.92
292.07
214.93
189.94
249.55
272.83
322.07
339.97
324.75
311.32
291.25
268.72
258.06
306.03
395.18
410.47
353.77
351.38
502.23
344.45
339.05
328.45
324.65
312.34
314.95
322.11
324.87
476.83
597.01
615.43
648.41
670.71
648.33
655.72
643.33
566.8
461.69
522.78
670.79
670.71
615.66
419.91
393.65
337.85
344.1
323.43
303.51
278.97
271.66
303.22
341.19
542.41
662.69
631.8
634.78
663.95
591.06
504.81
592.63
510.63
438.04
573.68
708.42
667.24
667.68
489.37
472.65
373.57
332.44
327.36
319.08
326.39
334.97
362.2
416.36
627.64
751.26
649.58
615.71
663.98
634.73
664.72
626.38
566.84
455.61
422.03
638.24
560.05
383.61
346.83
333.93
306.03
421.43
366.15
369.66
332.43
328.85
334.52
396.96
635.54
596.45
633.83
672.1
836.75
753.71
696.34
685.83
659.19
596.82
600.78
1.013.11
969.91
726.71
603.99
633.75
488.43
396.74
323.62
306.46
324.36
358.17
396.89
475.69
686.11
716.11
703.13
731.26
738.35
649.85
648.51
633.95
616.27
537.77
617.61
721.11
648.73
633.73
472.41
463.53
371.22
537.77
471.59
374.88
371.37
323.02
369.51
295.64
320.71
379.13
521.73
596.94
607.91
479.42
376.6
354.44
339.59
346.75
421.44
637.09
620.22
376.6
354.88
396.59
328.62
395.92
350.11
332.12
314.66
306.53
298.85
250.04
242.21
287.06
322.8
353.09
381.82
368.84
345.56
320.86
306.38
278.47
340.11
423.01
558.89
390.63
371.67
402.27
374.51
366.92
344.83
335.95
325.13
320.2
337.74
410.94
665.48
641.9
641.75
642.05
792.19
682.94
724.36
683.16
641.23
600.93
620.48
897.7
865.69
637.05
580.86
556.46
412.14
365.68
370.23
336.66
346.36
369.71
441.69
566.35
682.57
664.37
752.99
783.43
913.45
730.69
730.54
708.16
707.94
641.69
634.53
872.95
1.046.68
752.92
596.04
578.96
469.97
507.48
403.36
383.97
341.08
289.84
302
380.39
617.27
633.76
656.43
634.2
651.21
641.89
693.58
600.86
559.92
443.64
454.45
617.35
633.24
581.7
446.4
418.2
379.64
333.44
355.15
342.99
321.66
295.77
386.48
472.94
627.8
643.76
700.61
680.39
655.85
655.7
708.07
648.46
635.56
626.23
610.49
713.29
649.36
596.47
472.19
472.94
402.52
389.12
374.8
346.89
286.17
273.64
323.77
401.28
521.68
568.16
614.49
567.94
596.88
611.43
618.82
597.7
563.31
517.66
514.3
626.65
635.15
611.13
459.62
507.44
383.82
313.62
285.95
291.54
274.31
267.3
242.53
235.29
243.12
315.11
371.89
360.99
373.83
380.24
376.36
332.42
315.34
298.63
304.22
365.02
432.24
376.66
333.54
347.04
337.35
358.46
322.5
296.76
292.29
297.51
274.01
184.12
168.08
235.44
259.91
343.91
358.76
357.86
334.73
304.67
285.27
270.88
308.48
377.18
407.99
372.26
367.34
410.31
365.17
353.75
344.13
327.94
316.45
328.99
354.87
429.55
620.75
634.92
639.84
634.62
671.77
656.48
656.93
626.27
588.22
484.75
429.02
634.1
671.1
568.68
440.89
437.01
365.24
438.48
377.67
347.53
403.56
408.48
372.37
559.12
705.2
783.1
797.35
753.48
904.78
751.98
878.22
725.87
648.05
597.84
568.52
708.79
747.21
629.25
559.19
568.45
429.3
384.28
409.8
357.12
339.59
338.24
347.42
442.63
671.71
673.13
747.37
759.54
970.11
626.57
673.43
642.01
618.21
467.63
487.55
596.42
672.08
627.76
553.07
538.74
373.61
410.31
385.39
362.56
361.66
345.99
396.43
472.84
634.39
670.87
669.08
668.19
671.02
582.15
634.83
611.48
568.35
581.41
538.43
664.98
815.18
648.26
572.23
538.28
403.37
395.02
377.33
365.69
354.5
359.95
395.02
472.99
629.46
720.49
717.51
756.9
722.06
685.35
641.25
597.38
545.97
545.52
545.67
609.39
680.12
627.74
480.23
514.7
476.42
365.54
350.99
345.99
334.73
324.73
350.99
335.85
376.81
380.54
555.81
598.27
597.9
559.62
434.41
403
389.64
367.48
369.95
547.23
626.1
529.48
372.18
386.66
358.53
380.99
348.08
316.52
313.61
306
298.31
239.22
164.23
298.02
340.55
369.2
399.27
387.41
348.46
318.09
297.87
281.23
285.7
399.49
534.92
428.15
387.93
411.36
364.95
359.59
341.54
327.43
274.45
326.09
369.59
453.54
638.67
778.73
858.06
774.18
820.82
775.23
748.96
671.95
642.03
604.94
597.18
746.87
869.77
683.22
572.04
538.68
394.14
326.42
312.84
314.48
314.48
289.11
361.87
371.13
633.74
747.03
1.174.12
1.262.03
1.263.83
746.8
746.65
682.92
644.86
597.25
568.59
657.32
818.59
673
607.47
538.22
376.57
358.83
336.3
303.32
273.84
290.86
373.38
465.09
627.38
715.95
828.32
797.66
819.07
672.52
663.79
624.99
586.27
568.51
566.72
612.16
909.81
663.57
587.31
457.18
332.87
336.21
323.82
310.39
301.52
300.02
336.81
336.29
595.2
671.68
671.75
664.96
664.44
623.03
484.24
566.84
440
363.37
365.01
507.82
672.72
582.21
391.8
360.68
314.8
429.6
352.98
328.66
286.5
311.35
347.91
454.6
551.89
566.59
575.39
568.75
569.27
552.11
484.97
429.23
411.85
393.27
394.54
417.74
485.41
383.87
384.24
419.16
366.34
373.05
332.16
248.23
185.93
216.82
262.93
209.36
335.37
366.41
376.56
423.26
470.79
410.21
381.11
345.97
350.44
335.97
315.3
376.78
521.67
388.35
315.6
363.57
274.27
301.05
216.97
216.97
143.62
145.34
187.05
48.27
17.09
153.85
236.14
276.21
340.22
340
279.19
239.2
212.64
204.8
235.32
272.77
329.48
392.67
373.72
386.48
285.53
208.11
143.49
112.67
96.7
182.29
240.04
314.81
470.39
480.16
515.68
498.67
507.32
475.46
502.92
449.57
417.86
358.16
340.18
358.39
373.76
452.03
398.98
358.31
294.59
39.25
4.48
1.27
2.76
4.33
63.87
353.01
394.49
380.32
370.99
380.39
433.07
380.39
431.5
371.81
373.08
363.23
359.95
344.95
366.36
508.13
416.21
370.69
303.02
288.39
230.19
148.94
103.94
111.25
242.43
268.32
366.52
383.83
410.17
427.7
417.03
410.24
381.14
417.26
368.68
314.59
320.93
336
351.3
410.1
363.91
370.92
353.01
320.71
254.6
242.43
143.57
218.03
316.16
384.21
480.32
514.19
454.42
477.18
484.42
430.84
410.77
366.6
352.42
343.54
335.18
327.87
332.95
433.53
372.42
343.54
261.83
288.35
242.01
135.96
74.62
29.4
235.51
332.82
387.37
370.51
391.93
400.81
392.37
403.49
373.34
336.18
279.02
282.9
275.96
290.36
324.39
372.6
370.14
357.67
327.6
275.74
237.01
299.09
260.66
252.75
324.02
284.84
324.76
376.18
434.31
428.27
391.25
394.31
366.93
334.91
310.81
293.05
299.02
294.32
276.48
347
326.41
340.88
282.68
243.72
179.17
158.58
134.99
131.56
149.32
51.49
18.21
78.88
212.98
265.14
336.03
328.72
246.86
224.47
171.78
143.28
185.89
240.81
286.18
372.82
336.4
348.2
259.62
215.96
148.65
31.42
23.06
95.59
232.75
349.68
422.52
400.28
440.65
473.11
499.82
455.65
440.28
420.87
383.49
370.58
370.8
372.44
360.65
427.29
366.4
357.52
310.58
331.65
273.96
303.59
282.24
282.62
311.35
330.08
507.02
521.95
582.17
579.78
587.32
522.4
521.72
513.07
351.57
329.93
314.71
319.18
330.08
477.77
366.2
334.18
351.5
293.67
254.41
225.75
185.15
200.01
275.38
373
429.79
495.09
522.7
556.51
618.3
582.85
562.4
522.78
523.07
447.18
442.25
395.38
445.61
475.83
470.01
462.1
336.2
350.99
315.17
303.38
278.67
282.48
342.71
387.78
516.15
462.79
485.7
492.56
492.86
410.47
377.26
348.75
332.56
329.05
328.67
328.6
331.36
432.49
379.95
349.05
330.39
329.43
313.76
298.01
282.78
293.38
328.39
380.18
457.43
500.79
489.59
507.21
520.71
418.62
388.69
387.35
373.02
360.85
357.64
372.64
365.25
409.14
387.49
403.32
363.99
326.44
285.47
268.53
268.53
231.14
253.01
246.44
283.83
321.44
350.48
357.57
335.62
350.48
327.94
289.58
278.9
268.01
275.92
290.99
315.4
397.64
333.83
356.52
285.92
253.9
194.79
156.88
127.62
121.28
119.79
22.84
25.15
142.25
260.77
275.55
323.24
314.35
260.17
209.12
209.57
135.61
173.97
260.54
305.92
350.63
328.68
350.18
302.56
193.26
173.86
149.76
132.08
148.12
243.78
373.47
436.07
417.05
439.36
446.59
481.67
454.95
440.48
423.24
395.85
384.66
374.89
366.3
373.77
429.36
403.39
380.78
347.28
359.48
305.22
276.19
277.99
296.42
346.72
396.05
520.37
544.78
513.73
563.96
683.21
616.05
615.75
519.85
457.39
395.52
396.12
403.43
391.05
469.7
385.9
396.05
354.55
313.72
298.42
279.39
237.08
254.24
304.54
328.79
432.07
507.74
549.01
507.74
552.74
499.38
448.27
402.6
383.12
380.21
354.54
365.88
372.37
413.64
390.43
387.37
357.52
313.35
279.99
240.29
199.47
212.38
279.54
312.9
377.15
387.3
410.21
410.66
439.16
432
413.49
377.82
357.9
330.51
368.72
368.42
348.64
402.82
372.37
339.76
284.32
297.23
214.77
232.23
126.56
147.68
204.32
172.31
257.01
253.72
291.56
349.24
367.3
362.3
337.67
227.83
200.44
203.95
257.53
269.92
337.52
380.43
356.93
366.25
270.06
178.28
153.43
121.64
123.8
143.35
146.64
157.53
243.5
289.02
361.03
372.9
373.12
369.24
357
327
317.45
282.75
299.47
306.33
306.03
362.15
358.34
351.33
246.11
180.96
159.17
119.92
112.16
104.92
105.22
28.8
32.46
115.74
181.63
278.8
318.64
292.45
191.04
129.25
81.34
59.1
51.49
135.59
227.98
306.03
313.87
329.99
202.38
171.04
132.53
97.24
96.19
108.35
140.52
38.73
40.15
91.49
200.29
213.13
306.56
281.63
203.5
154.47
154.1
124.47
122.53
193.8
273.72
356.11
345.88
358.64
275.51
191.93
142.68
106.86
86.41
135.21
200.43
312.29
422.58
439.67
456.23
453.7
481.75
455.41
446.01
420.12
409.82
383.85
367.81
375.27
376.91
387.28
365.57
367.43
303.04
313.66
258.59
217.63
206.67
248
290.98
354.24
457.05
443.63
458.32
485.48
519.65
485.03
484.81
445.94
410.87
375.95
372.97
366.4
366.33
379.83
343.35
325.3
311.79
253.81
232.47
199.05
168.61
182.11
270.3
313.57
372.58
392.43
411.68
427.04
458.38
410.56
396.53
405.48
388.47
399.52
380.27
373.78
369.6
428.09
441.22
395.78
331.77
302.71
257.12
243.99
243.99
261.53
315.85
507.38
586.03
671.31
682.8
672.13
633.93
597.52
603.78
521.86
462.31
420.83
422.25
406.8
379.86
444.33
421.72
395.91
342.33
350.99
258.99
248.54
247.65
260.7
282.64
240.26
279.81
372.78
443.96
457.24
464.85
470.22
414.71
370.02
342.48
342.78
376.81
371.96
392.62
380.09
362.11
344.12
271.23
243.24
119.68
104.61
87.3
89.76
107.37
44.84
59.99
187.58
247.2
303.46
369.87
323.01
282.12
243.24
203.55
200.27
243.77
272.49
289.88
322.49
353.82
347.26
275.48
243.6
148.99
59.16
79.23
210.1
282.47
373.41
440.63
455.18
462.87
492.64
546.5
484.8
492.64
460.85
425.79
411.09
410.57
398.11
389.45
408.63
395.8
380.72
314.85
278.59
189.21
148.7
36.48
102.44
242.03
303.59
365.29
395.88
417.37
449.67
499.89
449.6
436.92
388.05
374.92
354.77
370.81
354.99
343.8
372.9
357.53
333.06
305.3
283.41
200.23
159.5
74.15
158.97
282.59
391.36
475.51
475.58
507.66
507.73
549.96
492.74
490.28
477.52
432.39
397.4
379.87
379.94
354.8
421.79
421.35
379.87
299
275.58
220.75
200.23
61.32
183.45
259.91
314.67
380.4
417.32
438.29
469.25
543.92
458.73
438.29
388.23
402.33
383.38
378.75
369.88
358.01
395.54
382.71
370.85
298.71
277.84
232.25
159.29
123.77
200.17
282.09
361.03
464.29
496.37
452.87
473.91
520.47
471.82
457.72
448.02
402.88
357.82
352.37
324.92
311.86
338.72
351.18
289.93
247.18
230.99
200.55
120.04
104.53
66.33
104.82
104.75
229.94
260.98
275.68
317.98
349.84
317.98
314.85
263.96
255.61
261.65
274.48
300.07
292.61
259.26
275.6
275.38
211.74
203.23
134.82
104.9
90.35
93.78
90.05
38.8
72.44
147.72
209.05
260.01
297.24
275.68
232.55
159.06
153.17
132.13
156.23
216.14
251.73
276.2
283.66
308.8
222.78
165.57
123.36
94.27
89.87
88.08
86.44
16.26
23.72
118.81
200.85
252.68
311.52
271.18
199.28
130.67
123.43
57.28
127.16
164.38
204.58
249.85
275.5
281.99
183.84
166.07
134.9
121.25
10.51
101.04
197.54
290.9
424.38
421.4
461.96
469.42
536.53
484.48
455.1
447.72
412.82
336.01
333.55
328.7
325.13
358.61
358.53
307.53
261.52
266.89
258.69
248.4
230.35
256.82
264.95
370.92
576.81
407.31
388.29
388.51
469.13
402.91
420.13
410.81
394.85
363.46
322
292.91
268.75
381.73
391.65
314.91
258.39
162.34
145.49
137.96
37.06
67.86
163.83
244.29
383.82
370.69
363.61
375.09
417.45
347.05
325.13
309.69
294.48
266.89
253.84
245.26
231.47
268.68
279.19
274.2
162.19
178.97
158.91
115.73
85.01
152.42
183.29
286.5
375.24
335.19
354.51
342.65
365.39
335.42
325.27
282.92
260.62
261.74
248.24
260.4
245.04
274.94
281.05
287.02
181.88
179.56
143.92
112.6
74.79
82.55
110.96
112.53
165.17
253.02
302.83
325.05
350.26
290.52
227.89
203.43
183.89
165.92
183.67
207.01
208.12
190.68
190.45
171.88
134.52
97.24
51.98
44.44
44.29
52.35
45.19
37.51
51.45
138.4
172.63
176.81
237.73
211.56
158.98
90.6
78.97
74.57
118.12
144.67
164.35
208.2
227.89
227.36
149.44
126.55
110.37
87.25
71.89
105.15
160.7
252.73
341.84
304.26
315.37
333.42
383.31
345.8
345.05
333.49
304.48
277.41
261.6
250.42
245.35
290.83
291.66
261.3
198.29
159.14
125.66
112.46
52.8
125.06
166.08
269.44
371.01
391.89
462.58
484.06
527.39
480.11
425.82
368.4
357.43
320.07
297.77
311.94
290.91
276.45
306.57
268.02
234.39
222.91
192.78
178.54
172.28
173.02
223.81
295.11
391.91
469.17
418.16
440.38
481.1
432.63
437.03
469.84
372.22
298.09
269.23
268.56
246.7
319.57
283.92
264.6
224.18
213.42
201.64
166.29
144.07
161.52
220.95
252.65
383.59
373.68
408.87
405.89
507.6
422.15
518.19
391.8
372.41
358.31
373.6
347.8
306.71
291.13
274.64
276.29
238.85
241.39
223.86
219.91
172.78
211.19
238.93
300.67
426.7
389.48
422
450.41
507.31
447.5
373.97
358.02
286.35
260.33
260.48
246.31
238.93
293.59
297.84
268.83
238.25
258.16
231.62
221.03
212.97
211.56
211.19
209.25
217.45
246.23
283.07
285.46
307.31
295.23
269.05
256.52
246.23
253.32
248.62
257.72
254.06
270.1
268.31
261.82
233.63
185.01
117.23
97.17
77.33
74.12
67.79
67.11
67.86
139.22
191.35
227.74
266.82
246.16
210.07
172.86
171.44
166.59
181.65
207.38
228.78
224.68
261.37
268.23
205.37
161.09
140.81
128.59
123.07
130.97
197.99
264.7
409.24
485.95
479.83
516.96
585.54
557.51
562.5
559.45
540.06
391.8
346.4
335.37
298.17
294.22
284.31
274.91
238.69
179.91
159.41
139.42
45.11
127.35
159.26
244.03
335.81
353.03
358.1
361.61
388.89
381.74
352.73
313.67
268.56
278.92
268.11
281.83
277.13
324.48
281.16
264.68
219.35
231.79
208.15
164.32
130.84
150.9
238.8
290.69
468.94
447.77
506.67
498.69
670.61
560.72
480.43
469.24
469.62
373.89
373.14
355.77
325.06
328.56
348.02
325.5
242.9
211.29
164.41
134.15
79.89
60.22
123.79
213.22
270.46
334.71
343.35
365.71
372.57
372.71
343.57
328.59
334.71
298.41
328
314.58
298.56
282.31
322.63
284.25
252.72
219.41
186.9
151.72
132.11
130.69
172.44
307.53
392.15
354.8
357.56
371.8
371.65
351.29
292.47
298.58
268.76
245.35
229.55
227.31
242.97
261.16
274.43
274.88
216.43
173.26
144.71
133.82
130.84
124.28
118.61
126.59
194.81
245.43
268.09
283.08
292.99
277.11
224.18
224.33
196.52
190.33
205.02
211.13
216.87
210.31
199.13
194.58
154.32
104.9
36.98
11.78
4.77
10.44
7.23
4.92
12.67
92.89
134.05
159.39
217.47
205.99
156.56
125.77
120.85
111.83
144.41
192.5
211.66
224.18
219.11
251.69
171.17
87.16
32.58
51.89
15.06
51.59
133.91
201.01
306.73
326.27
326.41
334.54
357.8
319.11
312.7
301.66
286.53
268.56
262
255.14
238.29
274
267.96
243.73
165.97
160.82
135.99
97.15
0.3
44.88
123.54
195.93
259.75
263.78
267.28
298.59
336.54
335.87
341.61
313.8
313.28
305.6
327.52
335.35
320.14
302.4
290.24
298.74
242.75
221.3
178.8
166.13
133.47
151.29
208.4
253.44
329.79
370.88
387.06
446.71
456.33
386.01
335.38
318.76
287.44
261.64
248.59
246.43
245.83
283.86
281.62
296.54
233.38
211.83
144.88
139.28
133.32
130.49
82.24
32.51
95.89
142.27
199.53
213.62
245.54
242.63
192
159.42
153.6
150.92
172.69
172.91
212.21
212.43
240.84
293.55
193.04
152.29
123.58
95.98
66.82
104.34
140.51
199.87
262.45
254.32
296.31
307.79
327.85
313.61
308.98
291.01
271.92
261.7
268.86
271.84
253.57
265.73
260.28
253.57
224.19
264.76
231.05
211.73
191.97
211.73
223.59
223.52
271.84
270.65
326.59
345.38
357.24
365.44
342.17
283.7
285.64
276.24
276.1
277.44
276.54
257.97
265.43
286.69
225.6
167.51
136.41
105.01
75.03
52.43
39.3
13.05
39.15
97.7
143.79
190.18
220.09
238.13
176.38
150.43
139.76
128.28
142.07
148.71
166.24
201.07
223.59
246.19
170.04
129.69
112.31
93.52
79.42
130.51
164.59
216.86
312.47
320.15
332.23
358.71
379.21
381.23
353.04
336.26
320.82
298.82
289.8
291.36
284.13
325.15
314.63
314.78
272.05
210.22
207.54
166.3
139.45
165.92
209.33
260.93
354.74
344.83
360.34
395.83
415.89
417.83
410.82
359.89
338.26
318.65
315
308.96
295.98
328.57
298.22
278.16
242.66
266.99
238.5
211.28
191.22
188.46
235.29
320.76
387.43
401.75
432.33
480.06
529.43
507.2
447.32
398.69
389.82
372.59
357.75
341.27
311.81
313.3
313.53
342.84
261.69
250.3
245.67
232.77
188.17
223.67
247.69
272.3
421.69
452.56
454.35
456.89
536.39
479.94
456.96
456.89
405.2
351.5
345.61
351.65
324.36
370.45
366.42
370.67
315.78
276.86
245.68
230.09
174.08
226.59
270.52
355.1
449.9
435.43
462.8
448.78
485.32
371.81
354.43
337.5
310.05
304.68
267.83
265.52
246.06
259.56
252.1
271.94
242.63
283.65
238.67
229.42
224.2
224.13
225.17
153.2
181.47
276.86
303.26
298.64
315.05
297
257.69
238.6
244.86
267.39
255.16
257.84
254.48
257.39
252.32
257.47
159.09
156.93
92.41
48.55
51.61
51.09
39.6
12.01
37.59
81.07
111.8
164.83
229.8
185.94
133.21
105.84
91.89
74.51
89.28
133.13
157.9
163.42
171.55
246.06
156.48
159.61
67.65
52.43
17.01
15.51
45.27
45.65
65.04
121.95
166.85
224.05
269.7
246.8
190.94
139.62
111.8
109.86
164.46
179.9
183.7
231.74
270.07
274.92
188.55
164.77
157.31
91.67
37.97
90.7
164.18
231.53
329.7
343.57
351.25
363.19
425.4
373.56
379.97
363.93
347.82
314.33
298.82
298.07
275.17
289.34
283.9
270.62
236.61
267.77
244.27
171.92
188.11
199.67
245.54
286.86
371.37
362.94
395.01
394.86
432.46
400.91
395.09
395.16
372.41
328.03
321.02
299.09
291.56
335.12
321.17
320.72
283.73
233.9
199
188.03
187.96
201.83
260.98
272.02
340.56
378.97
380.39
390.38
398.81
403.14
379.72
372.63
338.1
328.78
324.6
307.97
283.8
286.26
297.6
291.26
250.76
255.83
227.72
181.34
163.67
181.27
246.73
297.88
404.06
374.46
432.17
395.56
447.01
395.34
379.75
362.23
357.61
305.94
305.49
290.5
282.97
307.65
297.66
312.65
267.39
268.58
193.72
181.94
188.05
181.19
158
158.08
239.95
238.83
282.67
305.27
322.86
315.33
292.96
260.08
261.2
250.61
251.73
256.13
246.96
250.24
235.55
259.33
210.64
216.31
149.2
112.07
82.62
67.48
60.32
40.71
61.89
145.92
188.35
234.58
283.49
261.42
215.19
168.29
182.83
165.46
207.96
212.21
212.06
213.7
215.34
283.49
205.87
198.53
179
134.72
89.09
129.8
188.47
282.78
346.82
383.13
421.67
441.28
487.95
447.99
433.08
447.39
404.9
354.65
342.42
340.11
328.48
313.42
299.26
315.73
286.51
245.92
224.97
190.83
181.59
204.7
246.29
268.66
410.07
485.13
537.39
582.11
685.13
626.32
589.57
589.42
521.96
472.24
402.84
402.98
357.96
306.3
298.62
321.06
270.37
265.53
247.34
228.26
186.96
196.87
231.54
277.53
388.08
410.74
462.25
543.81
596.88
517.72
505.19
477.09
434.75
387.78
345.59
347.83
328.3
335.08
298.11
328.22
276.26
260.62
238.4
226.47
188.31
165.87
193.97
165.57
231.69
248.47
253.46
270.61
335.09
334.94
311.31
286.56
248.76
258.83
302.36
313.62
316.97
298.34
276.49
321.15
262.41
261.71
247.99
245.01
181.28
177.48
244.34
279.08
446.49
387.38
457.75
512.09
526.1
509.41
469.23
391.71
398.49
402.37
379.78
372.63
357.64
379.56
352.35
370.24
335.8
265.51
238.16
208.56
163.99
157.8
157.58
134.02
165.11
253.29
312.4
325.07
363.9
335.95
291.23
268.79
260.37
246.28
231.74
246.06
238.75
237.78
235.1
260.52
246.13
243.75
159.29
118.22
82.96
60.6
63.36
37.12
82.14
157.73
257.76
260.82
279
279.23
267.6
251.95
230.18
209.01
248.81
257.31
261.71
261.19
257.46
272.44
260.37
228.64
171.16
164.08
156.85
164.67
231.84
266.8
365.43
369.45
402.48
474.27
625.97
559.18
507.52
479.71
383.77
384.81
372.14
359.61
334.94
321.67
307.58
306.09
251.22
268.08
244
223.87
194.58
181.23
223.13
298.05
382.37
395.49
433.73
469.07
522.37
471.53
446.63
389.3
383.86
389
381.03
367.61
308.04
329.51
298.2
313.86
261.52
263.48
230.46
204.67
159.13
154.66
186.26
253.27
372.07
394.51
428.27
461.81
509.22
475.68
476.72
476.94
431.78
431.78
387.58
387.43
357.39
307.3
307.15
307.3
253.34
230.98
224.12
164.4
159.11
87.9
179.39
248.87
338.72
383.68
392.47
425.58
492.75
433.03
440.56
418.27
388.22
366.01
357.13
351.24
313.29
312.62
298.01
302.26
268.93
268.73
246.73
203.11
223.17
157.78
225.63
298.18
388.33
388.03
485.56
501.89
525.83
489.07
462.15
425.16
387.88
380.28
373.42
372.3
335.91
360.44
334.87
369.91
296.24
374.83
278.12
259.63
200.88
160.83
151.66
229.96
277.3
327.63
339.19
369.54
346.95
343.29
321.07
313.62
290.58
283.49
292.66
307.95
297.88
271.41
261.65
267.61
253.89
221.9
170.6
121.17
101.18
73.89
38.03
37.73
159.49
188.05
245.84
260.75
296.09
280.58
260.6
242.18
226.9
222.42
260.45
265.82
269.1
269.85
268.06
307.58
260.75
187.23
145.69
96.71
66.51
109.83
179.02
263.5
390.78
402.11
440.06
492.03
523.87
491.96
468.47
447.82
410.76
383.62
361.03
350.89
327.18
314.73
303.91
307.87
272.3
253.47
224.61
208.28
145.64
164.36
231.47
260.26
335.2
446.91
461.6
492.25
596.65
497.54
499.33
559.74
506.49
447.73
406.72
380.84
357.35
357.5
334.83
374.28
283.3
283.15
260.55
229.31
224.46
189.41
268.09
331.92
507.16
491.58
507.76
561.08
596.2
559.81
551.24
524.32
513.88
461.6
400.53
380.54
328.42
327.37
305.89
297.77
273.16
230.69
217.93
164.6
149.76
142.45
218.6
269.69
335.7
452.64
506.87
551.54
598.75
560.34
541.85
560.34
499.41
499.63
429.37
411.62
336.22
318.02
290.2
297.96
263.13
246.08
230.27
182.82
159.55
145.83
220.05
260.03
417.94
421.59
447.85
462.62
574.96
467.84
422.19
400.78
356.18
343.5
313.81
294.19
265.03
277.18
265.17
283.3
257.27
232.2
211.99
181.11
165.22
149.03
112.19
141.72
250.63
268.53
344.91
387.65
453.07
499.54
380.79
312.69
298.22
293
268.38
257.94
248.99
264.13
251.9
283.08
254.21
180.89
119.87
101.3
80.26
75.11
50.5
15.52
58.11
149.71
209.45
262.41
272.26
270.99
231.83
224.75
203.79
187.6
209.38
257.94
267.86
264.43
257.42
313.21
261.44
189.92
158.59
109.28
64.45
74.15
158.29
258.48
372.91
416.77
462.5
490.03
555.52
498.23
497.86
470.48
446.84
398.12
366.12
342.85
313.53
307.86
307.71
313.68
269
280.22
254.33
216.8
148.69
145.48
231.95
265.15
389.14
559.61
591.39
621.01
856.61
605.27
581.99
576.17
560.43
507.24
477.77
433.23
343.56
329.98
319.09
340.35
290.81
290.5
261.41
235.74
202.17
202.02
255.81
279.98
373.01
447.76
574.51
610.92
687.76
708.27
589.36
597.34
589.51
530.79
448.06
427.1
391.66
372.86
329.89
335.71
291.02
267.58
248.93
244.3
181.04
201.86
231.25
298.23
507.48
458.84
514.26
586.62
750.44
625.26
726.34
596.1
570.21
551.79
506.51
453.69
384.47
355.9
328
366.12
297.94
271.21
258.76
226.46
206.69
223.55
242.5
297.1
492.08
418.68
473.43
522.66
568.53
530.19
503.71
432.85
391.08
336.26
313.43
379.59
330.51
337.08
293.81
330.14
268.98
259.13
197.22
179.69
156.72
120.99
82.57
156.72
230.04
265.62
302.54
294.49
313.8
305.75
298.51
290.9
258.38
270.24
280.69
276.36
262.86
252.12
245.7
270.24
238.54
223.47
170.14
119.87
72.8
59.37
29.31
28.87
54.6
122.78
205.35
229.96
266.14
269.27
238.77
208.85
180.73
180.88
224.89
245.33
253.61
246.22
264.5
301.42
263.08
205.87
167.53
150.6
121.73
123.23
184.99
278.45
402.42
464.78
499.54
532.44
621.28
567.79
566.6
544.37
507.75
461.58
402.35
398.62
366.69
339.92
329.77
335.96
287.1
268.17
250.86
212.07
223.19
240.49
224.75
294.2
506.57
485.08
566.77
589.14
633.23
560.57
560.28
560.5
551.7
521.41
462.86
440.48
380.58
450.4
355.96
354.99
271.07
289.72
278.16
251.68
180.59
212.22
262.94
308.15
482.77
485.08
594.22
611.07
746.46
689.02
746.16
641.28
820.83
615.48
581.39
522.31
434.21
388.26
395.2
400.87
328.36
300.18
262.21
245.87
201.71
232.59
268.7
343.07
569.25
574.7
603.79
680.92
792.15
669.66
649.74
604.68
572.08
575.96
514.42
484.96
403.12
366.05
329.79
336.21
302.19
292.93
269.13
223.48
186.41
180.96
240.19
304.64
491.94
492.61
492.61
521.55
680.96
521.7
424.58
394.75
371.03
312.84
370.73
346.11
315.3
365.06
336.71
432.19
336.71
300.46
246.83
233.33
231.31
209.23
221.02
158.96
272.26
349.62
404.22
465.83
465.98
395.87
378.63
372.74
355.44
336.12
328.66
320.9
301.36
290.76
272.49
301.5
290.91
241.98
164.78
142.4
112.34
85.04
75.19
56.17
154.86
210.43
283.9
298.07
328.28
308.96
291.58
287.33
283.08
277.86
272.19
282.86
290.76
296.81
290.69
322.99
257.72
287.31
268.59
187.81
165.14
176.55
267.92
306.48
456.92
578.2
663.68
746.02
1.475.03
889.15
987.01
783.76
745.72
652.71
578.5
559.48
449.91
418.36
397.32
427.38
343.03
343.67
286.75
276.53
242.89
251.32
279.22
350.83
522.48
559.71
1.014.01
1.492.18
1.530.53
894.95
965.07
1.530.15
1.474.13
827.66
636.77
559.34
536.88
507.12
499.06
500.48
312.64
307.84
284.34
262.18
243.3
268.22
284.19
373.12
500.19
644.18
1.014.10
1.263.59
2.238.30
1.492.80
1.433.03
798.7
753.71
1.120.27
672.01
558.46
544.13
474.52
484.29
425.72
373.35
361.96
321.16
282.07
256.4
268.34
287.29
358.61
492.89
621.13
638.06
922.07
746.23
620.9
708.78
880.14
663.95
549.96
561.75
560.1
492.74
544.07
522.8
552.57
497.74
354.87
307.95
305.79
291.61
295.86
336.07
469.23
546.67
1.118.93
2.163.03
1.865.60
2.238.45
2.238.07
734.74
596.58
621.12
615
671.7
597.62
539.81
496.69
486.02
455.81
417.98
395.45
343.68
314.81
258.12
268.63
266.02
231.56
261.55
351.14
470.65
522.35
537.12
562.11
537.34
507.88
484.6
433.13
432.98
432.83
380.31
339.95
333.39
345.92
283.63
335.85
283.93
283.78
224.02
194.03
187.77
128.61
154.12
258.79
319.74
354.8
381.06
374.27
338.31
312.72
307.8
300.86
320.93
328.76
343.61
373.97
379.79
398.14
363.68
305.88
234.48
215.46
232.24
234.93
279.77
406.52
624.81
731.64
1.045.20
1.711.56
2.983.64
1.973.50
1.507.52
1.724.70
1.559.52
1.148.60
731.42
586.84
560.13
578.4
559.01
569.3
419.8
317.1
300.01
266.22
268.01
273.01
327.99
417.75
567.72
918.4
2.168.52
2.239.03
14.922.92
3.729.93
3.357.61
2.238.88
2.180.31
1.361.59
599.73
596.15
555.26
633.46
599.81
582.79
462.67
393.64
330.3
304.63
271.66
268.07
354.85
380.96
584.87
744.16
969.33
894.87
1.078.56
1.641.20
1.493.62
1.042.38
1.042.97
2.238.37
708.27
567.04
540.62
584.49
597.55
584.49
421.99
407.91
353.6
293.9
307.48
308.08
371.2
386.8
577.66
899.99
3.728.31
7.448.27
10.445.89
5.221.56
5.222.08
5.969.79
5.172.47
2.087.70
791.06
1.042.43
653.02
663.84
634.89
584.82
425.37
521.66
456.44
357.65
344.59
366.23
410.26
453.53
685
819.17
1.342.84
1.671.17
2.872.09
2.051.43
1.267.40
1.119.43
784.25
715.89
566.21
541.36
498.68
518.6
522.11
497.34
373.1
444.28
393.91
380.56
314.15
294.82
296.31
283.18
416.15
585.83
615.91
639.34
649.63
522.93
447.04
409.36
350.49
350.86
365.86
424.73
468.53
409.58
393.91
428.24
344.89
325.26
282.73
253.41
253.48
214.98
186.47
203.41
281.31
282.88
304.74
343.47
380.71
387.94
357.05
325.11
298.55
271.99
282.73
343.55
383.62
373.47
368.17
394.66
300.79
324.44
264.45
238.4
248.78
242.58
271.91
387.94
533.29
596.42
636.72
637.24
970.26
746.11
686.86
636.72
620.97
574.78
581.35
571.35
520.16
499.94
501.06
447.26
385.1
330.34
267.29
251.99
231.55
239.01
269.53
295.12
404.52
529.95
530.03
574.42
658.15
596.51
530.32
495.63
499.8
476.9
470.78
421.75
415.26
416.98
379.59
362.88
281.77
254.57
243.38
216.45
200.78
208.02
259.2
268.82
430.73
373.35
446.02
437.82
520.56
468.56
448.41
456.99
459.31
510.04
516.23
499.3
450.13
430.73
431.18
417.3
324.93
285.39
248.6
202.12
200.7
223.31
268.82
306.5
406.26
469.08
447.44
493.03
523.02
507.8
470.72
457.81
433.86
421.85
360.15
351.72
320.98
323.14
326.27
342.84
272.33
231.6
201.24
172.44
165.72
168.56
223.32
289.21
490.59
447.54
532.38
551.7
572.45
492.61
447.24
383.89
336.96
335.25
328.46
313.61
295.4
313.46
306.07
283.98
256.23
286.67
268.61
250.18
224.37
202.43
186.84
171.17
193.4
256.97
276
308.91
335.1
314.88
283.84
266.52
266.9
260.41
276.15
266.67
266.52
253.39
258.02
266.97
194.6
208.7
186.91
174.6
149.9
134.61
120.06
91.93
134.75
180.64
232.57
279.21
321.59
281.97
246.23
224.14
186.31
200.71
244.21
279.06
282.72
282.94
282.94
306.15
234.81
196.61
174.82
149.45
119.46
126.62
175.12
239.13
313.08
422.83
447.75
442.68
491.77
433.13
457.53
447.68
447.01
419.33
380
358.74
335.09
298.38
295.02
284.2
253.83
224.51
169.9
156.17
120.13
156.99
217.05
267.19
383.52
500.73
507.6
522.82
498.12
457.38
410.75
437.01
387.77
379.86
379.79
369.94
340.24
342.33
336.06
292.11
262.04
266.94
233.74
192.86
180.77
191.22
261.27
284.17
409.66
350.8
377.28
376.91
447.26
432.34
533.13
522.84
506.95
444.13
387.35
349.68
301.41
349.75
344.75
301.78
248.06
260.52
223.67
202.33
169.73
187.34
238.59
276.04
384.07
380.71
394.74
449.2
508.07
492.47
472.55
449.58
444.5
394.89
358.85
345.57
314.91
324.31
327.37
275.37
242.69
244.49
201.07
173.39
166.37
168.84
231.58
259.11
298.8
375.72
440.18
436.15
485.92
414.52
395.12
346.03
304.55
294.77
295.29
290
265.45
268.29
268.29
268.51
242.92
267.62
239.49
220.09
215.69
208.6
208.53
181.15
242.92
262.92
335.51
343.19
372.81
324.47
283.36
277.17
260.9
250.75
253.07
255.23
250.38
266.12
251.57
253.37
223.75
212.41
165.85
142.57
135.04
112.58
112.58
82.59
108.18
166
216.43
246.13
272.39
285.07
248.22
216.43
175.55
183.61
201.44
256.05
251.8
245.83
257.54
260.53
193.83
173.46
159.21
104
83.11
111.54
173.69
215.84
290.82
369.76
411.09
448.17
475.33
447.72
409.75
444.37
402.21
334.92
305.59
298.81
281.94
288.96
283.21
263.66
224.42
190.92
170.03
152.42
74.61
148.77
175.18
208.01
283.36
380.05
358.79
353.64
419.15
368.64
372.37
373.04
372.67
323.2
327.83
330.44
322.08
327.08
330.36
308.21
231.73
247.25
207.93
207.78
205.47
207.48
282.98
378.56
481.66
480.47
512.25
546.57
590.59
548.59
550.38
567.91
550.08
533.22
506.81
451.97
392.43
461.52
421.53
313.8
266.94
276.23
247.5
201.02
176.47
225.79
265.41
335.25
471.65
462.47
480.38
490.53
559.1
494.55
451.87
452.92
425.76
421.88
469.19
451.73
427.4
422.18
417.92
330.18
270.33
295.1
246.97
207.95
181.24
200.79
250.03
324.57
447.16
491.11
522.75
524.61
574.08
574.23
555.5
466.11
396.72
396.87
396.42
396.35
385.46
383.81
357.55
310.62
246.9
267.19
187.8
178.03
186.76
180.64
178.63
168.78
212.28
256.6
298.31
359.27
417.24
388.37
359.19
283.76
281.59
263.91
292.49
312.78
303.23
313.75
336.21
297.71
193.25
205.34
170.87
157.29
138.26
117.89
117.44
55.96
100.21
184.15
220.56
263.98
297.04
242.72
222.65
220.41
203.17
207.43
223.25
282.12
290.25
298.31
311.29
297.93
207.43
172.88
149.45
90.28
88.86
123.63
190.56
268.38
417.38
470.65
485.28
487.07
541.46
500.35
492.89
481.77
457.3
425.51
410.81
395
386.19
402.61
365.37
276.89
216.52
276.06
239.72
207.86
207.64
194.28
261.58
321.79
521.9
506.68
479.89
556.37
591.06
547.86
507.94
480.34
460.64
368.57
354.77
346.64
336.49
409.68
410.06
323.43
255.32
276.15
256.75
218.4
202.13
204.89
276.37
336.14
410.76
446.12
477.61
448.96
556.25
480
565.58
567
501.49
487.61
479.85
490.74
457.32
457.46
458.81
373.45
306.37
298.95
276.27
249.11
243.14
248.14
308.35
390.72
500.02
470.55
492.78
507.33
582.01
539.18
492.7
484.87
448.31
447.64
395.79
373.48
373.63
448.24
426.01
334.39
289.33
295.67
259.04
238.45
225.17
239.42
266.5
287.76
476.97
441.53
506.96
520.54
586.42
521.51
484.73
476.89
418.25
374.08
356.4
340.96
321.04
376.17
342
336.03
283.21
272.92
252.92
251.35
235.09
227.85
266.65
234.87
295.97
358.57
477.27
449.81
477.19
413.4
382.29
397.36
336.18
354.84
298.81
336.18
349.46
383.71
327.75
277.62
235.54
255.46
200.84
181.07
157.05
138.7
156.38
105.87
171.08
183.83
227.78
270.75
335.51
329.62
290.15
236.21
205.92
200.99
219.05
248.74
263.66
310.74
317.98
323.13
223.38
226.8
200.31
180.54
149.14
173.38
239.18
358.63
447.7
499.63
485.08
496.79
579.9
540.51
507.39
506.79
469.94
490.68
484.71
420.1
410.33
410.48
387.8
343.18
295.59
253.89
220.69
176.08
164.44
166.01
234.35
277.55
431.76
492.34
493.84
507.86
552.7
496.08
493.02
523.83
523.23
477.35
432.58
433.48
454.52
468.99
430.42
308.73
268
258.18
234.09
175.3
174.56
175.15
250.42
276.46
460.79
522.18
557.61
496.29
610.58
522.1
554.48
500.4
456.98
399.91
404.17
410.36
410.73
395.81
385.14
297.27
249.83
228.26
179.32
171.04
159.85
168.21
264.51
279.21
406.98
402.96
410.57
457.63
471.21
460.39
432.87
456.96
456.66
410.86
410.42
388.26
372.45
427.13
380.95
313.97
263.02
179.63
168.37
158.75
101.08
123.54
190.6
248.94
355.02
459.6
455.58
480.27
499.44
454.68
454.46
394.63
345.54
321.89
329.58
344.72
307.72
287.5
286.68
277.81
224.47
268.11
210.82
197.54
224.17
176.35
223.5
213.05
263.56
359.12
465.72
460.72
463.86
417.68
410.44
336.07
275.87
288.1
289.15
277.43
268.18
276.76
239.09
223.57
159.87
164.34
107.72
67.89
52.82
49.76
45.51
47.89
44.98
66.32
151.88
167.92
167.18
167.85
160.31
151.59
135.62
139.65
156.21
171.65
233.64
250.06
179.56
202.09
155.91
156.52
112.13
92.51
52
105.05
156.6
235.98
342.81
380.12
415.18
410.33
470.24
424.43
417.87
393.17
379.52
347.07
342.59
359
358.78
381.01
306.48
265.3
217.63
247.52
179.41
151.14
153.45
166.21
242.45
373.07
514.88
499.59
499.74
518.39
522.34
522.79
522.04
539.43
522.79
537.86
575.08
556.96
558.22
602.76
529.43
479.6
293.7
270.81
245.75
211.65
171.29
239.78
301.03
410.55
560.35
556.32
569.38
583.03
586.09
586.16
596.98
559.53
522.53
506.93
494.03
489.33
477.32
494.1
492.31
336.31
267.6
272.24
249.34
233.15
177.57
193.53
272.17
382.89
485.55
506.96
499.58
520.69
620.74
500.47
492.79
485.18
455.41
448.17
448.39
440.71
434.37
460.63
365.95
297.84
258.44
242.03
209.35
178.53
149.36
77.59
232.55
310.29
488.15
522.62
516.8
538.07
558.36
526.05
521.8
478.31
485.02
436.6
435.56
458.24
495.47
515.31
466.22
398.33
283.81
261.72
224.19
173.76
148.39
127.2
120.86
168.16
194.65
245.76
298.73
330.36
357.29
346.7
328.35
318.27
299.1
289.1
289.4
312.6
357.07
422.72
336.03
306.19
243.89
201.14
152.5
64.91
59.76
51.7
51.11
56.18
52.67
119
176.45
248.74
291.27
291.19
227.85
186.14
160.26
157.35
193.16
250.01
267.32
336.1
314.1
309.17
220.09
160.12
141.91
104.31
79.91
146.09
200.18
363.5
497.51
522.43
509.07
522.5
587.71
532.5
528.17
522.13
507.28
499.45
492.06
489
492.43
495.42
440.5
310.31
248.75
280.44
267.39
244.86
180.25
217.92
284.1
354.98
507.02
521.5
515.45
530.08
634.23
560.22
586.03
567.23
515.53
499.64
494.19
477.85
477.93
540.89
472.85
320.06
263.88
261.24
215.96
168.37
167.84
186.04
268.62
308.31
448.03
445.27
444.67
460.41
497.64
470.26
481.6
477.87
487.64
477.87
469.51
444.97
444.75
485.55
444
298.39
248.56
267.08
253.05
243.28
175.24
213.59
261.63
446.12
588.91
634.19
563.25
559.22
623.3
558.25
558.84
541.01
524.38
530.79
523.33
510.05
534.67
559.29
486.85
360.92
245.81
244.04
193.38
168.39
166
168.01
240.53
282.91
462.56
462.56
429.28
441.59
432.57
380.79
342.81
323.42
292.31
298.57
266.19
275
276.64
343.11
253.81
219.12
180.17
225.46
201.66
172.94
159.88
173.09
223.3
227.62
292.23
347.29
401.31
392.05
398.92
372.51
316.48
265.67
254.11
228.22
227.92
276.34
298.57
276.27
226.35
227.77
167.94
202.11
157.12
104.45
94.68
74.23
89.23
72.59
149.51
171.89
199.79
265.75
308.72
295.66
246.5
183.61
174.73
174.58
234.64
276.19
350.5
373.78
297.75
283.8
260.82
159.51
146.01
129.14
123.18
123.77
212.78
327.97
470.4
518.07
507.4
519.49
522.1
508.45
506.73
492.56
475.55
476.29
474.05
468.53
470.25
502.33
417.87
283.73
253.07
295.69
257.86
209.96
189.67
219.51
265.32
358.59
565.94
508.64
475.73
477.15
507.29
475.81
473.49
437.23
424.7
373.81
343.89
368.14
446.78
506.92
365.01
301.81
268.83
230.53
219.34
168.53
157.04
168.38
240.38
306.92
492.09
479.71
481.72
501.05
508.51
507.02
521.19
529.92
524.1
474.26
474.19
478.22
531.71
543.05
508.43
436.89
283.5
248.25
249.89
208.19
168.13
174.03
245.04
359.62
507.09
457.11
506.19
477.33
506.64
473.82
498.59
476.73
447.34
439.88
457.04
476.88
476.66
494.71
335.9
279.73
242.73
239.85
179.19
167.93
89
166.36
216.79
293.63
481.71
486.63
457.24
477.83
524.45
516.54
454.33
410.61
374.65
350.63
371.22
398.97
441.35
424.56
330.49
291.17
239.02
250.59
216.87
210.6
174.72
159.57
167.93
159.57
210.6
257.75
291.02
299.08
336.38
313.55
299
283.71
261.33
248.5
250.22
261.48
305.27
284.01
239.77
212.99
178.45
172.41
156.96
138.69
82.06
81.91
105.11
77.81
105.19
157.04
223.06
261.78
287.67
282.89
244.25
210.08
194.04
174.64
204.56
242.83
306.61
310.42
281.25
277.37
184.27
168.51
163.29
164.18
127.26
174.7
232.66
355.52
500.16
470.4
473.01
485.61
529.18
494.19
500.08
493.15
486.81
470.69
469.87
461.37
482.63
499.19
445.48
343.06
280.63
283.15
238.69
208.78
202.29
231.38
287.85
439.42
531.76
484.77
462.24
468.43
529.37
507.07
484.62
447.77
464.55
481.56
463.14
477.31
528.92
531.39
457.24
357.51
266.81
278.16
236.54
204.69
204.99
231.47
275.33
425.79
530.59
507.92
492.7
513.21
529.1
502.7
552.45
555.66
542.31
481.66
455.92
461.37
529.25
529.1
455.55
372.6
249.15
266.99
238.12
202.02
168.15
207.69
256.33
407.24
508.03
495.27
493.48
515.41
529.59
523.17
529.59
526.68
521.6
511.23
476.99
477.29
477.07
474.23
434.77
336.07
261.32
286.97
216.49
169.29
168.39
212.39
255.5
448.13
528.37
476.91
506.67
493.1
510.77
448.5
442.31
489.74
455.21
417.92
417.85
428.14
528.82
493.54
351.03
290.55
235.29
330.67
242.97
229.17
168.54
168.32
223.21
233.72
261.61
252.89
402.11
403.75
376.16
358.11
335.22
269.07
249.68
263.92
281.9
373.1
465.43
483.48
357.22
253.86
223.8
223.06
170.03
141.4
82.78
74.35
90.24
143.11
122.68
200.61
224.32
247.44
297.71
276.38
239.61
193.52
163.92
163.62
223.88
290.62
376.39
342.68
268.77
268.62
216.79
165.25
104.62
66.67
37.73
51.98
148.62
212.53
282.93
399.41
402.61
410.59
431.1
413.28
406.94
401.42
358.62
354.66
335.87
381.51
426.78
410.44
327.89
281.66
228.56
186.19
86.72
23.41
54.66
119.53
199.46
157.56
203.56
167.4
204.16
224.44
239.73
242.86
224.14
223.99
223.77
224.29
245.47
298.48
391.99
291.33
257.62
268.06
229.44
206.47
156.29
123.11
127.06
134.52
190.22
275.45
440.09
489.53
492.88
493.55
504.96
493.63
513.54
499.89
477.15
455.45
454.93
475.81
506.23
433.45
373.58
287.75
216.91
219.59
167.47
132.5
149.43
149.13
216.01
288.57
605.54
499.59
428.15
414.81
457.9
403.84
454.18
407.65
361.34
324.73
324.88
358.51
425.62
536.27
315.41
245.24
223.92
89.69
19.31
19.76
18.71
11.18
18.79
216.3
275.87
283.92
299.06
298.68
307.48
306.14
283.47
261.11
245.3
238.66
235.83
261.18
332.76
239.56
220.77
186.7
144.57
261.63
230.91
174.32
173.57
164.85
165
147.93
243.88
258.35
290.63
297.94
303.53
297.79
254.02
236.43
202.05
194.23
194.52
265.73
315.16
254.1
216.67
239.04
174.1
169.47
83.13
81.72
74.63
30.57
51.59
67.25
82.46
150.68
210.26
253.87
261.55
276.02
253.58
194.75
179.61
148.97
193.26
266.55
350.2
331.79
297.79
313.15
261.18
155.77
90.08
113.49
99.17
157.86
185.15
306.32
446.87
469.69
441.06
441.36
496.09
444.26
473.42
440.31
437.18
432.41
417.42
446.72
499.37
432.78
365.82
286.48
250.09
244.39
226.13
204.88
204.06
227.02
244.84
411.4
545.75
490.35
455.02
456.88
529.2
456.8
477.16
482.82
462.1
424.37
439.73
465.15
536.65
456.51
441.07
264.52
237.68
237.68
199.21
217.03
190.56
196.01
245.88
354.43
487.59
417.96
419.37
439.95
444.27
414.23
432.57
420.64
407
409.75
358.09
365.69
514.65
424.89
292.11
268.92
237.76
229.26
224.12
185.87
167.46
219.87
244.92
370.7
528.83
484.17
514.82
529.06
585.72
545.68
521.45
528.09
505.2
453.08
445.93
539.05
620.91
585.42
458.9
402.09
258.34
245.78
240.26
224.91
174.81
221.03
244.22
388.09
528.91
525.85
522.05
525.78
552.02
499.17
456.38
420.07
417.24
395.1
397.41
476.5
477.32
416.27
312.95
305.12
242.43
290.51
258.08
232.29
236.31
223.19
252.64
178.91
278.43
338.74
402.55
428.05
447.06
401.73
298.71
288.65
278.13
253.01
291.78
409.93
447.06
353.73
288.42
289.84
253.83
231.39
165.49
119.8
89.83
89.9
74.17
83.19
112.57
171.83
246.15
261.44
308.48
284.02
268.44
231.77
192.63
170.49
237.58
354.69
410.16
362.07
308.18
297.96
247.87
232.16
171.4
158.73
157.68
173.19
240.44
340.42
548.5
478.2
484.16
504.22
541.05
515.25
517.71
485.05
465.67
444.12
446.66
481.1
561.1
498.18
428.47
334.01
246.4
288.68
219.94
210.1
214.12
227.47
281.75
469.26
585.86
585.41
585.56
632.68
687.33
603.61
610.91
535.68
504.67
444.13
439.88
521.52
620.83
536.73
444.2
370.84
264.82
252.68
223.98
218.68
222.79
220.03
233.6
410.53
528.7
528.56
545.41
555.92
593.87
528.85
545.33
521.32
461.75
435.95
435.28
520.5
584.4
525.72
458.62
275.95
228.53
247.96
221.2
209.34
167.15
189.73
233.2
410.33
536.18
536.48
536.92
537.15
587.1
537.3
537.3
516.94
483.4
469.3
479
528.65
540.87
478.55
440.3
313.79
243.79
264.81
250.27
228.28
221.2
171.69
258.62
354.87
529.24
528.65
502.78
512.32
521.19
497.86
447.46
398.7
398.41
417.27
447.39
480.93
495.03
457
361.28
366.87
291.8
243.56
226.04
245.65
193.39
178.4
245.8
223.36
246.69
258.92
352.56
393.49
402.73
430.09
313.57
266.6
249.23
250.79
257.35
439.56
432.33
325.05
248.56
240.8
204.42
230.96
174.3
162.37
121.67
149.63
163.64
159.62
173.86
223.66
256.53
297.61
350.47
302.38
239.68
208.07
193.54
198.83
259.14
360.16
431.66
343.46
304.47
305.89
241.25
209.28
165.07
163.13
158.06
167.68
235.38
339.53
488.8
540.91
534.95
519.44
492.6
480.97
515.11
500.95
479.77
449.36
462.63
528.83
509.82
477.76
396.49
328.35
265.2
334.22
253.48
227.98
164.98
167.52
244.83
439.41
585.68
562.87
452.53
414.14
414.14
373.36
356.88
333.1
305.66
304.62
340.11
450.82
480.34
363.44
256.01
248.63
223.66
232.15
201.88
163.04
205.98
190.7
271.29
455.06
528.72
525.44
529.01
560.18
588.95
588.95
620.79
626.75
588.28
558.39
580.98
653.22
592.31
515.97
477.42
445.37
256.23
240.49
183.9
157.89
151.03
150.81
190.91
216.63
326.74
426.78
431.17
426.92
435.5
390.62
388.09
393.9
384.14
312.87
268.89
333.3
397.48
387.12
252.56
242.5
208.8
171.76
151.85
97.58
68.29
106.75
209.7
251.22
404.42
298.26
379.59
415.38
447.58
446.76
441.62
360.81
326.14
281.19
330.39
491.79
512.51
472.93
400.99
274.78
242.87
274.41
253.83
243.32
232.06
230.35
187.04
208.88
249.14
317.05
321.67
340.46
381.53
335.69
320.85
307.43
268.74
253.53
253.61
301.02
334.94
296.47
243.47
240.26
167.66
216.93
119.65
75.22
52.7
82.97
48.31
74.77
82.6
157.44
219.91
231.77
246.9
253.53
224.31
184.13
164.3
151.18
259.35
298.86
298.86
253.68
234.38
246.68
223.72
186.13
167.2
165.78
165.34
171.67
222.44
335.67
528.66
521.28
511.14
509.58
519.04
521.2
521.5
521.06
521.58
521.73
708.01
620.65
580.99
514.94
456.2
342.9
261.05
287.12
229.35
203.64
142.44
142.59
225.48
230.47
386.55
431.8
386.93
414.21
414.36
369.71
371.12
328.64
290.85
331.02
434.85
387.67
359.87
336.02
276.39
248.88
185.82
164.67
141.79
136.64
82.52
67.24
51.88
8.13
22.59
149.24
216.48
224.24
277.09
297.89
246.6
223.94
202.02
238.33
353.65
465.4
472.63
291.33
226.62
241.23
216.63
216.25
165.34
143.5
156.61
150.2
239.58
275.51
426.46
490.72
491.09
509.87
519.49
508.61
521.65
508.76
490.87
478.49
580.99
707.56
556.02
477.37
431.6
313.68
276.26
298.64
261.59
256.9
238.85
240.42
282.69
456.39
538.91
590.35
594.53
588.56
577.68
559.79
550.54
508.87
483.9
499.11
707.99
611.82
551.96
522.14
465.63
470.33
305.8
432.46
328.31
291.49
257.64
242.43
247.73
229.46
253.99
305.05
365.66
402.42
446.62
336.07
298.49
257.64
239.23
264.5
463.99
454.38
362.68
352.32
258.24
235.72
194.5
233.71
198
160.73
152.15
91.32
135.08
53.3
121.96
224.09
231.4
253.17
294.62
268.75
238.78
223.87
150.29
210.15
423.89
443.27
364.25
298.64
268.6
306.02
240.27
216.69
209.54
201.56
164.27
182.39
244.51
335.71
482.08
543.75
559.11
544.87
555.68
542.41
560.01
571.27
518.99
519.29
715.93
800.86
677.97
526.45
439.21
418.1
300.21
246.13
238.97
231.21
233.08
239.64
287.97
439.3
581.61
589.88
611.37
581.46
562.89
572.81
581.46
544.31
556.92
502.99
745.91
18.173.36
708.25
590.63
491.81
403.42
328.47
282.76
257.19
223.41
190.52
216.92
302.9
390.96
526.38
595.87
581.03
562.39
556.2
526.3
548.22
511.46
470.3
437.27
499.53
495.65
463.07
492.82
313.78
246
205.88
270.44
240.98
224.64
190.56
165.8
245.53
336.22
525.66
520.44
506.57
525.44
544.23
500
512.61
484.64
444.59
439.29
591.29
687.58
521.63
462.04
386.94
393.57
315.41
203.52
239.39
226.19
206.58
223.65
282.64
454.39
581.54
641.5
655.67
649.11
666.93
641.58
581.39
562.68
559.77
572.97
738.3
669.32
595.86
537.54
497.42
400.77
291.59
271.68
253.93
239.24
223.65
178.31
220
179.58
211.65
246.03
274.22
298.98
298.6
313.67
305.91
250.65
224.32
224.32
283.76
298.53
239.31
231.26
220.37
224.18
165.11
144.6
28.19
17.08
34.98
7.53
42.73
36.92
106.72
169.66
220.3
253.86
283.17
284.88
237.67
220.67
167.12
171.82
351.25
348.12
336.26
313.89
253.48
282.72
241.7
205.31
169.81
159.29
160.34
164.81
218.28
298.68
506.45
553.35
551.34
536.35
537.1
531.73
536.57
507.49
485.04
492.13
562.9
656.87
507.79
477.58
411.66
354.24
244.01
221.31
201.76
199.15
136.57
164.99
223.17
249.13
491.39
477.07
480.43
492.73
499.75
477.97
506.83
547.71
530.55
539.5
649.3
633.93
598.43
486.77
334.53
283.14
253.68
227.73
205.8
150.38
157.24
150.15
215.05
216.91
433.01
420.4
432.86
456.95
495.37
493.28
515.13
507
521.77
562.87
666.11
567.5
504.91
456.8
319.93
313.06
224.52
215.02
169.75
120.08
94.35
134.55
216.81
220.91
448.39
448.17
408.12
447.95
443.55
432.88
447.2
435.56
397.38
372.54
537.67
537.37
445.26
345.32
271.78
242.77
210.1
217.56
178.18
161.69
150.28
184.96
230.46
265.44
463.15
522.15
499.7
491.57
510.89
438.09
417.66
343.52
316
371.12
499.18
463.08
384.99
349.71
249.03
328.76
231.65
203.01
222.55
164.6
129.03
134.77
149.98
157
231.5
247.99
291.17
359.56
363.89
298.48
261.34
239.26
234.19
397.6
470.61
470.09
452.86
343.75
231.88
268.94
253.58
216.44
208.23
157.07
104.79
59.96
112.25
77.34
74.28
164.75
224.72
246.27
269.84
298.48
250.37
231.28
141.63
190.48
286.1
332.86
324.36
317.27
261.93
287.51
241.79
163.77
141.85
126.48
119.32
127.45
164.97
252.97
432.63
468.57
478.57
469.62
484.61
476.85
484.61
477.45
477.82
478.04
524.06
524.06
476.55
387.81
323.67
254.24
223.73
217.21
226.46
209.31
210.65
212.21
253.52
392.07
618.15
636.79
559.25
649.25
633.89
633.29
622.92
634.26
559.62
687.5
1.118.64
932.52
715.46
569.76
433.45
471.85
365.08
231.86
210.47
208.3
205.62
211.73
212.63
227.91
432.71
559.68
559.45
559.3
559.38
537.24
522.1
527.99
536.42
521.95
594.64
611.72
525.46
456.79
328.56
279.8
226.05
223.19
203.51
175.93
209.4
175.93
212.38
231.47
456.82
484.03
433.04
432.97
469.5
432.6
432.67
394.2
376.09
400.32
477.77
506.32
455.78
383.32
252.04
244.89
178.69
212.59
179.35
134.85
119.86
119.71
209.09
235.48
345.95
432.79
503.31
503.46
522.09
503.68
484.67
462.38
410.13
470.81
532.9
521.42
424.59
276.92
240.7
240.03
218.41
213.94
164.89
150.43
67.76
82.97
116.51
67.46
127.02
194.41
246.14
239.28
246.21
264.1
236.37
222.96
223.78
224.15
281.47
291.46
273.87
246.14
223.25
250.24
223.18
158.85
111.89
74.77
79.31
101.68
118.15
60.38
138.13
161.98
208.87
238.61
274.24
264.62
243.08
212.89
202.23
269.62
418.78
361.38
336.18
261.42
249.57
269.17
246.44
213.66
205.16
202.25
186.75
207.02
221.93
253.47
462.2
546.59
521.84
523.63
523.56
543.91
543.54
522.22
523.04
558.6
683.69
567.24
522.51
456.31
333.61
288.36
231.4
216.26
256.58
203.81
206.12
216.55
222.89
289.68
494.68
521.96
503.48
503.18
483.8
498.93
499.3
503.25
520.55
477.76
521.89
499.08
454.95
350.66
275.97
252.26
216.4
214.32
206.05
201.87
196.21
207.84
241.38
241.83
521.23
483.81
489.48
521.31
515.05
514.75
522.13
508.78
485
526.08
540.99
524.96
527.12
484.03
424.4
390.48
259.72
253.83
216.41
206.57
203.36
203.29
245.41
318.68
525.7
496.77
515.11
515.11
503.71
514.67
521.23
523.31
514.44
545.01
546.79
552.01
499.76
432.96
291.03
261.58
212.31
216.85
216.25
202.83
165.04
166.16
207.68
231.75
432.65
391.72
392.02
391.87
437.34
429.14
394.71
309.73
277.23
387.25
447.63
447.48
380.54
268.88
231.75
239.13
216.85
209.39
204.47
198.28
168.02
94.52
140.89
134.62
210.58
224.23
253.97
267.98
275.59
276.33
260.45
243.9
224.3
229.82
288.26
330.97
297.8
261.27
216.62
239.28
193.89
209.32
193.66
144.54
123.82
126.87
127.47
108.09
112.19
148.71
189.12
234.51
252.7
253.45
220.57
208.72
171.82
192.17
271.04
298.4
298.4
277.9
242.34
253.74
199.92
147.59
101.2
90.83
90.91
110.08
145.95
186.96
336.49
342.61
387.43
372.74
365.05
365.13
395.03
395.26
380.79
424.87
477.74
455.52
425.39
321.05
248.42
231.64
205.01
202.05
140.17
119.37
90.22
48.39
118.77
216.89
364.52
312.4
298.61
319.41
333.65
304.2
289.81
350.58
353.71
383.98
447.65
447.58
420.14
387.33
248.65
232.03
207.95
141.52
104.31
89.55
89.17
89.92
143.38
178.65
342.91
419.93
436.11
451.39
433.12
451.62
451.84
446.69
405.39
518.72
556.15
551.15
476.89
417.39
342.76
327.77
223.98
231.86
208.08
148.59
100.42
148.51
230.37
253.93
425.55
433.08
410.79
402.22
372.32
321.25
330.5
291.58
276.6
342.28
446.8
445.24
382.83
302.17
242.67
190.86
210.62
215.26
203.33
163.66
146.21
149.42
186.4
200.72
274.91
343.13
387.34
384.36
423.43
428.73
411.28
428.95
429.25
467.65
522.6
477.86
429.1
297.5
226.74
250.38
232.11
178.95
140.99
140.92
118.92
96.93
133.69
133.99
200.87
225.03
283.18
349.47
372.28
342.53
244.11
251.57
258.88
314.65
469.36
462.13
401.96
306.82
281.69
337.39
239.12
246.27
208.77
184.31
184.02
129.51
164.26
169.25
189.61
214.66
223.83
253.73
290.64
289.89
246.35
206.76
214.66
241.2
325.38
341.71
343.35
298.47
264.62
268.2
223.83
214.63
142.77
125.92
132.03
90.88
222.91
238.79
429.49
455.28
469.82
455.51
469.75
462.66
462.81
467.58
439.85
492.26
522.3
526.26
507.54
429.34
307.75
242.81
216.65
198.82
195.54
199.19
149.32
165.05
213.28
252.8
456.39
521.92
503.58
513.72
493.37
476.44
483.97
468.62
464.37
442
522.51
626.44
476.82
410.47
264.5
207.54
198.3
211.68
193.42
179.25
164.5
140.87
199.97
231.95
409.94
401.96
410.46
413.89
410.31
395.03
379.83
373.04
372.97
514.58
521.37
492.6
440.35
271.9
261.17
237.02
200.42
194.49
97.5
78.57
100.71
51.66
154.68
202.39
308.76
307.49
307.27
329.63
371.83
357.07
368.17
357.36
312.79
371.75
515.77
526.06
438.99
372.35
241.67
242.34
197.77
201.05
196.35
196.8
171.08
111.44
200.6
231.31
371.98
409.48
391.58
403.59
391.88
365.27
317.19
265.75
263.14
346.71
414.84
433.78
410.07
348.95
250.92
276.11
209.77
217.45
205.3
205.45
196.13
156.84
165.19
132.69
172.87
186.81
209.1
223.11
249.35
292.29
270.37
241.82
208.95
241.67
309.88
373.47
300.79
281.26
223.26
213.8
194.04
231.16
201.42
163.48
159.15
106.6
150.88
111.15
139.4
182.34
187.03
231.54
269.11
268.51
216.48
203.21
196.65
239.14
312.87
312.34
268.51
242.87
238.84
268.59
210.89
199.68
209
195.51
156.75
164.73
246.12
297.25
562.61
543.97
538.46
538.46
538.23
561.19
581.46
569.31
574.68
745.82
1.160.54
915.31
704.15
544.64
425.38
377.75
329.75
245.23
295.99
232.86
200.36
178.29
282.87
373.29
525.64
537.05
524.97
536.82
538.39
522.21
525.42
511.93
502.83
537.42
596.68
547.18
501.86
456.32
416
329.16
216.91
209.72
198.1
200.11
201.38
213.23
250.19
200.48
490.18
491.97
483.99
465.21
468.86
462.45
464.69
462.01
448.89
511.79
711.98
712.42
582.97
491.37
446.73
432.64
354.61
297.29
275.07
260.24
243.09
226.62
298.48
357.29
498.63
559.53
540
537.39
540.3
537.32
537.25
558.34
477.16
538.89
1.141.81
932.48
559.01
496.54
411.56
335.9
250.32
235.46
241.35
212.2
208.25
199.76
283.83
270.34
506.84
521.23
525.7
506.77
506.77
491.71
462.05
417.85
394.52
410.1
469.2
492.83
432.98
417.7
361.5
374.84
265.2
317.52
270.12
239.63
234.19
223.76
228.97
203.04
245.52
302.84
432.46
432.76
417.77
417.7
403.09
349.28
342.94
402.2
484.71
477.4
399.29
372.16
274.81
281.52
238.59
218.76
187.91
160.4
180.75
175.31
149.15
107.7
125.52
194.09
214.89
250.29
269.45
269.3
246.34
219.51
220.1
264.53
322.74
330.12
316.11
258.71
260.8
287.34
215.19
211.24
186.19
134.61
115.08
125.59
137.97
96.45
67.83
203.48
223.98
271.68
283.76
289.8
245.3
223.76
217.65
256.03
293.75
328.18
328.03
293.6
262.07
288.16
215.56
208.85
197.89
143.11
99.21
107.41
149.52
70.81
108
165.4
221.89
245.82
253.94
249.77
224.2
215.26
212.73
233.82
286.29
342.49
357.62
260.73
224.13
249.77
223.83
234.96
224.67
208.57
166.45
125.75
196.05
142.53
225.05
249.94
323.37
326.42
410.36
462.69
481.25
416.84
415.8
436.82
536.93
524.48
491.46
369.44
265.07
275.59
237.2
230.51
215.96
215.74
201.27
193.52
191.58
125.43
190.46
209.1
243.85
242.21
289.79
253.18
217.16
215.96
212.53
278.83
425.44
439.83
408.73
216.78
257.58
326.26
238.86
223.61
198.03
197.43
196.39
198.03
212.87
194.53
197.96
214.29
364.9
409.63
387.56
399.72
372.2
267.89
249.85
309.2
409.19
408.96
236.06
216.3
201.61
200.79
205.34
243.51
216.67
195.05
149.27
140.4
132.19
39.67
90.14
172.16
205.49
212.12
238.74
216.6
216.75
220.47
223.31
238.59
389.58
385.18
364.45
268.42
212.94
229.5
172.9
77.77
0
0
0
0
0
0
0
15.14
90.14
149.34
199.15
183.57
149.42
103.56
108.71
186.4
246.64
231.29
205.79
172.23
138.61
149.87
94.54
12.23
0
0
0
0
0
0
0
0
0
3.73
41.46
51.89
19.76
0.52
0.89
86.42
126.38
131.82
141.66
112.36
100.51
118.92
89.62
