436,10
345,21
341,04
338,13
337,46
336,12
318,82
311,29
306,81
322,84
335,15
339,02
341,63
339,92
341,71
344,69
311,59
409,48
436,18
412,32
348,94
348,94
346,93
345,51
345,29
337,61
337,16
334,77
337,23
344,69
353,41
413,44
431,85
436,55
437,00
436,92
434,76
443,18
492,39
553,31
550,63
553,98
460,56
413,14
387,41
358,34
358,48
331,79
317,80
300,58
278,82
252,06
243,86
280,46
289,70
436,00
393,15
416,85
434,66
434,36
410,96
411,11
415,80
473,27
505,98
481,84
436,37
405,07
371,76
360,95
366,54
326,14
0,00
0,00
0,00
0,00
0,00
0,00
316,29
394,91
381,20
379,11
376,43
375,24
370,62
363,02
362,27
363,02
372,85
381,20
373,52
361,00
352,66
347,96
275,82
0,00
344,41
289,95
163,08
0,00
162,56
246,97
253,52
264,55
334,06
313,05
349,41
350,97
351,12
348,73
349,48
352,91
375,78
387,70
388,15
359,09
353,80
350,22
347,92
343,82
350,31
348,67
346,59
333,18
203,28
226,14
124,54
315,38
337,58
337,87
360,96
357,61
358,43
353,96
353,22
354,86
356,57
402,53
446,25
393,37
372,58
356,94
352,32
343,68
208,56
187,26
192,18
164,91
147,41
260,41
358,43
538,47
538,62
538,02
532,28
528,11
458,77
459,51
517,09
534,44
515,90
538,09
458,62
408,93
366,18
357,31
348,52
331,09
330,80
325,66
279,03
234,93
280,07
268,45
325,66
458,39
382,86
458,32
460,55
460,63
533,77
538,17
538,24
538,24
538,47
538,99
538,54
538,17
499,06
424,65
353,22
339,74
334,24
322,92
315,03
315,77
323,59
339,01
347,05
360,68
374,91
363,59
360,53
358,97
358,60
358,82
361,20
382,13
384,96
393,08
360,46
357,93
352,19
349,81
344,37
314,06
339,21
328,41
317,09
302,27
309,57
336,38
341,74
389,40
383,66
376,14
372,35
377,48
372,79
366,02
372,20
394,98
411,22
412,63
383,14
361,17
355,59
351,87
347,55
318,21
280,07
0,00
218,48
222,43
298,46
304,71
334,72
424,08
538,02
538,09
538,24
538,24
538,09
521,49
460,72
460,65
538,02
538,39
538,09
459,01
424,16
355,95
359,37
337,26
347,99
342,78
330,57
318,36
311,80
330,79
302,42
363,70
354,02
411,72
414,70
415,67
354,84
352,60
353,13
356,03
411,12
445,74
411,42
355,36
350,07
349,03
346,80
328,71
343,49
330,83
326,66
317,81
321,23
326,44
319,82
326,89
331,21
365,08
387,71
401,71
352,57
351,08
349,67
349,52
335,08
411,16
411,61
359,64
355,92
352,94
349,74
342,30
330,83
305,37
294,80
279,24
263,24
331,50
320,11
394,93
372,30
363,81
364,48
362,47
363,22
362,99
362,47
382,72
409,82
446,00
409,89
359,64
356,89
354,36
348,85
332,92
325,30
303,27
280,49
256,37
263,00
326,64
342,28
351,88
355,45
354,11
352,99
352,03
352,70
352,47
353,22
355,90
357,98
357,83
353,22
349,79
347,34
342,42
336,25
309,52
321,24
294,07
262,95
220,29
225,21
329,51
340,53
349,83
354,60
353,03
352,88
353,03
351,84
352,06
352,73
445,65
446,46
524,26
524,19
445,50
411,25
411,18
341,87
334,42
346,36
316,21
294,69
295,96
309,14
327,23
425,44
628,10
668,23
675,90
663,84
669,57
537,27
524,98
529,45
524,76
524,98
689,60
524,98
524,24
445,46
345,32
342,12
336,39
315,92
300,95
289,62
274,20
287,46
333,21
358,02
350,50
445,27
351,84
348,48
346,99
346,17
343,49
342,60
342,82
344,53
345,58
342,52
338,87
336,19
331,49
328,37
162,95
310,11
19,08
0,00
0,00
0,00
134,37
110,67
312,27
318,09
321,74
325,99
326,06
324,94
321,81
320,25
326,73
330,38
335,53
335,00
331,05
327,70
325,76
325,46
309,59
210,39
221,41
174,63
164,20
256,28
221,86
278,26
304,33
304,93
304,48
322,14
327,73
327,35
319,46
312,83
320,87
248,53
414,74
345,83
336,37
330,48
328,40
334,95
284,22
0,22
0,00
0,00
0,00
0,00
119,27
283,25
427,85
412,58
393,73
393,96
390,75
388,44
394,48
427,56
394,70
428,08
506,75
506,67
506,38
505,86
428,08
373,99
326,09
317,36
308,64
283,67
283,67
284,79
254,91
396,34
427,11
428,38
421,90
427,11
407,00
406,77
406,85
406,77
427,11
430,09
566,53
428,38
406,77
406,62
406,32
401,85
325,70
327,48
323,09
319,07
316,01
319,14
325,92
362,80
526,69
559,46
505,90
428,80
406,75
401,98
394,75
394,23
387,45
406,08
406,75
394,01
347,37
331,28
328,08
325,25
317,73
310,13
302,68
293,81
213,21
207,84
310,05
321,67
332,62
361,08
342,68
338,58
335,16
332,48
334,79
331,43
331,43
342,01
428,20
329,72
327,26
325,32
324,13
319,36
309,90
302,71
294,89
285,80
267,47
273,58
307,33
316,27
322,61
329,09
324,92
323,43
320,45
318,81
317,47
316,65
316,72
317,76
318,73
317,76
315,38
312,10
309,57
305,69
294,07
297,29
273,67
116,08
79,57
162,80
147,67
233,06
285,66
294,38
301,83
310,77
311,74
307,94
305,18
298,63
304,07
313,75
321,50
321,05
315,54
309,58
304,59
297,73
288,87
296,50
223,40
273,92
272,28
267,51
280,25
51,49
249,70
271,98
289,87
297,17
308,50
306,63
300,52
296,57
302,31
220,49
383,24
428,32
394,79
355,96
320,79
316,69
306,26
394,19
310,58
307,01
306,26
311,10
375,11
492,03
506,71
506,78
506,63
506,63
506,56
506,34
506,34
506,26
506,04
506,19
506,63
506,34
506,04
427,50
394,79
315,72
308,94
295,30
292,99
288,97
287,11
290,09
304,47
332,19
507,07
507,15
507,00
466,69
444,03
429,58
429,58
429,50
429,21
429,65
507,30
507,07
429,88
429,58
429,21
428,01
300,97
295,97
292,84
287,10
285,38
289,33
298,80
310,27
514,29
514,44
514,36
514,44
514,29
514,07
469,58
445,81
402,22
458,40
514,36
514,14
454,75
464,07
430,01
402,82
324,65
297,09
293,51
289,42
285,69
289,19
296,79
304,84
315,42
314,08
311,10
309,54
308,05
308,72
307,60
307,37
308,49
310,43
313,11
310,95
307,97
303,65
301,19
295,60
284,57
277,49
268,40
229,51
183,46
190,09
279,80
294,86
306,55
309,16
308,12
308,12
306,63
305,21
303,28
300,00
298,81
303,80
305,59
304,47
297,84
293,74
291,13
285,54
276,60
285,90
282,10
248,41
36,37
0,00
249,90
283,37
287,91
294,40
302,15
304,91
305,06
300,66
297,97
297,90
303,04
309,08
369,52
315,94
309,01
305,28
303,79
301,11
297,97
294,88
291,00
290,26
286,83
282,80
284,82
280,87
279,67
283,40
290,85
303,00
303,97
303,30
298,01
291,97
290,26
287,05
326,77
321,70
313,58
306,87
305,68
301,96
290,78
281,83
283,40
281,98
279,60
282,13
266,11
340,85
464,56
489,89
476,33
436,31
435,94
394,73
373,35
377,67
436,39
436,09
455,17
457,40
435,49
395,03
395,18
306,87
301,81
312,58
290,30
287,77
282,92
286,20
303,64
318,24
501,17
497,89
494,24
456,98
434,93
377,40
360,04
352,14
344,32
343,65
338,51
321,30
312,73
303,41
302,07
292,83
279,35
282,07
274,39
264,78
264,33
236,24
284,31
330,66
334,09
348,17
359,87
347,50
342,36
321,72
313,22
314,11
329,09
321,79
329,17
316,50
306,89
302,79
301,89
290,49
278,64
279,83
270,07
264,63
262,62
231,84
305,77
316,20
404,36
437,75
476,95
516,07
516,07
516,00
516,00
492,08
437,00
437,38
516,00
516,07
474,79
438,27
408,76
406,60
404,06
346,00
345,85
323,42
290,11
305,38
387,50
428,49
516,80
523,35
516,87
516,95
516,80
516,20
516,20
438,62
438,25
437,88
474,92
516,05
437,36
344,43
378,86
342,64
319,09
344,04
319,97
298,36
273,92
275,11
280,11
306,04
345,31
393,00
461,85
458,87
459,69
433,98
345,83
290,46
328,09
305,44
444,26
513,49
513,12
410,14
357,83
388,00
316,10
284,94
280,76
279,05
269,81
268,54
270,18
265,49
268,92
273,46
307,14
328,45
330,32
323,24
284,49
280,32
282,78
288,89
365,49
433,29
405,57
344,47
328,16
340,52
291,64
339,78
295,67
290,30
283,37
287,99
327,63
417,35
511,23
583,06
511,83
511,68
511,68
440,82
440,82
440,67
438,73
440,22
493,87
511,46
440,60
438,96
438,66
417,87
403,64
371,11
348,31
325,28
306,50
303,15
384,53
417,91
541,47
602,58
624,04
626,72
624,86
589,83
534,32
512,18
464,49
440,79
533,50
440,57
438,18
417,69
417,54
417,47
372,61
339,55
325,98
325,91
321,21
322,25
324,12
411,39
438,44
440,23
440,01
440,38
440,23
438,67
438,37
417,87
417,80
417,80
440,90
440,53
438,59
417,95
417,87
417,28
377,70
372,88
327,79
321,08
309,23
311,32
356,71
417,53
440,93
438,77
438,47
438,55
438,32
417,75
417,75
417,68
438,70
440,19
564,88
564,88
440,41
438,40
438,10
417,68
387,42
380,48
337,55
320,78
308,41
314,52
343,36
417,89
586,40
648,34
631,34
613,23
594,08
541,31
477,81
438,53
417,52
417,52
438,76
574,70
507,03
417,74
417,67
417,67
393,29
417,17
400,48
350,24
372,82
325,72
367,31
337,12
415,01
438,56
516,97
565,94
440,73
417,99
417,25
412,25
390,64
381,84
440,35
425,97
417,10
332,87
304,70
289,72
287,33
297,88
288,19
286,55
285,35
285,35
288,93
276,04
282,67
281,48
285,13
289,45
289,08
287,96
285,50
282,07
279,09
281,25
317,41
320,09
307,34
294,82
291,69
287,81
284,39
281,78
282,30
281,93
282,67
285,80
297,43
329,19
440,48
517,11
517,04
440,78
440,03
415,14
338,58
325,91
321,21
329,41
517,26
517,34
517,11
440,18
440,48
415,21
333,73
323,99
290,52
323,69
331,82
337,48
397,87
421,95
532,88
579,02
581,56
586,92
584,32
545,10
532,06
444,01
443,12
442,52
481,44
650,29
443,57
442,45
442,30
436,48
404,80
415,78
406,61
394,61
381,94
373,81
397,37
419,65
601,16
574,25
575,74
577,53
615,17
573,20
561,80
479,73
441,42
441,42
534,30
704,99
609,51
440,90
440,53
419,80
403,55
345,27
328,21
279,62
271,94
267,99
319,71
369,64
420,02
440,37
419,80
419,20
415,18
324,41
290,27
287,14
285,73
290,27
304,73
305,18
293,70
280,44
276,12
261,14
255,47
247,13
245,42
239,98
241,77
246,31
249,59
263,90
286,48
290,58
284,02
282,98
276,57
266,36
258,24
252,35
251,75
252,87
270,68
276,42
263,90
251,75
250,71
249,37
247,58
241,44
239,72
221,83
220,19
216,54
216,91
240,91
239,65
239,80
241,44
242,78
242,78
241,96
240,99
241,06
242,18
251,05
290,18
283,25
251,95
244,04
243,45
241,58
241,44
240,10
229,88
224,14
215,87
219,30
224,82
149,83
189,63
227,50
233,31
239,20
239,87
239,13
237,19
233,09
229,06
204,54
280,35
321,20
289,96
280,27
319,33
280,72
241,21
251,05
208,27
216,02
219,15
229,14
184,86
358,02
536,25
536,47
536,47
536,47
536,47
536,17
536,02
492,49
459,02
457,91
493,76
536,84
536,62
500,39
441,88
390,52
280,27
227,89
226,10
224,61
224,68
225,50
229,01
234,52
263,82
263,52
263,37
263,90
255,99
247,79
244,51
238,40
236,84
242,87
280,97
281,86
272,69
234,15
230,50
226,70
223,86
209,99
207,83
183,83
163,85
174,28
217,89
222,51
227,96
230,86
229,74
228,48
226,99
225,20
224,45
223,33
222,51
223,93
237,35
245,40
235,04
226,24
224,82
220,65
216,92
214,75
212,96
211,92
212,66
217,73
230,18
367,56
419,44
419,88
419,51
419,51
290,56
246,28
241,73
238,16
233,91
241,51
532,59
532,81
532,59
532,29
492,26
419,51
290,11
314,75
292,84
261,85
256,11
255,96
332,41
442,99
539,04
539,19
539,04
463,56
330,32
327,94
247,24
236,21
227,35
232,93
251,04
264,08
249,33
226,00
222,20
218,11
215,72
211,08
208,55
206,46
193,64
186,94
191,63
168,76
247,74
211,08
213,98
216,37
215,18
212,34
210,26
209,07
209,66
212,79
237,08
239,76
221,51
212,64
212,34
208,62
205,19
0,00
0,00
0,00
0,00
0,00
0,00
0,00
58,33
200,17
204,64
210,01
212,39
212,02
206,58
199,20
198,61
202,11
166,05
290,39
230,12
221,48
220,66
213,73
209,34
202,86
191,83
195,93
204,27
211,27
223,79
265,06
455,18
455,25
455,03
454,95
454,21
420,83
455,03
450,26
327,79
311,32
421,73
455,85
485,42
489,15
454,36
420,61
350,14
328,45
280,77
289,86
313,47
283,01
387,23
455,02
533,46
533,83
533,46
533,01
329,64
275,26
255,15
245,91
244,34
250,90
303,57
358,10
312,13
275,04
289,93
256,34
240,47
235,47
228,46
218,63
221,24
241,95
284,18
379,76
595,78
632,50
642,86
640,47
655,22
453,95
453,58
418,79
261,09
261,24
303,92
365,83
280,16
237,63
230,40
213,57
206,27
204,32
203,05
200,59
200,96
203,27
223,76
234,26
238,80
252,36
255,93
251,32
243,94
238,36
236,12
234,11
232,02
236,87
275,37
444,23
444,09
444,46
439,09
409,38
328,86
367,51
331,83
323,26
321,78
290,49
351,79
419,05
527,35
527,20
527,06
527,20
504,19
372,35
320,81
234,26
225,02
228,67
320,21
419,13
332,58
324,75
414,51
414,21
324,90
356,50
317,68
292,57
264,32
258,06
280,87
295,92
431,84
449,50
463,51
451,81
449,88
290,11
222,07
199,64
200,01
214,47
411,42
463,59
370,14
279,23
215,29
198,97
191,74
198,78
189,62
179,63
181,72
185,37
184,47
168,52
83,18
274,51
198,64
200,50
368,20
280,92
222,11
197,37
212,80
311,71
416,95
480,75
545,22
524,28
446,32
446,61
327,95
0,07
67,38
182,91
183,58
191,33
120,08
336,45
431,71
445,05
290,46
236,50
229,94
227,63
221,37
216,15
216,15
215,03
236,43
249,77
240,08
229,49
220,10
202,88
198,93
198,90
198,68
197,33
197,93
208,14
231,40
234,09
411,07
420,09
290,45
290,52
230,14
279,26
260,70
224,32
278,82
217,69
234,31
241,69
279,26
324,44
365,15
338,98
222,08
194,81
186,76
184,08
184,00
190,19
208,23
217,85
218,07
223,52
221,13
221,06
219,71
218,45
388,21
336,17
327,45
290,39
401,26
340,57
338,48
330,20
280,92
200,40
195,33
0,00
169,22
170,56
170,56
176,82
181,14
187,18
223,64
224,60
221,92
220,80
216,70
212,90
213,20
210,07
206,04
207,61
223,11
279,17
290,20
290,05
408,06
204,33
190,09
323,84
321,82
299,01
320,11
290,65
343,67
419,80
492,58
522,55
522,25
522,55
453,43
440,68
419,73
415,70
388,04
388,33
410,03
440,98
440,83
440,46
410,85
407,27
347,55
322,17
319,26
290,11
290,11
290,56
300,17
283,32
336,63
409,33
419,39
419,39
419,25
419,10
394,27
392,33
339,84
334,62
358,41
440,27
470,54
419,25
402,69
380,10
342,37
316,11
254,83
235,37
123,46
174,61
279,95
11,85
31,54
178,63
304,93
290,62
337,81
306,79
279,58
181,91
181,09
181,69
191,01
417,58
440,99
349,74
295,54
283,31
184,37
246,55
29,67
27,96
33,25
129,05
183,11
270,71
335,42
407,96
327,45
230,15
224,56
220,83
220,76
213,30
196,60
184,08
210,47
227,32
224,11
214,49
216,58
196,45
184,30
195,95
196,39
191,40
222,20
259,20
369,22
437,24
520,11
408,82
379,51
408,45
341,62
327,37
328,12
320,21
280,98
413,97
423,59
520,41
520,93
536,89
520,03
470,13
422,10
338,13
299,34
268,68
270,69
270,62
309,86
351,70
428,31
428,98
428,46
428,31
428,23
396,01
333,80
337,83
281,21
280,54
429,72
555,41
630,60
553,85
498,95
429,20
398,47
387,09
313,55
298,70
251,94
265,81
373,14
394,62
280,88
314,81
394,17
251,64
242,84
234,79
223,75
220,39
213,90
213,98
223,67
236,20
226,28
211,67
209,95
198,84
195,56
222,17
205,69
199,27
193,98
199,05
205,84
194,65
283,47
389,67
418,38
418,76
418,23
386,31
313,08
280,56
195,47
199,35
214,41
229,55
224,55
216,43
216,05
209,19
208,00
217,77
218,66
215,90
193,53
194,05
200,17
189,20
194,28
195,47
196,89
197,33
196,96
195,92
195,32
194,87
194,95
195,10
209,04
223,29
223,14
219,26
223,88
381,84
311,36
223,51
223,29
223,66
232,31
236,26
251,10
173,24
200,32
216,57
255,73
225,97
290,11
223,44
217,25
208,59
199,50
195,99
218,81
249,76
252,74
236,79
235,37
229,63
222,39
223,21
223,44
223,29
221,12
221,35
223,14
170,63
222,99
230,52
274,67
290,56
290,71
280,49
211,88
205,76
208,22
208,30
259,76
335,90
414,28
413,54
399,22
235,67
221,42
205,84
216,43
212,70
211,95
191,44
258,49
281,23
414,65
451,27
464,77
460,82
480,88
414,28
433,52
414,06
319,04
281,08
374,08
447,32
492,74
402,35
363,72
344,18
240,44
290,66
239,34
280,81
280,74
283,80
361,14
451,46
562,45
532,31
414,25
436,02
546,63
414,47
414,25
413,72
399,18
487,79
498,08
576,17
612,27
531,34
454,67
414,39
413,72
357,96
340,35
282,92
272,10
297,24
349,38
400,47
537,72
545,25
528,77
545,25
562,26
469,47
431,95
430,83
421,28
406,96
446,87
528,84
528,17
422,33
421,06
422,18
346,17
400,39
381,30
369,52
350,58
351,70
395,40
426,35
533,06
560,28
555,21
552,30
426,87
405,54
308,96
290,32
244,23
239,31
258,78
310,90
290,47
252,59
257,36
219,33
204,93
208,60
222,25
208,23
198,91
205,10
209,05
194,96
212,85
222,70
223,59
223,29
222,17
208,08
196,83
197,57
200,63
212,33
371,06
426,83
427,80
426,01
404,98
279,43
211,89
228,52
200,63
0,00
174,24
173,64
234,56
44,88
108,70
243,43
192,21
198,99
204,14
198,17
193,55
186,02
183,04
183,34
196,08
278,99
398,88
402,01
390,31
352,21
290,85
212,49
193,33
181,70
179,98
205,70
317,54
390,23
458,30
522,87
524,14
524,28
524,21
438,62
438,77
438,25
422,07
401,79
405,14
401,86
438,77
438,10
438,32
419,83
401,12
398,16
349,47
342,39
335,38
348,88
396,45
441,26
685,82
766,72
787,90
803,33
768,73
558,47
430,00
396,00
279,83
308,39
343,58
283,11
316,52
345,37
318,90
275,88
313,46
325,19
291,12
254,74
246,76
280,53
358,44
415,02
513,50
415,69
415,24
415,47
415,32
384,98
384,83
384,83
384,16
373,35
384,38
392,51
388,85
415,84
415,69
396,31
321,91
353,45
345,85
342,57
279,70
301,40
346,07
396,40
509,15
505,05
438,53
509,08
509,08
409,53
402,29
398,79
388,87
388,72
389,02
396,48
389,02
509,15
477,83
409,83
388,35
394,10
384,04
367,63
351,15
362,11
390,52
394,92
514,91
514,68
514,46
514,38
514,16
394,85
394,62
394,10
384,04
352,27
384,63
384,71
384,33
384,41
384,71
384,18
309,84
382,02
359,28
319,16
325,13
317,74
322,66
280,38
324,38
391,87
399,62
399,62
399,62
399,10
388,73
373,74
309,17
315,73
315,88
388,14
388,14
396,64
396,19
387,99
320,35
307,76
278,38
247,21
245,79
233,63
246,61
211,86
212,75
259,14
343,11
370,62
418,87
397,02
329,38
311,79
275,10
285,98
304,25
312,90
385,24
425,73
388,59
419,17
313,28
387,25
341,54
311,64
310,00
340,79
388,15
397,47
518,20
518,35
518,80
603,96
518,87
518,65
518,65
518,65
518,20
418,05
432,67
477,41
418,57
418,65
517,90
418,27
387,18
395,28
384,99
344,71
348,74
381,26
395,50
415,49
515,21
515,43
594,04
594,86
833,14
515,95
515,95
515,88
515,58
515,06
515,35
515,35
515,21
515,13
515,21
415,71
395,88
408,29
395,47
379,43
387,19
388,45
428,14
529,05
529,72
529,72
529,80
529,87
529,65
529,43
529,35
605,06
529,05
408,97
428,43
428,06
423,06
442,53
428,43
428,28
408,44
407,44
388,04
373,65
372,98
346,12
407,81
428,77
854,56
974,36
1097,29
1114,67
1084,61
967,57
700,45
924,90
582,06
428,85
476,89
430,49
429,00
571,40
504,64
428,55
407,36
387,99
385,23
350,10
306,01
318,77
407,17
427,23
528,17
535,63
535,55
528,39
528,02
407,91
407,39
407,24
407,09
344,73
407,17
407,32
407,24
407,39
407,47
407,39
354,65
360,82
334,71
319,34
311,28
317,33
320,68
319,64
342,91
369,32
416,24
416,76
416,46
416,24
346,12
323,37
319,34
324,12
345,90
388,49
399,98
416,61
416,17
415,34
328,07
363,88
322,19
247,39
238,44
214,42
219,72
205,32
247,01
235,38
322,64
321,29
357,39
324,87
306,45
277,74
286,02
258,05
250,44
358,36
339,34
419,00
419,37
364,33
350,83
327,26
294,82
271,62
240,52
278,11
363,21
419,00
578,67
603,58
548,77
545,71
540,19
455,02
539,97
440,77
419,74
419,59
419,82
419,67
419,44
419,67
419,82
419,67
406,91
419,19
358,93
364,15
339,61
358,71
419,63
440,37
599,51
730,16
599,66
599,73
599,14
440,81
440,89
440,66
440,29
419,86
440,14
440,07
440,07
440,37
440,59
440,29
419,26
414,51
397,36
364,39
363,87
367,30
420,63
440,76
440,84
441,73
440,99
441,21
441,06
440,61
440,84
440,54
440,17
420,92
440,31
440,09
420,92
440,09
440,39
440,17
420,33
369,58
340,86
339,22
331,68
329,45
369,66
428,30
428,52
428,97
428,30
428,30
428,15
428,00
414,79
411,66
351,60
338,25
414,57
414,64
414,64
428,22
428,52
428,30
333,85
365,73
340,73
330,07
331,41
342,45
366,18
410,19
462,64
524,12
524,05
470,40
473,09
411,39
372,89
358,19
344,76
337,08
411,16
444,44
444,66
523,97
507,11
444,96
367,22
402,37
346,71
330,82
323,36
320,08
324,63
305,53
367,23
446,17
424,23
379,39
373,35
343,28
333,73
328,96
316,12
326,57
332,76
345,74
338,21
379,39
424,53
436,77
368,57
346,76
339,23
327,52
324,53
329,01
329,90
241,65
321,03
373,25
373,10
422,12
427,26
439,57
401,08
371,23
321,47
276,04
284,10
358,18
341,77
445,02
445,62
440,69
342,66
327,37
280,96
240,23
216,65
233,29
330,72
414,13
524,77
618,03
524,62
524,25
524,03
410,03
379,66
373,85
373,70
358,85
365,64
359,52
379,07
394,29
470,38
413,24
371,61
315,99
235,56
221,68
222,28
293,24
339,05
373,67
424,78
443,51
423,14
393,89
376,81
364,87
376,66
372,18
371,14
358,23
373,08
374,57
379,49
424,93
425,01
424,11
377,25
371,14
345,92
336,15
298,09
315,26
374,58
433,15
603,43
664,84
652,67
593,80
641,18
463,89
544,03
453,00
452,70
453,00
464,57
458,00
471,58
554,18
518,74
465,76
432,11
344,43
328,39
313,32
312,79
316,30
377,41
433,23
545,67
635,59
532,24
533,51
623,05
433,90
433,97
433,75
433,23
433,15
433,45
433,38
433,67
433,97
462,85
432,03
412,71
366,11
330,07
318,50
311,04
315,89
360,59
429,84
498,79
559,17
579,69
607,00
597,00
506,63
452,68
431,93
431,48
431,33
431,78
431,93
431,71
472,08
468,57
460,59
373,50
349,50
342,71
313,46
305,03
280,18
316,29
308,76
367,55
400,23
443,44
452,32
432,84
432,62
417,84
336,07
321,37
321,52
343,15
368,90
347,71
383,82
409,26
412,70
333,01
329,14
277,95
184,75
169,98
156,18
139,31
104,61
151,03
186,32
261,69
248,10
251,31
281,24
239,75
200,27
198,33
169,16
198,26
243,11
257,88
295,79
378,46
355,11
243,40
164,16
138,04
119,24
118,27
123,79
159,38
283,25
387,42
506,95
533,00
533,15
453,08
380,40
351,53
352,72
343,84
347,12
418,23
434,05
386,22
434,50
503,82
468,68
339,06
323,53
283,76
246,60
229,44
246,08
336,36
433,36
454,03
545,73
597,52
603,78
627,96
453,96
479,33
453,73
453,06
433,96
450,97
437,84
453,21
453,21
453,73
453,21
402,62
380,81
298,74
224,20
224,05
239,05
359,32
436,10
542,79
479,37
557,19
557,19
456,91
434,68
434,08
436,02
387,90
385,29
436,02
421,02
384,47
385,73
436,17
434,45
336,49
219,03
100,15
49,85
33,81
39,10
40,60
54,40
70,30
224,03
316,26
319,70
321,49
346,34
281,19
231,86
220,59
222,24
290,44
347,61
341,04
393,80
410,00
418,13
376,71
221,98
169,60
73,79
66,93
107,97
215,11
352,92
451,34
550,13
555,20
555,65
555,58
555,43
532,52
489,54
465,29
468,87
476,78
512,15
500,73
468,95
555,35
531,33
434,78
206,32
225,50
136,41
103,50
120,06
182,15
163,04
336,31
352,13
409,29
436,83
446,97
440,33
380,64
360,64
328,92
329,07
345,57
358,77
358,33
403,32
409,14
436,15
337,06
84,24
52,38
58,43
54,17
43,05
27,38
22,68
71,86
347,05
381,67
460,17
451,59
392,64
372,34
288,25
266,98
267,95
368,76
432,71
437,11
440,92
451,22
450,99
398,46
231,84
164,61
126,40
164,23
98,72
342,57
460,32
554,19
546,73
548,07
570,01
607,17
615,97
582,47
571,87
499,64
501,21
490,17
493,22
461,66
497,18
485,76
460,09
426,44
348,56
281,10
182,45
127,38
162,83
294,98
440,20
536,54
614,52
614,07
614,37
615,49
589,82
584,52
556,24
501,62
477,74
478,11
477,74
461,84
461,99
497,44
455,65
394,16
318,11
247,07
216,62
162,82
216,47
377,95
467,35
583,60
627,03
617,85
628,30
628,82
620,09
597,26
573,90
515,03
477,87
477,79
477,34
475,03
476,00
492,19
487,27
437,27
281,24
221,54
162,74
107,82
94,09
263,70
356,23
449,36
449,50
449,50
449,58
449,65
449,43
449,50
434,51
449,13
433,76
430,78
434,51
420,63
449,13
449,50
406,45
345,49
374,58
313,54
224,23
134,91
118,49
330,04
462,63
544,26
621,87
624,85
629,33
655,97
623,96
567,99
532,62
483,97
475,84
475,91
475,91
475,32
473,23
475,09
465,69
373,31
306,96
280,77
68,94
61,33
150,12
164,82
218,69
374,71
456,26
417,24
454,99
456,71
423,50
429,47
403,36
401,19
396,42
444,69
462,97
448,42
447,08
380,38
378,74
315,61
67,09
47,24
22,91
20,82
17,91
17,01
10,15
53,88
134,84
163,28
235,73
341,25
323,34
222,68
263,49
164,10
161,41
201,11
219,91
231,03
231,33
263,94
266,11
258,27
189,24
102,83
56,27
52,91
43,73
56,79
145,89
226,11
267,00
298,19
336,25
324,09
314,98
292,07
261,03
250,21
238,35
261,70
267,90
251,55
258,34
313,72
295,51
208,72
215,44
142,53
61,79
55,52
62,46
170,89
389,91
567,06
626,53
648,70
650,26
650,49
650,26
638,85
640,12
584,52
530,64
507,51
504,38
489,30
490,27
510,72
500,20
429,46
366,91
305,72
283,11
244,76
316,32
416,53
480,19
626,67
541,75
480,93
568,09
481,01
480,93
558,84
584,28
480,86
480,78
480,71
480,71
480,56
480,71
514,96
515,48
445,86
349,60
298,11
242,44
202,07
221,92
331,54
484,44
586,07
596,89
596,89
616,07
658,01
596,89
596,89
596,74
596,37
572,04
562,19
563,16
551,67
534,36
519,96
507,12
449,67
411,42
375,08
298,36
253,28
298,13
387,69
483,14
594,48
594,70
594,70
594,85
594,78
594,63
594,25
483,96
482,91
482,69
483,36
482,84
476,49
442,61
457,61
428,88
348,66
343,06
316,05
289,71
280,16
277,63
273,45
279,34
368,80
409,54
486,02
493,48
503,48
504,74
484,52
443,04
427,22
417,22
463,26
477,14
482,36
449,83
448,34
474,30
372,46
336,68
281,70
278,72
247,16
223,81
238,06
123,17
223,51
281,92
361,68
448,51
470,60
492,31
432,55
372,19
318,70
298,26
381,07
425,39
438,29
447,17
485,96
492,16
421,21
377,64
306,54
278,34
201,88
231,34
292,82
375,40
572,35
572,35
572,28
572,28
572,21
572,06
571,98
492,83
492,38
492,23
492,60
537,07
518,57
501,48
522,30
522,82
455,68
310,75
281,43
247,18
248,75
224,43
294,11
481,23
570,17
599,19
577,41
570,69
570,54
570,39
570,39
570,24
509,88
490,71
505,48
490,49
498,10
486,16
485,34
475,94
383,50
379,18
328,61
299,90
284,53
270,21
308,40
469,13
592,19
614,34
614,04
614,19
614,94
592,79
592,79
596,07
592,79
592,04
592,19
578,17
561,98
513,73
521,41
491,35
472,48
470,05
366,75
325,05
316,25
286,42
371,82
470,05
490,42
490,49
513,31
525,85
572,31
490,71
496,08
490,79
490,57
490,12
490,57
490,42
490,12
490,04
471,02
470,58
431,86
377,65
359,37
314,40
303,06
305,97
348,11
417,41
490,80
571,36
598,29
598,21
596,79
521,46
498,41
478,79
478,27
457,31
478,35
472,23
440,30
410,84
417,33
417,11
383,24
382,71
330,11
265,73
188,00
156,14
165,39
226,27
339,59
416,13
452,31
452,83
485,21
492,52
432,24
408,97
398,15
382,19
380,69
380,02
398,52
392,93
391,51
402,33
354,43
155,01
123,75
102,27
83,40
74,60
61,84
45,20
66,84
190,44
248,10
271,38
312,11
320,01
235,27
162,84
157,02
163,06
222,59
258,77
298,16
306,96
333,07
373,20
291,74
225,58
149,94
122,41
101,30
93,24
180,37
378,35
556,55
591,02
576,84
591,02
590,94
520,52
510,90
510,90
510,90
510,83
516,72
510,75
486,51
448,09
446,23
486,21
420,34
385,29
345,46
269,97
245,13
293,46
330,24
407,75
525,54
594,02
591,70
591,55
591,78
591,18
591,11
591,03
518,30
510,77
510,47
492,71
476,45
431,84
422,00
406,85
366,12
369,37
277,85
244,95
162,98
133,07
223,70
405,17
492,67
558,90
521,31
504,23
492,22
492,00
492,14
492,07
450,52
439,71
440,75
429,34
411,21
405,40
411,36
418,15
373,17
320,98
234,38
223,86
172,39
160,53
316,66
402,37
615,11
615,86
639,73
733,72
871,05
750,50
702,39
671,80
615,78
573,49
565,21
551,26
516,79
493,97
485,39
495,98
394,09
385,56
321,11
263,08
208,63
223,10
313,28
429,86
586,95
619,10
619,47
619,32
600,00
599,93
599,63
599,11
528,62
518,70
508,18
491,03
493,19
464,47
470,74
485,88
348,26
388,60
338,55
289,10
228,24
224,51
230,40
318,71
421,50
411,65
432,98
482,81
539,72
529,80
426,72
410,76
405,09
405,46
415,46
417,54
413,96
414,41
413,81
437,53
411,80
348,38
238,22
193,84
133,73
93,30
59,00
88,83
191,46
297,81
376,87
410,29
422,89
476,29
446,98
350,62
333,76
350,02
372,40
401,41
408,20
410,14
447,65
560,05
417,89
224,42
223,83
238,97
223,83
183,77
305,20
427,81
563,93
611,22
626,73
640,75
707,88
670,88
704,45
685,87
623,97
611,44
601,37
564,68
550,28
541,11
519,63
584,66
434,15
423,49
391,64
324,59
316,68
328,47
391,27
501,13
655,15
863,24
910,22
982,50
746,51
621,81
621,66
621,43
621,21
608,16
621,14
621,06
603,01
560,42
544,69
546,03
447,35
409,45
392,74
310,78
221,73
284,30
380,06
447,49
519,38
519,61
598,44
598,59
598,81
598,51
745,36
708,00
598,74
598,07
591,28
553,84
519,75
519,23
505,66
519,23
447,64
398,13
350,03
291,18
281,04
272,61
345,78
434,53
560,06
625,32
625,40
625,40
625,25
625,25
625,25
625,25
625,17
625,17
625,10
601,68
560,06
523,66
518,29
507,77
428,42
402,83
360,02
286,18
267,76
224,20
312,51
381,12
552,37
611,29
611,29
611,29
611,22
611,14
611,07
523,95
523,73
523,51
515,52
522,91
503,96
503,14
485,32
503,37
404,69
476,89
431,39
402,59
386,63
372,46
372,31
381,56
438,92
505,39
602,96
618,33
618,92
618,70
598,78
553,28
521,58
484,20
521,20
528,51
527,17
525,01
520,23
574,69
457,35
424,89
411,39
377,97
305,84
255,04
167,76
242,73
343,66
372,60
433,55
473,75
541,71
546,56
460,33
434,59
417,14
417,73
438,77
474,95
481,14
480,84
480,84
543,50
452,05
411,54
394,23
372,68
316,13
297,48
350,89
536,11
629,81
609,74
629,73
666,95
735,66
727,97
1007,63
1033,66
629,95
617,87
629,36
609,59
609,44
609,44
609,07
609,44
571,40
408,08
366,16
340,95
316,71
333,42
366,91
436,50
509,97
509,90
514,37
545,78
550,40
516,09
509,82
507,58
458,50
438,29
433,74
426,88
423,52
410,17
412,04
435,90
408,38
365,82
315,17
258,33
220,73
208,42
268,84
392,60
474,58
511,73
605,94
581,77
590,95
631,38
631,38
631,31
514,56
468,02
510,98
511,50
511,58
511,88
511,58
522,77
473,09
401,03
355,46
328,17
291,69
283,12
335,40
497,32
611,36
596,74
624,04
635,00
635,30
635,22
635,52
635,22
624,78
534,76
608,00
534,83
534,46
534,09
514,77
514,25
426,91
421,57
372,35
348,49
326,04
307,92
379,96
502,71
549,84
639,03
539,70
639,03
539,10
519,86
519,56
639,18
639,11
576,61
519,94
519,79
519,64
507,63
511,21
519,49
460,35
419,92
391,89
315,02
246,12
192,89
196,39
263,64
388,23
499,40
605,13
619,59
619,74
619,59
537,58
521,32
437,37
436,55
442,07
454,67
474,80
447,66
445,05
559,27
439,98
413,60
375,94
242,89
185,69
176,22
175,63
168,17
287,57
397,49
409,35
414,79
522,11
462,00
417,40
399,88
396,82
397,49
439,10
489,67
504,21
491,01
500,40
552,53
482,51
425,01
375,04
335,89
280,48
268,92
339,10
448,50
618,76
645,75
746,28
812,95
887,16
808,85
740,76
730,99
639,04
578,49
580,95
542,84
532,77
532,99
542,69
526,06
461,70
459,76
407,93
343,65
324,11
309,86
372,43
534,64
606,97
653,58
746,21
803,56
900,21
808,70
745,83
698,63
677,08
615,03
610,33
608,09
558,87
551,64
546,87
546,12
488,85
446,37
397,67
339,19
287,36
334,94
350,16
437,12
545,34
620,07
641,84
680,92
670,71
646,39
634,98
620,81
555,85
545,63
545,63
545,11
540,94
545,04
545,26
545,04
490,22
422,93
392,87
358,03
330,36
296,50
372,28
503,03
581,58
633,87
652,74
682,35
712,33
652,51
643,86
625,88
570,76
566,73
556,89
554,13
551,82
535,11
525,56
530,26
420,24
420,14
356,59
321,76
217,04
201,23
296,70
417,90
666,42
664,48
664,93
664,70
664,40
664,03
571,99
473,32
432,15
427,52
531,72
532,91
417,15
561,85
553,27
574,08
521,50
485,84
423,49
381,58
332,96
258,69
222,37
279,35
350,19
467,04
559,81
644,08
604,03
467,49
460,33
418,72
477,93
474,13
524,09
556,16
551,98
499,93
503,51
555,41
483,00
425,77
384,61
333,08
248,75
209,30
102,15
47,27
227,80
271,42
384,01
420,55
440,01
431,43
406,90
399,37
371,86
332,63
372,75
395,49
409,14
401,16
432,33
466,48
417,04
280,59
205,35
133,40
87,46
98,20
171,13
373,05
544,85
544,32
544,32
544,18
544,18
544,18
544,40
544,32
544,40
544,55
544,85
544,47
566,99
496,75
447,91
469,46
422,49
413,30
350,95
313,22
240,13
240,28
348,72
493,92
667,23
667,98
667,98
996,26
1193,51
667,98
876,64
875,52
802,51
667,83
667,98
667,60
663,13
654,18
618,46
652,99
509,58
426,85
402,09
378,15
371,28
342,72
398,73
479,28
634,05
661,49
767,78
1133,69
1281,74
985,04
1126,16
1077,45
920,53
708,93
639,86
633,97
589,74
580,79
577,21
575,20
497,18
501,56
423,40
378,13
346,21
335,47
379,32
530,49
625,96
666,83
770,35
678,46
677,87
591,73
591,65
591,87
591,58
591,35
649,53
650,35
603,96
584,86
581,21
573,15
502,38
491,50
414,38
357,18
351,58
354,27
388,95
534,16
636,94
683,85
892,53
1067,58
1325,34
921,92
857,78
721,07
589,50
589,13
586,30
566,98
566,38
534,09
552,06
566,16
528,50
428,34
410,88
373,59
348,90
312,81
261,72
333,61
409,76
544,02
585,26
607,19
635,90
598,09
536,41
543,34
476,96
498,15
502,17
574,82
514,85
480,10
479,43
521,04
481,14
415,45
378,31
298,82
178,90
126,48
89,04
101,12
187,55
358,70
398,37
435,21
474,14
505,24
475,78
439,76
424,77
413,14
425,74
521,35
495,62
460,79
500,62
576,76
481,38
405,83
370,86
359,60
334,91
307,62
358,70
456,09
705,69
709,12
713,67
713,82
713,75
713,67
713,60
713,67
713,37
713,15
706,66
693,91
693,76
633,58
609,05
675,34
483,69
451,21
417,95
387,67
372,53
370,96
409,74
470,75
626,17
653,99
753,85
935,38
1019,14
825,60
827,32
874,82
724,84
737,89
723,95
704,48
602,61
594,18
581,50
581,20
473,14
480,84
443,55
418,05
401,87
400,00
426,03
533,49
663,62
750,49
1069,21
1146,10
1379,13
1083,23
1035,95
1140,43
978,53
756,31
689,79
621,78
596,73
591,58
561,08
577,78
484,35
451,63
396,53
350,38
251,21
249,86
395,49
465,35
629,32
652,06
652,81
1156,79
1265,80
939,51
845,26
1029,65
863,67
634,84
657,51
626,64
612,17
574,14
512,11
609,41
448,28
431,72
428,07
345,67
278,19
253,96
366,63
473,03
618,13
690,38
706,04
706,04
706,26
706,04
706,26
706,78
636,62
682,85
648,77
624,99
603,89
603,89
593,67
596,80
486,60
506,68
445,01
377,44
360,58
261,32
252,60
281,76
422,93
461,71
520,63
570,37
570,97
570,07
514,89
537,11
516,53
476,40
486,85
485,20
479,76
491,39
465,07
497,66
483,64
436,55
304,58
245,53
240,46
198,33
158,59
186,78
211,98
410,01
436,18
469,66
543,62
471,90
457,80
438,19
435,29
431,86
458,10
476,89
488,45
474,88
470,41
566,37
474,95
449,98
280,87
220,92
234,94
234,12
102,89
596,94
597,16
604,02
657,93
717,72
768,65
630,26
737,86
707,51
638,91
634,44
663,74
618,48
601,86
589,63
501,65
548,55
491,28
439,22
374,86
358,09
307,60
266,59
340,71
502,38
583,29
618,26
652,04
707,52
707,45
707,45
707,22
701,55
618,11
606,10
618,19
606,33
582,09
530,04
532,43
540,41
462,71
451,43
396,99
309,13
275,05
249,47
299,74
472,91
573,07
611,33
632,81
678,31
712,24
656,75
656,98
632,74
632,59
611,41
611,56
611,18
608,27
587,54
587,62
587,62
484,77
442,84
424,19
361,82
332,80
310,05
386,22
451,12
596,00
594,81
594,74
594,96
594,96
594,88
596,08
596,23
594,96
594,81
596,00
594,81
574,52
573,32
554,60
573,40
488,28
466,78
418,14
384,57
353,69
295,87
372,19
448,06
587,94
656,42
693,43
693,50
693,28
597,94
597,34
597,11
587,64
587,19
587,57
587,49
566,38
547,21
545,79
558,17
509,01
448,21
432,54
383,67
296,22
265,63
261,30
267,35
410,46
455,08
507,61
557,82
577,45
567,60
496,64
472,98
471,42
481,27
486,71
517,68
512,16
465,97
464,85
485,52
461,72
429,38
373,05
269,19
260,91
240,69
197,72
124,37
235,69
360,14
456,31
500,11
523,09
506,53
489,89
487,28
479,82
467,13
485,86
498,84
503,69
487,20
504,21
579,87
542,41
397,22
310,83
220,55
237,41
238,53
178,39
460,42
581,36
603,30
603,22
603,37
614,49
579,57
579,57
579,05
565,47
546,67
551,14
513,32
508,39
488,70
481,38
513,39
465,19
433,50
358,53
297,13
273,04
268,41
293,03
461,03
628,06
647,45
692,44
692,29
603,81
579,87
579,72
579,57
579,34
579,12
579,87
579,42
530,26
517,13
507,65
522,87
444,47
349,20
296,31
264,68
243,05
238,20
270,57
358,38
545,33
596,65
637,08
682,07
682,14
572,85
572,85
572,63
572,56
572,41
572,48
572,18
536,30
492,81
492,88
514,44
454,16
444,35
410,41
294,14
271,40
259,84
277,51
414,96
524,67
587,76
675,25
675,55
675,47
675,47
675,32
675,47
667,42
633,78
587,54
564,72
564,57
557,56
504,24
560,02
481,19
445,47
421,97
361,63
311,43
308,82
409,74
463,89
539,01
563,62
571,08
577,50
569,14
564,00
563,48
559,15
545,80
535,28
539,01
536,70
518,05
514,77
501,64
529,46
465,61
481,35
453,29
413,83
329,00
271,86
231,42
258,13
302,37
445,61
487,69
518,42
535,81
523,79
518,05
495,97
481,20
428,82
446,50
461,87
457,70
444,42
439,94
501,41
456,87
190,18
66,40
72,67
62,30
33,80
23,43
14,33
50,96
159,44
283,59
350,74
403,04
382,90
307,84
257,78
244,50
256,73
303,81
365,22
417,29
347,16
310,15
419,61
350,07
186,45
82,59
79,83
44,47
35,81
20,00
337,76
469,74
497,50
518,91
525,85
537,79
526,08
525,25
525,25
519,43
504,21
485,64
481,76
470,34
469,37
450,42
493,47
431,69
421,80
373,75
294,58
276,00
276,45
356,51
433,07
490,74
579,53
626,17
626,32
626,39
626,32
626,24
614,75
571,92
560,06
562,22
562,52
540,96
515,44
485,82
498,43
450,75
419,32
365,30
287,55
231,30
212,94
292,26
365,15
509,15
562,05
562,80
625,99
625,99
623,98
562,72
562,72
562,57
562,50
562,28
550,19
534,82
498,56
489,08
507,96
448,34
417,17
351,21
303,76
276,52
265,41
327,71
434,71
562,30
562,75
613,34
613,11
613,04
562,90
562,82
562,90
562,67
562,52
547,75
533,12
512,16
484,77
481,57
490,00
448,96
426,01
389,81
309,00
262,51
260,27
315,72
413,92
470,26
511,45
521,52
535,47
535,25
526,37
515,40
511,97
511,89
483,09
511,37
511,45
511,00
482,19
482,27
506,22
471,52
445,62
419,43
365,41
319,52
312,95
305,86
307,58
365,11
522,11
523,45
582,25
607,92
569,72
497,19
489,50
458,53
448,31
458,83
473,38
470,10
461,74
458,98
483,31
430,63
397,88
338,04
294,61
165,74
148,80
114,02
165,21
198,94
320,65
349,98
420,05
445,64
450,12
427,81
408,63
371,99
381,99
411,32
432,43
440,42
450,49
466,98
498,25
431,32
410,12
350,57
322,96
313,93
278,71
317,59
455,27
524,67
546,01
611,23
643,99
646,60
646,23
644,14
646,23
626,53
596,23
605,11
572,20
535,71
522,88
522,50
531,08
491,98
448,62
386,08
316,46
304,08
297,51
392,05
426,60
535,32
597,26
646,28
646,43
646,73
646,81
643,97
643,37
574,57
545,47
535,03
535,40
524,06
512,94
511,89
522,27
454,96
452,26
416,44
387,34
315,34
309,96
402,27
450,62
512,85
528,89
592,09
592,24
592,24
592,17
592,09
553,59
516,51
528,97
592,17
592,17
528,89
523,00
517,77
528,52
497,78
411,45
403,54
384,21
337,05
319,29
365,63
433,24
506,51
526,36
551,81
560,16
568,45
570,61
570,16
555,54
532,11
509,57
553,90
554,42
525,09
521,81
523,23
523,90
484,58
448,18
417,29
348,13
328,13
326,34
403,94
448,33
505,48
524,88
542,86
555,25
552,11
539,95
524,96
518,46
522,12
524,58
518,76
532,49
518,02
507,20
516,23
524,43
501,83
433,18
329,34
299,06
279,51
209,84
197,16
298,98
406,47
456,53
489,87
512,77
516,43
506,36
487,63
487,19
469,73
459,96
470,92
499,64
495,84
474,65
468,46
508,97
454,36
303,88
297,69
276,73
244,21
161,49
147,76
139,41
198,26
278,30
350,65
393,91
427,03
420,69
315,66
303,73
297,61
306,79
405,25
471,71
473,65
461,41
508,18
526,08
459,62
233,77
314,32
294,03
281,13
283,14
301,64
421,88
510,34
523,70
548,76
565,02
604,33
600,52
562,63
552,49
543,16
508,41
501,47
498,86
504,23
507,36
509,97
512,51
451,12
311,31
224,47
179,56
152,86
149,42
149,42
332,42
477,14
476,84
516,38
544,06
571,59
548,01
533,24
516,01
513,55
489,38
513,55
513,92
513,84
513,17
515,26
514,96
469,98
323,80
316,26
298,66
279,56
279,85
283,44
433,99
486,97
592,31
621,48
662,52
717,06
699,15
655,13
621,86
617,08
582,61
563,74
554,34
518,97
497,04
509,87
511,14
471,22
445,12
366,78
352,08
320,08
321,12
377,90
419,01
488,25
492,95
526,97
553,76
610,01
609,12
597,63
593,82
538,16
497,35
493,47
493,10
488,92
483,25
488,17
488,47
424,75
303,50
280,75
278,36
275,37
257,69
192,26
372,89
464,20
488,00
511,21
522,70
579,32
528,67
504,34
489,35
461,52
445,48
444,51
447,19
434,59
438,47
444,96
421,01
332,52
382,40
309,66
290,34
278,26
278,26
281,47
280,50
320,18
427,23
474,61
488,56
527,42
497,13
482,07
469,46
456,93
465,73
472,29
477,44
465,35
461,92
484,38
491,24
466,77
334,28
242,75
303,62
280,94
269,60
248,34
245,73
259,46
254,98
246,70
356,51
412,84
341,22
326,00
298,92
263,93
279,08
303,85
335,63
331,67
330,25
393,74
355,92
329,88
42,97
50,21
261,85
252,37
221,79
200,38
313,39
497,28
501,83
522,57
522,13
539,06
525,56
578,15
572,63
522,13
530,26
540,85
535,93
536,67
532,94
557,34
501,09
483,11
398,89
380,09
330,11
320,41
321,30
328,17
510,11
573,75
594,86
620,30
632,46
632,98
632,24
623,58
623,21
568,38
550,25
546,37
537,27
524,21
523,10
528,69
510,11
385,53
204,60
213,25
225,71
235,48
227,28
204,67
382,65
511,09
495,35
498,71
511,61
528,02
547,79
520,56
508,41
490,58
460,44
455,22
444,11
442,92
421,81
445,15
400,85
279,71
15,07
0,60
10,74
6,49
12,31
114,27
328,64
514,00
484,16
520,27
529,74
563,23
527,20
558,90
548,01
540,55
535,03
560,32
571,81
571,36
558,83
571,58
543,98
463,50
424,22
321,65
317,55
315,16
347,98
424,59
467,70
546,03
535,73
556,77
580,19
606,15
563,48
553,79
535,66
526,78
517,83
512,91
517,76
500,23
528,72
533,79
498,59
444,88
369,66
324,09
301,12
265,16
235,70
243,53
279,11
327,37
449,47
488,11
518,47
531,22
512,43
494,67
473,94
462,30
470,28
489,08
489,53
497,66
475,65
487,96
494,90
396,07
119,63
327,42
279,91
261,42
222,26
162,97
102,03
53,25
235,09
280,51
426,10
456,16
453,84
387,02
319,44
290,65
292,29
345,62
445,94
455,04
464,29
492,55
474,50
356,88
278,87
319,14
303,33
290,80
282,45
328,17
446,16
562,07
553,11
596,15
624,04
659,02
640,68
618,82
611,44
574,37
546,70
551,25
557,52
550,80
534,17
536,18
522,24
473,31
438,88
347,65
337,21
334,90
314,69
373,31
484,52
536,96
556,72
587,98
626,91
659,21
589,32
581,71
556,58
547,63
540,02
546,73
546,88
536,74
541,66
547,40
525,77
436,19
240,10
169,54
312,82
298,72
319,01
198,63
503,61
531,06
538,15
558,88
579,02
597,07
585,28
578,72
557,76
537,32
524,42
525,99
531,28
526,81
527,55
531,21
494,51
405,16
335,71
313,26
350,70
350,62
351,00
251,13
496,36
556,55
584,37
599,96
642,62
664,10
653,96
644,86
636,06
598,99
578,26
585,19
606,15
596,61
607,35
614,58
559,24
516,50
429,64
378,40
356,02
350,65
354,23
377,50
540,78
618,65
615,44
660,42
672,65
693,54
672,58
642,59
587,69
570,54
561,66
589,26
563,60
551,89
553,76
551,00
516,31
477,75
462,33
424,73
408,31
401,67
401,15
399,36
410,63
425,10
494,78
548,50
579,23
624,07
587,66
553,79
532,68
514,18
498,06
508,06
522,16
511,12
542,45
544,91
518,36
470,61
439,19
405,17
375,03
351,60
356,90
337,88
326,31
297,59
342,58
478,58
520,21
522,30
574,44
544,23
482,61
454,48
410,17
488,72
566,54
597,20
604,51
658,30
654,27
574,89
457,17
383,68
391,14
380,10
377,86
437,40
501,63
574,97
573,92
594,06
622,41
664,19
648,75
658,52
663,30
640,99
631,74
610,40
606,45
574,97
626,07
627,04
586,16
532,22
458,50
436,20
404,95
384,14
394,21
440,83
503,41
612,23
677,35
692,87
735,01
765,67
701,59
700,33
646,47
608,43
604,03
670,49
667,51
648,34
610,07
593,59
573,15
504,75
498,94
449,93
425,32
406,60
400,55
469,40
501,48
619,63
676,84
677,66
689,52
759,63
717,42
694,67
689,22
677,88
676,99
677,06
676,39
676,09
653,19
654,98
599,49
539,52
473,12
438,14
421,06
412,78
404,73
450,52
515,04
634,54
682,50
704,50
729,42
780,81
737,92
738,52
692,49
681,45
645,35
645,43
645,58
645,73
667,36
652,74
592,69
556,67
491,41
469,48
463,07
447,26
458,37
487,38
573,22
676,29
748,34
790,77
795,40
855,13
783,98
759,37
721,41
684,05
657,12
660,11
662,20
650,49
675,99
672,41
606,19
573,74
515,29
505,37
488,29
453,46
453,02
468,53
491,05
545,57
566,53
608,90
641,86
644,25
651,11
616,35
600,39
583,02
571,45
571,53
578,09
573,02
574,74
579,29
571,38
514,32
469,48
458,00
448,97
418,17
407,73
417,13
400,57
407,43
474,18
512,89
557,34
581,43
592,69
529,74
497,52
491,33
498,49
517,96
539,21
556,74
583,89
592,24
552,34
498,42
392,07
448,15
428,09
406,83
385,65
462,62
482,53
574,04
574,94
693,82
747,07
909,13
714,55
738,57
729,54
634,53
638,03
654,14
651,01
640,49
659,36
638,48
553,38
522,36
481,56
473,51
466,12
459,71
461,43
471,94
552,18
664,92
823,16
871,40
878,04
951,71
849,03
802,95
738,82
700,04
574,77
656,05
650,83
648,97
574,02
574,02
538,38
507,44
468,29
463,07
429,29
419,97
389,62
442,05
531,23
608,63
753,82
595,51
562,77
562,77
562,47
560,76
560,98
560,61
562,25
628,32
626,83
563,00
562,32
562,47
552,78
513,71
499,71
477,34
470,04
463,55
466,53
478,39
534,23
557,71
558,45
561,06
558,60
558,68
558,23
558,08
554,58
540,34
539,97
558,98
561,81
561,81
561,66
561,36
561,14
521,18
507,46
474,35
462,64
432,67
449,15
505,67
542,95
699,82
881,82
944,60
1016,33
1044,14
913,06
881,60
828,73
709,07
709,51
729,50
746,20
711,90
641,22
595,81
559,65
513,64
521,32
496,20
471,82
444,68
437,98
439,24
464,14
477,71
513,49
537,57
541,15
546,44
537,95
537,65
525,50
512,08
519,16
539,51
563,37
584,32
646,12
633,14
604,29
526,09
461,53
455,11
422,16
397,33
387,64
398,82
385,92
413,21
435,06
455,93
469,65
495,97
495,90
483,07
466,60
455,79
456,01
463,69
478,23
520,80
593,50
539,74
519,53
470,85
470,18
440,05
379,88
393,01
301,97
470,03
555,92
657,32
657,84
657,62
657,32
657,25
657,17
657,69
657,69
657,40
657,47
657,77
657,40
657,54
657,54
640,47
544,96
499,10
489,59
480,80
460,66
448,28
451,64
465,36
539,48
645,96
562,97
693,01
693,16
590,55
579,44
693,83
693,68
825,51
764,74
763,55
738,12
720,60
693,90
622,02
558,19
519,42
494,37
469,91
451,79
439,93
431,58
473,11
558,64
684,66
581,23
572,96
574,60
575,05
581,09
684,28
566,84
561,40
711,20
714,93
703,30
684,51
684,13
684,28
556,78
518,82
475,16
471,66
462,86
455,70
448,31
493,80
563,15
680,75
680,90
680,67
680,82
680,67
680,45
680,53
680,08
680,08
543,62
680,15
555,70
547,12
563,45
535,49
529,45
507,60
440,83
415,92
436,06
425,47
427,70
449,55
505,55
638,80
620,16
617,32
617,47
609,35
574,23
545,59
523,07
512,86
517,26
519,64
523,22
536,72
529,26
521,58
495,93
476,62
474,35
464,81
450,27
433,34
434,39
435,95
437,82
464,36
506,49
534,30
534,07
529,82
523,19
518,79
504,70
495,75
497,39
504,55
510,59
526,39
543,99
524,90
504,62
494,71
482,65
467,21
454,61
436,56
438,65
443,57
437,76
446,11
457,14
473,48
502,64
515,61
507,18
484,89
470,12
462,44
456,62
470,42
487,72
534,48
628,59
539,55
525,08
505,02
473,92
322,16
450,13
450,58
348,56
501,59
563,86
798,40
928,76
1039,72
1087,23
1196,85
951,50
870,07
885,80
869,10
736,88
712,12
708,76
768,35
770,06
691,76
617,78
508,97
507,61
485,99
462,64
449,74
443,78
483,52
579,65
775,25
895,16
949,53
1054,67
1128,57
981,74
966,23
951,76
896,13
758,47
753,03
755,41
815,22
848,11
672,27
532,67
507,02
479,42
463,98
450,78
447,95
447,57
481,28
547,44
801,47
958,02
1002,40
1039,31
1101,29
994,04
938,70
854,20
803,93
792,52
783,27
740,31
822,50
839,95
634,25
566,76
504,40
476,02
469,30
457,74
455,13
456,47
469,38
624,32
779,19
708,32
708,99
947,56
708,77
708,39
948,38
949,12
707,50
731,59
716,22
724,73
753,00
747,93
601,79
550,91
513,02
505,70
484,74
459,90
456,02
459,60
506,15
586,86
728,97
703,46
703,53
703,16
703,09
609,54
636,69
607,30
578,28
594,99
604,62
604,39
683,39
689,81
550,98
524,50
504,73
530,96
508,28
493,81
477,40
475,76
495,82
508,36
525,22
531,93
560,13
597,06
599,82
595,72
553,64
532,16
528,28
535,66
559,84
599,97
604,52
618,03
587,59
549,02
506,49
515,79
476,63
472,45
470,51
471,41
471,71
470,29
476,11
482,52
499,98
508,93
535,85
523,17
491,77
478,87
472,30
473,12
493,49
530,19
620,22
648,93
589,19
537,64
499,45
512,06
446,27
463,05
461,94
376,75
494,38
664,00
815,42
843,84
756,34
757,16
756,57
686,90
662,73
619,99
607,09
711,66
714,42
731,06
793,04
738,44
587,84
526,75
507,51
499,30
476,25
472,00
471,85
422,32
478,86
525,48
681,52
577,54
625,95
612,23
610,96
603,65
603,72
601,71
522,35
632,29
609,32
609,84
758,57
698,00
629,83
572,92
520,18
510,94
495,95
471,93
470,81
444,33
509,23
618,87
803,78
636,70
687,57
669,97
641,47
619,10
602,99
591,27
591,05
634,54
744,26
691,00
696,89
669,74
588,59
565,99
531,23
508,96
483,23
475,32
474,72
477,33
499,56
611,31
824,80
895,81
933,18
952,80
960,11
884,47
831,66
813,46
747,96
702,01
706,41
753,26
879,55
820,84
664,12
591,39
520,15
515,75
507,99
476,21
473,68
478,08
515,53
634,13
877,83
916,55
692,76
714,92
678,89
643,61
813,09
770,94
702,46
647,63
647,26
646,59
696,94
736,63
629,81
565,88
515,30
498,90
485,32
478,60
473,08
472,41
479,50
489,79
505,91
565,82
588,87
565,22
522,62
516,43
506,43
506,51
499,12
495,54
496,51
520,83
552,91
532,17
515,24
495,61
483,01
481,49
475,97
460,90
431,65
435,91
450,60
435,61
433,52
508,20
487,38
503,35
520,06
551,17
492,01
481,04
479,10
479,70
495,81
537,81
827,94
736,78
576,61
569,37
500,96
482,61
475,37
457,24
443,22
380,92
492,98
646,43
846,45
765,50
713,88
671,50
640,77
612,64
613,54
608,31
598,24
806,83
820,33
813,40
981,63
810,04
706,86
592,72
510,21
501,01
476,40
465,73
457,15
376,43
486,32
677,67
637,90
660,73
671,70
631,86
630,07
623,43
615,08
611,50
594,56
578,22
614,41
677,89
1264,02
1264,02
600,46
523,24
489,08
477,40
442,93
453,00
449,27
313,42
495,68
673,01
563,04
584,08
564,46
573,71
571,47
608,93
602,14
578,34
553,72
536,48
539,54
571,25
639,14
593,18
558,12
495,97
411,30
468,56
458,79
455,21
455,43
436,11
462,00
516,46
623,95
594,71
592,32
597,55
585,68
573,67
558,08
561,96
546,52
532,87
543,98
561,74
636,79
628,95
536,82
521,01
473,04
481,91
468,78
463,11
457,74
460,28
466,24
479,45
481,91
489,74
534,12
597,29
628,17
651,67
550,68
485,11
484,74
484,29
518,08
578,27
671,66
593,49
537,70
481,98
436,86
483,20
475,82
467,61
457,69
453,21
458,29
460,38
481,34
481,26
493,65
493,28
485,07
483,43
481,64
475,89
469,63
456,05
480,97
492,98
484,92
492,98
459,78
471,79
465,08
405,01
280,52
0,00
0,00
0,00
350,56
400,16
447,00
446,55
452,74
459,98
491,90
477,21
466,62
458,19
453,71
406,35
406,35
603,11
523,00
528,75
492,87
483,10
478,55
400,23
455,13
450,28
449,98
396,13
406,50
501,75
804,35
641,67
628,62
628,10
615,72
615,42
614,97
589,09
628,69
628,69
628,62
641,45
1317,95
1317,95
628,62
628,54
519,50
454,88
406,32
406,32
452,34
460,47
481,96
597,43
634,80
634,88
634,88
648,08
583,71
573,93
571,55
544,62
529,33
541,71
634,73
634,73
711,56
634,73
525,89
501,65
480,62
493,54
486,97
433,24
446,30
451,53
418,10
634,87
594,35
611,66
591,14
596,96
599,12
590,02
583,30
579,28
553,08
529,73
546,14
606,36
648,07
577,11
528,98
634,72
497,64
467,43
467,20
439,59
434,89
448,55
488,54
567,19
598,39
602,79
583,24
589,95
582,19
581,60
557,42
567,19
550,55
523,24
538,99
573,69
598,09
573,16
515,85
494,81
482,65
466,30
453,26
438,51
433,59
436,27
447,67
582,56
952,13
583,98
542,54
528,98
520,48
511,32
494,47
482,18
447,82
447,90
470,63
493,95
496,63
474,13
453,26
447,75
447,75
429,65
424,44
418,78
410,82
409,03
420,64
427,12
426,23
429,28
442,31
442,68
442,08
434,71
428,53
427,79
427,72
437,10
458,54
491,37
493,23
464,94
453,70
445,73
438,88
414,00
382,63
382,48
380,62
372,35
380,77
365,05
309,85
526,04
422,56
434,34
439,77
435,08
428,38
418,39
413,62
416,08
430,91
477,69
504,37
482,91
448,56
435,38
435,01
417,95
380,10
376,45
375,03
394,11
383,15
484,25
471,44
469,65
470,84
468,38
459,59
453,56
455,72
449,46
440,22
435,30
439,70
497,73
498,03
474,86
449,38
440,22
424,80
385,20
396,01
374,17
370,37
361,87
439,32
445,95
456,61
463,17
460,11
460,93
453,85
457,58
458,17
448,18
437,23
434,84
444,01
540,39
540,83
540,39
448,33
434,32
417,48
417,44
401,27
386,29
378,31
389,12
417,14
485,49
873,12
792,18
564,27
540,12
459,03
456,42
450,98
447,55
447,03
447,93
452,84
540,34
564,12
540,19
451,58
447,63
419,83
394,46
374,48
337,96
338,78
314,03
438,36
459,97
561,57
455,73
455,73
455,58
455,13
443,05
440,00
440,22
455,20
449,24
459,15
561,12
561,27
442,90
446,18
444,77
422,11
415,11
376,95
368,68
359,07
372,48
420,10
445,96
542,70
450,81
450,88
450,36
443,88
437,69
443,06
437,09
420,77
431,43
443,65
542,40
542,25
443,50
437,77
428,23
420,48
416,53
400,74
386,88
380,77
385,31
400,21
401,33
408,56
416,01
422,49
421,82
421,75
416,98
409,38
408,11
407,67
411,24
423,76
436,95
428,53
414,22
403,94
400,96
374,36
374,59
356,93
347,99
344,33
347,84
349,62
355,51
356,56
368,33
383,61
405,82
407,39
402,91
389,13
374,29
369,52
368,63
396,73
439,43
445,47
424,16
419,01
413,13
387,19
324,06
335,61
307,96
232,24
208,46
394,05
396,95
432,95
396,88
396,73
396,65
396,43
396,21
396,21
369,08
396,28
396,13
396,43
396,65
396,73
396,73
396,58
396,13
364,68
341,15
332,43
305,76
289,81
307,10
336,23
420,67
425,58
420,52
418,95
418,21
417,83
405,69
404,94
398,91
405,24
405,02
420,81
491,68
489,89
447,12
424,24
414,41
398,98
409,72
363,28
349,49
339,81
341,15
394,96
480,90
522,42
473,00
466,44
461,60
454,44
440,73
438,56
438,94
449,60
460,92
517,35
522,49
517,87
517,79
517,50
437,45
417,02
417,91
396,22
365,14
336,89
339,65
416,05
517,79
894,71
523,38
517,42
461,51
419,70
396,97
396,74
396,37
419,25
405,39
419,18
419,55
419,18
396,89
396,89
393,99
339,95
337,67
335,58
320,53
304,35
314,19
335,51
376,21
399,09
376,13
376,21
376,36
376,43
376,36
376,43
376,36
415,27
419,74
437,48
452,84
450,60
421,60
411,39
409,23
391,12
394,78
385,68
365,91
352,40
353,60
366,88
372,92
397,69
382,84
386,65
389,86
384,56
378,82
371,50
370,31
371,58
378,82
414,03
434,33
416,94
401,20
355,01
353,67
342,78
266,90
269,21
212,94
195,49
198,63
197,28
188,41
194,90
298,57
344,93
349,25
350,00
349,92
346,57
334,72
330,47
322,12
455,38
445,02
439,58
424,16
409,55
393,82
370,57
298,20
294,25
312,28
311,61
297,23
367,44
386,22
426,17
419,09
424,75
425,57
426,99
424,68
420,80
404,85
412,98
422,59
442,71
450,09
434,22
405,00
405,08
386,74
362,82
362,92
362,32
337,59
337,89
362,70
392,57
429,59
461,10
404,93
430,56
427,58
428,03
424,45
430,78
432,27
433,17
484,41
499,98
510,26
484,71
484,49
484,12
421,32
399,72
390,95
372,62
369,41
348,54
349,21
370,68
450,13
405,34
384,24
371,50
370,83
370,53
370,23
370,08
370,23
370,30
370,60
371,50
521,92
460,20
433,44
438,36
419,13
404,59
396,21
371,17
361,34
358,36
348,00
397,85
526,59
853,95
495,44
476,60
463,19
461,70
462,89
445,97
437,85
567,12
567,12
629,03
567,64
567,49
520,11
421,91
414,76
399,71
399,11
378,78
372,08
368,13
372,00
368,43
483,72
636,46
586,42
586,34
586,49
586,34
586,19
586,42
586,12
447,37
479,69
586,49
586,42
492,50
461,89
446,63
417,88
399,04
381,43
376,59
366,99
358,80
357,38
343,98
343,39
366,84
438,09
454,62
425,14
419,93
411,74
405,26
389,18
389,25
407,34
449,26
454,03
431,47
426,11
403,70
386,57
379,87
362,75
339,22
352,62
352,25
352,77
356,12
360,14
346,22
381,51
395,66
408,32
420,90
408,84
401,24
380,17
376,60
384,57
461,55
525,96
461,78
424,18
407,42
402,51
378,68
339,59
323,36
339,97
339,89
339,07
327,16
491,63
584,78
447,78
436,31
434,45
429,98
429,46
429,24
425,22
425,14
433,26
448,37
440,93
425,96
416,58
415,02
388,66
380,32
374,51
365,72
359,25
357,38
343,61
365,20
420,89
451,12
459,54
454,70
451,27
445,61
441,96
452,69
446,36
443,68
636,44
781,70
624,45
862,41
446,88
457,23
449,71
378,60
300,98
307,01
357,31
357,24
355,60
299,79
418,55
524,96
562,09
483,36
562,23
562,09
447,42
447,64
429,79
426,96
462,90
490,73
465,13
449,50
418,85
418,18
407,31
377,92
394,03
360,76
350,78
348,40
272,34
341,93
460,49
480,14
449,18
438,46
432,28
428,71
427,00
427,00
425,51
434,00
437,20
471,88
453,05
428,12
422,83
418,22
411,15
393,13
303,26
325,96
365,03
365,25
360,78
386,38
418,90
450,76
455,97
453,43
451,13
446,29
440,19
428,43
422,92
423,07
435,95
568,26
457,23
427,02
420,24
415,48
411,31
392,56
410,35
393,89
385,26
376,99
373,87
375,13
392,70
408,56
426,05
434,84
437,52
434,54
428,81
423,52
418,01
410,12
434,99
487,17
473,25
435,43
416,38
410,64
395,98
386,08
223,42
301,30
289,61
337,93
336,74
308,97
333,91
336,89
347,31
362,20
376,42
383,05
379,10
358,77
345,67
360,19
370,02
409,40
428,68
417,89
399,72
383,34
376,64
349,47
237,57
79,36
46,75
45,12
82,64
162,45
347,23
413,27
403,37
401,06
400,91
399,65
399,72
399,42
400,69
401,73
412,38
419,30
413,87
407,76
398,61
389,67
381,33
346,27
304,58
203,53
165,47
215,37
331,69
346,96
388,06
396,70
413,90
414,05
413,23
407,95
407,28
404,89
404,67
404,60
411,67
437,51
427,46
413,90
406,16
394,62
391,94
384,34
375,13
332,55
321,83
318,18
328,98
341,11
442,58
408,49
416,60
418,39
415,41
413,85
411,31
413,32
413,25
414,29
427,77
453,90
436,70
420,69
406,85
401,04
402,75
389,65
383,17
372,23
364,71
360,84
333,29
388,16
445,71
414,59
424,94
421,36
426,87
421,89
416,75
415,41
419,65
434,47
446,30
486,88
489,63
486,28
418,61
406,03
415,63
389,28
374,22
364,54
350,99
346,59
348,75
379,96
423,75
445,12
460,01
449,74
486,08
445,94
445,12
413,62
415,78
423,67
445,19
486,30
445,42
407,51
386,96
379,81
381,74
368,93
372,63
349,39
319,01
298,91
285,35
290,57
312,01
352,75
360,19
372,85
376,87
376,87
371,66
370,99
365,03
362,05
361,09
398,39
383,95
380,22
377,32
365,70
366,89
351,41
345,15
297,35
273,23
272,49
277,85
279,41
303,76
302,42
331,08
359,30
368,30
353,64
348,35
353,49
353,64
353,41
332,72
418,11
404,56
395,33
385,28
381,18
379,77
368,60
353,64
353,12
348,65
351,63
348,35
302,34
408,36
493,90
503,65
493,60
572,30
564,78
492,93
442,75
442,61
448,64
493,08
701,62
444,24
423,47
403,22
398,75
405,68
348,87
351,64
347,70
296,68
278,74
275,39
310,54
373,16
429,16
389,99
389,40
388,80
385,00
379,64
378,90
378,53
379,12
386,57
404,59
388,80
385,75
379,12
375,77
373,39
363,86
317,44
331,96
331,89
335,24
305,82
280,05
390,88
523,23
445,99
426,63
382,31
372,85
370,62
369,95
368,76
368,98
372,70
376,95
378,88
374,27
368,53
364,06
358,92
335,83
174,14
145,02
142,49
145,32
147,77
325,86
351,86
381,73
366,38
374,87
372,19
369,21
369,58
369,44
368,47
363,92
364,74
368,47
366,31
364,67
361,84
385,75
343,66
335,92
328,43
313,82
323,14
323,51
274,33
323,89
434,41
510,50
500,81
471,89
461,76
361,45
358,32
357,27
356,08
355,34
357,05
359,14
359,36
357,57
350,86
350,12
350,49
333,28
332,55
307,96
307,73
277,03
277,48
278,89
313,77
333,97
339,86
343,51
344,92
343,96
343,29
341,35
340,53
342,32
347,16
405,52
394,64
350,74
347,53
340,97
341,65
332,93
330,91
324,64
303,85
303,55
303,70
303,92
321,36
323,00
327,10
336,35
345,67
370,27
358,34
342,61
341,42
344,55
337,17
533,89
466,58
421,55
391,66
388,38
380,78
333,44
340,45
326,43
324,35
318,16
303,10
288,04
425,73
624,84
620,66
546,94
510,71
483,35
435,79
427,29
446,38
602,47
731,96
870,76
510,71
456,96
405,45
415,22
390,54
349,17
330,70
325,19
324,74
324,52
325,41
324,96
411,35
537,16
494,30
458,97
472,39
477,46
448,69
445,04
455,10
500,79
633,90
1018,12
543,87
440,12
405,68
390,33
381,09
336,14
340,46
335,39
334,57
333,75
333,97
338,37
347,09
417,90
392,33
387,64
389,57
385,33
350,44
349,25
349,70
347,99
353,20
356,56
350,00
345,15
340,31
336,81
334,57
329,80
289,35
310,37
296,06
292,19
303,66
310,67
338,77
341,90
343,84
340,19
337,88
335,71
334,15
333,25
332,96
332,88
335,27
338,25
337,13
335,04
332,96
333,11
330,35
324,01
319,06
311,02
309,68
309,38
305,95
307,81
326,52
431,73
449,69
407,81
408,11
448,20
383,82
373,61
375,84
374,95
378,00
448,05
374,80
355,28
359,38
344,85
332,25
330,84
342,00
334,62
332,02
331,87
328,51
330,68
324,86
375,60
362,34
360,70
362,79
362,34
357,35
352,66
355,71
369,72
406,68
447,28
417,48
385,59
364,88
375,83
353,62
338,13
337,78
334,65
331,97
327,12
325,26
323,40
322,88
328,76
333,98
337,63
345,30
352,15
343,44
336,88
337,55
335,84
380,83
437,88
435,72
424,17
378,82
347,24
343,21
337,55
338,89
333,75
324,22
318,78
310,44
335,39
468,86
525,47
463,28
447,04
446,52
446,89
436,46
436,76
446,07
461,04
525,47
476,54
448,53
383,06
381,05
382,99
356,17
343,14
309,75
312,13
309,15
289,86
243,00
312,28
338,50
492,33
380,59
384,69
383,50
382,23
382,82
381,04
386,25
404,87
416,50
416,72
409,87
390,87
360,10
351,69
337,31
331,57
333,54
321,99
314,17
308,29
310,07
333,54
401,02
517,21
517,21
441,76
517,29
517,06
441,76
517,51
517,21
517,06
517,88
517,73
787,37
517,14
380,91
374,80
345,60
334,36
302,02
323,55
315,73
309,77
309,10
328,09
364,75
505,40
505,25
406,02
441,18
369,37
367,65
372,42
379,35
404,38
420,17
429,56
392,76
360,13
344,41
339,27
332,94
323,92
318,31
305,57
302,37
301,48
284,57
305,43
328,59
419,10
438,99
408,60
404,65
388,11
385,51
369,12
371,80
399,36
406,36
408,53
377,83
367,93
358,69
355,71
341,48
327,48
320,62
313,69
302,37
297,38
296,26
297,31
296,93
315,56
321,44
335,07
351,46
349,67
345,80
339,02
336,94
347,44
367,78
379,77
367,18
347,14
328,97
321,52
318,69
311,76
309,63
286,62
286,54
286,69
286,54
286,99
294,07
302,63
304,72
312,76
324,61
333,54
329,00
322,67
321,10
319,91
309,93
456,37
406,39
364,98
351,87
329,15
322,15
311,42
309,26
300,70
297,42
286,39
224,57
286,25
394,77
405,20
404,45
376,30
366,62
353,80
337,49
351,64
355,74
367,66
375,85
379,05
367,73
364,46
348,52
340,02
330,79
322,59
315,93
309,75
309,30
302,74
304,90
314,44
419,62
483,99
483,91
483,76
569,88
483,84
483,69
483,69
483,62
483,62
613,16
825,62
483,99
483,39
376,19
358,99
339,54
334,85
324,29
320,11
318,25
313,33
313,33
321,60
399,30
485,27
519,39
485,20
485,27
485,05
404,97
404,89
411,22
485,87
540,40
546,06
441,69
387,68
357,73
362,43
335,24
332,78
330,82
329,41
319,95
318,98
318,83
318,76
405,69
668,35
671,03
670,73
682,13
670,96
639,08
638,55
603,10
561,53
684,14
1303,03
1207,16
630,58
479,59
404,57
367,25
341,10
328,27
323,72
318,58
315,38
303,98
338,77
402,70
497,17
497,02
405,83
490,17
405,68
371,85
365,67
365,67
378,86
383,18
385,71
371,26
354,27
345,11
333,86
330,28
326,03
331,06
324,43
317,13
313,48
310,80
310,65
313,26
328,46
334,71
336,65
348,57
342,61
336,58
332,85
333,30
335,76
358,78
360,64
349,84
335,76
328,01
324,73
322,20
315,72
315,20
236,23
237,05
238,46
239,51
242,56
238,17
303,13
303,13
310,73
315,57
320,78
323,02
318,10
318,25
323,39
330,02
366,82
349,99
338,44
333,82
328,76
327,12
314,68
310,06
300,00
294,04
280,70
276,76
283,54
325,78
427,02
511,27
426,35
511,05
406,01
395,88
403,18
415,17
484,08
511,79
854,70
511,65
405,11
343,28
343,13
334,86
322,13
317,50
314,97
304,02
297,98
295,00
311,02
349,31
440,79
513,80
440,87
513,95
648,49
440,64
440,64
440,49
440,20
440,79
511,71
440,35
426,56
330,84
333,59
324,21
316,01
309,49
306,13
301,14
296,37
299,43
306,65
329,82
339,29
337,35
333,48
334,00
333,92
330,42
330,50
454,47
454,39
454,99
518,84
454,99
454,47
454,17
328,41
320,96
307,32
301,56
297,62
289,57
283,31
279,36
303,35
319,67
327,41
327,49
326,30
326,37
326,07
324,14
325,55
326,52
326,30
327,27
327,04
326,45
313,63
309,76
312,14
312,07
294,93
218,71
238,75
269,00
266,76
239,50
256,48
299,84
350,72
322,26
317,05
315,41
311,01
312,06
310,79
311,98
316,53
318,09
319,65
317,20
311,61
304,38
289,93
283,52
281,59
221,25
168,65
120,38
133,42
141,54
91,40
162,55
235,70
276,00
280,77
283,75
284,42
281,74
279,28
278,98
282,18
285,91
288,37
287,55
286,13
278,98
273,47
271,68
268,92
82,99
52,08
35,83
97,22
232,89
268,58
271,78
269,02
272,52
278,04
283,25
300,69
291,52
285,79
282,51
279,30
282,88
329,29
313,65
303,14
266,19
278,48
277,22
204,73
21,08
3,73
2,53
1,86
1,27
2,76
154,22
340,84
321,55
306,57
305,90
302,10
297,48
296,51
294,20
293,53
297,18
320,35
320,58
321,17
319,16
296,36
312,31
263,66
235,72
277,00
271,49
272,98
258,89
184,44
320,52
376,71
365,46
341,32
348,62
346,16
373,06
346,83
321,42
352,27
463,31
677,41
497,14
432,68
320,08
315,68
309,57
288,55
81,40
252,09
281,53
278,18
278,48
281,24
283,40
286,75
289,21
289,88
291,45
296,22
290,63
288,47
286,83
271,92
273,04
333,71
298,16
296,29
277,36
283,47
284,74
284,14
283,74
283,15
278,82
277,78
279,27
283,15
284,93
280,76
273,24
273,38
284,41
286,80
285,68
284,34
283,52
285,16
281,13
295,51
297,75
289,33
287,62
284,19
281,66
276,74
284,34
284,19
282,85
282,10
282,70
283,82
285,31
284,34
283,07
285,98
289,03
309,75
290,89
289,48
287,02
276,59
287,02
319,21
314,44
303,41
301,70
293,65
319,43
260,49
297,82
287,77
284,86
283,82
283,89
284,71
280,17
288,88
272,79
319,36
318,99
319,36
319,36
320,25
303,93
295,51
359,52
397,30
397,60
340,15
348,19
323,31
314,66
299,76
306,54
261,69
286,80
285,83
285,38
286,50
287,17
276,22
279,49
299,02
319,06
319,06
312,73
306,62
299,02
302,82
319,58
349,61
408,47
334,78
321,82
329,94
340,22
313,10
304,53
231,88
286,20
285,75
287,02
250,96
257,22
340,52
373,90
335,60
339,77
353,71
345,29
332,55
331,80
337,69
367,34
476,73
530,45
340,59
328,97
331,95
321,00
309,67
311,19
303,74
295,47
291,60
292,64
285,34
308,74
309,33
340,92
397,69
417,73
404,69
381,23
325,95
328,03
336,38
354,70
520,47
511,16
477,86
380,26
333,69
322,07
315,22
269,93
230,22
278,20
287,51
288,78
289,00
280,66
285,58
318,88
329,54
319,55
320,00
317,76
314,78
314,56
319,55
355,54
396,37
396,07
319,40
318,88
320,22
318,36
308,75