160.27
157.43
156.68
146.79
31.48
18.25
13
8.29
0.37
0.62
6.71
11.17
13.12
12.19
12.53
17.34
143.87
159.3
158.4
148.79
141.03
136.63
159.39
117.34
60.63
36
38.31
35.27
45.84
126.43
157.98
180.56
237.84
219.22
251.99
278.93
256.48
248.06
244.83
312.91
469.89
1245.33
688.44
371.64
220.63
206.31
189.55
175
172.51
169.1
167.33
167.22
168.94
174.95
184.37
319.51
363.71
348.46
275.43
228.12
221.28
214.07
209.67
226.06
275.19
346.97
250.8
205.93
189.4
183.97
174.8
171.8
170.74
165.55
164.08
163.8
164.09
165.16
169.49
210.42
283.77
328.23
345.49
281.15
247.17
223.66
207.53
208.32
277.92
281.59
268.25
205.94
187.92
183.23
176.26
172.43
173.73
171.12
169.14
167.98
167.61
167.78
167.9
169.52
172
173.56
176.55
177.7
177.01
176.27
177.03
183.22
194.72
218.38
199.75
185.55
177.1
176.74
175.06
171.7
162.45
152.31
151.93
149.09
141.48
137.53
120.63
147.54
143.48
148.76
168.31
170
169.28
164.7
156.27
156.11
164.02
180.54
178.74
174.77
171.7
172.7
171.81
168.86
168.08
165.59
164.39
163.9
165.23
169.26
179.35
218.89
251.62
222.54
222.92
209.49
203.86
202.5
206.5
225.25
252.4
256.75
218.55
199.23
186.59
183.73
176.6
172.19
165.59
164.6
161.62
162.72
163.6
164.71
176.99
286.89
222.73
210.11
209.31
201.42
194.29
192.05
193.41
196.48
208.74
207.27
198.99
192.45
178.42
177.83
174.07
171.73
164.82
166.84
164.35
164.4
166.69
172.76
178.16
196.49
217.62
201.29
194.28
192.74
189.99
190.32
194.18
201.33
212.22
213.05
194.09
188.06
180.5
178.94
173.93
170.95
169.11
167.33
164.29
164.41
165.69
171.73
176.85
187.83
190.16
186.27
184.69
182.27
181.36
181.7
182.15
184.73
187.51
187.63
183.33
181.22
176.06
175.21
173.48
170.49
164.9
164.67
163.54
163.07
164.81
170.61
175.43
182.22
187.09
184.08
182.34
181.3
180.98
178.61
177.4
177.38
181.48
181.23
178.64
176.94
173.42
173.46
171.9
169.13
170.84
168.28
165.12
163.11
163.27
163.78
163.84
166.47
168.67
170.72
172.4
172.55
171.43
170.08
170.17
172.58
181.64
187.47
182.87
175.11
170.35
169.75
169.65
170.64
168.61
162.41
160.25
156.99
156.53
154.33
154.9
158.04
156.45
157.12
166.34
168.72
168.31
166.26
164.54
161.75
167.85
214.64
182.09
176.82
173.2
172.94
170.98
168.21
162.36
160.68
159.42
159.88
161.09
164.18
173.9
181.27
184.75
181.19
180.33
178.68
179.63
179.84
179.28
180.14
184.13
184.8
180.76
177
173.27
172.21
168.53
167.02
164.57
160.74
158.66
158.81
161.04
165.22
172.28
246.62
176.95
176.71
175.6
175.14
175.58
175.41
174.96
176.59
178.64
180.28
176.9
174.26
172.12
171.38
168.52
166.24
165.33
163.35
160.69
161.1
162.85
168.27
172.53
241.8
186.2
180.65
179.52
177.96
177.05
176.79
176.78
177.35
188.43
197.15
179.76
175.03
172.76
171.99
168.46
165.91
166.42
163.87
160.05
159.01
161.77
167.04
166.89
215.8
183.6
179.99
179.24
178.58
178.49
178.22
177.93
178.43
178.82
181.27
177.8
176.17
173.26
172.18
168.92
166.1
164.21
161.64
157.66
156.44
158.98
164.82
166.12
327.69
177.84
176.8
176.54
175.85
174.69
174.48
173.78
174.03
175.91
297.66
175.89
173.76
172.19
171.21
169.39
166.48
166.9
158.54
155.38
154.13
155.1
156.53
159.01
144.6
167.41
168.49
170.22
170.48
169.91
169.37
169.07
170.82
174.33
176.81
174.44
171.44
168.03
167.01
167.89
165.44
143.13
139.3
115.97
115.74
107.98
111.33
135.86
79.55
148.25
156.42
161.92
163.83
162.81
161.25
160.92
159.72
154.12
172.46
171.45
168.73
163.21
162.89
162.36
157.98
151.79
128.92
119.71
126.35
129.6
131.29
96.56
205.97
176.42
175.6
175.74
175.51
175.49
176.24
176.18
176.77
177.81
179.41
177.81
175.54
173.71
172.66
169.36
167.01
163.87
159.14
156.44
155.92
157.76
143.21
162.55
188.22
177.83
177.27
177.09
176.84
176.56
176.54
175.91
175.31
175.95
176.47
175.59
174.15
172.75
171.04
167.95
164.08
158.38
153.41
150.84
150.61
152.16
148.97
161.58
178.75
161.1
176.21
176.27
175.95
175.96
176.48
176.59
176.8
178.13
180.69
178.19
176.72
175.22
174.61
171.4
167.12
157.77
151.06
150.84
150.55
150.44
143.9
146.37
184.87
197.31
189.47
187.05
185.47
180.88
182.07
179.9
179.98
192.4
202.14
187.54
178.19
174.35
172.32
168.65
164.07
107.69
75.22
66.45
68.06
71.86
92.12
154.96
185.73
191.79
187.54
189.35
185.52
183.07
181.74
179.37
179.77
169.85
197.28
187.13
179.61
175.35
172.97
170.09
165.95
167.94
157.07
144.54
131.04
117.74
122.45
136.59
157.77
165.19
168.06
173.35
173.84
172.85
167.66
165.63
166.86
165.18
184.54
184.26
176.34
168.54
165.05
165.08
160.55
165.68
164.11
97.68
96.9
96.79
93.61
97.72
164.12
164.97
165.25
167.9
169.53
168.28
167.01
167.47
169.62
167.97
188.21
189.77
193.34
169.1
174.78
172.34
168.29
164.31
163.89
163.49
163.06
162.48
166.7
162.54
188.92
217.43
205.76
199.38
189.46
186.02
186.3
184.05
182.91
185.19
193.46
184.98
180.05
176.62
174.02
170.46
166.19
124.72
116.22
95.19
81.3
107.17
138.59
160.85
178.44
180.2
178.18
178.68
178.42
178.14
178.38
178.54
179.55
185.08
207.63
191.54
180.83
176.73
174.07
170.07
166.39
127.76
51.66
51.42
90.18
112.05
150.6
171.79
180.11
191.63
190.14
195.77
191.35
188.1
187.82
183.95
186.7
199.91
220.71
202.13
187.25
173.61
173.04
168.98
161.12
151.89
151.69
152.45
153.09
153.29
153.26
167.99
216.36
200.94
190.72
183.28
179.27
178.93
178.36
177.89
177.92
179.97
183.28
179.62
177.46
173.8
172.56
169.29
166.6
153.73
152.24
151.73
151.67
152.14
152.68
160.71
175.44
179.26
177.44
176.42
175.64
174.65
172.88
170.71
170.48
172.84
174.75
173.82
171.47
167.21
165.3
161.25
146.25
153.18
147.92
146.38
144.33
144.98
147.13
147.82
152.37
155.45
158.19
160.47
161.27
159.85
156.74
155.51
157.62
162.63
167.68
167.59
162.05
153.15
154.33
153.34
150.66
141.75
139.93
132.29
131.6
131.88
136.97
139.6
142.24
145.8
148.42
151.7
153
152.26
150.59
150.28
151.95
153.13
162.97
162.85
159.67
154.99
155.46
153.14
148.89
139.83
131.86
129.72
131.83
138.39
145.34
158.45
170.16
172.99
171.64
170.82
169.79
168.67
167.65
166.14
166.5
169.32
173.41
171.07
166.27
164.04
160.31
155.34
148.69
132.93
123.11
121.59
122.59
129.98
138.41
142.34
164.56
165.97
164.73
163.97
163.62
162.58
162.13
161.84
161.67
163.45
168.88
166.38
162.9
158.99
157.83
153.12
146.82
140.44
132.76
131.8
132.26
136.5
138.91
155.48
163.57
169.12
164.25
163.37
162.83
161.61
161.54
161.37
161.13
162.76
171.44
166.99
162.5
160.41
157.6
154.04
149.77
135.45
132.81
131.62
130.15
133.38
143.68
152.65
183.93
164.13
162.98
162.46
161.72
161.12
160.54
159.91
158.98
161.31
164.41
163.17
160.19
155.38
153.78
148.4
139.27
133.53
123.59
122.82
122.97
127.31
137.45
145.05
159.32
161.48
160.06
158.89
157.45
154.87
152.93
151.64
150.7
152.75
158.27
157.11
152.67
148.75
144.95
142.41
137.27
136.12
121.73
120.82
109.01
106.43
98.53
104.35
132.75
119.29
139.28
141.95
142.29
139.18
136.76
134.66
135.2
140.61
150.09
151.22
146.58
140.49
138.21
136.89
133.25
123.01
96.27
92.41
91.1
90.29
96.32
105.87
122.21
122.84
128.32
133.17
134.59
133.22
129.74
129.57
132.37
129.48
147.68
150.76
147.38
144.18
143.75
140.45
133.93
132.39
128.94
128.85
131.8
132.31
138.95
145.84
156.3
157.93
158.55
157.59
155.95
155.08
154.71
154.11
152.29
153.2
159.62
159.63
154.18
151.78
149.8
144.63
138.27
133.34
107.35
91.88
77
77.2
138.7
142.07
155.82
159.51
158.98
158.03
155.75
155.12
155.11
154.33
152.87
155.15
162.55
162.82
157.16
154.53
151.82
146.13
141.67
140.14
136.03
133.86
136.08
140.09
144.72
152.34
176.04
176.1
174.62
174.08
170.72
163.78
161.96
160.44
158.45
159.65
172.51
173.06
161.37
159.45
156.53
151.26
146.75
144.78
142.8
141.68
142.37
144.1
147.46
154.12
207.6
189.06
180.51
181.05
177.84
174.47
172.88
167.09
158.46
158.85
207.51
193.14
167.47
160.73
158.52
147.66
143.48
142.48
137.09
130.65
130.84
133.12
141.17
148.51
169.09
161.21
160.19
158.01
155.61
152.91
152.8
151
148.78
151.49
157.95
159.54
151.99
148.66
149.51
143.93
139.85
140.88
135.72
133.63
132.82
133.51
136.46
138.6
141.24
144.91
147.31
147.36
146.92
144.95
142.9
139.65
141.09
145.88
153.4
153.64
148.55
144.25
143.82
140.34
138.61
134.51
129.04
127.59
126.78
127.23
127.55
127.62
127.37
128.04
130.56
133.36
134.45
133.69
130.71
130.23
130.99
137.14
152.07
155.81
151.97
147.37
146.98
143.45
140.44
142.16
134.77
132.88
133.57
137.98
143.53
151.07
201.71
168.93
163.31
161.79
160.39
154.97
154.11
153.19
151.3
152.34
158.43
161.58
154.67
152.45
152.34
147.07
143.67
133.88
137.09
135.07
136.88
140.89
144.66
148.06
249.15
229.21
179.43
176.06
161.75
152.56
152.04
151.82
149.09
150.31
158.87
163.01
158.56
152.62
152.96
149.19
145.98
145.41
143.38
141.99
142.28
143.85
146.07
150.31
174
172.29
168.45
165.9
160.09
154.03
153.57
152.92
150.84
153.2
184
165.64
154.15
150.86
149.41
148.06
144.1
143.98
139.75
138.2
139.74
141.96
142.45
145.02
259.81
193.56
191.36
183.4
178.59
172.4
172.8
162.94
159.06
159.92
172.8
172.5
158.1
151.37
149.25
146.15
141.4
143.75
140.05
137.46
137.61
139.72
144.92
146.55
168.27
169.23
167.19
165.43
162.59
156.22
153
150.87
149.19
150.51
154.03
156.11
150.58
148
146.66
143.54
139.57
137.89
132.74
130.43
129.36
129.91
131.62
133.22
135.39
140.57
144.01
146.49
146.27
144.27
142.89
140.34
140.26
143.6
151.71
155.73
150.35
147.36
147.46
145.27
142.55
122.97
130.73
117.11
109.68
109.4
104.12
103.88
8.32
101.21
133.33
136.36
133.55
123.34
99.57
99.99
98.49
126.85
148.93
153.38
150.99
149.24
149.4
148.27
144
139.16
136.24
135.42
135.88
138.65
134.3
199.39
178.3
178.86
178.6
175.59
171.05
167.79
165.05
161.4
157.67
159.77
176.72
183.55
169.79
153.63
151.7
147.11
139.42
137.2
131.41
132.12
133.06
133.76
133.42
149.64
163.55
172.71
168.02
165.96
161.75
157.55
153.89
152.75
151.06
151.49
160.12
163.1
153.63
150.4
149.62
143.89
138.98
134.39
127.39
125.37
127.48
132.33
137.65
148.96
160.22
165.46
163.61
160.97
157.06
154.06
152.77
151.94
151.31
152.17
160.4
164.63
158.01
151.79
150.48
146.76
142.93
121.32
135.83
135.26
136.27
136.82
137.57
139.35
163.31
167.47
166.25
164.2
160.87
157.77
156.16
154.15
153.1
153.93
167.19
177.54
164.41
153.98
151.71
147.53
143.07
142.94
138.98
136.85
137.43
139.69
136.14
140.83
180.08
199.89
192.21
185.19
171.64
165
158.12
153.02
151.45
151.66
163.11
171.5
160.45
152.36
151.61
149.77
144.1
144.88
141.67
137.66
137.35
137.38
137.63
137.61
137.18
138.9
143.92
144.7
143.66
140.22
137.33
134.63
134.55
136.25
144.92
150.45
146.08
142.51
142.51
140.95
137.6
146.13
135.56
134.58
130.66
131.36
134.34
133.84
128.34
129.81
135.72
136.36
136.15
134.27
130.8
128.51
128.28
134.09
143.27
152.43
150.24
146.06
145.72
144.12
138.28
135.18
128.02
127.08
129.85
134.87
124.62
148.63
155.18
162.88
160.07
158.28
154.23
152.25
151.44
150.58
149.61
149.72
154.04
159.97
153.93
149.76
146.65
141.03
136.32
133.81
128.32
126.67
128
131.58
129.22
149.67
173.04
163.64
162.24
158.83
153.73
152.49
151.92
151.56
150.27
149.89
155.48
160.82
155.02
151.21
150.57
145.04
139.07
135.35
131.79
129.74
130.09
133.21
137.79
144.43
153.05
154.37
152.99
152.44
151.18
149.33
150.22
149.76
147.23
146.76
151.84
154.66
151.95
147.77
145.61
140.73
136.38
134.1
129.41
127.72
128.86
132.02
136.93
143.5
153.8
156.88
154.24
152.18
151.45
148.65
148.37
147.79
144.54
144.09
150.12
155.69
153.02
148.27
145.43
142.11
137.84
135.01
133.5
130.87
132.14
134.49
138.25
145.21
156.61
160.25
158.91
154.98
152.13
146.72
144.29
141.46
138.71
138.22
142.55
145.19
142.61
139.27
138.93
136.74
134.09
133.61
127.48
125.15
124.45
124.54
126.21
121.79
128.79
134.2
135.64
136.16
135.72
134.13
131.96
128.94
129.14
131.65
137.32
143.68
141.02
136.99
136.49
135.32
132.17
132.72
128.37
125.64
124.66
124.46
125.17
110.71
109.95
115.42
128.27
130.61
131.97
130.67
128.49
126.07
127.16
130.41
137.11
146.28
144.37
139.21
137.94
136.26
133.08
129.28
115.56
114.25
115.54
118.02
121
140.84
146.08
149.6
147.01
144.78
143.85
140.53
140.11
139.24
137.7
137.27
142.22
146.21
144.34
142.3
142.85
138.89
135.14
134.04
130.1
128.8
129.72
132.41
136.54
142.88
157.93
158.31
157.97
159.84
158.52
154.38
155.31
154.81
144.06
152.06
155.93
159.56
153.77
151.08
151.94
145.92
137.1
104.1
125.06
130.62
130.87
133.58
126.78
142.35
156.05
162.94
159.52
152.2
149.25
146.3
147.03
145.45
143.8
142.7
153.2
195.42
196.21
173.69
175.92
159.7
139.22
138.69
129.64
134.53
134.78
136.53
140.03
157.1
193.95
216.05
189.75
200.46
198.84
184.53
193.7
180.72
140.93
140.11
168.83
184.7
161.99
184.11
184.34
180.25
138.46
132.57
134.36
134.12
134.53
136.92
130.94
156.32
177.2
182.14
170.5
158.31
148.88
144.33
142.21
139.11
137.12
136.75
139.65
146
145.98
141.9
139.23
137.4
134.2
135.28
128.94
128.51
126.82
129.74
131.73
119.25
132.87
134.85
135.6
135.87
135.48
133.82
131.99
130.06
130.13
131.25
135.78
146.11
143.34
137.89
137.83
137.24
134.45
131.49
128.57
127.51
127.44
127.89
128.56
127.28
126.64
128.27
129.96
132
132.94
130.4
129.11
123.05
125.07
127.2
125.93
162.88
145.58
138.45
137.97
136.42
133.13
119.14
128.86
128.27
129.13
130.67
127.13
155.57
161.59
164.94
154.48
150.73
146.45
143.66
142.76
140.9
138.55
137.69
140.31
146.33
146.09
142.95
141.68
136.78
131.71
127.56
125.02
123.69
124.08
127.48
119.46
152.07
156.05
145.84
144.49
143.33
141.85
139.53
138.97
138
135.03
133.88
136.87
140.72
140.93
138.76
137.87
133.81
129.54
126.44
122.57
120.76
122.02
124.2
119.72
136.54
145.05
149.18
147.81
149.15
146.53
144.23
143.89
141.79
139.19
137.99
140.94
146.77
146.85
143.34
141.27
136.15
132.55
73.24
123.68
121.04
121.95
126.68
120.58
150.89
143.38
146.18
143.31
143.15
140.88
139.33
138.76
137.53
136.01
135.35
137.85
141.47
142.29
140.67
139.57
135.28
129.37
130.35
124.88
122.72
123.54
126.65
123.03
136.46
201.1
149.03
146.39
144.53
142.41
139.19
137.44
135.54
133.54
132.58
135.01
139.39
139.59
137.22
135.41
132.11
130.14
129.79
126.43
126.01
125.87
126.01
127.07
125.69
126.45
129.77
145.42
134.36
133.67
132.08
130.61
128.05
128.15
129.08
135.78
141.68
141.05
135.95
135.53
133.96
130.09
131.23
128.9
127.71
127.7
127.91
128.44
126.29
126.02
127.9
129.02
131.05
131.26
130.19
127.42
125.2
124.74
127.37
123.8
143.64
147.46
139.52
138.32
135.82
133.11
132.3
130.43
129.89
130.38
132.25
127.39
156.71
153.2
199.92
200.37
201.43
209.75
144.67
143.04
141.07
138.07
137.2
138.65
181.36
146.38
142.58
139.87
135.57
132.54
105.23
129.6
127.49
127.6
130.43
135.86
138.49
181.07
207.66
216.08
216.11
206.86
140.01
208.88
192.11
136.73
135.97
138.46
141.85
142.62
165.68
181.48
161.6
132.53
135.02
131.02
130.16
130.58
132.31
135.31
137.24
188.02
197.5
265.29
193.97
381.36
201.72
202.62
135.89
134.08
132.44
134.45
137.77
140.24
179.98
150
140.15
132.94
131.98
128.38
127.22
127.39
128.88
132.15
134.88
154.98
137.55
137.34
136.71
135.5
134.35
132.81
130.94
129.77
130.09
132.97
136.35
138.13
136.47
135.65
134.42
130.7
131.78
128.52
124.86
124.01
125.33
126.6
125.31
106.18
133.05
130.17
129.2
128.41
125.94
124.73
122.35
121.14
121.53
125.48
129.85
133.55
133.42
133.76
132
130.76
123.77
124.42
121.59
121.4
121.94
122.92
121.95
117.13
128.14
128.93
129.22
128.3
125.39
121.14
118.91
117.81
117.35
122.36
131.04
137.94
131.47
132.04
130.72
127.39
126.02
120.82
0
119.81
119.95
119.75
117.96
112.03
115.01
117.57
135.14
126.62
122.1
110.24
109.63
108.34
108.97
112.61
117.31
127.71
149.71
132.51
141.92
123.19
125.44
120.05
115.5
115.36
116.02
115.69
115.72
113.49
111.31
117.32
151.01
125.57
151.25
71.58
108.58
107.41
109.6
115.99
123.94
128.44
134.62
131.56
149.77
126.03
128.83
125.55
124.52
124.46
127.37
132.39
213.54
211.69
154.66
152.49
148.71
146.46
144.39
141.56
139.82
137.62
135.73
136.99
137.7
139.05
174.3
182.29
135.16
131.21
95.16
122.23
121.55
122.09
125.02
130.86
135.84
207.3
144.78
143.43
140.14
138.16
136.06
135.49
134.49
132.47
131
131.89
133.34
135.6
135.84
135.24
133.1
129.02
130.33
125.16
124.1
124.38
127.37
133.08
189.9
153.78
151.34
150.31
145.88
143.4
138.97
137.3
136.37
135.74
134.65
134.94
135.39
138.45
205.29
212.3
209.7
132.19
127.63
127.33
125.88
126.01
127.83
134.64
139.58
156.17
161.35
158.02
151.21
145.66
141.3
138.74
136.75
134.86
132.9
133.66
134.54
135.68
139.04
136.84
135.15
132.6
157.74
129.29
126.86
126.52
127.02
128.54
129.55
130.69
135.47
163.02
184.7
211.06
174.85
162.24
150.47
129.55
130.15
201.41
163.32
135.85
135.03
133.56
131.58
130.21
129.9
126.64
122.54
121.14
120.73
121.38
123.87
122.73
125.82
128.86
129.96
129.79
128.13
124.23
122.03
121.01
122.12
126.04
167.97
132.47
135.25
134.21
131.6
128.9
129.93
126.63
125.27
125.62
128.14
131.64
154.75
142.69
239.08
266.98
273.92
320.91
277.68
236.66
262.06
226.35
181.67
188.46
184.8
183.73
346.62
540.95
345.75
159.07
165.27
129.41
128.95
129.17
130.86
160.19
204.64
241.09
449.11
472.88
509.6
553.69
438.05
289.12
264.12
234.93
197.69
212.99
200.42
196.11
206.18
313.17
244.32
170.66
131.77
129.88
129.25
129.44
130.97
134.18
136.97
182.35
207.62
145.38
259.17
252.87
135.72
134.04
133.05
131.67
130.78
130.69
131.28
132.04
157.08
184.51
171.57
149.24
173.12
160
158.48
160.12
160.73
173.23
208.89
412.79
325.35
322.87
315.86
317.36
242.19
215.2
210.23
131.39
130.36
190.48
171.48
174.45
198.52
319.38
186.36
179.43
147.83
143.37
140.04
139.72
142.27
168.08
207.12
236.1
281.4
312.53
310.34
346.69
261.61
234.69
130.96
128.37
127.18
191.46
166.05
127.6
219.66
219.17
185.2
167.09
132.95
149.32
145.91
145.85
145.71
144.09
141.99
155.52
175.32
181.14
304.71
314.19
207.34
210
176.59
159.6
169.58
176.3
184.3
183.24
195.43
172.72
139.05
126.69
127.68
124
121.23
121.44
121.62
122.17
121.74
123.04
125.06
128.8
131.13
131.04
130.07
127.17
127.49
127.13
126.59
135.54
155.87
152.74
152.93
152.08
150.6
131.67
132.17
129.64
127.43
127.89
130.3
135.34
138.79
239.28
214.53
241.5
293.61
415.72
287.45
278.85
204.41
165.53
169.14
170.32
163.45
161.43
200.55
207.53
160.42
133.59
151.15
139.18
159.12
159.15
145.15
172.45
180.95
335
372.8
251.57
312.67
417.75
300.84
240.31
212.92
185.38
183.48
187.65
186.69
138.67
198.87
208.17
207.16
195.09
155.23
145.21
141.76
141.63
152.51
155.94
156.58
174.12
282.22
277.47
278.87
275.43
264.84
267.76
266.36
164.12
163.44
172.75
167.78
163.63
174.3
199.88
168.74
159.62
136.55
133.55
132.72
133.2
135.7
143.36
175.48
236.82
251.91
245.81
335.71
417.13
293.03
239.51
233.02
196.91
197.19
203.53
200.56
192.26
201.74
202.89
203.35
193.33
135.92
132.45
131.42
131.46
134.11
137.16
141.65
234.12
317.58
251.07
302.01
403.37
268.35
195.17
138.24
136.53
134.71
134.89
134
134.35
135.72
136.25
134.84
132.09
130.38
137.12
118.23
118.16
118.83
120.66
120.34
124.98
157.51
165.3
166.64
165.24
158.67
154.04
150.78
149.42
150.98
155.72
157.34
147.41
132.95
133.22
131.89
127.56
125.79
117.24
108.81
106.33
106.56
106.4
105.28
106.21
114.21
124.13
130.64
139.94
151.75
129.71
121.3
118.43
119.13
150.45
156.52
151.71
141.92
137.33
135.85
129.88
129.17
121.47
119.51
120.16
123.99
133.9
141.86
179.95
218.71
244.53
306.06
375.69
295.84
247.38
219.94
209.64
199.32
177.75
180.13
175.85
182.37
185.48
183.85
157.38
124.33
117.82
115.28
115.44
118.98
124.84
133.55
246.35
272.15
264.99
263.69
138.07
136.85
135.65
193.22
132.37
130.7
130.27
128.98
129.88
132.25
133.87
131.48
124.09
147.13
140.42
130.49
130.58
134.94
188.96
237.14
260.88
251.62
262.88
263.32
306.03
259.51
244.64
244.91
200.13
194.32
203.08
204.61
203.26
211.66
220.84
218.69
204.17
116.05
105
102.39
103.1
108.85
118.64
142.43
255.59
261.65
262.32
315.38
308.54
260.12
243.11
238.93
198.38
204.74
182.93
182.32
180.23
180.06
183.53
176.41
119.03
136.85
97.7
95.94
96.75
98.04
112.32
121.19
193.47
135.59
134.34
131.15
129.21
125.92
122.1
120.27
118.02
115.5
115.06
114.86
114.66
117.03
117.88
113.81
108.17
108.47
111.5
97.75
92.68
87.85
87.62
88.13
100.7
112.55
118.54
196.67
190.6
114.94
111.36
108.72
107.4
108.53
112.55
113.74
113.08
116.13
166.8
166.67
112.83
103.26
81.31
70.76
68.94
66.8
65.57
69.48
81.02
93.44
110.18
113.39
114.88
112.87
106.43
94.06
88.18
88.55
98.24
108.07
111.73
116.87
121.03
119.88
108.26
105.38
83.72
83.86
83.86
88.69
111.24
123.91
138.84
149.51
148.84
148.22
146.32
139.11
137.1
132.41
128.35
125.94
125.33
124.47
123.9
126.88
128
123.01
116.49
106.9
102.06
96.67
97.23
98.86
94.35
153.98
138.6
147.22
144.36
140.69
137.77
134.67
128.73
124.53
122.09
120.58
120.13
117.97
116.71
118.09
120.03
117.91
109.26
0.11
49.41
43.29
38.8
39.26
40.42
48.58
73.94
95.03
105.22
110.74
112.12
106.29
99.65
95.24
92.39
93.5
97.57
98.34
100.62
106.17
122.04
116.8
106.06
102.25
91.92
88.47
89.4
95.25
108.15
125.49
138.65
223.82
224.4
228.25
259.08
229.19
230.26
216.45
182.82
186.22
203.78
193.34
124.94
124.72
210.76
194.07
142.92
106.98
100.43
97.28
96.58
99.58
113.93
123.74
178.21
220.62
150.53
148.16
139.4
137.08
132.9
127.92
123.47
120.75
121.79
121.13
119.34
118.87
120.52
118.34
108.46
107.89
103.63
99.2
97.91
97.25
98.77
102.79
107.6
110.64
119.53
122.38
153.36
120.38
114.78
110.43
108.87
110.42
113.15
115.05
111.88
113.38
117.78
115.79
110.06
104.29
89.57
66.03
58.57
55.77
58.85
49.71
54.87
92.26
104.52
108.6
110.63
108.45
105.61
101.84
100.73
100.37
104.27
107.75
110.49
121.51
123.99
123.05
114.05
71.21
97.82
94.79
92.76
98.59
110.84
124.72
137.71
146.56
146.02
141.8
138.45
137.06
132.6
129.41
124.07
121.64
121.09
120.11
119.72
121.27
138.67
122.49
117.67
114.7
102.58
100.42
99.84
104.05
112.82
126.46
209.18
209.31
209.14
150.2
131.88
128.77
165.84
189.73
124.37
121.71
164.13
164.24
164.28
184.23
164.48
164.47
127.18
137.08
123.99
92.54
90.75
91.84
138.64
148.13
152.19
221.15
219.64
237.1
260.48
226.57
207.11
216.09
199.74
202.11
212.04
194.73
193.71
161.15
213.45
171.27
161.66
103.38
95.92
91.74
88.46
73.59
71.98
74.54
75.6
90.83
100.1
104.15
106.33
101.57
98.09
92.73
91.06
91.55
99.03
105.9
105.06
102.46
108.63
108.03
99.8
90.64
78.78
66.83
60.81
67.72
96.92
110.73
117.2
123.88
125.56
125.55
123.13
119.37
117.18
113.32
111.66
109.96
109.23
109.25
108.6
110.62
112.94
113.7
107.45
101.47
96.33
85.94
80.42
74.51
79.48
95.1
98.6
125.63
127.36
127.47
126.39
113.35
111.21
107.81
106.77
107.82
110.63
113.66
112.54
112.32
125.55
126.51
108.32
83.48
87.93
82.61
76.28
63.51
53.44
59.82
74.14
91.28
103.35
109.48
127.23
109.64
106.09
102.62
101.87
100.47
104
105.89
105.74
110.15
117.86
118.38
107.78
93.58
81.31
78.08
77.7
85.55
102.31
121.18
221.28
221.64
221.49
266.56
362.56
289.52
266.84
197.78
197.68
167.63
167.89
167.84
167.61
167.34
167.7
149.54
126.33
123.25
101.52
98.07
96.91
98.23
104.69
138.87
221.29
225.37
225.22
264.23
345.02
318.56
276.38
201.75
196.94
182.91
177.48
176.79
175.69
176.45
177.39
160.03
130.7
110.01
105.83
89.01
88.67
99.01
110.7
116.96
148
197.1
196.38
231.13
126.9
123.63
121.98
119.86
118.83
117.88
165.02
160.62
161.1
162.9
164.22
161.5
150.36
108.79
106.7
103.24
102.44
103.86
107.72
124.25
199.67
198.54
198.05
197.25
231.79
231.8
196.16
195.84
178.06
176.81
176.93
165.7
165.27
161.67
161.81
153.88
110.85
92.07
92.76
87.98
85.57
87.09
104.24
110.27
198.37
212.39
214.15
235.85
329.96
234.31
113.76
112.81
111.39
111.34
111.26
111.67
111.69
111.32
112.57
112.9
110.19
109.95
104.29
96.88
90.8
88.09
88.6
93.06
102.39
110.07
114.32
115.64
115.96
113.9
111.54
109.32
108.97
109.06
109.97
111.13
109.45
109.37
111.8
112.58
109.05
108.17
98.61
91.94
88.4
85.78
83.95
87.82
87.58
92.12
106.72
111.05
111.27
109.38
103.91
98.98
97.06
97.66
102.4
106.28
105.43
108.73
112.34
113.45
109.07
106.56
94.16
89.1
87.27
85.24
87.57
96.24
100.25
107.84
109.42
113.86
115.65
113.8
109.48
108.8
107.14
104.95
104.18
106.01
105.41
108.65
111.19
113.64
110.51
109.36
103.61
102.37
101.91
102.47
108.24
117.79
158.52
195.52
177.9
214.87
321.19
173.55
212.76
182.97
141.98
128.35
128.26
121.24
118.5
119.23
123.39
126.97
112.67
109.43
108.67
106.36
105.52
105.83
108.8
196.63
170.4
137.04
136.06
131.52
133.71
129.65
131.68
128.74
125.81
129.83
128.3
124.81
123.05
119.48
118.02
116.19
112.15
108.78
100.93
95.61
90.85
94.41
106.19
114.15
138.88
223.78
227.02
228.63
249.53
225.58
238.51
226.11
222.62
185.58
218.73
210.41
169.18
213.46
211.2
153.5
114.16
108.84
102.8
94.91
91.96
91.86
105.78
139.35
180.42
229.87
253.81
365.43
357.82
290.66
278.79
129.93
122.64
118.75
119.83
119.61
118.13
116.49
118.28
119.02
110.9
110.19
100.29
92.97
89.28
76.46
83.18
86.54
101.87
107.06
110.76
113.32
113.92
111.29
110.15
109.89
108.25
109.6
110.9
112.33
110.93
111.16
115.53
119.12
111.13
80.5
103.02
100.42
89.7
73.63
72.7
74.1
80.1
96.56
102.94
117.23
109.99
131.26
102.31
96.56
92.46
96.28
103.48
106.33
107.18
108.7
111.31
129.84
108.62
110.05
107.17
104.6
102.85
100.89
108.63
124.56
221.53
233.08
223.85
300.6
294.53
290.1
317.22
352.73
227.43
227.7
223.18
217.25
213.26
218.59
222.71
216.69
173.41
96.84
105.87
100.38
95.44
95.74
107.96
120.19
174.27
190.07
199.12
267.05
279.07
284.67
534.49
339.52
219.72
200.44
201.84
170.35
128.67
127
129.59
122.74
113.97
119.61
105.57
97.11
90.88
90.56
106.75
183.74
211.79
212.74
222.21
264
265.26
215.03
234.6
212.46
184.63
140.13
180.28
163.22
127.04
177.28
178.36
135.16
114.75
98.9
96.3
89.65
76.98
81.26
101.41
113.97
127.65
140.88
141.49
150.51
161.26
146.76
138.63
133.42
128.89
125.38
125.34
122.75
121.69
126.73
125.64
126.16
115.05
108.47
97.26
83.94
74.09
72.48
100.03
115.52
198.73
185.93
189.4
192.07
193.07
167.95
149.42
137.65
121.97
119.31
118.42
118.87
117.11
115.23
116.07
114.86
112.53
108.2
103.95
99.39
90.86
73.97
88.84
99.96
105.51
111.99
120.6
122.06
122.26
118.64
113.55
110.43
108.69
109.6
113.78
114.54
111.43
109.89
111.38
116.31
113
109.42
107.26
104.5
98.56
88.92
89.1
96.75
99.66
107.91
124.78
120
153.54
146.59
118.28
110.73
109.45
108.65
109.37
114.92
115.68
117.25
150.16
209.76
112.82
112.88
109.14
107.63
106.84
107.21
113.24
141.88
273.65
341.28
342.66
347.84
349.14
313.35
246.89
232.87
198.98
143.81
182.37
157.04
142.3
130.36
130.79
129.5
119.94
137.49
110.69
109.8
109.08
109.4
115.03
138.74
211.57
243.96
318.44
371.32
965.13
457.11
448.41
441.57
244.97
216.69
224.32
196.81
176.76
138.18
135.7
133.11
125.55
121.75
112.85
110.02
107.55
107.49
113.09
130.01
150.47
165.04
168.78
167.52
164.05
167.5
165.44
160.66
160
146.48
126.57
126.77
125.88
126.96
128.02
128.29
119.96
115.46
109.71
107.21
102.73
101.08
90.82
133.74
165.79
183.77
195.85
207.79
208.85
207.05
205.16
170.86
151.04
150.53
173.24
127.76
126.76
128.22
132.39
126.41
120.01
111.78
108.18
106.23
104.01
104.77
112.13
116.76
174.17
217.46
215.27
318.42
217.33
187.08
149.31
128.43
118.26
131.87
131.33
132.68
130.27
126.9
127.03
123.75
119.92
111.81
108.56
107.53
107.06
107.24
109.77
108.35
128.96
143.78
144.47
148.6
147.5
137.08
137.83
135.27
128.7
141.74
135.76
137.82
138.04
121.7
142
144.05
110.8
109.06
107.49
106.48
105.3
102.94
107.26
116.38
106.34
107.28
108.72
142.09
157.06
141.52
109.71
131.7
107.96
107.18
133.7
137.29
134.44
130.96
143.64
155.96
113.14
119.55
111.28
110.19
109.9
109.54
110.01
166.53
219.04
261.29
278.09
330.43
445.4
324.56
306.1
270.04
252.77
207.04
198.47
198.2
176.03
159
155.74
150.08
131.25
113
110.75
109.82
108.73
108.74
119.1
136.18
206.93
253.47
239.87
286.02
290.22
265.47
238.66
241.54
248.98
206.89
206.59
196.13
178.79
177.33
162.37
161.96
140.68
129.71
120.14
112.37
109.83
112.23
120.93
153.62
326.64
334.01
308.81
311.44
359.7
300.89
343.75
259.24
252.65
209.22
239.16
222.72
207.43
203.45
200.93
190.24
161.02
125.03
119.07
104.22
96.42
99.74
114.99
132.33
212.74
222.11
227.15
267.25
277.9
212.45
222.07
235.07
200.49
167.71
171.21
150.44
146.9
146.67
140
147.34
133.3
80.39
89.69
82.87
78.91
68.49
103.48
142.28
318.65
328.23
331.6
367.9
482.77
293.63
256.21
203.52
197.16
147.93
166.19
157.37
158.51
147.86
131.22
138.34
134.76
115.65
104.4
100.23
95.13
90.39
87.56
93.97
112.5
117.43
149.24
153.18
156.36
127.04
121.05
115.92
112.71
112.89
108.64
109.48
109.45
109.1
101.7
102.22
113.87
100.93
97.6
92.71
84.87
72.65
71.56
84.22
87.7
93.96
111.42
115.86
120.25
119.47
101.76
99.39
97.06
99.24
101.48
117.09
116.72
117.43
121.59
129.04
117.2
108.21
99.59
88.04
79.64
80.98
103.99
147.26
243.28
519.58
671.89
1272.22
1633.40
1671.90
1644.68
831.78
241.32
163.77
549.01
581.12
235.66
155.18
157.11
129.44
117.68
109.78
95.79
93.14
81.59
85.16
102.63
127.62
190.75
191.9
190.53
142.99
147.13
139.93
138.66
138.06
122.91
115.09
128.12
113.23
110.01
149.57
120.96
119.71
109.52
116.26
103.46
97.03
93.11
94.52
124.94
160.26
243.38
479.48
533.42
541.82
622.22
535.23
281.89
199.03
191.48
317.25
314.57
248.08
182.61
160.37
147.29
140.01
131.19
127.21
111.04
91.64
89.13
93.97
119.9
155.3
194.24
299.15
481.38
515.91
824.5
507.65
316.66
195.53
176.66
187.14
188.37
183.65
175.82
139.94
129.43
128.62
117.53
107.58
100.08
89.91
80.62
71.74
90.19
193.06
290.17
118.11
224.83
355.56
358.56
322.56
428.18
250.33
245.19
232.26
278.52
262.9
213.08
184.48
177.93
191.12
157.98
106.69
94.02
76.63
57.19
50.71
47.2
59.46
84.05
123.22
172.79
131.35
167.44
158.73
128.41
128.58
98.24
98.63
100.71
110.45
110.72
100.79
102.05
115.5
102.75
97.19
78.97
53.34
41.47
34.55
31.99
41.26
50.73
72.29
86.01
99.33
105.01
100.51
94.99
83.41
80.46
81.25
90.76
95.3
95.47
100.08
107.98
114.52
106.8
92.41
85.53
75.3
69.59
69.86
98.25
127.88
203.82
140.52
140.45
140.42
163.72
142.54
148.25
143.56
133.62
113.99
126.11
129.07
125.28
134.97
131.26
142.06
118.23
114.45
108.44
102.84
100.65
100.71
110.36
155.59
239.49
367.77
306.73
328.82
635.86
366.42
352.31
306.31
232.95
187.86
195.83
188.38
178.27
155.64
149.03
153.68
123.23
75.54
107.57
102.07
99.28
99.31
110.26
133.89
218.11
230.47
268.68
328.5
347.22
214.95
220.93
130.81
115.96
112.38
153.61
156.28
146.24
142.28
139.44
143.92
127.75
133.54
108.17
105.84
103.03
102.53
109.05
478.22
505.97
206.51
209.33
232.52
318.68
304.09
224.77
215.15
189.48
167.33
175.88
161.15
140.55
152.01
143.31
147.19
129.98
109.99
107.3
104.26
102.03
102.12
107.16
108.38
192.15
208.89
208.07
216.13
265.13
218.42
192.69
172.21
149.54
141.12
141.46
140.37
103.43
106.39
106.1
106.05
105.49
117.13
111.87
107.41
101.48
98.87
99.41
103.29
108.65
112.64
115.84
124.05
131.13
126.28
117.24
116.7
117.23
112.64
123.53
125.17
122.91
123.42
125.99
133.77
123.18
112.02
109.54
100.41
95.1
89.91
88.84
92.09
94.98
98.49
105.18
110.11
111.99
112.13
110.45
110.67
110.99
111.93
114.02
124.51
124.91
125.78
129.9
136.2
125.54
114.25
110.83
107.96
105.11
104.99
132.29
144.87
155.04
166.92
181.76
248.77
255.53
251.43
249.59
197.08
154.49
141.65
145.29
143.17
129.8
149.78
142.27
140.05
128.37
91.6
108.05
104.23
100.91
101.41
109.16
137.1
143.78
114.41
149.52
114.27
151.71
120.34
160.27
114.27
113.13
146
150.01
140
136.36
133.17
129.82
128.69
121.52
118.81
113.21
110.84
108.65
108.21
112.41
125.29
191.77
168.81
181.74
203.98
201.62
215.81
325.28
285.71
223.83
212.73
725.38
1262.58
166.97
159.36
139.78
155.68
126.38
117.5
113.28
110.78
108.18
107.32
112.99
129.73
189.89
404.38
325.94
467.53
166.6
150.71
151.76
146.56
141.63
142.57
145.48
109.66
108.63
131.21
121.77
126.09
111.22
121.72
115.73
112.94
112.05
111.84
115.92
123.25
238.53
182.44
224.91
365.24
494.49
183.07
141.45
273.44
138.24
134.15
160.93
130.38
128.38
168.35
174.94
182.6
174.22
117.61
110.13
99.88
94.44
84.3
87.33
95.55
108.91
152.09
184.55
178.63
184.48
183.89
168.02
119.22
117.93
118.2
118.45
117.49
116.32
114.78
115.42
119.74
116.11
113.01
107.55
101.64
94.79
86.78
87.45
92.44
100.27
110.43
121.32
154.99
157.79
152.76
120.88
118.53
118.37
118.85
119.94
119.61
119.56
119.29
122.01
150.3
120.61
114.47
109.3
105.95
103.24
101.7
112.19
170.76
170.09
149.46
150.96
145.1
146.8
142.48
145.67
143.77
142.45
132.11
131.2
129.3
126.51
161.13
163.06
161.12
123.13
114.04
107.09
100.28
97.91
96.55
110.85
120.98
127.08
129.65
139.65
143.68
146
146.17
144.11
140.88
148.7
132.28
129.55
135.73
126.06
124.12
122.8
124.87
117.6
134.85
111.75
109.86
107.82
107.75
112.79
120.63
201.51
136.24
144.97
149.18
148.97
147.16
322.43
216.81
166.38
133.77
134.48
165.29
130.33
162.39
151.72
152.79
135.35
115.21
108.89
100.67
95.14
90.73
107.04
118.33
133.55
141.92
150.85
150.07
149.91
148.03
149.75
146.97
143.71
136.52
138.53
146.11
150.98
124.5
127.62
147.93
121.52
118.2
110.12
105.08
102.29
101.98
111.97
124.15
187.53
179.59
219.87
264.87
232.03
225.37
212.1
193.72
179.66
153.23
161.8
148.97
136.75
133.82
128.49
135.59
124.72
119.46
107.12
102.83
95.01
93.15
98.64
107.28
119.01
127.31
136.93
140.02
141.57
138.37
135.29
127.51
126.34
126.71
127.42
127.19
123.54
122.82
122.21
128.12
121.37
112.92
107.15
100.28
84.48
67.02
65.07
81.9
94.32
105.18
119.56
123.44
132.02
127.29
123.15
115.69
102.68
106.15
121.88
122.78
122.24
120.9
122.44
139.3
120.64
112.16
101.18
95.24
91.22
93.23
109.09
122.81
145.49
161.66
176.9
181.84
230.25
208.53
212.09
181.51
173.22
170.22
174.19
156.71
152.04
136.62
136.89
142.86
123.16
117.7
97.7
89.49
81.69
79.64
103.05
125.91
478.74
214.1
209.06
331.89
416.17
373.71
417.06
432.66
435.33
189.58
207.33
179.48
144.67
198.18
206.07
207.37
130.3
111.08
99.61
87.41
69.95
64.87
91.41
120.69
147.25
197.7
200.09
228.94
289.61
349.67
213.1
201.34
176.29
166.92
160.55
157.4
140.01
132.47
131.5
141.2
125.54
109.01
97.73
88.65
92.68
92.66
99.66
122.08
192.15
208.74
309.77
301.79
477.72
253.38
280.16
216.23
183.93
133.07
136.07
129.42
127.23
125.75
125.9
129.95
120.33
99.3
92.45
86.06
75.91
72.44
93.86
117.84
130.55
133.57
137.7
139.59
137.22
151.01
135.48
134.29
131.74
131.17
131.02
131.16
128.28
123.75
123.11
122.45
102.15
110.57
105.23
103.88
97.09
93.01
97.09
104.7
115.03
169.39
175.62
179.93
177.75
179.33
174.08
165.26
138.52
144.49
162
151.85
148.41
121.17
123.7
129.98
118.98
90.59
104.24
101.27
94.76
88.89
94.65
99.04
104.75
106.76
116.29
123.8
137.91
124.38
110.77
118.12
110.46
118.69
121.57
124.11
121.66
121.11
124.37
129.63
109.83
110.09
105.43
98.72
98.54
72.79
115.48
122.58
140.65
134.16
137.85
139.58
141.52
104.7
104.75
103.62
103.31
102.64
133.25
102.55
124.61
99.11
98.54
124.39
97.27
13.48
76.63
84.76
79.53
76.58
82.17
113.85
101.48
102.19
105.16
107.21
108.56
107.54
136.8
137.01
136.79
134.27
133.21
130.79
125.57
124.8
126.1
128.51
119.99
125.3
78.47
95.31
90.65
86.87
93.15
107.9
122.11
104.99
106.2
107.91
107.89
112.34
133.49
131.57
105.84
104.06
124.69
122.36
119.55
114.63
115.47
112.81
107.69
62.87
94.7
85.84
80.75
79.15
94.82
109.97
118.2
102.16
115.68
114.5
134.67
136.18
137.33
134.28
127.07
123.38
123.71
120.62
118.68
116.3
116.95
116.81
109.68
106.48
99.99
95.39
89.89
90.46
100.33
110.53
123.8
128.59
132.44
136.74
137.57
137.48
133.09
129.82
114.12
103.66
103.96
124.85
122.43
118.44
118.88
118.24
111.47
111.38
106.19
101.77
97.34
92.42
92.29
101.59
106.77
156.07
183.71
185.27
187.32
183.84
160.47
134.39
113.95
111.81
113.93
114.05
112
112.4
113.27
116.81
110.2
70.96
102.31
95.3
88.75
74.29
61.51
79.63
87.99
102.02
108.2
111.56
120.8
113.03
110.11
108.47
106.72
107.74
109.62
111.97
112.34
112.89
115.31
119.22
110.4
110.36
105.53
101.71
100
100.67
104.56
119.36
156.42
273.61
405.94
595.5
773.52
603.53
542.59
393.65
224.91
208.84
224.11
180.34
169.74
126.48
123.12
121.54
111.79
109.61
106.41
101.04
99.27
99.55
102.58
153.84
184.24
213.45
249.03
251.91
244.05
332.16
338.9
251.8
210.56
169.06
158.1
155.73
137.6
155.2
119.5
119.1
114.07
110.71
104.61
101.89
99.83
99.53
102.58
126.39
153.95
171.77
177.91
174.7
172.82
160.98
154.17
187.06
163.68
164
202.59
172.08
156.79
148.32
149.87
145.44
145.58
113.26
107.58
105.08
101.36
100.46
104.19
128.3
170.19
155.34
155.18
149.66
171.66
197.38
225.81
165.87
149.26
144.64
150.19
146.44
141.03
175.24
162.25
156.11
144.39
120.44
110.55
106.9
105.15
104.77
108.96
123.92
188.91
161.94
127.15
127.69
128.34
126.93
126.38
124.34
122.57
122.07
123.38
120.7
119.86
125.84
122.46
124.16
113.97
115.23
112.07
108.23
105.64
104.05
104.57
109.82
111.91
172.7
177.85
178.98
405.48
175.9
137.65
149.39
153.73
136.17
148.34
146.94
136.1
131.53
128.76
140.04
119.34
116.69
112.88
110.33
108.2
106.33
104.43
105.35
105.67
112.28
118.8
121.7
123.98
123.83
122.03
119.17
119.01
118.97
126.2
125.95
123.09
123.67
125.6
131.14
124.31
119.95
118.19
115.87
114
114
117.34
126.07
192.27
186.24
180.4
187.68
196.75
192.45
188.32
165.84
148.85
146.51
146.56
146.6
143.28
145.92
140.27
141.01
126.81
85.28
118.01
116.41
115.17
115.27
116.61
144.44
169.78
137.41
215.52
184.15
179.34
238.23
356.77
191.32
156.28
142.22
144.3
143.12
134.91
150.68
136.37
132.34
127.5
127.86
123.42
121.65
120.72
119.72
124.4
133.51
179.46
206.28
332.11
337.7
376.22
328.19
286.73
219.74
184.1
158.16
162.42
160.44
140.1
137.44
138.92
138.35
132.25
130.19
126.45
124.12
123.27
122.45
124.33
135.31
152.07
166.89
244.62
207.58
284.33
263.65
243.84
217.04
175.11
174.89
184.43
172.78
152.81
139.65
136.79
137.45
134.82
130.83
126.81
124.22
123.08
122.26
126.21
135.23
159.26
183.57
207.66
227.34
214.37
198.8
186.19
176.74
136.13
144.93
147.08
142.55
133.14
136.69
134.11
133.61
132.6
133.56
131.51
130.05
127.23
124.76
124.79
128.32
130.73
130.42
143.71
149.42
152.27
149.47
136.87
134.1
132.51
133.26
136.92
136.52
135.2
133.99
134.84
134.87
135.09
131.94
129.51
127.9
125.77
124.36
122.93
124.44
127.08
130.37
133.97
137.13
150.35
137.61
137.07
135.34
135
135.59
137.66
138.49
138.31
138.36
139.13
140.65
137.74
134.04
131.31
129.51
128.86
128.72
129.54
150.62
158.73
212.32
226.79
241.13
288.05
267.03
248.76
239.18
200.25
183.49
179.9
171.5
161.51
145.1
145
142.32
137.51
133.53
131.75
129.83
128.87
128.57
131.62
137.69
161.36
169.74
190.29
219.96
239.9
219.21
197.16
183.51
140.5
139.19
139.56
139.36
139.26
142.45
141.36
142.76
140.14
136.68
132.15
130.28
128.2
127.8
100.88
177.56
386.56
261.34
232.34
233.99
240.4
233.55
307.94
259.99
224.5
193.13
194.2
184.75
179.53
188.56
196.52
173
146.05
138.35
134
132.59
131.87
131.89
134.44
147.4
176.48
190.65
209.9
226.75
274.23
224.74
213.37
201.15
183.99
147.29
156.37
150.87
144.91
159.21
162.71
153.1
144.6
143.25
138.39
136.84
136.28
136.35
139.36
155.42
201.54
246.33
322.78
330.31
390.45
308.82
250.55
214
171.3
181.34
178.95
174.99
169.14
171.01
177.77
165.79
146.48
143.3
139.08
137.17
135.77
134.51
133.74
136.03
141.29
155.46
166.84
171.38
178.05
169.7
158.7
149.62
148.2
146.32
146.71
148.14
145.54
144.19
145.18
147.23
143.88
143.69
141.05
138.96
136.24
133.78
131.62
132.89
135.17
139.4
143.47
144.11
145.73
143.37
143.9
141.77
140.95
142.25
144.84
147.5
146.54
147.84
150.2
149.81
146.47
145.25
141.77
138.51
134.61
138.37
142.29
132.07
366.9
237.53
238.91
266.65
282.71
259.25
221.67
151.27
150.6
149.22
149.98
149.33
148.86
173.75
149.24
148.55
144.02
147.55
144.49
143.12
142.81
143.06
144.9
151.47
348.7
244.36
253.51
271.97
310.02
261.63
304.63
247.34
232.48
199.65
253.31
301.17
294.88
175.22
183.32
167.55
153.66
144.44
145.37
144.14
143.14
143.6
147.48
155.8
228.72
211.21
222.21
245.44
410.68
245.86
229.66
209.27
189.05
196.25
188.24
187.8
165.52
186.63
185.95
232.2
149.03
150.84
147.87
146.6
145.68
145.71
148.63
157.52
264.32
237.61
245.93
317.59
816.83
293.48
290.25
258.54
270.11
235.92
246.04
229.87
207.22
207.45
216.21
173.9
157
152.19
152.08
150.39
149.8
150.19
153.08
326.32
231.59
282.17
282.34
309.1
343.52
233.59
216.15
188.16
177.62
162.81
162.98
163.97
157.7
185.82
182.07
158.89
155.72
157.64
141.94
149.91
148.84
147.02
146.5
149.08
151.62
157.63
170.63
176.17
190.68
178.13
162.55
159.54
158.1
157.85
158.86
159.9
157.95
157.08
160.43
159.15
153.81
151.43
149.84
147.93
146.38
143.78
142.48
142.65
146.03
149.32
153.5
160.71
162.06
161.27
157.21
155.99
156.3
157.44
160.06
160.76
161.86
164.93
165.48
163.72
157.97
152.72
150.51
149.17
148.77
150.12
150.47
160.62
213.53
250.35
254.34
276.43
472.22
278.99
278.99
332.47
278.56
249.46
260.93
221.19
213.5
207.32
203.5
182.84
161.04
145.85
148.12
146.77
146.83
148.79
146.58
187.69
243.19
239.08
247.47
260.84
530.89
264.76
238.65
227.02
218.71
215.96
222.51
217.02
213.84
216.69
219.44
190.8
171.83
150.97
159.73
158.65
157.93
158.42
158.32
208.86
246.18
310.07
282.45
294.94
458.43
294.97
292.15
286.73
215.72
205.77
206.17
200.43
200.87
219.34
216.96
188.9
171.37
150.29
160.51
156.6
156.42
157.92
154.13
205.68
277.41
275.48
305.13
359.81
910.56
303.26
279.74
214.11
205.21
203.01
203.6
206.35
205.21
220.25
216.86
195.76
174.34
146.06
148.03
159.69
158.52
160.59
155.04
201
239.99
261.76
218.63
217.14
209.78
206.07
201.2
197.35
194.19
194.95
197.39
194.41
192.84
197.89
237.92
189.18
180.2
105.92
129.95
158.33
156.59
155.73
155.29
143.22
166.43
184.94
173.23
175.35
174.48
173.53
171.7
170.38
168.32
166.29
167.11
169.69
170.16
171.21
172.14
170.34
168.31
132.84
127.98
136.33
136.03
134.8
127.11
104.13
140.35
157.62
162.6
156.19
211.33
171.35
164.62
163.21
152.69
155.36
154.5
171.46
172.97
187.08
194.31
186.03
172.51
167.9
162.56
160.88
161.2
163.6
147.8
207.33
235.3
269.95
296.57
1928.09
2312.15
1922.33
2956.82
317.92
297.97
259.97
276.54
250.19
242.32
258.91
258.81
208.18
175.91
153.47
156.85
158.05
156.57
157.81
153.25
225.24
278.41
207.22
201.48
204.95
340.7
336.68
313.71
255.75
203.64
200.38
199.28
197.58
198.36
225.58
227.92
188.89
156.35
156.78
159.66
160.51
160.33
161.03
155.93
173.13
253.28
186.74
178.52
190.13
188.1
193.33
198.97
197.83
190.52
196.23
195.9
192.16
193.32
199.89
196.04
178.55
173.82
158.42
160.23
161.68
160.04
161.83
165.17
178.5
189.08
198.08
196.59
196.62
195.1
177.78
190.64
178.03
176.64
176.07
188.12
186.84
181.04
193.95
192.9
178.97
163.29
158.42
157.29
156.97
156.84
157.2
159.2
159.64
193.52
195.16
194.74
194.28
178.19
177.23
176.84
176.22
174.46
173.43
173.54
175.38
175.58
177.55
181.07
173.12
158.48
163.56
157.84
154.26
153.76
153
153.93
158.68
134.64
170.81
182.02
183.11
184.81
181.64
175.15
172.36
169.68
169.87
172.68
174.26
174.87
177.35
176.93
174.12
166.42
161.38
155.85
152.46
149.57
145.21
144.95
145
153.53
158.55
163.84
173.22
175.31
175.51
167.55
165.2
165.18
165.79
167.55
174.98
178.2
185.22
186.37
180.54
157.17
164.49
159.4
157.55
157.09
160.29
151.23
176.59
200.91
206.51
204.31
205.55
205.68
203.6
205.39
202.99
201.17
196.96
198.66
194.61
193.05
199.14
192.64
179.63
173.07
168.33
161.14
158.83
158.34
161.41
118.35
192.2
235.49
207.41
213.03
244.17
304.31
239.27
217.24
211.77
208.49
199.84
201.31
195.59
194.91
204.91
196.51
183.94
170.53
165.51
159.38
157.01
156.86
159.72
163.03
192.65
229.02
221.42
268.55
280.45
440.54
281.37
287
287.48
223.82
213.52
220.73
201.02
199.5
212.72
196.1
182.47
152.5
171.16
163.39
161.96
161.71
163.8
138.23
212.6
218.01
263.29
260.29
372.01
512.48
356.59
294.83
275.48
229.24
213.11
219.36
210.92
205.59
218.63
200.69
188.34
173.86
125.68
159.2
162.19
162.15
156.87
142.92
206.32
268.02
260.05
306.68
364.5
505.24
305.17
235.73
204.13
196.11
195.01
196.4
193.68
193.14
197.13
190.8
186.02
152.46
153.87
163.64
154.85
154.13
153.93
153.63
111.53
171.67
175.71
180.64
180.51
183.15
180.27
178.81
175.01
173.99
174.38
176.69
179.44
182.81
192.12
186.21
176.05
150.12
95.98
88.41
113.36
151.59
150.82
152.83
153.31
155.08
159.87
176.31
179.85
190.09
185.58
158.32
158
157.58
159.1
177.47
169.7
202.69
199.61
194.45
180.3
176.17
173.14
170.63
169.42
169.34
172.36
139.13
198.77
244.97
215.38
210.09
214.38
220.69
206.58
208.6
209.16
206.19
203
206.2
204.19
217.48
237.53
207.11
193.77
178.27
166.16
169.03
168.91
168.85
169.1
177.95
194.41
298.36
206.88
206.36
208.37
206.94
203.73
203.31
203.11
201.13
201.1
201
200.13
200.72
211.25
210.21
172.25
168.06
165.04
165.77
166.22
166.53
167.31
128.59
200.9
262.1
213
209.04
206.29
205.03
204.11
204.24
204.13
203.04
203.23
204.72
204.64
208.82
235.91
202.5
204.78
165.75
179.77
177.02
175.95
176.26
171.84
181.83
247.32
280.44
225.58
303.09
304.44
472.5
304.43
383.45
205.89
204.73
204.74
273.39
269.97
275.58
399.03
235.47
199.56
180.95
174.74
177.37
175.02
171.28
171.03
151.04
204.08
302.2
229.8
213.45
211.01
207.63
203.16
199.89
197.95
196.14
189.04
192.08
194.91
199.17
202.64
195.51
219.39
145.35
156.99
157.72
157.32
157.28
156.68
157.08
157
158.03
185.8
188.3
188.7
188.02
186.91
185.38
183.59
183.1
183.79
185.61
187.03
186.99
194.97
188.77
171.07
158.79
181.29
179.92
174.54
174.41
174.44
174.71
180.18
179.39
180.97
182.69
184.2
186.29
184.02
179.4
179.25
179.15
179.35
183.18
184.5
187.8
188.39
186.63
182.58
176.99
175.51
177.71
177.72
177.77
174.73
89
211.14
259.51
221.57
219.88
237.75
302.43
230.19
213.69
218.18
220.7
214.3
257
264.96
283.18
357.55
370.58
202.47
173.03
176.16
178.05
177.86
177.82
178.01
188.77
209.05
295.53
528.64
371.66
477.29
615.34
212.54
211.93
212.89
211.22
208.61
211.71
214.03
223.65
223.37
209.88
198.48
188.99
181.44
185.61
183.73
184.4
185.4
115.28
221.09
295.4
403.51
329.65
328.08
451.44
312.56
278.14
214.96
207.44
205.24
208.03
210.34
238.58
285.28
206.5
194.72
188.93
187.42
187.26
185.87
186.24
187.83
186.58
223.29
325.64
346.86
347.79
388.06
446.82
307.38
294.39
447.11
433.53
218.69
337.34
328.4
305.36
284.42
208.69
198.69
186.39
189.11
187.78
187.19
187.32
188.26
185.14
217.46
348.3
356.04
281.61
279.95
444.28
275.29
208.7
205.48
202.45
202.15
206.1
210.21
218.86
308.84
207.87
195.82
177.72
158.24
188.5
187.66
187.26
187.27
188.32
189.66
145.87
316.13
197.49
197.66
197.52
194.89
193.45
187.38
190.32
190.5
191.92
193.87
198.43
196.94
193.25
191.44
189.45
175.44
143.67
103.48
102.4
101.22
101.79
142.62
174.14
175.66
178.48
178.01
191.42
181.17
179.93
178.86
178.01
182.3
189.92
182.76
208.84
205.96
188.52
191.42
178.22
143.72
114.93
125.83
120.89
151.24
157.45
187.5
329.68
226.94
220.05
223
368.58
287.9
207.41
205.7
196.36
194.7
199.79
201.53
257.56
282.92
199.8
192.29
175.3
184.94
181.06
180.45
180.67
183.25
167.24
335.96
296.19
297.93
321.53
321.91
503.95
322.95
364.6
482.81
359.75
284.37
282.21
222.93
257.15
288.81
315.05
193.57
178.65
183.42
184.95
184.38
184.51
185.42
143.54
243.99
281.99
264.76
320.56
320.9
505.52
320.91
322.95
282.37
223.55
208.34
215.24
239.67
257.96
305.49
242.86
201.96
176.81
189.13
188.46
187.97
187.82
188.29
191.4
204.15
204.79
202.53
199.35
206.2
208.65
204.68
199.33
198.06
197.12
196.88
196.93
200.21
212.57
207.5
201.82
194.92
184.22
187.24
184.91
183.59
179.25
171.12
174.99
178.65
198.82
213.6
211.33
209.88
206.91
204.74
204.11
200.36
196.82
195.13
195.97
199.13
201.91
199.97
195.14
190.57
186.03
190.05
188.31
186.99
186.68
187.01
189.07
190.74
191.73
197.04
199.48
202.16
202.33
198.99
191.45
193.14
193.21
194.2
196.46
200.09
204.82
202.16
191.27
194.27
191.41
186.69
185.97
185.64
185.45
185.46
186.2
190.58
189.98
191.41
194.01
195.78
196.67
194.78
193.53
192.6
192.05
192.88
195.06
186.8
273.78
205.14
201.2
199.22
195.4
198.85
197.55
197.25
197.41
198.62
191.53
190.44
416.9
317.93
279.74
291.43
262.22
262.68
273.18
246.89
215.99
207.75
208.27
216.85
342.84
240.14
209.74
200.93
198.72
201.7
200.74
200.32
200.44
201.66
198.82
201.02
233.1
227.91
222.94
224.72
228.38
228.17
229.29
223.26
219.57
212.76
213.59
220.65
241.47
259.59
207.95
203.28
199.61
204.59
203.24
202.3
202.28
203.75
197.92
128.02
339.07
253.09
240.8
237.75
306.17
224.94
223.13
221.07
215.78
213.05
215.86
228.15
287.86
231.44
217.86
207.5
203.89
202.72
201.84
202.31
202.64
202.64
196.53
328.74
239.43
243.58
240.76
240.2
237.18
231.76
228.81
229.51
223.7
219.93
221.38
232.03
240.96
235.36
220.57
216.62
212.62
216.6
213.43
211.97
211.99
215.32
222.42
217.78
240.84
264.32
254.24
246.02
242.33
234.2
229.06
223.83
221.23
219.35
220.54
224.94
233.08
223.92
206.83
205.76
203.68
202.48
200.66
202.47
202.53
202.4
201.23
215.13
217.17
220.23
222.75
222.88
220.91
218.99
172.47
169.71
215.85
218.29
223.01
227.4
225.28
216.32
148.78
133.99
130.02
108.19
62.32
20.22
21.63
53.58
53.34
54.21
54.87
118.19
155.08
168.84
206.27
188.31
162.04
155.02
159.71
208.65
221.86
229.97
240.46
234.48
225.08
221.95
206.41
206.91
206.41
206.2
206.48
207.76
225.97
218.33
240.29
245.2
247.01
246.36
247.07
243.08
243
241.64
236.63
234.28
236
244.18
264.03
239.85
232.12
226.9
221.44
218.18
217.51
216.86
216.95
218.6
217.08
202.66
331.18
250.66
251.3
251.2
250.11
244.45
243.59
243.13
238.77
235.25
239.12
245.58
281.91
231.51
233.26
217.81
204.86
223.69
222.6
220.97
220.94
221.49
222.93
224.47
268.42
258.85
257.88
257.64
254.93
250.68
253.05
249.51
245.13
243.51
247.17
254.82
269.63
268.41
194.32
211.96
214.04
227.53
224.27
222.87
222.99
224.54
222.09
222.59
268.65
264.55
267.51
264.71
262.33
250.96
249.02
246.11
243.96
243.39
248.41
268.36
283.12
248.3
243.22
239.89
224.89
233.12
230.51
229.64
229.77
231.86
239.19
245.54
258.77
263.84
264.57
265.44
262.42
250.39
248.77
242.61
241.54
240
243.49
256.02
262.22
244.36
239.7
238.08
233.59
237.95
239.38
236.83
237
238.26
237.63
239.61
239.02
249.17
256.07
258.23
257.46
253.86
247.91
246.16
244.24
240.85
256.37
269.16
267.5
256.63
233.84
221.13
199.85
222.02
86.6
81.15
76.18
67.2
64.77
70.06
74.44
129.63
131.6
172.3
188.14
168.5
145.93
230.35
239.63
244.55
258.93
259.55
273.71
262.62
256.43
247.06
245.85
251.33
249.65
248.54
248.69
250.77
259.81
239.26
324.13
332.58
336.32
301.18
292.72
277.99
273.81
267.97
261.9
250.83
270.21
300.49
310.76
265.84
238.88
236.64
236.52
223.26
222.13
222.37
222.71
223.19
242.75
253.51
260.73
259.51
261.72
265.28
267.35
260.93
256.75
254.61
245.33
246.14
254.15
256.05
257.55
252.78
241.95
242.12
222.17
141.46
211.8
230.11
230.38
231.1
243.03
248.2
253.94
257.17
254.81
252.07
250.98
248.94
247.94
246.09
148.15
182.22
246.18
255.38
255.81
241.43
240.43
231.88
103.68
137.86
220.03
220.87
221.74
221.33
227.84
245.96
249.15
249.96
260.03
259.42
261.53
255.03
251.06
241.53
194.84
181.35
242.73
244.52
264.77
243.37
241.45
235.86
151.81
240
224.74
222.41
219.98
219.75
219.64
246.31
248.58
264.01
262.65
261.21
257.16
241.54
198.73
181.18
121.4
107.85
171
240.55
242.9
222.88
181.96
159.02
144.41
32.26
23.62
24.84
19.37
16.4
15.95
20.74
219.15
219.35
219.46
219.37
219.27
219.11
219.12
219.07
219.06
219.09
219.26
219.33
219.35
219.12
157.35
138.84
86.21
47.03
45.26
41.93
40.37
21.17
40.98
43.19
48.01
218.68
219.13
227.47
227.97
219.53
219.2
218.65
68.96
99.47
218.7
234.59
218.97
218.7
132.52
218.63
103.25
51.38
45.29
46.4
44.51
48.99
56.8
114.23
240.76
240.03
239.95
241.69
243.33
241.52
239.94
225.16
225.36
211.34
243.58
245.78
242.89
231.14
230.76
176.65
154.2
243.79
249.35
248.46
249.43
252.26
252.44
253.68
263.19
267.62
267.3
264.98
263.94
257.5
258.98
255.55
255.06
246.83
285.69
290.23
356.08
242.5
243.23
249.76
247.45
237.63
237.24
237.02
232.95
234.3
235.28
234.28
247.85
274.24
268.29
265.7
265.87
255.75
254.21
251.96
249.41
247.31
348.29
292.46
246.47
244.03
249.52
243.22
242.44
250.1
250.04
250.2
250.51
250.98
252.99
254.69
263.29
268.4
263.81
262.2
263.39
253.56
253.04
251.55
251.35
255.22
261.72
271.15
256.03
250.52
250.32
247.89
247.33
253.45
249.64
249.52
249.63
249.93
256.05
249.62
262.56
267.57
258.16
255.38
251.3
249.25
249.56
249.63
249.66
249.47
249.88
265.24
249.96
249.56
249.45
246.49
245.95
264.17
250.19
106.76
110.04
102.84
105.07
241.63
247.66
245.55
238.4
222.86
222.51
218.6
193.18
174.19
174.19
215.43
231.84
256.8
246.36
240.7
232.97
224.11
143.16
251.92
71.38
251.97
48.62
48.74
47.52
3.9
47.12
49.3
124.28
114.27
127.7
112.99
65.16
29.45
31.43
115.97
253.76
254.52
255.04
159.75
120.16
106.28
49.62
47.55
47.52
37.61
37.82
65.58
83.08
260.45
285.8
303.43
298.04
290.47
286.38
280.71
275.94
269.29
266.83
263.83
321.98
322.71
291.53
267.49
264.91
274.18
268.54
261.52
261.36
261.12
261.42
261.74
262.48
282.84
302.35
303.12
300.44
294.61
309.11
289.2
269.35
264.43
263.22
261.69
334.11
332.65
276.11
262.74
262.61
261.96
261.27
117.08
108.26
108.63
108.52
108.07
145.76
267.9
282.59
287.11
284.1
284.33
290.59
275.44
275.64
236.25
223.26
69.85
295.67
289.63
242.47
270.07
268.59
265.56
168.85
76.17
89.67
120.06
259.06
259.25
268.49
268.58
281.98
287.23
284.22
284.46
290.65
282.58
282.16
278.82
269.1
270.54
338.39
345.12
269.21
264.65
263.48
263.05
259.32
259.25
259.05
149.99
207.98
259.04
265.64
266.83
286.09
292.23
289.63
287.88
286.24
274.78
273.17
276.67
277.02
277.88
293.22
286.26
267.73
260.33
261.88
261.5
259.71
259.32
259.13
259.09
259.07
259.07
259.13
259.28
259.47
259.54
259.59
259.45
259.46
259.49
259.31
259.35
259.46
259.61
289
285.45
259.78
259.35
259.42
259.37
259.17
259.73
259.68
259.66
259.64
259.64
259.68
259.76
259.83
261.94
262.14
267.26
266.55
262.21
262.44
262.54
267.7
278.41
279.76
279.69
273.8
260.16
259.95
259.85
259.77
71.06
67.67
33.24
38.27
68.79
72.42
125.13
259.84
263.2
262.52
268.28
270.43
263
263.19
263.5
266.71
277.16
316.49
298.57
271.19
257.4
259.72
164.72
133.39
148.54
140.73
108.84
125.33
141.95
270.34
281.05
293.63
313.76
292.87
293.51
294.76
292.47
291.92
281.37
302.97
304.06
318.27
294.6
254.36
213.62
281.56
271.91
270.03
49.37
45.56
45.56
47.13
48.04
97.7
301.73
324.77
356.45
354.94
327.73
327.7
308.73
334.75
336.81
309.38
375.89
508.13
411.66
329.57
287.64
289.6
273.49
270.93
258.59
257.07
257.69
258.69
262.19
298.56
318.72
334.84
345.91
341.63
334.94
335.56
328.43
323.44
324.44
307.82
312.56
356.51
343.58
322.31
312.8
313.37
277.38
270.78
282.78
282.32
282.39
282.6
283.88
295.67
308.13
320.47
324.98
321.96
317.95
316.91
316.67
314.31
298.72
297.8
321.42
328.35
318.14
287.57
283.59
283.27
281.02
281.27
272.08
271.66
271.7
271.5
271.71
272.52
284.36
288.25
299.48
298.43
299.54
298.91
297.62
296.44
295.05
295.38
301
332.66
299.13
287.29
285.2
284.31
283.51
282.09
272.63
255.71
82.98
50.35
49.9
97.14
271.7
276.87
280.56
281.59
282.47
283.09
281.61
282.08
281.79
282.11
284.69
289.19
286.47
284.96
283.4
281.06
276.18
270.02
49.67
58.8
53.32
51.59
225.77
281.83
299.34
326.62
328.8
326.31
324.32
323.39
319.35
318.94
321.21
323.8
334.06
349.1
336.63
325.57
310.98
312.02
293.57
291.6
319.33
309.9
307.37
308.34
313.52
326.88
333.6
353.69
359.73
355
353.87
343.92
340.88
340.31
342.26
348.39
385.16
385.87
355.72
340.42
331.77
337.53
331.84
320.5
320.59
311.41
308.68
307.76
306.65
319.12
332.23
354.2
354.51
353.06
352.51
343.59
343.45
341.75
347.49
349.2
369.16
377.87
359.36
344.19
333.58
331.35
334.23
323.67
303.64
298.12
293.34
289.87
285.58
290.25
327.04
341.39
342.8
342.68
342.27
299.65
299.4
337.06
338.01
338.03
343.06
342.62
326.18
298.83
122.47
102.45
62.38
57.93
43.05
25.49
16.66
18.12
17.39
124.78
289.57
326.87
289.47
288.77
288.87
287.94
287.6
287.49
286.84
287.31
320
324.1
289.26
286.53
286.75
286.62
180.67
96.38
69.01
61.18
59.77
57.31
56.51
60.37
63.57
321.93
335.17
337.68
338.92
338.45
337.62
337.3
342.62
346.18
349.79
386.21
376.86
347.31
345.34
342.19
337.74
127.95
63.03
58.31
57.5
60.63
61.45
60
63.93
68.74
323.35
324.32
325.21
325.72
323.58
322.04
323.5
327.2
343.78
346.66
343.49
331.49
326.14
322.87
124.22
66.95
320.65
110.19
110.56
111.11
320.57
321.32
333.38
346.93
344.57
365.74
367.12
365.48
363.7
362.45
362.19
352.07
368.31
374.62
368.37
357.21
352.57
353.43
351.65
343.36
342.24
341.35
335.48
336.05
344.01
352.46
357.69
365.79
366
365.59
366.25
366.65
366.21
366.04
367.93
370.47
375.42
375.19
369.67
367.93
367.74
367.88
358.74
348.18
346.26
341.1
335.54
339.39
349.45
357.51
365.34
365.17
367.59
364.89
359.32
354.78
354.22
349.76
354.85
359.99
372.25
377.85
362.8
352.49
345.84
365.46
360.61
350.52
339.16
341.9
339.07
341.64
342.19
351.97
349.4
357.57
362.88
356.61
356.88
352.05
351.83
352.11
352.36
357.27
363.01
368.91
358.15
352.62
348.25
364.46
351.21
355.32
134.35
90.76
69.85
69.73
94.75
127.57
367.75
363.39
362.9
366.84
368.84
365.08
360.17
364.04
363.49
361.19
370.79
373.31
364.46
360.64
149.34
366.03
193.12
153.5
143.67
89.68
100.54
79.58
84.46
102.77
102.82
149.19
161.18
355.49
361.46
217.54
187.07
178.38
178.24
179.74
376.9
377.52
371.03
189.59
234.44
169.99
202.46
136.93
79.09
47.17
48.91
47.22
46.37
31.83
23.29
33.62
70.66
98.51
100.14
88.22
64.93
54.19
51.09
55.25
104.81
133.83
140.47
72.84
70.85
62.71
62.65
43.13
40.04
37.2
39.05
40.07
38.86
87.67
167.62
369.98
370.14
370.09
376.65
376.76
374.04
375.87
376.2
375.88
383.99
378.88
376
375.85
374.82
388.53
380.12
376.76
152.76
138.63
138.52
138.49
138.31
322.35
344.42
371.7
384.29
381.52
383.91
382.77
381.13
379.77
379.07
376.21
380.72
386.58
380.72
372.59
364.11
367.18
291.95
269.97
324.24
322.3
321.81
321.82
324.15
334.51
350.26
402.02
418.43
417.76
417.07
419.16
415.28
415.71
414.48
414.95
415.67
418.44
416.69
413.52
360.02
356.33
349.13
343.25
341.43
141.08
78.88
76.67
159
343.01
355.84
473.75
474.55
466.1
467.35
463.09
453.5
460.26
453.5
446.98
464.37
473.86
453.59
389
318.61
367.63
303
88.29
75.76
105.28
110.43
110.8
60.39
180.26
373.17
436.05
496.59
494.15
494.46
493.75
493.38
452.13
446.31
445.54
451.04
449.61
443.92
440.4
157.23
120.71
157.03
181.49
77.65
70.14
61.68
59.49
61.13
36.32
44.1
67.02
61.39
88.69
88.77
91.17
90.75
79.11
122.33
133.59
540.84
541.86
540.35
77.72
155.25
94.16
73.83
69.02
0
0
0
0
0
0
0
0
0
31.76
113.1
171.64
127.77
131.1
131.67
136.08
159.27
670.21
621.91
606.6
568.5
573.04
217.21
172.18
86.25
75.3
72.1
73.03
77.46
342.31
416.34
696.82
697.14
696.63
696.54
696.42
694.47
695.61
695.15
694.93
695.97
741.39
696.68
693.09
591.27
688.43
388.14
377.6
540.66
105.83
85.27
86.66
88.08
546.84
626.3
719.87
753.81
733.36
729.25
724.45
715.79
717.31
723.82
719.25
735.86
734.7
703.81
652.94
604.91
607.99
592.2
544.97
195.22
600.41
588.55
594.84
605.19
601.56
682.67
724.69
742.64
723.79
723.64
718.93
713.57
713.31
716.31
719.18
725.68
725.81
714.73
707.79
687.11
653.12
604.79
603.1
178.51
123.75
73.51
79.38
69.23
219.09
674.64
696.61
704.87
698.23
698.05
695.76
692.4
693.41
695.96
699.13
703.77
704.75
699.15
695.29
684.35
629.58
612.9
601.02
93.09
98.52
87.4
77.55
79.15
127.01
290.43
681.49
691.72
682.02
682.06
629.34
627.65
627.81
627.55
626.47
627.48
629.49
628.58
614.15
606.56
559.69
217.91
159.69
262.24
307.75
285.27
101.09
99.41
202.9
191.97
536.85
545.03
540.15
245.8
539.27
191.86
139.3
132.46
169.15
540.37
550.18
248.81
344.2
124.23
110.79
83.89
73.41
61.72
56.07
49.52
28.06
1.31
0.9
0
0
35.9
48.08
77.79
84.79
66.93
59.84
61.31
66.19
133.73
173.83
188.63
93.28
94.13
82.97
63.28
53.47
38.77
21.13
0
0
17.71
62.76
96.09
350.13
546.84
563.26
577.2
577.19
569.22
580.74
581.65
579.63
589.23
598.61
587.26
530.64
535.55
538.8
536.32
249.47
265.08
109.28
189.89
213.83
208.73
209.75
513.11
606.84
598.4
559.15
589.04
574.04
555.02
558.48
551.34
541.64
554.76
607.25
599.73
527.37
526.99
526.7
525.09
129.71
112.67
78.73
64.27
56.39
55.1
40.92
157.49
522.85
522.71
522.38
527.98
528.85
525.86
558.04
560.76
529.95
574.92
580.22
568.91
507.03
504.93
505.19
504.29
451.18
192.15
190.35
170.69
172.45
175.86
186.94
456.79
478.93
479.09
478.82
478.74
478.73
478.36
478.53
477.96
476.84
477.66
519.9
477.36
475.07
197.77
181.78
156.65
138.59
207.87
159.52
142.51
133.34
119.78
157.02
135.23
337.99
361.68
470.2
469.8
468.88
466.33
393.45
352.99
357.96
466.66
468.99
467.8
376.12
169.95
222.31
201.1
119.99
196.76
158.4
94.71
94.81
135.51
146.31
161.78
406.7
430.58
429.38
437.89
435.29
432
431.72
436.81
449.78
466.47
472.39
466.05
450.49
408.19
412.23
405.85
286.76
182.79
156.6
154.35
151.25
150.97
150.76
84.79
154.88
130.51
158.34
178.16
198.98
172.59
110.3
86
87.74
126.96
199.19
203.46
184.86
163.53
151.51
175.71
105.36
150.56
13.39
12.61
12.83
0.71
150.99
186.6
330.98
568.8
574.43
584.07
310.97
213.91
201.14
186.73
116.92
109.75
332.16
313.28
107.9
96.17
69.32
28.64
0.18
0
0
0
0
0
0
0
0
0
67.9
86.7
223.37
209.94
194.41
64.83
64.83
255.11
352.7
96.39
0
0
0
0
0
0.34
0.01
0.01
0.02
0.27
0.49
0.4
0.73
11.79
14.82
153.47
206.48
165.18
154.67
165.25
170.26
183.8
540.88
533.99
459.58
448.9
458.81
512.1
442.1
84.01
18.95
3.64
3.27
3.56
2.36
3.02
9.15
103.63
153.3
163.83
169.95
156.73
159.5
162.27
164.09
219.89
524.76
524.59
215.5
493.53
183.64
182.61
161.91
252.8
230.52
246.69
245.15
260.33
335.61
246.05
335.35
368.64
411.67
421.77
436.99
436.46
421.27
400.79
410.74
436.75
437.4
436.61
425.8
405.03
400.45
289.53
259.53
199.99
185.4
56.81
41.56
42.3
202.64
376.12
398.66
424.65
439.84
449.95
514.61
511.1
439.72
510.24
520.47
530.92
537.05
459.79
449.33
448.55
448.19
432.27
418.24
96.44
85.87
81.35
80.18
78.55
79.02
60
347.43
367.29
412.98
423.65
433.52
433.32
422.51
437.93
442.71
463.54
469.65
459.29
444.16
429.26
429.56
419.01
356.78
69.54
54.81
1.85
51.89
52.03
59.86
72.76
459.84
474.81
484.72
504.79
519.73
509.77
499.62
499.33
514
539.02
549.43
543.53
532.51
140.61
121.23
118.86
38.01
48.54
0
0
0
0.45
2.37
1.76
3.12
538.87
580.51
533.52
532.77
532.55
575.16
580.14
586.25
596.79
549.06
538.88
531.23
152.65
91.27
88.56
19.72
160.27
157.43
156.68
146.79
31.48
18.25
13
8.29
0.37
0.62
6.71
11.17
13.12
12.19
12.53
17.34
143.87
159.3
158.4
148.79
141.03
136.63
159.39
117.34
