120.47
118.85
116.74
116.09
115.67
114.67
73.23
68.61
63.14
62.15
104.96
107.61
116.51
111.34
109.01
119.37
101.44
126.72
126.16
123.3
119.92
120.36
119.39
117.85
119.92
117.46
116.65
116.9
118.51
123.19
129.49
144.62
148.02
148.37
156.66
157.33
149.61
149.35
150.49
152.93
159.59
162.11
159.58
146.14
138.01
135.49
127.92
122.11
117.88
116.33
114.08
114.77
116.52
119.31
124.79
137
143.72
145.8
145.79
149.8
145.8
145.84
146.08
145.32
151.84
157.5
148.08
141.27
132.6
130.38
123.15
118.57
117.98
116.61
115.72
115.63
116.63
119.62
123.75
144.4
146.19
144.14
148.38
143.77
141.6
141.37
143.12
145.54
152.82
154.49
143.66
137.75
132.07
129.97
122.49
118.73
117.84
116.83
113.94
113.04
116.3
118.08
121.05
147.28
142.59
142.1
144.15
143.17
137.73
135.81
135.94
135.83
140.97
142.17
136.14
127.6
122.94
121.63
118.16
116.37
112.14
107.39
103.72
102.73
102.58
107.69
107.33
115.82
116.28
117.3
118.48
119.74
118.5
117.61
118.14
120.12
124.24
137.57
127.15
123.37
120.18
120.26
117.5
114.11
108.91
103.36
96.14
92.78
95.74
97.75
94.47
102.93
107.23
111.32
115.62
116.88
116.13
115.96
116.59
119.33
125.33
130.66
131.52
125.81
122.03
121.37
116.71
112.03
111.67
109.68
108.17
108.38
111.28
117.53
123.67
155.63
150.35
145.69
146.35
143.53
139.81
139.39
141.73
146.06
149.53
152.26
147.65
139.4
132.51
130.42
122.01
117.6
117.68
117.05
116.11
114.5
116.15
119.72
125.1
144.21
157.58
156.78
154.31
150.37
149.2
144.82
148.61
154.89
162.47
162.49
149.78
142.86
134.84
132.34
124.27
120.32
123.26
122.61
121.11
121
120.73
124.46
130.6
174.53
264.22
216.39
202.13
181.11
162.49
161.99
169.41
201.02
329.97
346.18
214.4
157.38
141.79
138.26
128.86
124.12
126.56
124.88
124.9
124.98
125.47
127.41
134.41
219.24
237.47
227.34
222.14
213.38
186.87
163.99
164.7
190.87
226.85
209.71
200.26
155.92
140.79
138.18
130.11
125.68
126.46
126.19
124.8
124.44
124.18
127.65
137.21
192.72
267.75
228.44
223.05
203.68
185.07
157.45
163.72
175.92
203.86
199.51
163.94
146.15
136.68
135.95
129.61
126.21
126.87
125.1
123.51
122.35
121.95
121.99
122.65
125.48
127.82
130.07
133.36
132.43
130.05
128.3
129.85
132.45
141.09
146.46
143.92
136.86
130.65
130.21
127.96
125.9
115.51
123.33
121.32
120.23
119.54
119.38
119.68
121.36
121.73
123.88
126.53
127.36
126.76
126.3
126.77
129.57
136.68
142.84
140.95
137.13
132.33
131.52
127.56
124.94
128.59
128.33
127.17
127.26
128.28
130.92
140.32
214.6
328.79
252.09
244.2
233.45
191.16
187.23
191.57
206.06
267.84
287.79
240.25
183.96
149.85
145.45
133.95
129.96
142.45
131.69
130.65
130.77
131.75
135.99
146.83
242.77
412.18
320.99
292.55
268.37
211.73
192.75
202.16
218.82
310.58
363.79
306.95
211.55
165.22
157.5
142.85
136.09
133.67
133.37
132.09
132.32
133.46
136.17
152.88
297.35
384.22
336.29
331.17
291.2
247.16
210.51
200.26
225.89
265.15
347.47
271.29
212.24
165.32
159.02
141.82
134.67
133.48
133.14
131.68
132.27
133.25
136.05
148.94
267.67
284.71
262.13
242.55
226.23
191.58
179.52
186.27
195.7
243.78
302.45
231.47
179.02
160.74
154
140.66
132.59
137.55
136.98
135.01
135.38
136.39
139.52
158.34
355.07
357.53
338.22
292.7
230.67
187.05
163.04
162.66
163.13
176.6
204.31
166.46
160.27
152.05
149.23
140.61
136.55
135.88
135.36
133.49
132.73
131.98
131.14
132.83
135.84
137.51
140.25
143.82
144.31
141.22
139.58
139.74
143.21
153.17
159.55
157.49
147.07
141.06
140.33
138.01
135.88
136.26
133.45
133.13
132.33
132.44
131.02
131.24
132.28
134.18
136.04
138.33
140.32
139.25
137.6
137.26
139.64
145.25
154.77
157.51
144.43
140.38
139.93
136.58
133.65
132.77
130.31
130.24
130.71
132.62
136.71
148.08
193.27
219.83
189.8
194.59
188.46
170.27
165.82
167.83
169.81
186.81
199.8
179.01
162.81
152.59
148.84
139.97
134.31
130.02
127.57
126.79
127.36
128
131.03
138.8
189.61
194.54
187.14
179.67
167.67
163.55
160.86
162.43
163.9
171.91
182.68
164.38
157.28
152.56
147.96
138.15
129.99
127.34
124.13
120.21
120.04
125.12
119.26
125.07
157.7
162.42
159.32
160.29
157.43
154.17
153.93
155.02
157
166.54
180.3
160.48
153.19
145.95
144.1
138.01
131.28
129.89
127.69
126.47
126.42
128.74
133.66
141.29
215.14
161.11
156.6
156.75
152.9
153.3
151.76
152.55
152.45
157.27
161.85
155
150.14
145.24
144.5
137.87
133.43
133.66
130.3
128.37
129.31
131.11
136.53
145.61
231.2
206.23
182.3
170.96
163.04
159.55
153.01
151.64
150.63
153.78
154.68
152.61
147.89
144.15
141.96
137.83
133.96
132.07
129.59
127.6
126.92
127.77
129.23
130.58
133.86
136.58
140.38
144.73
145.21
142.48
140.31
139.64
141.65
148.73
157.83
154.35
145.83
140.12
139.64
137.9
135.26
132.17
129.33
127.87
127.48
127.87
128.03
127.26
129.22
130.36
134.81
137.91
140.16
139.19
138.51
138.59
140.25
145.64
204.59
157.78
147.34
144.68
144.29
139.31
136.95
135.11
133.09
131.02
131.48
133.35
137.63
145.23
215.88
215.96
187.97
212.39
251.42
165.85
182.1
182.76
162.85
178.18
197.01
178.61
161.76
153.66
152.01
142.51
138.03
136.94
135.38
131.48
131.84
135.77
139.75
145.59
326.26
300.04
304.71
321.21
320.51
172.67
170.23
170.63
176.82
199.07
264.27
204.84
169.15
156.01
154.08
145
141.08
140.17
140.12
139.16
139.16
141.04
143.81
154.98
247.73
290.94
249.45
228.35
210.12
194.76
182.25
182.43
182.24
223.28
285.89
262.48
182.9
164.66
161.44
149.39
143.99
138.35
140.44
139.27
139.83
140.95
143.15
152.72
231.66
209.69
198.3
182.12
177.2
171.33
168.52
166.74
163.96
181.73
235.79
225.76
167.79
160.42
159.81
147.67
143.23
137.57
147.77
146.67
147.05
149.13
155.14
174.64
691.93
1649.89
1129.58
754.22
389.63
324.57
241.65
191.96
191.2
237.15
374.42
628
273.97
188.69
187.1
169.56
158.59
114.53
143.1
147.09
142.64
142.86
113.8
149.75
128.02
159.73
163.55
169.88
169.36
164.73
161.22
160.6
163.89
179.94
209.04
217.05
170.77
159.96
159.17
152.8
149.41
124.26
102.94
100.89
99.08
95.85
98.63
87.71
97.4
127.03
122.87
126.17
130.62
126.42
119.45
111.86
107.19
116.63
181.47
188.02
154.87
123.52
122.07
129.65
126.55
124.86
107.73
106.82
104.8
110.6
118.86
181.04
999.81
1365.29
257.36
283.87
279.46
214.13
256.24
376.87
402.48
903.78
1416.18
999.75
822.86
299.39
224.65
172.72
155.95
163.4
154.27
156.63
156.2
154.62
167.44
226.41
816.36
1393.07
874.57
656.7
287.23
228.1
210.89
194.64
189.99
233.43
288.02
291.46
228.32
187.53
173.41
161.79
153.1
150.99
148.67
147.4
150.68
152.19
152.31
164.8
179.55
184.46
179.03
180.86
174.42
172.96
172.92
173.09
171.81
174.53
182.69
180.32
172.57
165.26
163.09
154.68
150.01
151.56
150.11
148.61
147.86
150.91
152.02
162.35
308.11
187.74
177.3
175.15
174.16
173.57
171.9
171.24
171
176.77
199.33
185.5
170.94
168.48
164.03
155.32
152.13
153.08
151.58
150.85
150.74
152.92
156.72
158.55
338.92
290.59
270.15
255.39
241.67
201.67
189.69
179.93
177.03
178.66
191.43
188.92
175.88
169.29
165.42
161.01
155.99
159.54
156.5
154.88
154.37
154.58
157.69
158.4
160.1
162.86
163.85
165
165.51
163.43
161.3
160.48
161.31
165.91
179.79
177.56
166
162.47
162.14
158.61
155.59
153.41
150.83
148.47
145.94
136.49
89.19
90.42
136.19
141.42
132.83
155.86
156.65
155.33
154.61
154.45
155.26
160.1
164.36
164.32
162.06
159.71
159.55
154.4
151.51
145.75
133.49
126.73
126.2
137.32
136.21
149.37
167.09
171.8
168.67
167.97
167.01
164.73
163.85
163.45
163.36
165.79
171.85
167.95
164.08
161.65
160.42
154.87
150.59
144.92
141.18
136.12
140.47
144.74
148.49
147.85
291.82
164.58
165.08
166.48
166.62
164.68
163.06
161.97
160.86
162.78
168.24
168.31
164
161.76
159.56
154.24
152.18
143.14
141.96
136.86
135.16
141.1
149.01
153.96
294.52
163.33
162.82
162.53
162
159.49
159.45
157.07
156.41
158.1
163.83
164.35
159.84
158.69
155.29
151.69
150.35
149.03
146.87
143.23
145.14
147.49
150.57
153.51
252.28
162.41
160.74
161.33
160.15
157.52
156.86
156.09
155.37
157.61
162.93
164.44
160.22
158.81
156.8
155.57
150.35
151.02
149.15
147.83
147.55
150.17
153.65
157.78
169.54
175.23
171.72
170.83
167.02
162.77
159.5
156.94
156.14
157.3
163.17
167.78
161.18
156.69
155.61
153.82
152.56
151.82
149.9
147.34
146.62
147.19
148.45
146.73
148.67
151.27
153.26
154.17
153.61
151.82
150.2
148.67
148.54
151.21
155.14
164.42
154.35
124.51
149.95
147.45
143.35
102.35
94.35
88.51
89
89.83
93.14
87.2
92.06
123.67
137.41
141.08
148.97
147.02
135
131.91
128.49
143.21
154.78
182
161.13
154.94
149.28
150.27
146.66
146.67
144.38
142.9
142.05
145.98
150.73
154.43
280.87
166.13
166.77
165.86
163.76
159.9
159.28
156.93
155.78
157.36
162.71
161.94
157.33
154.55
153.99
151.09
148.08
148.68
145.51
141.75
143.84
146.72
150.68
148.82
159.63
163.59
163.09
162.51
160.39
155.94
154.53
154.29
153.8
154.35
158.52
161.53
156.84
153.92
152.01
149.73
146.29
143.94
139.9
135.56
134.48
140.4
142.39
116.32
157.8
159.97
158.05
157.79
157.36
154.68
154.77
153.93
153.56
153.91
158.87
163.7
159.03
153.97
153.39
152.06
150.45
116.01
146.2
144.55
144.96
147.64
150.76
154.08
164.88
166.99
164.17
163.63
165.04
159.69
160.12
160.83
157.94
160.76
170.06
194.8
177.25
165.86
159.79
155.36
153.17
156.58
155.34
154.6
154.89
156.39
159.09
170.32
225.23
362.25
302.74
264.54
231.62
186.74
177.63
171.21
167.14
173.52
205.51
246.2
207.93
172.73
168.76
161.35
158.13
160.97
158.82
157.11
157.03
157.89
153.49
161.06
163.37
167.95
175.49
178.09
175.55
169.78
163.45
161.04
161.66
168.38
183.34
209.59
181.58
173.78
170.02
162.77
159.26
160.51
158.21
156.42
155.74
156.67
151.29
151.78
136.61
149.41
160.74
162.43
162.67
161.12
158.39
158.95
159.59
162.51
132.48
182.32
179.81
174.28
172.36
165.58
160.98
161.63
158.47
157.36
157.43
157.88
158.32
187.07
317.24
525.43
530.65
396.39
335.79
310.14
297.67
249.96
216.18
211.3
317.43
416.99
307.65
228.98
193.76
178.27
167.74
171.97
167.45
164.04
165.1
169.51
177.3
190.64
363.17
540.93
362.23
300.69
274.98
226.44
208.37
198.67
190.89
200.11
267.75
363.07
246.02
204.86
181.43
174.99
166.17
175.27
172.83
170.56
170.66
175.52
184.53
226.31
411.55
753.61
432.98
453.6
362.21
249.49
232.64
216.1
197.38
202.1
261.16
581.97
429.87
227.55
198.23
180.71
173.08
171.99
170.72
169.53
168.3
172.01
177.62
190.59
258.88
329.17
291.84
271.64
251.18
225.49
202.54
196.08
187.61
194.31
257.7
351.76
293.99
216.81
193.51
179.87
172.12
175.1
173.43
170.72
171.66
174.69
180.9
203.98
367.72
1115.84
949.06
753.34
355.54
244.93
204.34
187.08
181.32
188.19
233.63
416.22
292.72
193.36
190.91
182.24
177.37
178.38
178.49
173.3
169.18
169.44
170.52
175.8
175.82
162.25
169.7
189.93
185.83
180.08
162.03
155.55
154.92
152.43
175.91
230.12
206.76
185.71
184.64
181.76
179.55
175.36
165.71
164.66
161.18
155.36
149.47
133.43
141.59
157.33
165.39
176.3
175.57
170.27
159.31
151.68
151.06
159.48
178.92
190.97
190.12
173.84
180.53
175.76
172.8
164.08
167.75
164.43
165.71
168.54
176.45
184.22
207.19
221.84
216.03
211.84
210.99
192.97
190.1
185.26
181.97
180.96
191.46
211.37
200.31
188.49
183.17
180
173.75
152.74
158.94
158.8
160.07
168.57
157.65
179.69
199.21
214.53
206.07
200.03
189.85
186.57
184.34
181.13
177.51
177.52
185.83
204.16
198.13
183.6
181.03
176.44
163.99
174.73
172.38
171.59
172.5
174.41
174.61
181.4
199.69
236.19
213.8
205.93
193.5
186.21
182.01
180.58
178.75
178.36
186.38
219.8
202.38
184.72
181.6
177.97
174.45
173.12
171.26
169.45
171.01
173.21
175.47
168.3
188.28
203.87
199.23
198.45
190.51
186.6
182.24
180.86
178.97
178.18
183.34
221.73
197.68
163.53
179.07
176.3
172.77
173.82
168.65
165.85
166.23
171.62
176.44
179.39
188.02
199.42
195.52
195.44
189.82
182.35
179.01
176.87
174.48
173.8
172.31
186.21
182.84
178.15
178
176.45
174.11
167.87
164.38
163.69
162.56
163.83
164.34
163.64
162.77
167.91
172.2
175.87
173.89
169.1
166.35
165.42
165.61
167.95
170.78
181.8
179.39
162.55
172.33
168.49
161.8
162
158.79
156.32
155.82
156.49
158.5
155.7
155.79
158.2
162.05
164.08
165.12
164.23
159.47
157.99
158.61
162.11
173.07
178.87
178.46
174.88
174.78
172.41
164.56
164.09
161.22
158.04
158.19
161.91
166.1
172.09
179.75
183.63
181.32
180.5
178.59
176.68
175.14
168.39
158.91
156.95
173.2
180.85
179.07
174.5
174.08
168.47
164.04
161.29
157.38
154.48
155.7
160.2
164.6
171.93
177.88
181.6
181.04
180.65
178.45
174.47
175.64
173.88
173.67
172.92
174.54
195.16
183.7
177.72
177.17
172.98
167.56
157.47
163.38
161.08
161.97
164.96
171.4
176.98
184.93
190.97
190.39
187.26
184.9
180.55
178.16
177.12
175.68
172.96
177.6
184.55
186.27
174.97
170.97
164.01
158.39
167.36
164.65
163.54
163.52
166.23
173.21
177.61
186.68
195.68
192.03
189.4
187.09
182.38
181.23
180.3
178.9
177.96
181.61
194.75
196.18
184.89
179.92
176.98
173.43
166.58
163.93
161.8
161.49
161.27
163.44
177.76
186.1
192.05
190.99
191.1
188.04
183.08
181.93
178.48
176.34
174.1
176.98
184.15
182.04
177.01
174.82
172.6
169.59
166.85
162.85
161.25
160.7
160.59
164.59
167.62
172.93
175.87
180.41
182.1
179.78
178.07
176.89
175.38
174.71
178.57
184.38
195.12
192.39
171.14
167.96
162.5
160.38
149.15
104.88
104.74
123.35
143.76
161.16
155.03
154.64
159.67
163.82
166.59
172.29
172.27
170.97
170.51
169.74
171.41
183.99
200.55
198.61
191.11
186.69
178.11
173.24
151.7
118.07
111.37
102.54
104.38
143.46
192.39
211.78
204.46
179.19
189.09
193.3
190.29
190.15
188.21
184.06
183.73
177.15
209.87
211.14
200.94
196.97
192.05
184.36
188.59
187.02
185.23
186.53
188.04
193.55
199.48
245.49
291.68
289.17
229.22
211.31
202.79
201.73
197
195.15
192.72
196.56
219.34
228.7
204.72
199.62
188.93
184.56
184.46
184.86
184.8
185.01
185.26
192.56
201.05
238.69
271.78
234.01
216.88
204.38
199.44
198.11
193.56
192.04
191.06
195.08
207.6
211.46
202.58
198.94
192.44
187.7
187.95
187.05
186.38
187.15
190.66
193.67
196.52
214.7
227.94
208.82
202.96
196.38
193.69
194.01
191.98
188.55
187.41
188.61
199.51
203.36
198.35
198.49
193.47
189.63
187.56
186.8
186.19
186.01
184.23
185.13
197.32
214.98
237.91
214.35
204.64
195.61
193.56
188.97
185.48
183.77
183.74
183.89
193.26
193.82
184.81
175.34
182.98
179.28
180.97
182.27
182.04
182.14
182.45
183.62
183.45
184.45
184.13
189.37
190.39
188.53
183.8
180.65
178.46
177.66
181.27
185.54
189.71
185.5
182.61
159.14
155.43
145.08
175.18
103.73
0
102.57
103.86
102.11
101.67
103.15
127.66
170.39
174.59
182.09
170.34
128.29
123.96
124.56
122.63
176.99
181.24
182.65
188.81
201.25
196.93
193.8
179.84
184.74
185.2
185.39
188.86
198.78
207.43
234.4
857.33
238.76
215.85
209.07
206.09
204.68
201.22
189.93
185.78
191.91
197.23
195.76
215.01
211.13
203.41
198.04
183.24
175.58
182.39
182.48
184.11
191.64
202.58
234.31
259.77
222.77
210.7
204.53
199.16
197.46
196.05
193.85
191.83
193.17
191.67
179.43
192.86
196.6
195.21
177.34
191.55
188.97
187.3
187.72
190.1
191.47
198.95
215.73
216.21
208.27
203.33
198.79
194.65
191.71
168.79
156.62
148.66
161.72
160.48
130.52
155.16
175.35
152.7
131.57
122.07
120.62
121
118.85
119.24
136.53
121.38
164.39
162.01
159.9
183.66
198.91
191.08
190.84
194.36
157.69
145.26
158.35
157.57
174.57
180.84
196.75
194.5
192.63
186.21
186.81
185.86
185.96
188.76
193.08
194.85
206.53
231.76
218.72
210.31
207.72
200.61
197.41
194.79
186.19
189.04
189.08
191.19
193.34
194.93
193.79
191.25
186.58
185.89
184.16
182.41
182
183.09
183.44
184.93
184.87
186.86
191.62
192.67
190.54
185.43
183.76
182.24
180.93
180.87
182.94
183.12
152.11
162.2
129.79
128.87
128.83
182.11
181.05
180.09
180.66
181.08
182.56
183.04
180.64
182.3
183.86
185.67
185.46
183.95
182.3
181.44
181.11
183.34
185.46
189.05
193.46
194.69
192.37
188.62
184.72
185.07
184
183.74
184.03
186.3
188.52
189.88
215.57
252.25
231.63
230.3
220.01
211.82
205.98
201.71
198.7
194.72
194.46
195.49
200.57
201.75
197.39
193.34
189.63
186.3
183.6
181.46
182.06
184.82
189.23
183.67
211.39
226.37
230.02
223.2
221.66
221.44
192.8
194.86
193.54
190.27
191.81
192.97
194.62
195.14
193.55
191.47
189.6
184.74
181.57
179.95
180.43
183.34
187.1
190.31
205.82
262.8
221.25
218.66
214.86
200.14
194.21
193.42
190.91
188.99
188.81
189.3
190.99
193.92
192.31
188.76
186.82
184.13
182.29
180.96
180.98
182.34
185.87
185.52
195.95
203.16
202.57
202.31
203.06
195.88
191.57
189.23
186.51
184.51
186.81
187.22
187.04
192.21
191.63
188.17
186.28
183.15
179.39
178.14
178.36
179.97
184.55
184.99
194.45
201.71
219.75
207.14
205.72
197.45
193.08
190.65
187.98
186.59
187.06
188.63
189.79
188.46
187.08
186.45
183.91
174.03
173.03
170.13
169.58
170.63
175.15
175.54
181.06
182.88
183.83
184.54
184.57
184.59
184.21
183.61
184.15
181.9
183.71
185.54
183.49
182.93
181.99
180.94
177.94
174.81
172.08
170.75
169.14
169.72
171.59
172.45
176.53
179.39
180.8
181.97
181.93
181.26
180.3
178.26
177.15
177.15
180.19
181.73
180.09
181.22
177.77
176.98
175.7
174.69
169.75
167.44
168.08
172.17
181.01
180.49
192.73
203.83
204.54
201.51
199.09
200.79
197.31
194.33
190.57
187.56
187.38
187.62
187.99
189.66
189.74
187.48
183.98
183.43
180.52
178.92
178.85
181.11
184.72
139.62
196.88
198.98
199.2
201
201.1
198.53
195.35
192.98
189.11
187.16
187.35
187.74
187.44
191.33
191.16
187.51
184.9
182.55
180.64
179.57
179.72
181.42
184.14
189.88
197.01
204.37
203.57
202.47
200.28
197.28
197.16
192.43
189.75
188.41
188.51
189.56
191.37
192.34
192.29
188.42
177.41
180.76
181.8
180.85
180.67
181.47
183.92
187.84
192.94
197.36
199.5
200.29
199.07
192.84
188.35
186.13
185.04
184.9
185.01
185.41
186.73
187.72
187.6
186.62
144.43
180.51
180.74
177.35
174.75
162.32
144.24
139.16
137.83
138.6
157.96
156.71
155.12
117.68
100.06
88.69
92.37
91.57
175.33
172.12
134.93
180.47
181.94
182.25
182.54
177.28
175.63
180.34
179.13
178.58
178.39
178.8
180.65
181.64
183.73
184.4
184.05
182.93
182.08
181.95
181.92
182.68
183.59
184.14
184.67
184.67
184.51
183.45
182.26
89.6
88.21
88.25
88.58
88.04
89.74
118.39
162.86
177.64
179.8
181.13
181.23
179.73
177.55
176.17
176.23
177.1
179.56
180.9
182.79
182.85
183.03
182.39
181.39
179
175.42
173.33
172.57
172.47
173.4
173.68
174.82
175.68
178.96
180.3
180.94
178.69
176.41
174.07
173.62
174.57
178.8
181.14
182.32
184.21
184.84
184.04
182.97
179.41
179.12
178.43
178.57
179.05
181.61
183.5
230.6
287.86
275.61
263.01
252.3
237
223.78
209.37
203.87
201.03
201.27
200.11
201.59
205.23
204.59
197.3
183.61
189.72
179.33
185.78
186.32
187.76
194.01
202.33
232.51
270.04
276.71
277.55
277.24
251.49
228.75
212.64
206.22
203.38
204.77
206.86
210.7
223.54
220.55
205.59
192.07
193.34
190.69
188.64
183.61
184.86
194.18
204.46
230.71
267.4
258.14
301.61
314.59
271.32
238.3
221.12
206.24
205.47
204.45
204.28
211.07
220.72
216.87
204.27
193.52
192.33
188.17
185.78
185.66
186.78
193.41
201.61
231
300.53
294.95
276.02
265.33
241
227.65
214.97
202.96
198.83
199.11
199.65
203.53
210.43
212.89
199.12
191.29
179.45
179.52
179.67
179.7
179.71
179.68
179.27
181.9
191.64
193.01
195.76
195.83
179.65
180.71
181.39
181.34
181.3
181.28
181.22
181.8
181.53
181.54
181.49
181.01
191.13
189.27
187.25
187.63
187.21
186.44
186.43
187.94
187.98
190.04
182.86
191.46
183.38
189.54
189.12
189.05
189.41
190.48
190.39
191.57
194.05
195.17
193.44
189.51
193.44
192.24
192.15
191.75
192.66
196.72
211.41
266.55
414.48
365.92
327.22
326.09
238.34
237.11
223.74
216.28
208.86
204.17
204.01
205.05
213.15
220.17
206.76
193.27
191.48
189.98
188.91
188.76
190.29
192.47
208.4
233.1
242.39
247.51
260.38
247.63
245.53
235.83
227.52
220.64
215.28
209.95
208.88
211.92
225.3
228.17
215.2
197.52
191.96
189.87
188.01
188.16
190.07
194
209.62
224.33
251.76
255.28
259.05
251.43
242.76
236.12
227.63
219
210.63
213.34
213.94
211.5
220.01
220.6
207.27
197.33
192.63
187.76
187.28
187.33
187.86
191.69
207.58
228.66
250.09
250.4
246.96
244.1
230.39
228.89
219.92
209.79
206.7
208.01
206.5
206.17
210.2
211.24
202.24
192.84
190.24
186.78
186.12
186.19
186.76
190.8
203.42
228.99
244.56
240.65
241.25
242.47
228.55
212.73
205.85
197.63
196.2
196.19
196.03
195.45
195.91
199.74
196.34
191.23
191.22
189.62
188.43
188.35
188.52
189.49
189.77
190.57
192.5
196.37
204.08
203.63
195.67
190.16
189.02
187.69
187.88
189.24
190.14
189.39
189.82
190.77
190.12
187.87
113.67
170.59
147.59
146.56
97.64
178.34
174.65
180.8
186.7
187.52
189.73
189.93
188.6
187.11
186.58
186.91
190.04
190.82
191.19
190.49
192.14
193.85
192.97
189.87
186.98
183.8
182.77
182.55
184.63
189.67
194.6
209.64
226.37
227.03
226.99
227.76
212
205.82
202.76
195.55
193.24
193.36
192.93
192.55
194.11
198.28
194.02
187.72
175.26
174.6
174.23
174.05
173.82
174.36
173.5
170.61
180.56
177.01
173.86
184.05
180.64
176.44
164.28
111.22
118.87
173.86
183.14
182.68
183.14
186.46
186
182.66
178.65
178.3
178.87
180.08
181.94
182.34
192.05
220.03
252.38
250.03
246.5
251.93
227.08
216.39
212.28
203.21
193.72
193.61
193.24
193.19
193.15
196.17
192.4
189.47
183.73
182.76
177.59
177.56
178.39
180.75
189.57
211.74
236.94
236.79
233.81
230.58
218.97
213.6
207.8
216.05
184.42
193.11
193.03
192.77
192.35
193.82
191.75
186.76
180.8
180.42
180.32
180.67
181.41
182.75
186.79
284.29
231.12
231.24
231.7
235.32
219.18
202.34
194.59
193.11
189.43
190.97
189.91
188.15
192.24
193.79
186.63
184.9
182.4
181.59
181.26
181.02
181
181.2
181.7
181.88
193.78
195.3
200.09
198.37
195.69
193.01
186.32
182.73
185.43
188.8
190.63
184.68
183.5
181.88
183.47
180.51
180.91
179.05
178.03
177.28
175.83
175.43
95.76
176.53
184.69
182.66
178.84
178.44
118.82
107.86
96.12
67.06
71.99
120.25
181.23
182.3
186.34
186.93
188.32
186.21
170.79
169.32
168.76
170.15
175.97
177.66
180.48
219.54
249.06
245.05
233.94
231.17
219.4
212.69
204.52
196.13
194.25
193.27
192.61
191.53
191.02
194.1
192.39
187.32
187.59
186.53
186.32
186.38
186.51
186.84
192.94
204.48
225.97
227.41
230.17
230.54
211.94
202.99
195.61
193.73
192.54
193.5
192.48
186.75
189.66
193.44
190.58
186
186.04
184.54
184.24
184.35
184.55
186.64
192.83
196.29
207.05
207.79
210.43
220.27
201.55
198.28
195.21
193.75
188.43
189.36
188.75
187.06
187.35
189.41
187.48
185.05
178.57
177.43
177.07
176.99
177.33
177.87
183.16
190.84
196.6
198.01
199.79
198.74
194.94
194.43
191.56
187.5
185.01
185.68
186.61
186.22
185.05
187.92
185.39
183.66
160.36
152.48
151.78
151.2
151.77
152.35
182.58
196.28
213.17
213.32
216.33
215.39
200.9
195.3
191.51
184.06
178.13
177.67
176.15
171.33
171.6
176.74
171.91
165.97
151.82
113.16
103.99
89.95
95.76
102.49
132.57
154.39
166.66
177.01
178.35
177.74
173.07
170.89
163.36
156.45
162.31
167.46
169.46
165.53
161.29
171.66
172.22
157.78
130.58
90.12
67.24
61.43
46.1
39.09
54.13
86.31
142.94
153.1
160.69
173.42
158.27
147.55
134.34
125.38
128.16
138.65
144.86
147.75
152.82
171.19
172.39
150.08
142.02
119
111.83
98.42
104.47
140.36
172.53
201.77
215.11
221.93
217.61
213.64
206.58
206.96
194.72
190.77
185.48
183.5
181.5
173.86
178.43
181.28
182.07
158.25
134.92
127.82
122.53
122.27
123.96
135.62
180.68
201.73
204.96
206.53
277.47
313.97
284.33
200.03
194.34
191.03
185.08
183.7
180.79
178.45
178.25
181.42
180.81
152.62
139.63
134.47
131.24
132
134.45
139.67
176.51
195.72
212.57
230.49
277.31
553.36
218.24
342.79
204.3
194.66
188.56
187.46
186.06
182.89
183.47
184.61
183.69
156.34
147.11
141.84
134.87
133.21
133.81
145.25
176.91
189.22
212.19
205.67
286.72
281.18
203.67
224.02
208.79
195.64
192.35
191.26
188.81
186.26
184.95
185.56
184.14
158.49
141.32
113.92
104.19
93.15
94.82
126.48
181.95
214.51
212.71
225.59
228.82
218.42
208.56
200.97
195.41
188.87
180.25
177
173.68
168.71
167.87
173.33
173.65
148.8
134.58
113.77
100.37
82.93
66.27
76.41
82.41
114.62
144.25
156.89
168.11
169.49
155.87
147.2
144.95
136.58
148.32
153.97
162.16
152.16
150.02
162.22
168.19
144.22
116.89
93.65
83.57
74.35
60.76
69.7
75.83
113.2
131.74
140.76
147.5
152.25
135.04
121.89
118.31
118.84
120.38
138.93
141.36
141.49
146.38
160.7
169.9
143.47
140.09
133.26
131
127.11
137.55
160.38
187.46
200.31
220.66
234.54
242
297.05
227.51
224.28
206.56
200.07
192.97
188.81
185.6
181.03
185.64
187.7
186.7
171.12
165.45
150.66
143.67
140.46
140.18
157.12
183.88
257.9
250.45
238.25
246.45
262.52
248.41
242.39
210.08
201.03
193.15
191.65
189.34
187.65
185.02
188.41
186.44
166.73
159.7
147.89
144.86
144.63
146.1
153.83
184.33
204.36
231.56
279.26
320.83
341.07
302.19
302.56
203.55
193.8
186.15
185.53
180.76
179.18
175.55
178.63
180.45
168.91
148.41
121.34
111.2
87.58
63.28
63.87
108.83
115.83
144.95
158.23
167.24
172.79
162.29
149.68
141.45
140.78
142.59
151.76
154.65
151.82
158.66
166.29
172.73
157.07
163.99
157.07
154.67
153.48
153.32
157.64
160.69
187.06
191.83
196.2
198.28
198.53
220.65
174.56
184.81
181.88
181.08
181.8
182.67
180.04
177.47
181.19
183.97
178.19
174.47
163.32
155.76
151.91
146.36
145.93
152.93
163.39
179.57
179.77
185.95
187.21
182.88
182.38
179.64
177.83
179.58
182.1
183.57
180.26
178.22
180.29
182.73
175.13
165.28
150.67
138.11
102.08
81.16
50.94
54.99
75.46
120.65
148.89
167.75
175.04
167.71
161.04
147.32
149.03
155.35
164.52
167.57
167.27
168.05
179.56
187.42
166.46
177.55
168.82
164.91
162.12
166.47
179.54
191.98
366.22
244.66
253.32
254.5
250.52
235.69
230.83
215.31
206.66
197.28
196.31
194.19
191.54
190.54
193.83
193.02
185.14
176.98
169.54
165.83
163.67
164.44
178.9
188.62
197.79
220.29
225.75
227.36
232.91
220.38
210.46
224.21
190.4
193.76
191.42
190.83
189.99
189.4
191.01
189.71
185.87
173.98
170.12
166.95
164.48
164.45
179.7
189.65
177.54
244.97
235.37
240.75
236.28
234.97
349.35
209.32
199.63
197.94
197.05
195.79
192.74
191.37
191
190.13
185.34
188.79
185.71
183.75
182.14
182.21
186.75
194.89
211.73
233.4
241.5
240.67
324.81
235.78
349.62
199.02
204.03
201.4
202.17
201.61
197.91
197.31
196.85
195.54
188.47
177.27
175.97
173.43
171.49
172.15
176.42
188.72
193.27
239.74
219.75
231.52
229.62
216
208.9
197.47
191.62
189.35
189.7
189.73
188.82
186.72
186.79
188.21
183.31
176.36
172.66
165.26
154.09
142.6
144.21
154.4
168.04
176.5
179.93
182.89
184.45
177.24
180.82
178.32
175.56
159.02
181.44
178.06
150.72
143.77
118.04
118.77
85.23
158.58
140.59
139.57
138.99
48.55
22.14
41.4
53.82
60.43
96.5
89.25
123.51
59.32
39.92
23.04
54.9
45.03
156.86
155.35
151.86
156.15
152.23
151.82
120.85
152.73
150.57
147.66
145.73
145.24
139.09
151.15
153.1
151.83
153.1
152.3
154.58
151.77
153.23
151.27
151.03
152.93
156.24
155.41
153.96
154.88
157.26
159.66
155.43
177.4
177.55
176.27
175.29
175.07
174.72
159.19
159.86
215.22
217.99
222.63
219.08
210.02
207.66
204.92
160.65
195.42
193.77
192.74
191.67
190.12
189.42
188.59
185.99
184.07
183.43
181.39
179.87
180.03
183.57
183.78
226.56
217.91
225.57
236.24
245.63
226.21
216.28
234.34
179.48
197.14
195.94
193.4
191.94
190.26
189.73
189.4
187.1
188.67
186.38
184.58
183.24
182.68
186.07
180.08
216.14
262.06
248.11
261.92
278.02
255.61
233.71
287.69
198.42
198.79
196.81
195.81
187.33
176.66
174.54
175.25
172.92
180.64
171.54
179.7
178.72
179.65
184.56
180.63
211.75
210.33
212.6
215.51
221.67
219.4
202.12
197.29
184.19
193.05
193.09
192.57
190.91
189.29
189.6
190.21
189.17
187.95
185.67
182.94
180.17
174.68
182.45
183.54
186.32
188.42
191.33
192.72
192.63
189.84
189.22
187.98
188.08
189.13
190.84
192
171.01
188.25
189.07
190.93
189.35
188.68
186.41
183.78
181.03
179.46
188.22
181.52
183.36
186.95
189.54
190.39
191.54
189.41
188.82
188.35
188.21
188.59
190.48
192.28
187.9
189.45
190.19
193.94
191.92
190.69
188.89
187.5
186.49
186.63
189.85
194.19
211.38
232.86
235.56
250.05
271.69
235.42
290.68
196.11
192.69
189.78
196.45
192.37
188.52
178.56
182.25
196.14
181.47
189.32
187.3
185.6
184.27
184.7
188.07
194
196.74
250.14
232.03
249.21
261.74
233.88
216.76
215.48
207.18
203.71
201.36
199.34
196.82
196.01
196.08
196.34
192.87
190.14
186.77
184.95
183.85
185.65
188.62
193.79
203.85
242.19
242.94
288.98
385.33
253.75
246.63
278.04
198.94
184.39
204.22
200.49
196.44
193.67
192.93
193.71
191.66
183.05
181.4
180.97
180.99
181.42
184.14
191.53
199.66
209.14
210.28
214
214.99
209.63
205.78
201.81
197.1
194.58
194.2
194.66
193.16
191.87
191.22
191.82
189.82
190.32
180.27
182.37
179.9
178.66
185.77
179.12
202.05
210.05
211.25
213.16
214.4
206.13
200.92
196.68
193.38
191.44
190.82
187.75
185.03
184.59
184.59
185.82
182.67
187.11
182.29
179.97
177.16
173.27
174.72
178.38
181.78
187.24
191.46
194.72
195.25
192.43
188.03
185.95
185.23
185.21
185.88
186.11
184.42
182.69
182.2
185.42
183.7
181.44
174.26
168.95
161.97
153.86
152.56
153.19
158.52
169.52
178.59
187.02
193.26
190.1
185.59
182.77
179.9
181.96
184.59
187.12
187.37
186.07
186.68
191.88
186.22
191.42
186.86
182.8
177.94
178.07
159.65
164.5
429.05
251.59
273.81
305.05
334.09
260.12
249.14
242.48
294.03
204.35
205.85
201.17
197.81
197.1
196.93
196.91
194.94
189.9
181.11
177.48
173.69
173.47
180.47
184.1
254.33
278.44
248.7
266.56
349.12
264.13
235.25
219.59
208.2
200.62
200.09
197.3
195.88
193.57
192.71
193.2
187.57
182.5
174.48
172.06
169.08
167.22
172.55
189.28
200.54
286.98
235.38
427.55
340.21
231.34
226.05
216.36
211.72
198.98
198.3
196.53
194.08
188.63
187.58
185.42
180.72
177.61
168.09
165.18
157.05
152.71
168.82
173.65
196.35
241.22
211.9
218.73
220.25
214.36
208.73
231.74
198.13
195.8
195.03
192.62
187.32
180.5
179.89
179.51
174.49
168.39
155.95
142.14
123.09
76.41
113.7
160.33
177.14
185.79
189.76
204.51
245.64
189.97
185.88
180.8
175.59
172.78
171.57
170.07
165.97
143.71
150.11
157.65
150.47
157.47
128.08
75.96
34.73
24.24
23.24
31.73
70.61
147.1
161.26
165.88
170.85
164.01
158.15
154.14
141.32
148.41
156.73
158.46
155.97
151.25
150.23
158.34
153.1
164.44
146.52
122.11
97.57
51.77
39.82
69.73
108.1
151.78
160.82
170.32
180.84
171.52
160.07
162.73
163.77
163.46
169.67
169.37
167.26
168.23
170.31
182.18
171.31
174.75
167.84
162.11
159.72
159.26
163.01
183.45
318.89
329.55
322.74
334.25
414.57
316.49
329.08
317.25
234.16
194.03
192.31
188.01
183.5
182.2
182.47
183.23
179.38
178.63
168.93
165.31
160.93
160.26
169.71
181.86
193.09
301.1
311.72
344.08
594.52
357.23
320.82
317.94
195.71
191.43
191.06
187.75
187.15
181.97
181.15
181.87
179.59
181.54
177.05
175.28
173.28
173.55
178.19
186.08
209.23
317.01
353.97
697.15
777.46
752.22
430.8
321.1
201.8
193.07
192.62
188.69
186.6
183.4
182.27
182.36
179.86
181.38
177.38
176.8
173.98
173.75
178.05
186.34
199.48
312.91
304.93
316.53
428.68
331.73
345.9
318.28
203.24
195.65
193.42
189.89
188.32
187.55
185.13
184.09
180.97
184.37
180.56
179.67
177.54
177.44
180.93
188.57
199.56
305.01
307
324.34
370.28
314.06
303.62
295.97
197.93
191.8
190.27
189.08
188.76
184.33
186.12
187.96
186.15
185.05
180.7
178.55
176.32
175.02
175.43
176.71
178.09
183.8
188.64
189.65
190.76
188.85
185.8
185.91
185.88
185.52
187.44
187.46
184.68
182.66
181.85
184.07
183.22
180.11
177.22
174.75
172.39
168.21
165.48
170.88
173.71
175.53
178.25
180.66
185.26
181.39
179.74
178.87
178.77
178.54
180.03
179.77
180.3
179.61
179.99
184.54
181.37
179.83
176.03
174.63
171.91
171.62
176.84
177.98
317.21
213.09
274.96
277.85
274.49
290.92
327.81
327.09
215.43
207.32
206.64
200.3
197.28
193.08
192.86
192.27
188.05
185.04
180.33
178.75
176.87
176.33
180.18
184.52
320.65
291.62
313.43
341.03
344.3
342.29
337.59
343.87
214.46
202.68
199.07
196.51
192.44
188.85
188.09
187.9
186.64
185.23
180.89
179.07
177.23
176.77
180.05
187.52
198.92
317.32
344.93
362.02
370.92
606.93
433.92
358.29
247.55
235.8
200.47
196.85
194.79
191.1
190.06
189.35
187.09
187.17
182.35
181.36
178.86
177.6
181.21
189.75
285.76
257.21
300.33
300.12
305.1
310.51
324.49
305.21
216.75
205.35
202.53
198.85
197.18
192.89
192.56
191.89
188.03
188.05
182.97
180.12
178.54
176.77
180.22
189.88
265.25
299.11
295.54
351
351
289.2
280.9
275.69
203.04
197.06
193.44
191.28
188.65
185.04
184.88
186.54
182.74
181.54
177.08
173.43
169.91
167.09
167.13
171.55
175.39
178.82
174.43
198.04
197.01
189.55
183.16
179.71
179.73
179.36
180.06
181.62
180.16
179.08
179.35
180.99
180.15
178.78
176.03
172.83
169.73
164.89
163.25
166.05
170.6
170.86
174.67
178.66
182.8
179.72
178.48
178.82
179.04
180.81
184.34
183.26
183.99
182.68
183.57
186.96
184.82
179.68
176.14
174.46
173.41
171.02
175.14
166.99
212.36
209.81
209.15
222.9
222.49
223.44
210.59
210.91
197.14
195.16
193.61
193.1
190.4
187.74
187.96
187.8
186.86
179.32
174.98
174.1
171.18
169.4
173.45
181.34
196.4
202.97
207.91
212.7
215.64
214.69
212.45
210.73
203.8
197.32
195.69
192.97
188.62
186.76
187.35
187.11
184.33
179.99
175.92
173.26
168.75
167.06
170.29
179.1
188.11
223.56
205.61
209.2
209.13
209.31
206.38
205.31
200.23
192.91
192
188.57
187.55
185.65
184.5
184.57
182.15
178.13
172.54
166.92
161.58
160.64
164.74
175.32
186.13
193.96
202.78
204.83
207.54
202.55
201.54
200.81
194.21
189.12
186.36
185.99
184.02
181.56
181.98
182.61
179.53
173.11
167.18
161.99
159.43
157.35
161.33
169.33
180.18
189.28
193.02
196.21
201.38
193.85
191.6
189.93
182.73
180.16
178.31
177.63
174.33
172.03
171.56
173.13
170.08
172.92
162.85
161.15
151.88
115.85
112.87
149.92
163.21
170
177.5
188.92
189.59
187.3
179.51
173.38
173.01
175.19
176.88
176.13
172.85
169.42
169.65
172.81
170.3
173.12
166.99
165.69
161.26
155.61
136.72
141.75
150.92
159.37
165.94
168.7
172.95
169.39
168.73
167.75
168.2
171.1
173.72
176.07
175.89
175.48
177.2
181.62
178.04
170.15
166.54
163.56
159.39
158.92
162.64
173.14
179.24
225.23
189.86
196.1
199.01
195.88
193.06
190.57
186.68
182.87
182.65
180.81
177.59
176.49
176.92
177.72
172.37
162.06
138.16
110.74
76.17
75.39
114.06
164.8
221.01
179.25
184.35
296.23
228.12
187.04
186.82
199.95
233.72
177.33
177.19
173.77
169.62
166.92
168.18
168.22
160.13
159.17
128.91
112.24
69.27
60.31
103.61
155.86
170.09
174.71
181.44
185.6
189.08
186.68
185.37
181.06
177.82
176.81
173.05
170.13
168.28
159.96
160.36
160.71
142.91
128.3
101.46
62.96
98.09
91.57
89.52
139.86
151.68
175.31
179.62
185.2
284.22
186.15
183.75
178.38
176.1
172.56
174.19
169.84
166.63
157.94
159.98
163
141.85
156.83
122.77
76.21
66.77
55.21
92.78
157.36
162.48
165.92
176.33
177.97
213.51
180.05
177.27
167.79
161.73
158.83
160.68
157.28
146.36
111.68
115.89
151.76
111.85
135.73
127.43
86.78
46.76
39.38
46.9
44.59
125.25
146.14
151.23
159.97
160.26
157.93
145.88
127.35
112.06
130.25
146.74
155.56
150.09
147.02
148.86
158.75
150.31
112.36
90.63
69.94
49.97
43.95
43.03
35.95
40.54
56.47
111.67
137.49
155.84
151.2
133.3
121.85
125.89
123.69
139.12
144.8
146.24
144.5
143.98
158.11
140.6
120.96
75.46
56.17
49.62
47.1
64.75
133.21
157.02
166.3
171.37
174.44
179.96
174.42
172.7
169.59
167.36
165.08
165.67
162.6
159.72
153.84
151.62
153.25
124.07
73.23
58.67
48.14
47.36
47.32
61.48
124.04
159.59
166.39
173.18
174.92
176.81
177.62
175.26
174.27
170.06
166.7
162.94
157.36
144.31
139.72
150
154.76
133.97
155.33
151.3
142.47
139.35
136.37
141.52
154.02
160.89
169.8
177.52
185.61
185.31
212.57
182.89
175.48
172.49
167.36
166.36
166.23
163.37
160.3
160.45
157.53
140.28
153.39
142.93
136.99
132.38
130.2
135.05
148.8
154.78
165.72
167.44
172.7
177.8
175
174.08
172.82
169.28
166.22
165.25
161.38
159.79
156.66
154.45
157.14
141.02
138.45
131.24
123.89
104.84
75.5
122.67
133.14
151.84
163.07
167.56
170.26
171.83
168.85
167.85
165.65
162.98
157.04
152.23
151
149.38
137.09
138.14
145.16
128.3
136.15
133.93
125.75
115.16
100.84
98.15
98.39
113.01
135.37
145.95
152.29
160.41
153.1
142.13
140.51
138.52
139.27
142.44
144.23
140.19
135.65
136.73
143.03
140.17
139.75
137
131.61
126.18
105.32
89.91
76.75
90.13
122.82
131.83
141.42
159.8
140.8
137.66
137.36
134.98
136.54
141.74
147.34
139.55
139.22
142.43
152.25
143.71
141.63
139.13
134.93
130.9
127.1
138.9
153.3
162.87
170.99
175.01
180.74
182.9
179.45
174.69
168.85
167.87
164.56
164.8
160.2
157.87
150.6
152.13
151.84
142.38
146.57
140.7
137.99
136.06
136.43
143.87
159.53
163.92
174.74
184.85
197.26
271.43
271.66
189.62
184.81
180.76
170.43
168.89
168.53
164.54
163.32
163.13
163.52
157.88
148.03
138.15
126.36
99.91
88.97
137.76
151.91
160.42
245.16
242.02
242.92
243.74
242.58
188.9
181.97
173.19
168.52
169.37
168.01
162.62
159.67
160.09
160.3
154.36
142.73
130.46
117.61
120.62
126.83
124.14
149.2
159.67
168.21
174.87
245.65
248.05
246.9
247.61
245.72
170.47
167.98
176.37
160.47
158.67
152.26
155.21
157.04
143.72
119.34
66.57
49
46.79
44.71
51.46
139.32
156.9
167.51
169.79
174.84
174.79
172.12
170.28
167.98
165.04
160.11
159.72
159.05
150.78
136.42
138.05
140.83
129.57
160.23
160.25
159.69
158.87
156.6
156.48
158.09
159.8
162.89
168.46
171.89
172.16
169.67
168.4
165.47
162.64
161.21
162.97
164.92
162.32
160.35
162.22
163.7
159.66
155.93
152.16
146.15
142.24
137.21
131.33
138.77
136.1
144.79
154.11
160.41
164.93
160.77
159.74
157.72
158.82
160.14
160.89
163.15
162.97
163.11
165.79
167.33
160.37
154.28
152.1
145.91
140.94
140.66
149.51
161.73
168.87
306.34
191.75
364.64
604.85
387.69
384.26
189.02
181.13
169.29
169.93
171.44
168.56
168.02
168.22
168.55
162.36
154.7
147.81
144.15
140.67
140.3
146.7
165.02
168.2
177.85
187.07
189.38
188.52
187.37
191.07
188.38
185.56
177.32
176.78
172.34
168.77
167.38
168.42
168.28
160.78
154.27
145.95
141.47
139.49
138.58
146.13
163.57
168.97
181.79
195.19
196.68
196.23
194.39
192.41
185.94
181.6
175.12
171.66
168.86
166.53
163.95
166.34
163.96
156.15
22.33
81.33
66.4
47.56
47.08
96.48
146.36
162.08
169.12
177.36
183.47
187.57
185.48
180.61
178.29
173.4
166.08
164.67
163.49
159.67
158.44
160.42
160.49
151.37
137.99
137.36
134.15
132.68
134.46
146.21
162.32
171.23
188.75
192
194.72
217.47
191.43
187.72
182.32
170.24
167.89
165.77
162.33
158.63
158.98
159.18
158.86
149.94
133.7
98.42
75.79
62.63
20.34
75.5
98.74
130.04
146.3
155.43
158.16
161.88
157.1
155.64
155.18
154.68
153.24
155.57
155.93
160.41
144.02
150.34
153.17
139.56
115.69
86.3
50.49
42.67
6.43
39.98
40.86
46.77
66.8
113.57
139.22
141.45
140.06
139.19
137.35
139.62
141.42
148.94
150.88
160.99
133.14
153.11
150.44
138.48
119.32
104.29
89.99
89.41
89.78
118.89
151.46
163.75
173.58
179.95
186.35
188.21
183.67
178.57
173.87
167.59
159.09
158.24
158
156.65
155.62
158.42
155.42
139.6
120.75
111.75
111.59
96.49
111.55
130.9
157.59
168.77
175.29
185.25
197.4
194.37
193.97
195.23
188.22
177.35
168.63
166.38
164.54
160.78
157.89
162.07
158.48
140.66
133.05
129.4
126.83
118.48
125.14
131.79
157.04
166.11
169.29
175.62
184.73
187.91
184.49
175.1
170.48
169.05
166.28
165.98
165.7
164.55
162.39
165.61
164.94
152.18
139.24
129.73
123.12
122.42
124.61
139.97
159.21
168.66
179.42
184.1
190.43
255.9
240.12
186.39
183.89
174.89
166.23
165.67
165.33
160.65
156.75
163.11
161.74
142.69
131.24
122.07
119.44
121.83
124.21
143.15
158
172.41
183.29
276.16
481.6
619.9
476.4
182.72
174.5
165.92
163.41
160.34
159.47
156.59
153.94
160.24
156.26
141.09
137.1
133.71
130.21
128.32
123.1
119.74
122
129.49
145
149.46
157.61
178.89
155.47
148.75
147.17
146.91
145.22
147.46
147.91
146.02
142.9
147.54
148.49
139.95
119.6
106.05
89.04
77.15
65.03
61.44
64.8
81.57
97.2
114.66
116.57
139.78
125.52
119.35
110.81
109.78
116.21
128.74
138.71
141.6
146.25
153.18
149.2
133.39
132.23
131.83
129.25
127.87
127.2
139.73
156.07
171.54
170.92
177.72
182.35
185.91
181.28
176
175.21
172.88
167.33
164.85
164.95
160.78
159.8
164.94
160.99
147.96
151.61
146.95
144.37
142.59
145.01
150.77
163.17
185.43
267.02
284.75
418.68
638.92
400.01
373.76
268.1
184.73
175.73
173.9
171.85
166.51
165.69
167.8
164.46
152.88
149.44
145.31
143.68
142.72
144
152.78
169.71
182.41
208.78
229.3
445.17
806.48
445.27
393.29
282.21
183.74
179.59
175.52
174.68
174.28
173.54
176.12
169.15
160.1
152.47
147.8
145.35
145.44
147.86
155.19
166.97
183.04
198.83
225.92
201.56
198.22
193.51
239.43
338.91
190.69
184.32
228.08
180.24
175.03
173.28
176.46
172.74
160.41
157.86
156.16
153.54
153.89
155.79
159.47
173.79
184.01
251.14
244.37
558.35
1263.27
409.54
266.01
219.8
179.48
174.01
170.91
171.34
167.74
169.5
176.5
172.46
160.64
160.45
156.38
153
151.04
145.57
143.88
138.59
144.59
153.2
165.41
170.93
174.09
170.52
164.83
160.81
160.07
160.55
164.35
165.19
161.88
162.06
165.81
165.34
158.55
156.06
152.91
148.21
146.46
143.96
142.63
143.6
144.5
152.88
155.93
164.77
169.34
165.49
160.48
157.13
158.48
161.04
164.24
165.12
165.81
170.07
174.99
168.4
160.44
164.62
160.24
157.25
157.08
159.76
168.4
167.15
225.07
210.48
211.99
218.89
215.63
206.48
202.43
196.55
192.93
188.19
184.87
183.12
181.5
182.53
184.2
177.73
171.4
140.15
150.82
148.55
148.11
151.89
161.22
169.36
167.48
265.94
192.58
198.01
196.34
196.76
195.48
192.92
186.95
181.97
180.57
178.53
177.27
178.97
182.92
174.31
166.14
151.23
147.53
147.24
147.23
148.42
154.31
167.91
188.14
225.48
232.29
230.4
234.35
246.39
307.78
291.13
229.9
189.25
201.37
190.32
179.71
182.47
182.67
174.79
161.7
136.86
114.15
104.67
103.25
104.94
116.48
158.27
189.58
327.35
363.39
889.37
2002.42
697.17
468.12
435.74
313.6
224.87
270.5
228.15
177.51
182.34
177.58
160.56
144.84
142.73
106.85
100.92
100.35
108.31
138.4
163.69
178.28
187.34
189.26
188.89
187.75
184.21
178.14
172.68
167.15
158.85
156.09
153.97
152.85
155.07
157.08
150.5
132.4
151.85
145.57
147.14
143.31
141.9
142.23
148.5
146.66
152.55
164.92
267.18
281.27
262.24
191.1
160.3
157.97
154.09
155.72
158.44
158.1
162.44
166.44
157.78
146.25
81.04
111.02
108.08
104.55
101.02
101.84
105.3
106.16
130.9
142.79
147.26
149.1
147.62
141.9
139.69
138.84
140.24
145.56
148.95
155.86
166.58
167.67
153.74
141.76
142.34
138.29
136.86
137.91
138.43
144.38
165.52
182.69
190.96
194.44
195.18
193.1
191.01
190.99
188.3
186.88
184.07
180.44
178.09
176.44
181.83
177.96
164.52
148.59
138.48
127.96
123.85
124.16
126.26
134.97
170.3
178.24
181.78
183.94
184.65
183.91
181.95
181.47
181.65
177.79
175.66
171.51
169.5
166.3
178.81
168.91
156.89
141.04
142.66
137.66
135.59
135.31
136.86
142.72
162.34
181.43
263.47
295.94
299.36
299.33
298.92
288.32
295.75
177.52
176.39
173.73
169.42
168.98
176.82
172.41
160.95
144.93
142.29
132.64
126.25
126.13
132.97
144.65
164.92
176.58
279.88
294.7
305.76
305.34
300.78
297.15
295.82
276.92
180.95
283.38
170.04
169.5
175.85
172.43
163.81
149.98
145.1
137.26
135.04
135.4
136.95
146.07
162.84
171.83
178.05
178.32
178.39
176.23
170.03
165.08
162.07
152.37
152.28
153.13
152.17
150.95
162.96
159.83
150.09
141.49
143.75
139.16
137.23
135.38
134.54
141.26
142.01
144.34
146.66
151.6
159.34
158.2
153.29
147.31
144.75
143.56
143.05
145.61
147.35
148.24
154.39
153.47
148.67
143.94
141.54
103.27
94.49
89.93
88.15
138.34
135.06
135.22
134.25
137.95
143.7
146.4
143.71
139.85
137.24
138.78
139.53
144.28
146.52
149.68
158.39
157.91
148.62
137.72
138.97
135.42
134.49
135.38
136.68
141.75
159.42
169.37
176.08
176.36
176.63
175.89
173.03
173.13
172.93
171.75
168.25
168.04
167.36
168.23
174.22
166.92
157.23
148.49
137.04
138.74
138.56
138.55
138.89
141.31
160.68
193.79
245.25
255.93
287.14
285.45
283.71
283.6
262.61
172.44
169.68
169.6
168.37
168.78
174.12
168.15
157.68
147.16
151.24
145.98
144.1
143.1
144.04
152.04
167.82
180.36
176.83
176.83
175.23
174.79
173.02
172.63
172.19
168.29
168.76
169.33
169.56
171.87
175.5
168.51
160.74
149.56
143.42
142.79
141.12
140.34
140.8
144.65
175.1
177.01
175.06
174.76
173.19
172.69
171.55
252.82
252.13
167.62
167.31
168.6
169.97
173.01
179.56
170.76
159.3
149.79
144.03
142.63
141.95
141.89
142.6
148.28
172.43
174.52
177.6
176.72
176.21
173.8
170.31
166.52
163.47
160.95
158.4
158.84
160.48
163.73
166.68
161.5
151.39
144.91
152.03
139.59
138.77
138.27
137.95
139.14
116.42
117.25
140.22
168.55
214.53
224.46
207.85
150.78
145.94
144.18
143.73
149.6
155.02
157.78
163.39
157.3
149.53
142.16
141.18
139.55
138.64
138.44
138.17
142.15
107.33
107.44
126.99
152.8
164.96
166.48
187.8
135.26
136.16
135.57
137.65
149.87
156.79
165.79
168.74
166.53
162.27
136.13
141.58
138.83
136.82
136.07
136.56
140.04
162.06
173.22
175.29
175.3
175.51
174.5
172.89
172.04
171.74
169.01
168.17
168.9
169.93
172.59
174.87
168.88
161.24
152.09
151.94
148.9
147.08
146.61
146.63
140.89
162.51
171.77
174.04
173.32
173.04
170.74
169.7
166.59
165.85
164.79
161.89
162.09
161.81
165.25
168.5
163.83
156.34
152.46
147.93
147.8
136.07
136.21
136.5
139.99
158.03
165.54
167.19
167.19
167.3
166.49
165.27
164.45
162.92
162.17
161.67
162.52
163.16
166.98
168.05
163.36
159.33
156.08
150.15
141.67
139.85
139.57
140.22
149.84
168.53
236.54
252.08
170.71
346.88
167.75
165.77
166.05
164.59
163.01
162.43
163.45
163.95
167.4
168.58
163.36
158.99
151.45
147.34
148.01
146.33
146.5
148.83
147.24
159.34
169.57
170.46
170.28
171.74
169.41
165.64
163.46
161.73
159.46
159.86
160.21
162.71
164.19
166.34
161.82
160.03
157.43
135.24
154.48
152.35
151.14
150.23
158.04
160.28
164.84
170.55
174.15
199.65
228.86
199.71
170.25
162.81
161.46
163.42
169.07
172.02
173.12
173.96
171.82
171.03
160.6
145.17
141.91
138.89
137.28
137.27
158.6
160.68
160.99
166.89
169.94
175.34
178.62
174.32
169.63
168.88
165.45
166.31
169.68
171.38
173.51
178.87
167.74
170.67
164.38
149.11
114.07
113.88
113.94
113.94
130.05
185.54
183.78
264.17
255.79
297.28
368.14
226.8
195.15
227.67
170.39
171.03
171.69
172.45
234.08
227.65
173.23
169.26
165.56
163.51
161.79
161.49
161.15
161.59
164.06
172.62
390.95
384.65
374.71
385.94
393.9
387.55
379.75
372.61
290.08
257.51
265.36
260.09
384.36
382.47
256.08
170.3
166.56
165.48
164.76
164.38
164.38
164.82
166.45
171.45
270.4
241.15
241.86
249.4
264.23
235.97
171.33
170.99
170.39
170.22
227.99
238.85
228.32
236.08
229.86
170.13
166.8
151.02
148.19
147.34
147.38
149.31
154.69
171.3
288.33
313.02
300.26
292.94
302.8
286.42
172.53
171.67
171.35
171.15
179.25
174.63
181.33
285.61
258.92
163.7
154.09
158.92
160.38
159.87
159.86
160.51
162.49
171.08
276.74
288.49
287.99
291.4
287.25
262.68
172.3
170.28
169.22
168.53
169.22
169.95
173.52
171.46
169.06
168.76
166.17
158.68
155.16
154.5
154.21
154.17
155.62
162.61
162.77
166.42
170.04
172.98
172.48
168.83
166.47
165.42
165.25
164.85
165.52
168.52
170.18
168.81
166.16
163.66
161.03
150.5
147.38
145.59
141.46
142.88
144.17
133.23
134.16
156.44
161.99
163.02
168.58
163.8
163.63
162.11
163.53
164.13
166.42
168
178.62
179.03
174.5
165.13
146.43
157.71
154.46
152.05
151.66
154.48
136.54
175.08
175.17
174.81
173.67
172.93
172.25
170.45
170.29
169.87
168.32
167.32
168.05
169.9
172.64
171.9
169.94
167.29
164.6
138.37
138.75
138.31
138.02
139.37
139.99
165.59
255.21
169.67
168.67
167.77
167.03
166.33
166.25
166.31
166.06
165.64
166.54
168.98
172.71
170.13
166.5
161.06
156.07
139.94
136.29
129.04
127.84
136.92
138.03
158.83
160.54
160.88
161.77
162.12
162.95
162.19
160.86
159.87
158.64
157.81
158.7
160.6
163.58
162.82
160.18
156.65
150.81
136.32
128.05
126.13
124.23
129.95
142.96
152.65
156.23
157.73
157.07
156.89
156.08
155.31
155.09
154.19
154.19
155.29
156
158.64
160.8
159.4
156.09
151.6
147.85
125.65
113.98
93.65
103.75
120
128.85
185.74
195.83
306.67
294.23
292.15
158.86
157.43
156.22
153.45
151.51
148.94
149.95
154.82
158.57
156.08
147.5
147.53
133.45
122.39
128.99
125.65
121.81
122.39
132.97
133.99
137.3
141.66
152.19
155.72
152
147.08
143.02
131.59
128.75
131.01
141.63
152.22
157.49
152.09
144.62
142.36
131.88
124.38
112.02
106.29
106.92
107.24
112.14
104.54
78.67
81.05
115.85
126.94
134.05
125.21
118.6
117.52
117.92
123.49
134.69
147.4
157.08
155.03
147.02
140.24
127.61
125.69
121.32
112.97
112.92
124.71
132.95
152.91
202.02
160.92
161.12
160.48
158.37
157.37
157.4
156.68
154.85
151.93
152.46
156.82
236.2
156.51
151.89
145.05
134.37
124.52
103.86
79.49
80.55
81
122.52
167.07
156.52
178.49
194.72
224.29
181.44
187.52
150.96
151.4
149.23
146.95
148.38
148.01
159.59
153.4
149.5
141.43
129.15
62.1
21.23
19.44
20.28
34.19
102.52
142.47
195.66
154.01
153.29
152.86
151.77
149.56
149.18
147.78
146.85
143.78
145.32
148.72
168.8
159.17
142.94
134.69
80.49
119.79
111.66
106.68
110.99
117.22
132.34
144.39
239.39
264.21
260.07
379.49
696.87
331.18
286.01
265.61
193.7
147.41
147.97
152.01
217.57
213.91
145.91
139.23
130.1
112.78
82.16
67.24
66.02
88.13
118.55
140.59
171.45
149.68
148.58
147.6
146.13
144.87
143.76
141.82
139.26
135.6
139.06
144.46
147.36
143.85
135.54
130.72
104.02
103.37
94.87
90.02
85.37
83.5
83.58
100.96
115.66
153.81
165.5
172.56
271.08
160.91
153.87
139.84
152.35
134.53
152.16
205.03
1547.64
132.72
123.29
122.06
105.35
93.39
76.97
62.38
56.86
58.1
70.16
74.32
67.87
126.38
143.46
191.69
196.85
190.15
109.62
98.51
103.52
110.78
160.41
191.95
213.63
142.53
135.29
122.91
108.01
102.21
94.04
88.32
84.53
95.83
117.08
142.93
356.49
317.34
332.62
446.05
436.58
403.5
443.31
380.15
229.12
142.39
145.8
161.18
497.97
457.72
140.69
131.74
110
125.64
120.42
112.57
112.62
120.16
134.74
209.07
502.14
189.06
205.02
216.43
246.79
290.4
500.44
244.81
169.5
160.08
156.58
189.49
440.13
441.52
152.49
139.23
128.66
131.11
109.51
93.02
83.09
109.79
135.58
145.86
186.98
152.11
153.5
152.99
150.93
149.69
150.05
148.54
148.74
148.8
151.24
157.14
156.48
187.78
187.06
156.14
136.73
134.02
124.5
123.6
123.49
126.04
137.06
172.18
380.06
416.75
387.89
393.08
453.25
359.64
392.11
229.26
208.78
169.92
162.42
169.56
308.04
307.42
175.58
148.41
136.05
133.21
124.29
121.69
122.15
126.81
137.53
166.27
306.74
177.32
251.41
298.66
328.33
318.96
320.57
178.2
151.98
144.92
147.52
163.34
193.84
161.17
167.54
147.29
136.01
132.42
133.6
129.12
128.81
129.36
132.82
136.53
139.79
142.83
181.91
220.24
212.8
144.43
141.89
140.06
139.51
141.55
145.03
149.53
149.74
145.95
142.95
141.97
138.01
135.85
125.68
117.85
116.23
116.25
123.8
123.87
124.44
133.41
137.21
140.78
142.4
139.07
132.34
128.84
131.1
128.78
140
172.37
151.45
148.74
144.93
144.44
139.02
120.22
131.58
130.98
130.78
133.47
143.01
153.21
209.52
205.19
195.81
188.12
175.41
192.86
231.96
223.57
177.65
155.48
157.88
181.86
192.73
239.05
160.91
159.89
144.87
143.75
137.86
136.64
136.88
139.31
147.11
157.32
258.73
282.24
274.82
268.9
277.54
257.51
265.19
203.51
156.6
156.31
158.02
161.7
257.39
222.38
213.12
149.24
145.33
148.93
145.66
145.06
145.04
147.75
150.83
159.66
249.6
169.46
188.04
184.79
175.38
168.12
166.89
166.19
162.36
161.29
172.2
228.28
217.53
164.45
156.56
152.43
148.75
137.33
139.88
138.24
139.53
142.16
140.4
261.12
169.78
173.14
167.85
165.5
163.82
160.78
159.18
158.77
157.02
157.21
159.27
173.72
169.58
159.61
155.62
151.7
146.43
144.88
140.92
139.66
139.69
141.1
145.81
152.7
282.29
265.66
258.01
253.78
156.47
154.26
152.08
150.02
148.98
148.94
151.32
156.02
154.41
150.07
148.63
145.5
141.17
136.84
123.79
118.23
114.7
116.14
124.15
129.43
134.76
134.79
147.03
154.95
152.58
146.61
138.87
138.46
139.37
141.92
160.55
165.91
154.54
149.38
145.14
147.32
136.14
120.86
106
71.76
65.6
65.91
104.91
112.37
110.76
113.9
124.09
133.7
139.5
135.86
124.28
121.97
125.85
117.53
152.32
156.68
156.44
153.82
147.95
139.81
137.79
123.56
111.93
112.02
113.84
126.51
139.76
153.3
156.57
157.02
156.66
155.58
154.29
153.67
152.05
151.63
150.73
150.98
154.1
155.1
153.92
148.84
147.46
140.46
128.55
122.68
111.07
108.27
109.64
115.61
135.74
144.37
149.27
150.44
150.2
149.16
147.56
146
146.17
145.64
143.48
147.33
151.33
151.85
149.47
145.32
140.82
136.31
130.12
103.85
81.3
71.05
70.06
103.11
121.54
133.94
143.03
145.43
145.28
144.14
141.92
141.07
140.57
140.9
140.79
141.47
143.89
142.79
142.61
142.66
139.99
136.55
124.11
14.94
90.14
69.37
76.72
103.3
69.22
134.82
143.49
144.6
145.23
146.24
145.11
144.38
144.01
142.8
143.31
147.93
219.72
168.84
165.41
151.7
148.34
141.41
132.8
134.35
130.94
130.49
130.56
132.83
136.4
140.69
157.97
158.56
154.42
151.84
148.36
143.81
142.56
140.37
139.63
141.68
144.89
146.52
141.14
136.82
134.49
131.28
121.32
124.09
109.64
109.91
105.7
105.37
104.17
110.91
125.68
131.51
137.18
201.66
225.05
203.67
135.15
133.14
135.64
140.63
169.71
167.27
142.56
139.28
138.7
132.72
123.79
111.95
105.18
105.04
92.86
86.85
102.11
95.68
99.32
103.77
112.41
122.78
124.34
118.92
107.16
107.48
114.33
125.61
145.01
148.32
142.38
139.19
136.31
129.03
113.79
93.99
62.81
63.24
74.23
105.67
125.11
139.75
174.06
153.38
151.88
150.98
149.58
148.05
148.42
148.64
149.44
157.44
167.54
166.39
160.38
156
152.25
142.18
136.08
137.18
132.29
130.02
129.03
131.52
138.59
134.52
159.24
164.24
159.01
158.55
155.47
154.47
155.5
155.04
154.59
162.42
170.13
167.45
158.81
151.8
150.44
144.37
136.55
139.73
136.07
133.7
134.97
137.47
142.24
151.76
170.69
170.51
169.59
165.56
161.46
159.75
159.66
160.09
159.29
159.23
167.83
164.52
159.84
155.06
150.38
144.61
139.89
142.26
140.15
139.39
139.4
140.94
144.85
175.22
179.52
192.9
186.37
181.22
173.63
168.35
168.78
168.57
165.47
166.4
187.51
176.71
169.15
162.62
159.51
149.55
141.99
147.11
143.38
121.3
119.99
119.58
119.39
157.69
176.02
183.19
181.03
172.64
167.99
165.5
164.41
163.71
161.65
165.57
185.32
188.4
171.16
164.07
161.14
154.76
150.11
151.74
150.38
148.18
147.62
147.61
148.12
147.36
150.06
151.4
156.43
157.16
154.7
151.72
150.78
149.67
150.2
144.18
215.34
160.4
151.84
147.93
147.84
144.9
140.9
139.36
130.12
127.95
118.77
124.77
127.59
125.7
128.35
132.55
136.57
142.19
145.56
142.8
138.58
138.54
137.9
191.25
191.81
162.41
160.12
153.95
154.61
150.19
145.21
145.11
141.68
141.36
141.76
145
135.38
160.2
169.87
170.47
168.11
166.82
163.51
161.19
161.5
161.88
164.67
174.31
189.69
180.23
169.64
166.03
165.21
157.35
150.84
150.47
147.53
144.71
145.99
149.54
154.68
168.05
175
176.97
174.19
169.96
168.98
166.4
167.39
167.4
169.78
183.45
210.37
185.9
172.19
163.37
163.72
158.11
152.13
154.87
151.68
150.42
150.77
152.7
159.01
173.52
174.82
181.98
186.42
182.99
178.8
177.97
178.74
181.15
168.31
176.26
279.52
255.28
185.42
170.32
170.51
164.46
155.83
154.84
152.33
150.23
149.25
151.13
156.5
164.92
170.77
170.59
168.08
168.03
166.26
166.53
166.53
166.27
165.63
168.27
170.29
168.79
165.66
160.98
164.41
157.77
151.72
152.49
150.9
150.12
150.85
153.25
160.43
167.21
181.1
187.01
186.74
186.74
183.81
179.17
176.57
174.73
177.18
183.68
194.44
187.98
175.67
165.5
165.24
162.48
157.01
159.07
156.5
154.76
153.76
153.72
155.46
156.2
156.8
159.36
164.18
164.08
162.75
160.4
159.47
160.23
163.95
169.6
178.74
172.55
165.81
163.36
161.94
158
154.81
156.73
152.68
150.94
149.29
147.87
147.97
149.53
149.88
151.03
156.96
160.01
160.26
159.45
156.9
157.72
161
151.46
253.16
184.67
179.69
171.76
171.25
165.69
160.6
157.8
153.79
152.49
153.07
155.89
163.2
167.38
223.11
196.06
193.2
190.78
187.69
186.59
186.71
187.28
192.57
209.25
265.26
215.71
193.06
181.69
180.79
172.26
164.83
162.17
157.65
156.17
155.49
157.86
165.54
176.83
198.12
219.86
196.84
190.17
184.85
181.99
182.08
182.98
186.27
206.46
234.23
205.48
185.99
175.44
172.85
166.42
159.66
156.75
152.28
150.99
150.79
152.04
158.11
165.14
176.13
179.13
174.4
174.19
171.56
168.29
168.14
168.7
170.02
177.43
179.66
174.47
167.92
164.14
162.71
159.19
155.24
147.85
147.94
146.45
146.7
148.7
154.56
162.71
169.91
173.78
170.03
169.22
167.75
166.76
167.32
168.16
171.46
179.23
183.74
176.6
169.53
164.66
164.42
160.47
156.45
154.78
149.75
148.27
148.53
150.67
157.05
162.04
169.85
173.71
171.04
169.36
167.9
165.94
165.41
165.28
167.07
171.08
175.8
171.29
166.38
162.17
162.4
160.62
159.27
162.81
159.74
158.02
157.29
157.66
158.97
159.68
164.34
166.37
169.63
171.21
171.27
167.87
166.79
167.31
172.19
246.01
271.43
245.62
172.6
167.41
166.72
164.76
162.23
157.97
144.44
150.74
149.93
149.93
152.71
151.79
152.57
154.12
157.56
161.29
250.65
162.18
158.38
158.24
162.96
221.52
286.91
177.03
171.4
166.76
166.35
162.74
157.12
154.47
150.41
147.69
147.68
146.41
158.73
166.6
180.05
188.93
184.87
181.67
178.23
175.47
175.8
176.89
177.69
184.03
254.02
197.07
178.25
169.57
168.23
165.99
159.87
159.15
155.88
154.95
155.34
156.73
162.24
169.18
198.59
214.3
190.03
184.61
180.87
177.38
176.83
176.9
177.41
183.09
187.58
181.28
175.84
168.31
166.55
163.35
158.04
155.09
152.02
150.75
151.07
152.87
151.18
178.68
176.52
178.86
176.24
175.27
175.44
174.52
175.61
173.95
171.53
175.1
258.14
176.19
172.92
168.41
166.43
162.96
157.75
155.55
151.96
150.6
151
152.94
148.7
165.44
187.61
200.47
176.98
176.75
175.2
173.81
173.43
173.48
172.24
174.47
253.51
175.64
170.23
166.81
165.23
161.09
155.99
153.71
149.95
149.26
149.22
150.36
146.8
165.97
173.31
170.4
168.4
167.71
167.02
165.33
164.55
164.35
164.78
166.12
168.33
165.49
162.45
159.14
157.67
155.53
151.81
153
135.55
135.43
132.47
133.86
135.82
140.21
151.33
153.12
155.65
158.33
158.23
157
155.05
155.58
146.82
163.95
166.17
165.42
159.11
155.58
155.04
153.94
152.22
149.19
130.42
138.29
140.41
140.64
142.38
143.87
144.85
145.91
148.32
150.85
153.76
151.96
150.65
151.61
154.26
142
198.54
166.31
163.38
158.84
158
154.9
153.17
149.94
147.48
146.58
146.9
145.15
136.29
162.74
352.67
220.04
184.34
178.5
179.07
182.11
179.17
182.84
203.34
253.54
273.05
180.76
170.49
165.01
163.73
161.56
146.48
152.14
144.46
143.52
136.65
139.43
138.69
159.94
173.28
181.6
174.55
173.35
171.55
170.38
172.43
174.07
179.18
183
189.57
177.58
169.45
165.67
163.22
158.05
154.68
145.77
145.27
144.68
143.18
144.22
144.16
176.45
233.19
292.26
201.07
201.09
185.78
182.63
184
181.89
175.56
182.03
182.28
170.39
165.95
161.49
159.9
157.09
153.16
147.42
146.43
145.52
145.16
142.85
147.02
160.29
170.27
185.97
179.87
178.82
177.02
172.85
176.63
184.58
189.54
213.98
219.28
188.97
175.81
177.13
172.09
158.12
154
144.97
147.46
146.33
146.98
142.87
149.36
163.51
217.31
239.47
205.91
207.16
193.99
182.1
177.14
174.14
176.3
180.66
198.67
181.03
171.54
164.98
163.22
158.88
155.53
154.36
152.7
151.16
149.97
150.18
151.47
149.59
154.58
157.31
162.63
165.36
165.27
163.87
161.63
159.94
163.08
180.48
208.85
182.77
165.02
159.84
158.91
156.87
153.52
152.56
145.75
143.62
142.71
142.2
141.89
143.17
143.98
149.51
152.25
156.7
157.75
157.47
154.7
155.71
157.99
162.25
167
165.19
163.08
158.78
157.98
154.95
152.91
149.8
148.33
147.78
147.89
148.22
151.45
162.31
218.56
203.6
186.19
184.4
177.76
170.06
174.03
177.13
169.79
207.51
230.68
190.48
175.15
165.32
165.23
158.43
154.35
155.05
153.2
152.22
151.93
153.73
157.67
177.84
211.65
208.32
189.04
193.28
181.55
177.56
178.73
194.02
305.99
333.69
351.71
270.31
189.05
170.95
167.61
162.07
158.2
156.9
154.77
153.91
154.14
154.88
159.68
177.97
268.24
192.37
190.74
188.74
185.52
184.8
187.58
188.4
266.93
298.71
733.44
253.52
184.97
174.25
169.24
162.99
158.93
154.61
155.42
154.5
154.24
155.58
164.12
172.36
316.6
571.7
552.67
646.39
645.04
525.67
570.49
505.6
475.6
780.44
1224.32
760.31
526.45
176.86
174.13
165.62
160.81
154.78
155.97
154.31
154.07
155.22
162.34
206.92
210.84
233.04
219.48
204.02
193.54
187.68
185.58
182.26
187.94
216.65
194.38
184.63
176.27
168.12
166.53
161.41
158.84
159.01
157.56
155
154.19
154.69
156.48
156.04
158.36
160.82
164.81
167.02
167.23
167.47
166.35
167.46
174.02
214.47
247.98
212.63
171.98
166.34
166.18
161.79
158.93
158.83
155.48
153.35
151.36
151.39
151.75
151.59
152.65
155.76
158.14
161.91
163.18
163.02
161.83
162.08
162.52
175.72
225.92
208.38
171.39
168.12
166.83
161.74
157.11
155.14
153.16
152.23
152.44
153.55
157.98
166.55
239.63
233.13
215.43
204.12
195.72
193.54
203.25
214.27
290.94
518.55
590.27
289.16
184.64
171.67
169.44
162.46
158.62
159.88
157.7
156.53
156.46
157.74
161.41
180.06
351.42
377.35
262.46
245.82
225.2
223.35
224.19
225.97
237.92
387.42
381.69
294.63
202.03
179.11
176.24
164.54
160.02
96.02
157.93
156.07
155.83
157.83
161.07
166.81
197.22
201.3
196.38
190.82
187.63
187.09
188.41
188.02
199
219.41
233.42
216.18
193.4
181.34
176.82
167.73
162.32
158.86
159.78
159.07
159.44
160.52
163.46
175.29
238.31
273.12
251.69
251.27
236.2
200.99
267.41
260.87
228.84
332.27
363.8
215.93
187.6
180.11
174.81
165.74
161.11
163.33
158.55
157.12
156.31
157.97
164.98
176.5
235.64
224.38
214.83
212.38
195.06
193.62
192.94
192.09
194.09
207.08
216.53
210.35
192.55
188.8
182.46
174.6
168.85
171.46
166.91
164.86
164.23
163.76
165.43
167.01
167.93
186.39
185.19
188.38
189.73
186.36
185.91
187.4
191.14
196.65
290.4
229.34
223.86
188.22
186.17
179.11
173.36
175.21
168.1
164.92
162.45
134.83
134.21
116.88
117.59
130.5
144.65
177.13
178.08
177.31
171.26
146.8
146.46
156.74
187.3
189.68
186.26
180.36
177.59
176.56
170.62
113.35
92.76
65.13
70.88
77.96
103.27
109.92
122.58
166.01
171.06
176.12
175.53
174.1
170.8
154.66
160.23
172.5
185.21
176.33
157.05
162.2
160.1
163.52
162.16
153.8
152.87
102.19
82.73
79.1
74.96
48.5
57.01
129.18
152.67
162.68
165.07
163.62
153.63
152.12
151.18
151.97
163.18
170.18
167.2
164.23
165.48
165.37
161.67
159.21
152.55
150.92
150.69
150.7
151.46
152.75
158.17
157.96
159.91
164.58
167.16
160.89
159.63
155.95
156.32
150.87
177.19
175.57
172.16
169.29
170.64
170.71
165.25
151.38
148.97
148.72
147.54
147.66
148.45
151.2
177.45
184.19
185.83
186.83
188.04
183.31
179.69
175.87
177.28
186.17
189.19
189.21
186.59
176.63
174.59
171.31
167.11
155.84
130.04
149.69
150.22
152.1
155.68
156.25
179.66
189.81
191.55
191.91
191.16
187.96
182.11
181.13
180.83
184.05
192.51
189.36
182.41
165.55
163.44
163.5
163.06
151.08
121.47
116.59
114.88
116.47
120.39
125.13
138.49
162.44
170.36
173.36
173.59
172.74
171.94
169.4
171.51
177.88
207.5
198.89
187.85
175.92
173.33
172.54
168.57
156.17
156.73
155.07
150.11
146.92
111.2
110.71
111.59
149.45
152.74
161.21
177.65
163.1
160.31
159.03
160.48
160.86
197.65
195.03
186.83
165.03
168.13
174.2
173.9
164.12
159.98
159.66
159.72
159.77
159.92
159.72
165.58
167.82
163.63
169.89
169.79
169.86
169.57
167.42
167.61
188.83
202.49
191.84
169.75
151.15
150.38
173.9
170.82
120.47
118.85
116.74
116.09
115.67
114.67
73.23
68.61
63.14
62.15
104.96
107.61
116.51
111.34
109.01
119.37
101.44
126.72
126.16
123.3
119.92
120.36
119.39
117.85
