107.8
112.08
85.12
71.15
48.65
32.38
15.52
0.45
1.04
0
1.19
8.54
14.26
52.21
37.8
23.77
23.54
45.23
83.56
101.08
78.51
113.12
85.93
110
77.24
58.97
32.68
15.23
14.71
15.45
45.16
71.15
114.75
123.51
158.42
185.9
222.89
236.41
236.78
185.9
162.28
195.93
239.75
256.54
233.36
205.44
148.02
178.1
127.3
65.67
52
26.07
15.3
15.45
52.3
65.74
124.94
162.01
173.53
178.95
186.6
175.61
165.65
135.27
108.3
141.58
192.32
178.8
136.53
118.85
98.13
103.48
77.48
113.95
59.72
52.37
48.58
36.25
30.38
15.01
52.37
78.37
149.75
166.02
196.7
178.13
165.13
142.92
138.09
172.26
215.27
248.33
206.21
181.7
149.61
177.39
140.62
97.9
61.95
56.01
48.95
50.29
40.93
7.73
14.86
33.72
52.44
92.7
148.56
126.42
107.11
83.19
84.9
126.57
218.31
222.17
185.77
163.19
123.23
183.69
110.38
83.64
74.28
52.52
46.94
52.29
59.13
73.91
126.27
59.57
115.21
140.83
155.99
140.61
141.28
124.49
104.21
123.08
168.17
172.62
159.92
144.77
139.72
143.06
122.63
208.07
129.26
130.59
132
132.75
177.32
223.67
1857.27
2142.23
1020.60
929.16
1337.65
1337.20
1337.35
590.86
538.86
706.08
1337.65
12774.94
696.72
510.86
286.44
381.45
223.89
223.47
201.25
183.05
158.46
156.53
183.35
206.38
370.86
321.01
328.59
344.64
370.56
339.14
332.82
314.03
304.07
296.5
497.16
426.28
332.53
309.05
281.04
296.64
223.24
283.67
236.19
173.48
156.4
154.98
177.72
200.38
352.17
311.23
304.32
334.49
303.58
299.19
307.44
289.46
260.26
297.11
638.51
453.51
334.93
303.43
259.67
264.57
260.78
264.1
227.03
213.51
203.41
202.96
222.65
246.87
483.11
520.62
445.59
408.07
440.17
371.82
346.64
298.35
292.26
295.82
437.79
519.96
298.2
271.38
236.91
247.98
223.54
251.77
211.13
194.57
154.52
141.15
132.61
55.72
116.49
151.4
200.51
217.6
238.25
229.26
203.18
178.3
164.48
203.11
248.87
248.95
214.77
178
163.66
200.58
178.22
136.03
114.71
76.23
58.25
50.3
43.83
7.95
15.38
48.51
86.78
126.9
175.48
140.12
135.96
110.4
104.09
123.7
203.49
212.19
203.35
185.96
131.5
188.78
131.06
132.69
111.59
62.7
59.44
48.96
96.43
147.4
237.67
363.15
445.18
445.99
446.44
445.47
445.92
363.15
332.99
361.97
558.25
594.43
366.13
238.41
195.02
191.31
170.88
148.22
126.6
117.24
108.47
109.88
113.52
169.17
277.64
248.15
279.72
296.66
301.34
287.6
280.61
239.97
224.67
244.88
497.55
364.27
261.44
239.6
187
216.12
168.5
93.93
65.17
58.33
55.81
40.87
67.99
97.64
192.76
215.13
223.3
238.16
238.31
237.87
238.61
224.56
219.66
224.19
279.11
329.12
238.54
165.93
140.59
139.11
103.81
96.03
60.13
49.42
52.03
48.76
59.83
91.12
164.11
162.54
163.88
163.88
179.12
164.03
164.25
163.14
158.31
169.38
237.91
255.89
187.37
148.72
138.09
137.65
117.58
135.6
116.57
115.16
115.01
113.22
122.07
140.58
262.95
223.7
253.44
264.96
258.64
223.18
204.52
169.95
138.72
176.19
208.9
193.81
186.3
158.2
145.41
155.23
141.62
144.82
139.1
116.27
110.25
111.96
109.21
98.13
97.46
137.91
181.55
201.25
217.82
212.62
189.87
164.97
140.81
177.09
253.14
260.8
219.98
177.16
151.88
184.97
152.48
131.27
110.45
93.66
72.4
54.48
59.76
30.48
63.55
64.82
114.91
156.98
197.35
177.8
140.63
124.95
114.62
134.83
215.04
234.81
215.71
185.9
162.86
184.56
144.27
110.53
86.74
74.48
72.55
74.26
97.6
167.76
259.93
228.42
253.47
257.33
275.32
259.56
274.65
249.82
229.53
238
331.59
309.36
253.09
221.13
185.97
178.32
151.93
137.81
113.51
99.16
108.45
111.35
126.14
157.96
223.07
243.96
247.83
259.94
299.49
259.72
260.46
240.32
222.11
233.63
436.48
387.27
270.5
217.65
196.54
187.91
159.67
144.71
116.45
107.08
110.5
114.59
130.13
169.02
234.09
257.96
257.21
259.74
283.24
223.75
241.15
223.83
208.81
208.88
283.54
273.05
240.33
201.52
163.37
168.87
138.09
137.28
121.07
116.38
113.56
111.7
127.31
163.75
239.98
276.64
292.92
296.2
342.97
294.26
293.07
290.47
233.95
219.38
312.04
354.5
215.81
201.45
186.21
169.55
154.6
163.87
138.13
128.46
126.3
131.29
142.67
200.98
284.22
329.74
293.22
328.18
332.12
226.42
213.18
200.83
197.78
201.5
264.43
255.06
220.55
201.28
205.3
215.49
185.81
167.44
157.92
137.91
119.61
115
110.61
80.93
117.3
138.2
161.71
185.59
222.63
208.79
163.87
156.65
152.78
149.44
220.77
223.6
193.84
148.1
139.24
143.26
138.13
141.67
103.52
89.39
78.39
65.52
52.65
15.02
34.14
52.51
104.19
124.35
178.56
136.54
126.5
115.12
104.04
115.27
175.89
193.59
185.26
141.97
136.17
144.05
142.72
109.77
97.65
80.69
78.01
94
110.74
133.49
211.81
230.47
233.74
253.53
291.46
238.5
226.98
213.22
201.39
201.54
295.1
308.19
221.33
195.96
186.15
185.48
141.45
93.11
62.7
52.36
55.78
56.23
90.21
110.22
195.75
185.78
196.42
200.8
201.03
195.3
187.27
164.36
159.08
162.5
201.55
201.33
168.23
146.36
134.91
130.82
126.95
123.93
102.75
94.2
97.69
97.76
132.71
164.16
264.3
223.78
246.01
289.06
298.57
286.9
286.23
236.79
227.13
222.29
338.65
335.67
266.9
223.63
205.86
197.02
151.74
146.61
123.26
113.15
111.66
114.64
143.19
156.42
241.54
297.08
300.5
308.38
335.51
307.34
297.3
269.72
269.5
228.46
297.97
290.09
257.08
227.34
193.07
192.92
164.97
185.7
160.78
140.63
143.23
137.95
152.45
188.97
269.96
334.14
342.17
344.18
288.55
295.17
222.43
195.74
173.43
189.34
288.85
357.19
247.94
201.09
200.87
208.97
200.94
226.97
192.69
170.01
147.03
134.46
128.28
110.29
133.27
163.76
211.87
225.26
239.99
222.81
201.17
184.66
169.93
186.22
230.84
247.65
223.25
222.29
195.74
221.69
200.42
161.99
138.04
122.95
111.71
97.81
94.76
42.1
62.48
74.6
122.5
148.38
190.18
165.34
142.88
123.02
115.8
137.15
201.12
223.06
222.09
200.82
181.55
200.82
181.41
150.69
122.35
116.33
114.76
115.8
137.82
212.72
350.24
349.5
371.59
371.74
409
348.08
347.79
329.12
312.23
290.74
361.03
403.72
326.29
249.24
201.34
215.62
168.02
152.06
143.14
137.93
131.31
129.75
152.43
200.62
286.72
285.23
266.12
267.02
287.61
267.09
283.37
266.12
253.41
251.4
352.82
390.37
361.38
264.41
223.22
217.49
164.7
181.8
159.12
150.35
143.81
138.6
168.27
216.68
354.98
380.63
422.72
416.62
460.05
356.54
355.2
296.98
306.05
283.23
329.77
356.1
298.17
298.39
223.52
223.59
183.14
192.3
159.82
145.69
142.27
140.19
169.48
208.06
338.59
306.77
297.55
297.18
304.47
293.1
295.55
297.55
296.66
296.81
331.97
423.1
437.6
297.93
230.8
230.8
191.85
195.73
159.99
144.98
146.24
141.78
168.98
215.57
334.54
301.33
299.92
296.65
353.94
282.3
248.79
252.88
233.93
219.44
259.94
317.6
239.72
242.47
230.73
266.77
222.71
181.76
157.83
147.8
141.41
133.01
126.7
110.35
115.4
153
181.32
208.37
222.78
211.04
193.58
153
150.48
143.34
197.89
222.78
201.31
181.39
151.67
160.51
152.04
111.63
103.61
94.09
74.84
56.41
41.92
15.61
33.15
49.28
96.4
127.61
138.09
135.27
120.55
97.51
74.84
97.59
134.08
181.65
160.54
136.68
134.08
151.92
127.84
126.13
108.81
97.59
97.96
100.78
117.28
175.1
285.18
253.29
262.81
266.45
323.97
292.61
281.76
258.72
235.01
230.85
264.96
331.33
239.99
238.73
191.68
182.02
161.06
193.09
152.29
145
137.79
137.64
151.84
223.34
339.06
345.82
340.1
348.42
362.99
332.59
312.82
312.45
282.87
273.43
268.01
354.89
310.37
297.66
239.54
260.5
222.45
223.23
186.58
152.31
148.15
163.61
172.31
216.17
335.99
349.67
370.93
327.82
383.49
376.14
371.01
349.82
286.04
243.45
306.56
464.74
427.2
298.68
253.19
260.62
216.02
222.21
192.85
168.25
156.96
152.28
192.78
223.4
375.75
399.45
388.16
390.83
450.51
360.51
349.96
349.81
321.42
267.84
347.73
467.6
309.68
326.7
272.74
269.92
223.47
238.34
207.64
181.71
170.11
172.12
196.87
260.56
400.57
421.01
444.79
420.27
467.46
408.82
349.96
324.99
264.5
242.28
340.3
538.14
447.39
300.39
252.68
286.42
256.03
261.23
223.4
195.9
173.68
158.22
152.87
119.87
141.58
167.81
207.64
222.66
259.82
221.62
204.6
181.63
171.38
154.51
223.1
267.17
233.58
216.27
181.86
228.75
209.58
181.33
153.02
136.15
114.89
105.9
76.4
56.18
79.82
97.58
140.68
161.27
195.82
164.09
148.63
122.18
110.58
116.23
151.9
223.32
222.06
204.59
181.93
207.79
171.6
186.24
154.95
150.49
148.85
150.12
155.32
218.56
342.75
343.12
349.66
364.37
387.04
367.12
364.74
343.19
325.73
269.62
348.76
433.04
379.23
341.04
293.77
303.73
259.73
257.97
223.48
200.74
181.64
189.52
223.11
267.85
481.01
522.25
538.68
524.78
566.62
538.31
473.2
371.23
297.8
291.78
370.71
631.88
557.78
383.12
298.03
298.55
267.78
279.36
260.48
236.92
220.35
223.25
230.53
257.43
601.45
571.13
609.1
601.3
632.29
538.8
571.42
561.76
520.29
352.34
491.68
743.47
538.58
538.58
446.42
490.79
297.94
264.03
216.17
174.48
165.49
172.03
222.19
260.53
332.1
538.23
569.45
587.58
591.29
538.09
517.58
371.03
304.3
273.61
288.7
521.96
497.96
330.76
298.66
289.66
267.74
230.44
166.38
159.62
144.61
160.66
177.08
245.67
355.8
342.43
317.53
350.9
357.36
328.75
283.35
230.36
223.45
223.16
230.74
293.9
252.73
243.07
229.03
234.75
224.34
264.47
226.95
197.67
177.23
161.18
178.79
132.05
149.29
200.12
237.05
286.77
304.3
282.23
236.46
199.75
184.81
162.3
236.46
303.56
272.35
230.66
210.15
230.81
195.51
163.81
144.65
130.31
114.78
107.5
100.89
55.94
71.32
97.47
123.99
165
214.7
175.7
146.88
123.32
114.56
109.95
160.69
266.86
264.18
239.74
227.26
260.17
223.62
201.26
167.6
143.9
155.34
165.15
184.47
256.46
337.06
335.5
356.82
364.33
389.36
379.11
371.31
352.81
288.55
239.67
263.51
394.42
389.36
303.63
288.7
288.7
249.62
259.45
199.06
162.37
162.74
174.77
222.98
268.14
489.85
466.82
401.46
490.3
539.91
452.42
459.1
371.83
316.19
237.09
274.52
372.05
371.83
369.45
334.98
301.63
227.14
200.48
169.28
168.84
152.94
163.56
171.59
245.27
288.35
304.4
372.37
348
377.42
333.89
330.25
302.91
289.84
248.17
269.27
426.74
377.34
341.99
262.88
275.28
236.8
169.28
138.08
142.61
148.85
141.79
199.06
266.43
433.03
492.61
475.52
446.26
491.42
505.23
447.67
304.31
275.49
237.61
231.67
324.07
318.57
291.54
267.69
262.94
237.91
168.03
148.56
142.32
141.51
146.34
173.52
247.21
371.63
411.08
347.34
444.13
496.35
312.36
297.72
275.29
242.16
219.5
223.51
305.3
302.77
253.3
238
220.54
187.34
219.8
153.1
130.74
136.31
138.02
130.36
97.38
130.44
200.64
266.15
268.08
286.21
280.86
251.52
219.73
213.19
183.18
219.35
280.27
280.86
266.45
245.35
251.52
177.31
122.58
97.61
63.66
56.31
52.74
51.85
44.94
48.14
74.21
124.36
142.48
218.93
161.43
133.94
107.12
103.78
95.39
125.84
229.55
238.24
226.88
201.17
208.53
148.72
126.96
108.31
107.57
107.27
107.94
133.57
216.25
261.49
295.67
312.6
334.89
353.54
326.12
299.53
275.24
259.27
252.65
260.38
312.53
304.21
261.87
237.87
228.81
186.83
159.42
122.65
115.74
125.55
141.67
143.97
252.88
295.96
296.71
304.36
290.61
315.13
285.27
264.32
251.91
239.88
223.31
245.6
304.36
297.75
260.75
242.62
245.45
201.25
183.38
148.62
142.9
119.21
124.56
160.95
238.04
334.67
404.86
422.09
345.67
416.23
447.42
364.23
312.24
275.11
238.04
254.01
404.19
447.64
277.63
246.07
253.05
200.39
155.59
126.92
115.11
113.4
123.5
126.62
189.45
260.08
249.46
245.45
260.45
256.74
245.08
253.99
250.72
231.78
224.95
239.29
267.58
278.87
260.53
245.3
234.01
186.48
141.46
122.82
119.63
127.42
141.16
144.06
224.18
263.98
302.89
303.04
313.36
303.41
267.1
266.8
247.57
240.37
233.68
222.03
294.65
284.77
249.43
234.35
245.49
207.03
151.11
137.08
122.08
122.67
124.82
125.64
82.8
97.8
141.61
186.09
207.55
236.43
216.16
178.66
141.23
125.05
123.26
133.29
224.18
219.13
193.21
178.81
204.13
148.29
117.26
89.41
59.63
55.99
52.73
52.35
24.43
18.49
51.98
91.12
117.26
143.18
134.04
103.89
84.29
73.74
62.38
98.4
156.47
160.18
145.48
144.44
152.98
133.37
115.48
97.8
97.95
97.95
105.52
126.32
193.97
256.87
290.14
296.97
287.24
297.56
297.64
308.55
281.15
253.08
238.3
243.65
281.45
299.27
256.65
243.72
222.93
161.81
137.62
116.31
116.31
116.46
124.25
153.44
262.54
297.53
297.3
298.79
318.69
298.05
273.83
295.22
264.55
252.59
234.54
234.32
275.39
282.52
271.31
227.56
228.31
162.06
116.46
97.75
98.04
89.73
97.97
137.48
208.27
252.84
249.42
256.85
282.4
293.39
296.66
284.55
266.8
239.39
230.26
222.68
260.26
293.54
263.9
243.7
219.56
167.57
127.52
109.99
101.37
108.65
110.58
135.17
171.48
245.53
282.73
282.96
252.8
264.91
253.03
237.73
262.39
252.51
236.24
242.18
383.22
334.2
286
251.32
230.38
178.69
144.2
128
119.53
118.05
117.97
147.54
216.86
284.98
314.4
320.12
332.53
334.98
349.98
296.94
242.34
228.59
216.26
231.64
278.67
314.03
264.48
238.47
238.33
204.3
178.45
171.46
156.16
148.95
148.14
147.99
136.32
138.92
165.15
244.42
267.52
267.82
245.46
197.84
159.28
144.64
146.5
157.42
245.68
245.83
219.38
186.4
221.16
169.9
125.02
105.63
94.86
86.46
93.89
89.51
52.29
48.36
69.68
122.34
141.51
174.93
153.39
123.38
104.22
97.46
92.11
110.38
178.95
236.66
178.8
178.35
181.77
167.21
122.34
115.43
115.06
115.36
119.45
141.51
199.89
273.65
280.34
286.36
278.41
296.53
286.28
286.58
268.01
252.56
238.07
231.54
288.88
294.75
285.39
245.06
220.02
153.1
153.53
138.53
129.91
131.25
139.27
178.34
240.07
320.89
339.46
296.82
298.45
321.11
316.8
306.62
296.6
266.88
251.66
239.7
281.89
290.21
285.53
269.86
256.86
191.34
155.41
137.58
128.3
125.03
137.58
171.09
238.17
275.31
282.59
282.67
281.33
275.01
261.79
268.03
260.53
267.96
253.84
249.53
256.59
296.78
278.13
260.53
250.72
200.58
163.57
137.94
127.47
131.56
138.61
160.53
238.3
272.54
282.2
275.29
265.12
274.33
285.25
284.8
277.15
261.25
243.2
241.35
262.22
285.99
275.22
255.53
247.44
201.31
156.81
133.85
120.86
124.94
129.99
156.29
226.11
262.81
277.96
275.29
262.88
282.34
277.51
262.29
253.22
252.63
212.52
217.42
247.06
262.66
260.58
249.58
252.85
215.19
195.43
164.83
159.63
148.78
154.95
144.63
125.61
125.91
165.2
187.11
222.92
230.2
213.34
186.74
164.38
144.63
132.81
140.24
223.07
266.74
234.06
211.26
234.43
169.06
139.72
112.46
97.76
97.83
100.65
97.53
56.83
55.49
82.75
123.23
146.26
167.73
149.68
119.07
104.07
97.31
92.48
105.93
175.6
227.45
166.99
172.33
178.72
153.91
127.17
114.02
107.78
107.04
119
142.92
209.62
258.95
263.78
269.35
265.19
259.32
256.57
261.03
259.62
253.08
234.21
229.09
253.23
271.57
256.64
252.63
238.45
178.57
169.4
142.44
132.27
131.23
138.06
171.18
246.04
271.51
259.93
252.2
252.13
268.17
260.22
268.54
256.44
238.09
234.23
237.65
252.43
287.33
281.02
263.42
258.89
200.66
128.18
108.05
111.69
113.92
123.13
153.58
228.43
282.5
297.87
299.58
294.6
308.04
297.35
289.92
282.2
263.11
236.68
233.93
263.56
294.16
256.95
246.33
225.91
152.39
137.39
117.93
107.76
107.09
109.61
133.08
184.77
241.87
246.33
246.26
237.49
248.56
246.03
252.05
239.2
237.05
204.3
202.74
232.89
269.5
278.63
252.72
227.54
165.01
139.25
124.77
112.14
120.53
131.23
160.19
210.92
263.05
267.21
270.7
256.59
252.28
252.28
237.13
224.28
201.78
201.04
200.3
225.77
237.13
230.97
193.46
194.95
173.26
133.83
105.46
97.44
97.29
97.36
107.09
95.8
125.96
127.89
185.44
185.59
186.56
185.37
149.35
126.55
111.92
101.89
107.91
135.02
185.29
150.69
149.2
141.48
127.44
109.47
47.6
47.6
52.06
45.15
51.39
25.99
23.02
41.14
77.09
97.66
127.21
109.54
91.05
56.07
45.23
41.37
53.77
52.43
105.53
148.6
129.37
134.42
114.37
91.2
52.43
52.36
51.98
52.73
104.49
168.13
215.07
230.52
237.35
236.16
235.64
225.84
230.37
222.79
195.83
168.95
160.86
166.8
178.83
201.78
216.85
185.88
138.13
126.03
100.18
97.44
97.44
106.94
133.16
212.25
267.8
252.65
225.84
225.25
250.72
216.19
215.37
193.68
174.89
160.64
152.02
156.11
159.67
214.25
208.16
168.66
137.98
127.51
106.27
101.89
102.85
102.41
114.44
176.3
216.62
229.54
228.65
231.32
252.78
240.46
240.53
240.01
235.56
207.34
194.71
204.81
215.65
239.94
237.78
251.67
201.1
129.59
113.1
106.56
106.49
103.74
123.57
197.76
265.26
299.27
303.36
296.82
297.19
251.89
259.91
252.56
237.34
215.51
203.03
186.99
208.67
247.81
157.06
131.14
119.19
127.59
122.83
116.89
116.6
118.68
128.85
216.04
260.15
257.92
240.92
237.95
252.87
237.13
222.42
215.81
173.78
149.64
148.75
141.77
134.12
205.34
172.96
161.3
133.23
156.25
125.88
114.67
100.33
109.17
105.53
58.82
101.67
137.84
147.79
155.44
169.47
138.73
134.72
116.74
102.26
96.84
93.5
105.68
127.44
180.84
160.56
152.02
130.93
106.05
91.94
66.69
74.19
86.67
89.79
52.36
52.43
73.45
104.64
123.28
145.34
131.82
96.84
74.12
69.29
56.14
66.91
101.89
135.01
168.66
146.52
150.61
137.76
111.92
98.62
97.73
97.66
98.7
123.13
215.96
262.38
260.3
260.37
257.11
259.48
252.87
251.91
240.54
229.26
207.72
194.05
198.73
211.21
252.5
216.04
198.06
157.59
162.71
137.91
127.44
123.05
106.86
141.32
223.68
267.64
272.55
264.23
259.92
267.35
267.64
267.94
263.63
238.16
216.11
218.93
213.28
229.7
267.87
268.91
230.88
180.61
190.56
167.69
153.28
151.2
164.35
195.76
253.02
356.32
335.38
323.2
311.76
341.24
334.63
323.42
288.44
260.3
251.38
237.72
223.46
222.94
291.11
284.95
253.24
224.87
202.97
173.19
152.61
140.95
149.12
193.24
268.1
371.47
427.02
412.91
446.18
485.1
375.19
371.77
359.15
335.23
304.34
279.83
277.6
279.46
313.18
290.08
260.22
237.28
236.82
178.75
170.88
163.15
167.24
180.61
238.16
290.51
329.87
333.51
335.44
394.18
314.43
300.84
277.89
239.42
261.55
269.57
265.19
260.66
301.06
286.21
281.68
203.55
180.61
147.04
143.55
147.34
147.41
152.24
125.95
134.04
178.38
267.71
267.42
279.3
259.32
242.84
186.99
178.45
148.97
162.71
184.47
185.95
177.19
176.89
168.95
141.1
131.22
104.63
100.85
97.65
100.25
97.88
65.8
69.06
88.37
126.69
160.85
193.67
180.53
131.37
119.63
107.68
102.7
106.19
113.62
147.48
195.75
188.7
195.75
159.36
110.35
97.5
97.43
97.5
104.41
133.08
224.57
260.43
284.27
281.52
277.36
311.75
280.41
276.33
259.17
252.71
240.68
223.08
222.11
230.51
252.71
259.47
250.11
188.4
132.61
126.3
121.25
122.07
126.89
143.3
234.41
267.6
264.11
264.18
245.54
245.69
252.08
254.16
262.1
238.86
239.09
245.69
245.47
258.76
288.39
266.41
267.97
186.59
132.91
116.35
100.01
105.88
106.55
139.07
220.37
252.97
277.77
265.15
297.52
321.06
303.91
288.61
238.34
238.19
234.48
215.7
204.41
189.49
238.12
230.62
181.47
160.83
139.44
121.18
112.27
106.7
118.5
139.59
218.89
260.02
286.16
296.03
284.75
297.3
264.18
251.78
243.02
232.77
213.77
199.73
200.18
200.7
230.84
230.84
238.27
159.86
137.88
113.83
97.71
100.76
101.5
105.66
97.34
103.95
101.72
122.36
144.56
174.04
157.11
126.52
105.95
89.92
86.87
81.08
97.34
106.03
160.45
147.02
139.96
137.81
121.84
97.94
96.45
93.93
96.3
97.79
62.52
56.36
121.99
139.14
163.5
186.07
176.64
139.89
115.01
113.23
117.46
106.47
119.77
126.3
153.1
132.46
142.78
106.7
85.47
52.65
52.5
55.25
52.57
45.3
38.32
44.4
55.91
97.35
104.25
133.29
122.74
92.82
69.21
55.54
53.69
70.62
74.48
97.42
122.22
130.99
114.72
81.68
65.05
55.99
55.02
52.57
55.77
54.21
47.97
41.06
45.82
55.39
92.45
108.34
97.57
74.26
55.39
44.92
52.35
53.98
57.62
68.54
129.5
131.65
122.37
102.4
93.49
67.57
57.1
56.21
60.07
107.37
178.66
220.69
228.85
231.97
241.7
262.94
245.34
239.62
237.76
216.08
207.99
204.28
185.64
183.93
224.99
195.07
173.98
126.75
121.26
98.46
93.63
93.93
105.51
127.42
208.5
248.01
267.83
277.33
273.62
287.43
253.05
237.83
239.54
230.7
229.07
221.42
216.37
212.88
236.72
230.85
204.57
152.52
129.64
114.04
107.81
112.48
118.35
137.65
210.12
235.66
252.44
267.59
281.99
288.52
267.81
267.88
256.3
225.27
210.42
192.82
180.94
173.44
223.48
208.86
184.73
130.3
123.01
108.31
98.14
97.54
97.77
119.74
163.39
215.95
238.14
236.81
222.63
237.62
201.77
192.34
180.61
193.16
175.71
182.39
169.4
161.01
185.59
164.8
149.36
127.39
156.19
111.8
101.4
101.11
101.63
106.82
101.55
118.55
153.96
191.45
207.48
267.54
204.37
187.37
154.7
153.07
154.41
154.48
160.72
178.76
178.53
179.28
185.81
126.57
111.66
86.42
65.04
56.2
76.4
75.95
52.05
55.98
69.12
104.31
119.39
162.75
127.55
97.93
85.68
61.55
56.43
75.58
94.07
116.71
156.06
167.94
156.51
101.64
102.9
90.65
79.15
78.33
93.85
125.25
195.86
250.35
267.43
259.86
260.15
291.04
260.08
252.88
253.84
237.96
219.77
216.8
201.13
200.91
233.35
231.05
215.31
149.08
116.27
97.71
97.34
97.34
99.12
119.39
157.7
230.16
215.98
227.71
236.99
253.03
231.28
237.44
221.03
189.33
175.07
186.13
171.58
169.58
204.25
211.38
194.82
133.27
135.27
108.1
97.48
90.87
94.36
112.18
188.73
218.79
221.99
221.84
233.79
257.4
221.84
200.75
201.79
178.55
152.64
141.14
133.19
127.55
185.76
185.76
137.13
110.47
72.53
15.37
3.04
0
7.42
8.17
0
5.94
2.08
6.98
15.15
14.63
13.96
7.65
0.97
0
0
0
1.93
7.5
94.21
106.02
98.22
73.65
74.62
51.3
48.26
37.27
51.97
65.56
111.81
169.87
186.21
192.97
215.61
232.84
215.09
187.32
169.87
144.48
131.34
130.67
130.6
115.08
130.45
131.04
123.84
104.32
94.07
67.12
48.85
16.26
15.89
16.33
15.67
55.83
70.46
97.63
97.93
110.85
101.35
94.29
88.95
84.94
75.81
57.39
77.51
81.67
92.58
97.63
88.95
59.47
67.5
44.7
35.12
16.19
29.55
37.57
15.97
40.62
48.64
72.92
88.74
106.71
97.35
77.82
55.77
52.43
52.13
61.78
77.15
97.35
97.8
110.27
107.23
94.01
67.43
52.5
52.57
54.58
56.29
100.99
142.8
245.86
253.14
252.77
256.19
260.57
246.46
241.78
238.29
216.61
207.99
192.77
194.33
185.87
219.65
200.64
159.5
110.49
111.39
90.45
67.13
59.63
77.75
111.98
169.16
237.85
256.86
256.34
262.2
317.38
287.38
285.52
260.57
219.06
189.21
185.79
168.05
153.64
192.33
208.29
184.09
129.13
114.87
97.72
93.34
93.93
94.23
114.95
155.34
256.26
260.64
260.64
274.15
326.95
266.43
257
243.19
237.77
201.9
187.27
171.16
170.86
188.76
193.44
145.54
123.12
121.41
103.88
73.96
88.73
97.27
113.91
173.16
256.55
266.95
273.33
263.9
283.36
285.44
280.02
260.41
237.17
237.17
236.87
229.37
193.14
216.08
231.45
186.08
136.78
114.04
100.3
90.06
70.75
93.62
108.54
168.01
222.51
260.08
260.15
260.08
285.99
245.3
201.94
218.5
183.98
151.38
143.07
133.79
127.63
162.59
172.32
147.82
120.28
118.49
108.17
97.78
96.67
85.38
92.36
85.75
106.76
140.4
178.19
193.33
215.75
193.55
169.57
148.12
140.25
128.22
128.44
132.08
128.07
138.47
138.98
138.76
124.58
77.14
52.42
43.66
36.01
44.92
41.21
32.67
52.2
72.32
97.56
114.86
134.31
126.37
100.98
93.55
77.74
81.97
89.32
97.63
106.1
113.08
122.58
115.68
100.23
62.37
55.17
49
51.75
52.64
79.44
133.12
204.48
230.69
244.05
246.43
268.48
260.01
259.94
245.46
214.87
185.77
175.15
157.77
133.94
169.58
207.3
169.88
119.91
121.76
106.46
100.82
98.45
100.45
116.56
192.73
330.9
297.49
289.7
356.81
326.45
281.16
265.64
296.97
338.92
259.92
238.25
225.62
200.6
260.44
247.08
205.65
137.87
122.58
97.71
93.62
92.88
78.7
115.97
176.18
297.12
301.28
310.34
300.91
313.98
275.89
298.09
286.28
256.29
241.29
238.25
230.45
200.61
215.53
245.01
192.51
142.77
113.52
101.86
96.74
93.84
95.11
108.1
160.96
200.68
235.28
227.04
240.99
267.42
260.15
249.83
180.71
204.39
186.65
173.36
168.75
168.61
189.32
187.09
149.82
111.51
117.9
110.18
100.82
97.33
97.48
111.74
164.08
253.02
285.91
297.34
286.5
298.31
282.72
285.98
266.24
245.52
188.65
177.74
167.71
156.95
148.56
154.72
141.51
116.49
134.45
113
104.53
100.97
105.35
105.35
104.53
113
148.19
185.76
189.47
202.98
186.8
158.51
144.18
126.96
122.65
126.21
126.44
126.51
122.28
132.45
141.36
116.04
100.53
74.84
52.04
45.07
51.67
52.56
51.82
59.77
76.77
119.09
133.79
134.31
134.16
113.15
100.3
76.02
74.47
74.99
97.56
121.91
133.93
133.93
141.58
113.52
108.39
100.67
100.75
97.85
102.46
119.09
167.49
239.43
275.14
273.14
272.84
296.9
272.77
267.42
263.41
251.68
245.15
231.49
215.82
203.95
198.3
178.03
154.43
122.95
122.58
107.88
93.25
89.76
92.14
107.06
184.13
252.21
260.52
260.3
260.6
270.32
260.3
275.45
259.93
238.17
230.6
240.92
242.26
226.07
201.35
200.98
186.72
131.49
119.16
102.83
85.97
78.1
90.43
101.42
147.82
218.79
251.54
264.23
262.3
291.11
259.92
260.07
259.92
237.65
231.04
216.86
169.35
162.37
200.46
201.42
172.99
130.3
127.18
107.73
97.93
93.03
97.78
127.4
177
260.07
270.54
289.25
318.87
557.42
337.29
332.16
299.57
267.5
237.73
222.88
230.6
186.2
200.6
200.53
182.19
155.32
138.02
116.04
107.95
97.55
93.77
115
171.94
223.69
263.93
269.2
276.4
318.28
267.72
260.37
244.03
223.84
209.96
186.12
182.41
180.56
177.66
179.15
169.12
148.63
130.44
121.16
97.55
97.7
97.55
93.17
93.47
107.95
137.72
162.96
177.51
185.9
174.91
152.34
131.48
126.81
122.72
124.5
130.37
127.33
127.4
128.22
134.23
113
106.17
89.39
72.02
74.62
69.27
52.71
51.75
56.35
97.56
134.46
149.38
174.26
168.61
132.75
106.84
100.38
94.22
99.86
121.24
134.46
156.58
163.19
170.84
119.39
90.21
74.39
60.07
59.03
63.55
93.1
164.08
245.83
264.76
267.21
281.02
321.41
269.44
266.84
266.54
255.93
237.88
224.82
217.17
200.91
200.61
193.04
169.65
124.88
123.02
103.05
97.56
93.77
100.67
119.01
177.89
254.13
284.72
288.95
301.5
379.9
323.7
301.43
290.51
265.79
245.08
238.25
202.24
200.83
185.24
200.6
193.63
169.27
134.3
108.39
97.33
97.33
97.93
115
169.05
249.08
298.3
375.22
359.48
490.37
406.85
380.56
315.75
267.49
237.72
237.65
238.24
215.45
168.16
161.77
173.36
146.85
100.08
89.68
70.31
89.24
90.8
67.34
47.74
53.68
44.84
74.98
89.61
101.34
94.58
77.21
52.34
34
47.74
52.19
52.41
52.19
97.93
115.59
114.93
93.62
70.31
45.14
52.27
45.29
55.09
62.66
94.22
149.16
163.34
177.67
173.81
185.61
186.28
184.13
162.89
147.45
138.02
140.25
144.55
134.46
150.94
149.9
148.56
119.98
118.94
85.38
75.51
52.64
59.47
52.49
58.65
124.43
181.9
214.79
206.92
221.62
218.5
206.92
178.11
166.23
142.77
135.27
167.94
143.59
144.78
154.43
166.23
122.58
94.14
70.61
52.42
51.82
50.04
47
37.79
55.83
97.41
122.13
126.44
156.51
115
127.11
104.24
101.42
98.82
108.47
124.88
115.3
127.33
148.56
161.41
114.86
90.73
74.76
72.54
70.98
71.5
88.87
185.98
297.5
290.07
334.47
337.07
563.36
362.53
367.88
309.82
282.65
241.81
224.59
207.66
202.83
250.05
223.1
200.61
153.24
126.22
123.1
107.43
102.24
107.95
106.54
164.45
286.52
289.11
341.31
368.41
500.94
367.59
355.71
356.31
313.39
267.66
238.78
223.03
193.49
213.38
185.84
186.06
157.77
136.54
110.85
100.68
98.53
98.3
107.51
215.76
268.04
443.63
440.59
457.81
629.25
483.13
388.54
438.88
376.29
267.59
285.93
247.02
221.56
211.31
233.21
234.85
165.13
127.63
97.78
98.38
94
91.62
98.3
126.3
245.17
367.82
383.12
404.13
558.2
402.94
445.71
490.26
368.94
288.38
248.73
245.61
193.34
185.47
169.36
162.01
137.21
156.96
138.1
123.03
118.94
109.88
137.43
176.71
247.16
371.82
427.43
421.72
612.97
459.21
312.06
318
237.74
188.29
175.89
167.28
155.69
215.61
220.44
190.66
149.83
142.48
117.31
91.84
106.02
104.02
98.82
100.08
127.55
149.53
168.84
183.31
193.04
183.68
156.21
152.58
127.63
138.25
144.11
142.63
144.33
126.96
127.03
145.23
127.11
100.97
66.97
53.53
52.19
41.43
50.04
41.87
54.42
97.56
133.64
148.79
149.16
134.01
124.21
104.69
108.32
104.69
104.61
106.77
119.68
122.73
115.53
114.49
104.24
77.44
38.01
23.54
22.2
23.46
22.35
29.92
54.05
48.93
81.97
100.38
104.09
104.61
94
73.95
72.54
79.07
81.15
74.91
63.55
139.29
138.25
145.08
126.52
68.83
54.35
51.38
45.36
47.89
63.55
144.33
256.74
267.81
342.87
341.31
494.18
437.68
401.97
372.27
253.18
237.51
222.37
214.65
193.34
211.82
201.06
182.2
140.62
143.14
108.39
98.59
97.85
104.01
116.41
166.37
287.83
325.1
355.32
397.19
543.67
378.26
404.32
325.1
260.51
208.47
223.09
193.03
187.9
214.56
222.13
191.62
177.88
126.95
110.76
105.05
91.31
79.66
113.73
172.16
260.43
316.11
349.14
482.62
736.29
451.74
495.09
417.59
333.85
298.29
278.84
270.23
231.99
215.88
177.8
184.93
152.86
131.04
111.88
99.26
69.49
74.61
106.39
176.25
239.95
258.74
266.98
286.5
297.57
260
238.91
212.48
190.43
185.46
187.98
174.25
141.73
155.24
156.5
173.65
151.08
170.46
138.09
122.28
122.43
111.51
114.56
111.81
157.32
180.19
245.08
256.44
256.29
219.39
194.29
171.5
186.28
170.31
169.87
169.5
163.71
155.76
140.39
166.53
138.31
105.65
76.47
53.53
48.18
49.52
44.69
48.85
75.8
98.3
115.45
137.72
169.5
164.38
136.83
104.76
100.97
100.01
103.79
113.89
121.76
141.58
148.56
166.46
148.56
105.57
85.38
82.49
72.09
61.85
85.53
170.69
266.83
305.59
393.2
503.52
860.86
449.84
482.73
445.76
316.28
261.86
249.68
237.51
214.64
221.62
209.07
208.11
169.28
143.88
104.45
94.06
84.48
82.18
110.91
174.24
327.84
407.65
490.65
736.82
1114.18
678.32
611.58
583.59
356.42
267.78
246.7
223.61
213.51
230.36
201.63
223.39
178.69
171.35
128.07
116.19
107.8
112.4
126.58
222.95
293.4
430
423.92
466.83
743.15
544.34
529.26
364.52
307.58
274.39
289.76
259.99
200.9
223.39
200.9
200.97
144.47
144.34
102.02
92.96
56.35
60.07
64.67
57.47
122.36
155.85
174.19
177.9
176.94
174.34
170.85
152.8
144.04
130.75
126.37
138.33
138.18
134.69
115.83
127.04
112.04
70.31
66.97
55.91
55.91
39.72
28.29
87.47
142.19
118.28
169.88
186.14
201.96
174.34
157.78
139.07
133.87
113.08
112.64
103.36
107.96
117.39
117.61
129.71
117.54
130.98
123.18
98.75
93.63
74.47
65.12
78.56
108.11
145.75
158.15
169.36
179.76
181.24
171.29
149.47
132.09
129.34
127.04
127.49
125.85
127.04
129.2
133.58
126.45
97.94
79.9
56.28
55.99
56.28
52.35
55.76
75.22
99.72
126.82
140.26
163.65
155.93
137.51
114.79
102.32
107.59
119.32
130.09
138.26
146.2
150.21
163.95
148.5
116.06
93.33
82.27
71.06
70.02
110.71
171.23
296.49
286.32
296.93
376.01
699.38
412.69
378.98
292.63
270.05
256.76
242.36
222.9
213.18
252.46
221.94
218
164.1
127.72
111.9
88.81
68.98
62.74
100.84
152.74
263.38
284.47
296.42
381.15
933.82
452.5
379.44
365.18
454.73
313.5
303.03
267.76
222.91
223.43
219.94
225.29
171.01
147.24
118.43
100.83
98.76
100.54
137.66
198.55
302.35
659.43
489.62
660.69
2227.93
1003.14
891.17
630.7
434.37
337.77
278.3
239.76
245.4
265.23
256.32
255.06
181.32
141.46
131.06
121.48
100.92
106.48
149.11
200.49
348.04
668.76
1002.02
668.68
1114.89
743.02
891.53
668.76
415.32
314.03
293.46
258.86
238.29
201.01
176.73
200.79
193.81
178.32
142.9
122.55
111.55
105.76
127.15
200.16
311.41
573.59
652.09
743
1689.64
499.17
317.73
323.67
293.44
304.88
284.9
270.27
237.81
204.32
195.4
230.46
187.31
171.42
141.86
128.56
129.97
122.03
111.33
121.06
142.75
141.19
251.03
259.43
252.59
207.06
186.49
147.2
169.41
162.35
155.82
147.8
141.78
141.26
132.79
147.72
133.98
133.52
85.59
54.54
52.31
51.56
35.66
32.62
53.79
94.21
141.69
170
178.39
170.29
127.94
131.06
121.18
115.09
129.28
139.98
140.43
159.89
174.6
195.48
166.43
123.11
102.16
98.3
78.83
93.39
107.73
199.86
282.48
445.94
445.13
668.84
891.81
479.15
612.15
553.08
445.65
313.69
290.43
282.48
238.28
238.13
220.59
237.76
178.69
192.37
143.92
143.48
133
131.14
164.14
270.02
369.88
222.98
238.14
275.44
367.13
278.34
273.51
255.38
260.13
275.52
259.61
223.5
200.77
232.72
246.76
251.44
227.74
200.85
162.58
148.69
138.14
147.28
173.43
196.1
250.12
258.96
271.89
342.33
445.62
312.61
323.16
286.23
297.6
241.72
237.19
212.52
201.15
201
180.27
223.22
186.29
152.02
126.74
104
101.02
101.69
111.28
201.3
293.26
319.64
305.45
339.79
361.64
372.35
344.92
275.71
245.31
296.75
283.07
259.36
210.22
208.51
201.15
208.66
169.86
137.75
120.35
100.58
93.81
94.11
124.29
186.81
259.81
250
259.59
238.55
319.73
238.48
236.47
201.38
207.48
178.93
166.22
142.88
141.61
132.54
123.48
170.61
138.49
189.04
178.78
141.17
140.57
131.13
118.12
126.97
163.84
243.09
225.47
242.64
260.63
260.41
213.5
208.3
193.65
164.21
170.75
175.21
166.67
176.63
178.78
215.88
177.22
136.06
111.97
89.59
82.23
82.38
67.29
55.24
85.5
104.46
128.18
162.61
171.38
164.02
147.36
128.48
125.58
118.81
133.53
145.06
145.43
164.02
159.93
185.36
160.6
122.75
102.46
89.59
81.71
91.15
121.34
168.55
253.46
250.71
264.24
284.76
438.37
313.91
360.83
266.18
286.4
253.91
238.59
225.73
200.6
200.3
208.48
209.97
180
162.4
136.15
136.75
132.81
136.3
164.18
174.07
261.45
307.4
352.46
409.57
511
286.73
271.04
290.52
286.73
208.28
200.77
170.51
147.23
176.6
174.07
178.76
178.76
152.57
127.59
127.07
122.53
123.35
135.02
214.95
260.23
341.27
423.06
401.42
622.84
436.29
372.13
599.42
418.97
282.68
255.25
256.14
245.51
240.15
208.26
202.31
177.55
137.7
135.99
122.98
116.59
115.99
118.97
133.61
247.23
304.03
305.37
326.64
383.37
353.03
408.43
375.56
327.83
282.32
263.21
227.23
200.46
169.6
168.86
178.52
152.95
169.15
134.05
124.91
112.12
115.99
124.24
186.32
188.63
305.28
331.01
332.42
393.61
411.9
349.45
304.84
286.69
251.01
253.53
260.82
270.26
229.82
185.95
189.07
175.84
140.52
114.57
114.57
108.25
107.81
89.22
99.11
117.77
113.09
122.16
144.61
162.68
152.34
149.96
134.42
126.62
132.86
139.93
132.79
132.86
130.78
130.26
120.67
113.83
122.04
93.8
66.07
80.27
54.78
55.97
52.7
83.84
123.16
171.39
163.81
177.86
177.86
164.78
138.1
132.15
127.24
139.29
153.18
150.36
171.39
166.64
186.41
174.74
143.15
120.78
111.86
104.8
115.95
140.25
201.2
330.6
408.12
355.2
457.02
631.39
364.27
350.89
330.23
334.09
297.37
298.49
295.22
256.05
255.68
245.94
247.8
200.68
192.47
169.88
153.83
150.56
141.34
158.58
186.01
314.94
1456.24
1918.46
3659.40
2055.72
891.98
1115.36
1615.42
1116.33
565
453.16
412.51
333.74
285.66
297.77
327.5
290.12
175.82
128.69
133.37
128.61
129.21
164.08
223.33
416.62
578.61
790.56
537.87
1151.28
892.71
744.17
669.83
460.85
371.86
343.02
312.91
286.44
264.29
242.36
327.11
204.67
185.3
190.13
171.47
168.86
161.5
167.15
223.22
275.2
365.91
446.59
669.36
1115.58
521.09
744.09
512.99
446.74
372.08
342.86
298.17
260.92
239.43
240.47
246.27
205
172.02
142.58
147.64
147.71
152.62
160.94
197.52
260.85
294.3
334.74
425.88
487.51
413.24
349.02
327.24
311.33
283.82
272.52
237.96
219.3
192.83
197.37
221.68
183.32
212.61
163.1
166.74
154.85
152.69
148.97
149.79
191.72
233.05
262.04
296.39
334.74
271.71
253.79
197.59
178.56
194.39
194.1
179.01
171.13
149.57
140.72
161.02
130.39
131.22
108.17
83.94
83.05
74.2
60.82
59.63
83.34
109.81
151.82
158.21
167.58
185.5
143.27
137.47
130.7
130.18
146.76
158.81
163.56
171.82
171.3
186.24
171.07
166.39
149.07
129.29
127.28
130.18
156.8
209.36
298.8
445.49
409.28
554.7
1427.02
743.99
689.27
558.64
447.49
405.04
317.16
299.77
275.38
290.18
273.45
237.46
222
162.88
161.1
142.96
138.28
144.67
173.81
223.47
282.57
680.9
1253.78
1115.65
2610.67
1487.36
1115.35
1115.80
669.52
472.52
446.65
372.3
298.71
270.31
247.26
260.42
208.6
174.83
144.13
146.21
134.02
137.59
141.31
175.2
285.22
512.3
645.14
742.36
2609.98
820.78
1115.29
1115.22
649.45
453.28
435
372.11
309.23
227.24
223.67
214.97
203.08
191.31
161.43
161.06
142.85
158.98
162.92
282.43
297.74
371.84
438.21
452.63
892.47
512.68
558.91
472.55
421.86
364.78
342.85
299.22
283.02
269.94
310.74
297.81
211.97
192.33
186.46
160.38
145.14
152.5
165.36
251.64
281.29
319.64
393.29
408.15
621.36
412.98
372.03
324.17
278.69
269.99
264.72
246.36
209.13
230.46
230.9
260.11
216.26
170.63
166.02
150.79
132.66
132.58
131.17
150.05
150.57
170.26
256.77
281.81
299.05
272.97
274.9
223.4
236.33
204.74
218.19
221.32
188.77
185.87
186.16
194.26
165.8
148.32
114.51
91.84
80.85
74.23
67.92
60.56
84.41
132.42
155.68
175.74
196.69
190.9
173.14
151.29
136.65
137.69
144.83
171.35
161.25
168.46
168.9
186.22
142.23
147.95
138.14
119.12
111.46
124.32
127.36
208.21
274.49
267.66
276.43
290.4
445.18
313.06
327.85
298.12
283.93
264.31
266.84
267.66
251.38
244.62
223.52
231.32
208.36
138.15
123.58
114.07
109.46
113.48
124.99
160.89
216.18
259.95
268.05
265.97
299.85
268.42
293.68
291.01
259.95
243.9
223.53
199.01
186.15
181.03
204.51
219.59
148.85
136.88
108.2
108.05
86.42
98.24
102.85
133.61
244.86
260.24
265.07
286.1
293.53
260.76
260.46
260.46
259.57
238.17
212.83
197.15
166.76
183.18
172.85
163.71
141.64
165.56
127.59
116.22
101.73
107.9
142.83
155.98
231.92
244.78
235.05
255.33
286.69
256.6
257.12
253.77
247.16
204.5
210.6
194.47
200.05
235.94
241.36
267.89
223.01
135.75
122.75
102.31
93.92
86.86
112.05
151.72
219.34
220.23
237.69
223.5
248.99
232.27
222.98
195.41
174.09
197.42
185.9
179.07
150.98
168.81
168.81
177.66
148.38
169.26
137.61
136.34
134.19
131.07
122.45
77.42
120.22
134.49
144.29
147.34
185.98
141.17
127.06
130.4
126.98
112.72
120.22
126.83
126.39
116.36
127.21
143.33
126.83
111.85
86.73
83.31
67.11
81.9
59.45
52.99
68.15
86.65
121.95
112
163.87
172.79
137.78
124.18
115.41
114.67
130.87
132.73
138.53
144.84
162.98
172.42
123.59
111.62
94.53
86.8
65.84
86.5
86.58
169.37
235.36
274.45
282.85
291.32
336.43
294
268.06
286.12
268.21
261.97
267.62
251.56
233.58
201.32
212.32
200.95
153.02
173.34
127.48
94.55
65.71
98.34
142.04
215.63
241.72
252.42
361.24
371.28
597.09
429.11
428.36
371.58
390.68
268.11
267.74
232.58
219.5
239.71
226.78
223.66
174.3
173.97
143.05
122.67
108.4
104.68
133.9
228.84
335.01
360.36
395.9
511.96
892.99
595.01
437.09
446.98
409.21
408.69
368.69
293.97
267.88
240.07
281.56
253.53
237.32
207.12
167.57
148.02
141.92
139.76
153
285.11
319.6
373.05
743.28
1487.60
2230.59
1338.77
1115.07
892.79
676.89
438.33
372.98
360.79
312.61
312.46
298.86
312.24
226.15
205.04
152.48
150.33
140.36
144.97
169.13
188.98
316.93
349.05
435.96
593.5
892.88
593.87
364.66
335.22
313.74
296.93
294.18
287.86
251.29
223.78
231.96
206.6
194.56
187.2
148.39
127.58
126.98
102.6
80.89
80.52
167.42
205.19
222.37
216.49
266.75
255.9
215.08
227.2
222.96
212.4
212.11
194.78
186.61
186.53
190.62
201.25
169.58
131.71
98.34
87.34
77.23
86.45
64.44
67.12
95.44
122.2
144.87
144.57
186.2
176.09
153.79
144.35
142.34
140.11
127.11
156.39
169.77
175.72
186.2
194.9
173.86
121.16
115.21
101.91
99.6
100.42
104.21
223.07
300.45
408.97
482.56
669.5
1858.50
1487.29
669.2
558.08
447.32
341.92
335.01
327.8
316.8
279.41
278.74
253.99
173.86
190.58
152.67
130.9
128.07
127.25
152.82
230.42
335.23
409.48
482.92
482.4
965.03
892.18
595.53
482.85
483.07
460.92
449.92
438.55
335.08
300.14
293.83
244.03
217.42
176.97
133.64
119.59
101.83
104.58
141.89
256.79
286.89
346.65
401.8
409.38
409.53
354.23
359.88
343.08
335.13
334.91
334.69
314.25
293.58
239.92
239.4
252.71
178.23
168.63
128.65
102.26
93.2
98.32
112.74
178.37
297.8
334.96
336.14
296.76
334.73
334.73
335.03
344.17
334.96
334.44
296.9
282.56
286.28
298.39
297.35
267.92
186.09
177.79
110.82
108.52
98.78
60.2
105.69
97.96
170.58
230.41
297.53
297.53
312.69
298.05
312.25
270.25
215.18
185.82
185.37
169.61
167.46
175.11
186.04
183.81
152.37
162.26
143.08
139.88
120.86
127.77
141.22
158.24
160.03
223.5
267.95
355.65
354.69
268.25
260.37
193.84
220.68
212.28
222.09
233.46
223.43
227.74
246.17
253.08
205.07
145
121.96
109.48
110.52
104.57
97.88
61.84
92.98
140.17
168.71
193.83
223.04
194.5
172.95
163.88
137.35
132.07
156.38
186.33
193.39
193.83
220.44
223.04
183.73
161.21
132.37
123.08
111.48
112.15
153.92
230.62
297.44
334.01
342.7
356.9
551.63
478.86
383.73
371.84
355.41
312.9
312.53
297.51
286.29
267.64
259.98
256.49
193.17
161.09
126.37
116.26
114.33
116.11
127.93
177.52
256.61
297.5
313.4
326.86
323.51
312.66
312.44
312.81
296.68
260.77
260.4
253.34
223.09
231.71
253.04
239.74
183.24
155.21
127.71
116.33
104.74
108.45
130.31
203.98
239.14
275.71
314.44
308.34
342.39
312.65
322.47
312.8
298.08
270.43
238.47
238.24
238.1
238.24
238.17
202.12
174.61
177.87
137.66
116.03
111.42
116.18
153.04
238.82
313.82
298.43
312.55
312.85
329.43
323.93
312.63
308.17
297.98
283.04
283.04
239.12
193.63
247.44
253.16
243.72
186.64
148.35
124.57
100.64
104.13
104.8
163.22
264.82
312.39
316.41
319.75
314.25
342.27
312.62
297.97
297.3
297.75
245.42
219.34
208.41
169.09
205.14
205.07
175.86
131.19
187.15
148.8
131.19
116.69
104.35
63.77
44.37
126.58
175.11
179.72
161.14
201.42
231.01
175.78
168.94
139.21
135.87
138.17
175.56
141.89
161.21
144.79
124.27
116.47
145.07
97.36
80.34
56.33
65.62
65.92
60.12
97.73
122.03
150.72
171.45
201.03
180.59
161.12
127.53
140.83
131.02
141.65
166.4
177.92
185.87
184.75
174.42
167.81
149.45
108.28
95.8
83.16
94.98
129.02
185.8
269.4
297.49
327.22
342.46
371.07
312.73
318.6
312.14
297.42
274.08
269.4
238.34
223.47
238.34
229.42
208.76
172.27
164
138.44
121.35
119.57
121.57
157.91
259.87
320.8
345.92
350
336.18
522.63
367.62
349.26
347.85
325.41
260.53
209.11
204.65
185.55
201.09
187.12
163.11
143.05
146.61
116.44
81.22
65.61
62.94
113.76
157.46
185.47
289.8
323.9
349.09
402.3
349.17
349.24
335.05
311.42
251.38
268.03
238.38
223.59
237.86
238.08
198.47
152.85
127.12
126.75
129.57
100.23
126.45
160.7
172.96
275.2
291.91
334.86
343.85
437.98
371.56
374.38
348.97
334.63
270.22
254.99
227.13
198.67
245.85
261.3
226.46
188.05
186.4
161.07
134.41
111.99
97.95
141.62
190.78
203.33
275.43
332.76
357.27
394.33
323.63
293.55
252.71
209.27
199.91
204.44
204.07
197.01
236.08
222.26
204.74
165.9
133.15
137.46
114.66
119.11
114.81
131.14
130.92
141.24
183.8
264.07
264.15
245.43
204.66
175.63
149.86
149.56
149.56
149.26
131
137.09
184.39
199.61
193.23
143.47
145.76
102.1
83.46
56.28
55.54
56.06
51.68
56.06
114.57
147.69
155.93
200.63
180.73
151.55
137.74
122.52
122
136.92
149.32
171.15
193.21
187.34
171.08
149.25
88.06
56.14
59.55
51.98
59.55
84.87
176.28
238.13
298.27
331.09
334.21
371.71
334.81
334.73
334.73
325.75
245.48
239.47
207.69
199.3
238.28
222.54
167.07
138.85
134.11
48.19
45.08
55.92
56.21
141.76
186.76
248.1
223
221.67
259.84
312.04
223.37
214.54
212.53
185.43
171.39
171.17
169.02
167.9
223.52
211.86
206.59
163.15
151.41
97.5
93.34
62.67
71.66
150.59
206.51
268.74
260.12
282.33
282.25
259.6
245.12
262.57
234.5
267.7
238.14
217.35
196.26
186.61
252.92
224.63
201.68
160.54
150.37
131.13
115.32
61.63
122.6
135.59
170.04
240.14
248.23
246.9
259.52
282.24
257.74
259.3
261.97
245.64
238.28
244.67
245.64
239.25
279.42
267.91
214.3
178.81
153.36
148.75
142.81
129
129.89
183.21
250.12
334.49
298.47
313.47
330.92
337.83
304.33
279.98
245.44
239.2
207.64
187
185.44
185.51
239.43
204.89
186.92
151.87
163.38
145.41
133.9
133.38
132.93
146.89
154.99
159.59
184.84
186.7
223.46
244.03
239.8
200.96
187
184.69
184.47
185.73
191.68
192.79
225.91
190.78
179.27
126.47
136.9
93.15
71.16
80.37
77.47
85.57
60.17
80.52
129.77
142.91
170.92
208.06
185.85
137.94
126.35
118.62
119.44
127.31
148.93
171.14
208.72
204.27
191.12
141.8
100.57
95.08
82.45
77.55
96.56
133.48
218.75
262.87
256.71
274.31
282.63
320.37
282.63
296.82
284.27
261.09
237.84
230.26
225.66
230.56
264.36
252.33
229.6
183.25
157.43
137.52
106.54
78.01
97.92
156.02
218.05
297.25
330.6
334.47
338.63
409.06
330.75
316.79
312.1
304.9
297.54
297.62
277.04
252.74
260.1
239.82
215.75
173.03
163.89
127.73
105.15
76.12
94.31
161.44
244.98
257.08
304.31
312.48
342.93
371.89
316.71
312.04
304.09
282.63
239.56
204.66
188.17
214.76
303.79
259.61
201.02
165.97
159.21
129.72
107.88
97.4
97.4
154.68
203.79
270.95
291.24
312.26
330.84
357.51
322.74
312.19
285.44
239.75
241.38
287.37
304.09
297.11
312.71
252.68
214.49
170.73
156.61
126.82
101.71
60.03
93.54
150.08
242.42
279.79
308.77
326.45
350.23
423.48
313.6
312.11
274.82
248
253.12
245.1
223.03
208.25
272.29
239.68
188.04
154.61
168.35
160.25
135.74
110.77
106.32
112.56
128.75
170.58
206.69
263.9
253.12
263.9
239.08
223.18
192.5
190.42
188.49
190.12
193.32
206.84
209.44
193.61
193.61
176.23
163.99
117.27
93.73
78.8
67.44
69.22
64.02
94.77
126.11
171.19
175.57
196.59
181.74
170.89
138.07
128.26
125.51
148.69
164.06
190.35
223.18
190.57
192.8
165.99
137.99
97.74
89.2
65.43
87.41
136.65
210.48
281.03
306.14
312.08
332.13
375.28
316.91
318.32
307.7
300.86
295.66
282
281.78
285.86
297.15
260.09
204.98
174.46
163.16
128.56
93.5
73.23
87.41
137.54
208.02
297.29
295.51
295.73
295.66
311.92
281.62
297.29
279.54
256.44
223.02
207.87
197.18
199.63
256.82
220.42
188.42
165.91
152.95
121.09
74.43
60.02
81.64
142.18
200.35
259.78
297
304.57
304.94
327.53
304.87
304.72
286.52
282.36
242.25
238.31
223.82
258.59
297.52
223.3
185.64
167.96
162.89
129.02
106.51
88.17
98.79
149.52
213.47
259.97
297.7
298.59
298
311.96
298.3
297.55
286.41
280.1
255.96
243.85
238.8
252.39
325.63
273.41
193.19
169.72
176.94
152.28
91.22
78.22
93.3
156.36
237.85
267.49
305.08
320.6
335.9
334.49
305
297.87
286.51
256.87
226.63
223.14
230.94
270.16
312.28
243.94
206.43
177.01
185.63
166.24
147
130.51
122.42
147
160.67
169.59
175.45
241.57
255.53
264.22
244.09
178.35
170.92
147.45
137.64
141.51
145.67
157.11
259.54
207.99
146.19
122.42
122.42
88.99
88.62
65.44
58.91
88.47
88.69
97.09
122.19
141.06
156.07
204.72
156.36
130.36
120.49
104.44
104.14
120.11
137.57
190.01
234.66
204.28
173.37
133.41
130.65
103.69
89.5
85.12
93.81
144.91
239.46
298.21
313.14
313.29
313.37
348.65
339.66
313.81
313.22
290.34
266.94
261.23
267.39
282.91
329.78
256.77
213.76
177.15
142.91
108.52
94.33
56.45
70.86
152.86
258.86
327.04
347.69
352.74
355.79
438.38
384.16
408.45
341.97
318.57
292.5
286.26
285.97
312.93
384.53
289.61
237.61
194.75
178.23
146.88
122.06
120.87
142.49
179.34
294.57
327.48
344.27
341.9
332.61
348.06
327.19
327.56
327.48
327.19
326.96
325.92
326.96
338.78
348.73
299.4
230.23
199.48
204.34
179.38
156.06
142.54
147
195.73
292.73
334.48
338.79
334.55
349.56
343.91
327.79
327.35
327.79
327.27
323.11
308.85
325.64
334.63
371.77
297.93
218.9
181.69
181.37
152.7
139.41
133.91
152.48
186.64
295.3
334.89
327.98
329.76
323.08
334.29
315.13
304.81
282.38
268.19
223.56
283.42
266.11
296.19
334.29
283.12
226.97
189.09
203.73
160.65
154.56
144.75
135.1
144.23
160.65
171.05
172.61
197.64
212.42
245.84
222
192.58
175.06
145.72
144.09
144.61
195.11
311.86
257.57
200.46
187.76
141.63
163.6
114.66
109.39
96.09
87.48
109.76
108.2
115.18
132.63
157.51
175.55
203.03
184.76
138.05
130.77
120.97
121.86
135.38
175.48
235.04
239.12
208.52
193.82
140.35
151.72
113.84
109.53
107.98
109.46
142.88
262.44
314.12
338.11
343.16
371.45
396.18
371.31
371.68
334.62
337.74
326.01
327.57
330.83
339.15
364.55
299.42
283.38
192.11
173.31
150.44
127.05
122.3
129.13
175.84
259.9
325.98
354.72
376.33
399.13
469.82
357.17
358.51
334.89
330.96
311.13
301.41
308.83
357.69
387.39
291.16
223.07
183.34
196.26
143.04
123.59
126.41
142.67
172.9
281.41
394.15
371.8
371.72
370.76
413.39
372.02
390.29
364.44
326.71
308.07
311.19
312.01
341.94
373.06
295.3
289.65
222.22
182.58
155.91
126.42
108.6
143.06
220.61
298.3
371.91
454.36
482.81
481.92
507.99
482.89
366.34
328.24
323.26
285.6
283.6
291.17
375.33
370.58
286.35
283.75
216.08
191.21
162.69
141.52
100.06
99.99
127.7
151.1
194.71
256.74
286.23
296.63
334.51
301.98
250.5
223.53
239.95
240.17
286.23
349.97
367.2
310.82
256.59
244.18
175.47
182.52
161.43
141.37
125.69
121.98
142.71
167
178.44
207.93
236.68
254.06
275.46
253.62
223.16
205.03
183.64
184.83
215.58
253.69
296.33
248.79
231.26
220.19
164.92
149.02
100.81
88.4
67.9
60.02
67.6
70.2
80.53
123.91
153.11
188.84
253.54
215.88
163.21
142.71
130.82
126.21
150.95
252.2
275.46
247.3
204.44
225.09
164.84
168.93
126.81
97.17
81.64
112.69
172.27
257.92
357.1
355.98
343.58
342.31
366.98
330.87
345.43
330.58
320.4
277.54
283.4
313.05
371.21
326.71
263.72
238.09
193.96
144.13
111.88
73.55
52.67
59.51
141.6
163.59
244.27
287.14
294.57
291.3
304
293.6
286.92
272.21
243.23
212.4
201.78
239.96
300.29
253.78
186.77
180.46
172.13
168.34
141.22
123.02
80.6
111.58
169.75
251.17
326.5
286.97
295.15
314.46
334.59
305.03
290.76
279.4
267.81
245.97
238.39
267.59
314.09
290.09
276.72
223.16
186.91
123.54
30.53
22.73
31.05
48.81
93.45
201.47
238.16
261.71
252.43
262.01
274.64
262.23
267.51
245.52
237.72
204.66
188.61
245.44
297.22
227.62
191.59
210.53
192.4
190.04
123.77
103.04
96.95
105.27
194.27
222.95
313.81
321.91
297.76
287.58
289.22
283.05
246.06
235.06
233.5
203.63
206.31
246.28
269.83
274.95
220.05
218.72
175.48
107.95
41.53
24
23.7
23.33
22.88
20.95
56.39
87.37
126.15
134.99
131.5
111.44
109.73
99.7
98.36
68.94
83.73
136.7
142.86
128.01
111.74
87.44
58.24
56.32
52.24
48.3
49.04
52.01
52.24
33.58
52.31
59.96
100.9
134.27
154.77
134.19
112.94
89.68
85.97
85.08
118.29
156.26
187.24
159.75
142.88
143.11
123.57
77.13
53.65
46.96
53.57
52.98
126.39
216.07
275.22
263.26
272.25
281.68
314.97
282.95
268.01
253.37
253.3
244.9
245.2
267.71
303.6
267.27
226.03
231.08
194.6
170.87
138.33
123.99
122.58
134.62
182.53
258.98
353.33
298.35
312.02
318.78
342.04
279.33
291.82
275.32
267
241.67
242.49
283.57
307.71
312.69
284.91
286.02
216.19
169.36
143.21
137.57
129.25
143.14
187.71
235.99
286.5
324.24
325.8
329.88
349.19
319.26
300.17
303.29
289.4
269.64
267.93
304.92
328.25
282.19
212.37
208.06
206.72
186.82
144.63
123.01
122.05
130.74
177.54
269.87
344.6
333.54
326.33
323.36
358.42
317.86
311.99
285.92
263.34
246.7
238.45
294.31
346.01
318.16
297.73
251.38
199.97
192.33
163.29
141.82
129.63
154.44
212.02
270.48
335.78
350.27
331.99
323.3
324.64
313.72
275.39
259.79
238.09
250.8
238.09
282.89
312.38
286.45
239.36
238.54
211.8
223.38
223.31
217.74
197.61
196.86
199.69
165.74
173.09
204.74
223.01
225.91
235.94
216.85
223.38
185.87
175.91
169.38
161.72
223.46
291.58
224.28
222.79
236.76
192.03
159.64
116.01
104.86
97.36
96.91
96.84
80.78
86.51
96.91
141.95
171.9
215.9
177.77
142.69
124.04
112.07
112.07
131.17
226.15
245.85
225.93
223.55
225.26
183.49
160.9
105.01
89.85
90.15
113.49
171.45
259.3
340.83
334.29
333.99
340.9
346.48
323.66
318.01
308.72
298.54
292.45
287.32
331.31
357.92
302.63
271.71
254.47
217.68
194.42
142.84
149.68
143.44
153.02
187.06
231.65
334.58
501.88
447.4
425.62
428.45
433.58
394.19
339.19
314.82
331.91
333.1
394.63
536.73
334.81
275.2
260.49
220.5
205.13
176.59
156.67
156.75
161.8
200.23
260.5
408.26
452.55
464.74
558.31
558.24
444.75
430.4
356.68
320.33
311.64
326.58
430.92
430.48
387.15
297.59
273.06
232.78
206.06
164.08
142.68
136.14
138.74
174.41
239.43
346.51
589.73
566.03
446.09
520.55
460.95
437.1
356.1
356.02
334.1
327.27
356.77
520.03
368.51
253.25
260.68
230.74
255.24
192.53
184.36
183.32
186.36
217.79
288.31
373.32
658.43
664.53
533.82
520.67
482.55
436.03
342.26
304.73
299.98
308.23
379.34
437.37
297.82
274.49
268.92
238.3
282.59
252.87
224.93
224.63
223.37
211.03
207.39
219.13
279.77
289.13
315.73
319.82
268.62
230.95
243.65
253.02
253.39
277.31
334.46
319.45
236.37
204.34
230.72
216.6
202.28
140.23
131.01
115.11
111.02
107.46
96.9
104.63
112.88
147.29
142.9
238.17
245.6
204.21
162.3
139.86
185.49
235.42
267.82
276.15
276.3
263.37
274.07
260.47
222.27
173
151.15
144.24
153.75
220.19
293.09
435.77
485.12
491.43
515.29
669.41
520.71
513.43
475.31
372.46
438.89
545.98
1114.84
571.17
396.76
290.19
279.64
255.64
240.41
187.35
180.66
172.19
182.29
219.75
260.4
371.05
449.98
449.75
452.28
481.86
466.25
417.2
409.1
372.39
494.64
1115.39
668.98
453.47
348.76
321.19
308.85
265.75
263.46
214.93
194.79
191.37
195.09
247.93
260.04
358.44
409.13
416.78
429.56
454.16
409.13
372.26
364.53
356.81
357.18
442.64
519.27
468.58
347.96
305.15
275.43
260.41
235.19
204.71
185.76
185.83
186.13
233.18
259.57
342.52
383.85
393.44
409.64
433.73
445.69
450.23
364.38
358.06
430.83
588.11
589.38
409.87
328.84
238.31
246.19
244.85
238.55
189.86
194.25
193.5
174.47
203.39
216.77
216.92
238.33
269.77
284.49
310.66
277.95
256.47
237.21
223.01
246.88
342.1
360.39
305.23
260.48
220.11
236.62
212.31
126.82
79.99
70.1
84.97
89.58
104.44
55.9
115
110.47
182.5
200.27
216.25
225.1
168.45
136.26
124.07
168.38
266.28
267.99
225.76
224.13
141.32
203.17
137.82
115.74
73.89
65.94
58.87
57.46
54.26
50.03
56.2
85.78
135.88
144.73
172.98
154.77
126.96
104.74
101.84
132.24
222.34
247.39
207.54
172.83
126.67
186.21
123.99
124.21
89.95
74.26
85.93
117.15
150.23
215.94
304.48
303.51
309.31
312.28
312.5
304.92
305.37
296.82
285.52
303.29
415.76
408.99
321.2
300.91
252.07
225.24
196.99
73.96
22
21.56
21.85
26.83
137.97
203.45
211.78
204.94
208.96
218.1
237.57
215.42
221.15
213.79
209.03
220.25
278.01
287.23
238.02
211.26
209.25
209.48
194.09
222.8
154.31
137.87
140.18
151.41
195.95
267.42
292.56
282.89
282.96
289.14
291.51
284.15
286.53
283.26
260.88
282.81
311.52
334.72
284.97
276.49
273.74
262.14
225.92
141.5
149.01
149.46
137.41
163.66
254.67
293.41
300.84
261.44
274.52
264.04
285.16
260.39
260.47
260.92
275.19
304.86
388.29
446.58
362.41
306.35
290.58
270.14
261.51
223.34
162.23
155.61
149.21
155.31
217.61
246.31
307.42
348.91
335.23
335.3
349.36
332.78
305.49
293.22
248.47
260.29
311.89
316.87
260.07
254.34
222.15
219.92
197.39
206.39
169.51
175.53
153.08
152.26
164.38
170.33
188.92
217.24
249.73
253.08
249.06
246.09
218.73
214.71
221.63
274.12
277.61
277.39
227.06
185.72
194.42
239.77
194.05
157.34
93.32
85.29
79.78
75.25
65.21
50.49
55.25
74.13
114.58
153.17
196.82
172.06
133.69
108.34
104.62
137.19
266.34
268.05
260.92
216.82
206.56
239.5
165.07
141.95
97.11
89.82
91.46
108.11
152.73
260.25
308.06
287.24
294.75
297.65
304.93
298.84
290.51
290.21
296.01
307.09
340.92
354.38
310.21
296.68
262.4
254.59
204.78
239.66
200.1
172.14
173.18
179.13
233.26
280.18
314.61
296.62
282.42
260.7
270.44
260.48
268.81
290.82
260.78
260.7
346.59
349.12
290.52
290.74
273.94
243.82
207.16
162.55
137.12
138.98
135.85
139.65
200.32
231.48
335.06
334.99
333.87
327.77
334.09
310.97
281.82
266.06
301.38
347.11
409.64
435.07
345.77
311.04
259.88
268.29
239.44
256.56
170.08
152.15
142.34
154.24
203.02
275.53
318.58
327.73
328.85
334.13
335.09
309.51
334.72
333.75
327.28
330.93
383.88
411.32
335.39
328.85
275.23
272.77
251.36
259.34
203.62
199.9
199.08
210.98
229.21
326.52
381.05
412.89
442.72
427.85
433.28
375.55
361.26
335.08
334.93
373.83
446.67
397.42
372.12
298.18
314.32
275.26
249.3
231.29
182.71
175.87
171.7
164.12
163.74
136.51
146.26
193.87
239.92
255.55
277.94
239.63
214.63
208.01
193.87
250.64
305.91
314.62
327.64
297.13
205.18
209.94
205.11
172.66
122.97
109.58
110.1
112.03
101.62
63.83
89.49
97.23
127.95
161.05
204.5
174.07
145.58
136.06
132.34
173.03
268.47
274.72
268.03
267.95
219.08
230.24
182.26
170.13
122.74
113.3
115.75
138.59
198.4
259.84
334.98
332.08
334.53
335.28
356.55
334.68
349.48
334.61
327.91
350.15
378.72
433.17
350.23
327.69
281.94
271.82
229.79
156.43
137.68
133.59
123.55
114.48
189.9
239.44
333.98
308.1
306.09
317.77
332.72
311.22
309.96
304.6
299.02
299.02
372.44
373.85
319.26
289.2
281.02
258.93
185.96
160.74
109.49
97.21
97.29
104.58
137.97
210.57
260.63
274.02
275.88
282.94
293.8
273.87
277.59
269.55
260.93
282.94
335.01
312.69
281.38
275.95
239.58
206.33
196.36
137.15
126.96
111.64
123.76
124.06
193.75
282.7
332.23
311.48
311.71
312.3
323.01
314.23
311.19
303.15
306.2
302.19
364.44
358.93
281.21
273.7
247.15
243.06
173.22
234.72
168.46
150.31
160.5
157.38
188.02
252.95
319.66
311.7
312
312
313.49
288.57
283.22
271.17
266.63
306.64
313.49
319.73
319.59
302.33
266.41
219.63
191.51
202.67
160.28
145.18
135.73
137.59
158.94
146.37
187.27
202
238.52
249.38
230.78
208.32
204.23
179.84
181.1
201.78
238.59
232.57
186.46
174.78
173.89
168.68
160.65
118.38
73.91
73.91
74.21
74.29
73.91
48.56
70.49
85.89
145.3
160.39
190.81
161.14
137.05
121.95
112.43
144.26
252.9
250.15
221
185.23
175.12
200.62
144.04
131.54
102.32
85.81
85.96
103.58
178.76
232.67
316.7
312.68
318.63
321.24
331.05
317.59
315.06
312.76
311.64
332.09
364.36
357.6
335.21
291.86
256.39
241
193.93
164.1
140.89
132.63
134.19
153.24
186.34
246.44
327.89
309.15
314.28
315.77
332.88
327.15
327.37
304.09
298.44
299.03
364.94
365.24
314.06
311.97
245.99
222.56
187.38
193.72
142.31
127.51
126.54
131.75
167.38
244.82
334.32
327.47
327.55
330.9
334.62
327.55
327.18
320.33
320.56
334.54
387.95
368.09
334.32
297.57
245.94
222.13
190.15
148.12
135.77
127.22
122.83
126.03
186.51
257.26
327.72
320.35
320.2
320.28
342.23
331.29
329.43
318.34
317.38
356.81
450.77
424.66
333
317.68
260.09
240.23
204.29
213.81
178.62
152.73
145.52
139.19
210.54
253.47
327.49
320.5
321.54
325.56
331.43
317.97
304.21
297.73
276.75
331.14
383.07
367.96
335.15
276.46
228.77
246.25
215.15
185.47
159.28
150.13
137.86
137.93
138.3
122.6
165.83
180.78
201.09
215
289.1
295.28
207.12
197.08
204.37
223.86
310.45
281.59
238.66
217.98
194.62
210.24
179.44
135.71
74.11
62.35
55.88
55.13
53.57
29.69
52.38
61.98
121.05
144.57
189.36
175
144.79
120.38
117.85
171.42
231.1
245.6
209.3
186.31
173.43
186.31
162.72
154.39
93.52
73.88
74.7
119.79
200.44
241.36
314.8
319.34
319.71
321.05
330.72
319.19
330.65
319.34
313.91
330.35
364.87
357.58
316.66
306.99
269.04
245.75
215.92
163.71
120.7
82.45
68.54
100.53
172.94
209.25
313.06
291.11
296.25
312.84
319.76
298.78
307.93
292.45
290.89
320.88
339.78
330.63
321.32
290
251.08
228.97
189.54
200.7
181.21
166.84
165.13
163.94
194.3
261.05
331.9
346.19
346.71
357.57
361.82
357.28
344.18
330.63
331.16
362.19
407.66
403.12
372.61
314.04
298.86
277.58
229.06
187.53
173.01
173.01
169.44
155.83
186.86
238.5
316.41
305.7
309.05
305.77
312.62
295.13
311.2
305.47
305.55
347.67
433.62
550.97
372.3
311.65
260.68
210.89
202.04
202.48
187.08
169.22
160.81
173.24
200.25
275.11
342.9
341.86
357.56
352.88
349.82
335.09
331.89
312.62
305.62
305.77
357.19
324.6
269.83
268.64
219.23
194.74
138.41
163.64
89.52
73.82
67.12
52.83
52.39
23.37
45.1
126.58
176.07
186.11
195.64
137.97
144.74
135.88
130.23
201.74
256.66
259.78
268.04
215.43
199.58
210.22
185.67
186.04
135.66
98.75
111.4
124.05
103.21
53.51
77.62
56.33
137.82
145.11
205.31
177.41
136.55
135.73
135.59
175.03
230.02
253.16
252.34
238.43
212.68
226.82
187.6
193.56
172.87
160.59
159.99
164.16
136.03
202.11
283.08
281.74
285.76
289.55
297.66
286.72
289.48
287.77
282.86
311.95
355.49
374.91
351.84
289.85
257.03
252.49
206.88
235.73
205.14
189.88
182.21
183.25
215.41
272.13
371.72
376.63
371.79
368.22
371.79
342.99
357.43
354.15
346.11
370.01
433.27
450.84
371.79
342.91
283.22
279.94
241.54
229.44
223.71
221.03
214.48
214.41
229.89
278.19
362.5
382.6
372.63
371.58
383.34
380.96
371.66
335.56
335.42
394.88
743.32
700.52
482.02
389.59
327.75
283.25
244.25
201.35
211.1
200.83
178.22
164.31
207.6
221.51
328.1
311.14
319.7
314.19
328.55
306.16
320.29
304.67
300.51
337.03
357.34
350.05
316.35
298.2
245.91
223.45
214.52
201.83
175.87
172.59
183.6
191.42
221.62
293.56
383.35
346.08
335
335.22
342.21
334.92
335.14
311.93
300.85
313.35
350.54
320.19
270.72
291.03
260.53
240.29
223.33
214.4
161.21
127.44
133.31
133.02
138.82
59.89
137.41
156.08
164.34
201.01
182.04
201.46
187.7
184.5
171.78
163.67
192.16
187.4
185.61
171.63
144.99
160.84
108.17
126.55
80.05
53.72
56.32
56.32
53.94
48.81
52.45
56.32
89.72
136.97
201.69
179.08
131.39
108.03
101.48
147.98
222.67
237.55
229.29
213.97
173.2
190.46
144.18
110.85
123.05
106.84
107.13
116.95
149.32
225.72
297.74
317.08
298.19
297.82
298.26
298.11
313.89
297.59
290.08
318.42
330.18
320.58
320.06
283.83
263.22
237.85
220.29
144.76
116.55
110.3
127.86
130.99
127.86
203.25
291.15
281.48
285.57
284.15
284.08
280.21
279.17
270.61
269.49
296.66
359.25
357.61
320.33
323.08
253.42
227.89
223.72
195.73
208.6
197.96
191.12
173.18
179.06
216.2
291.51
297.99
291.14
297.76
298.06
297.17
312.42
304.76
298.13
320.24
359.46
360.65
305.95
253.56
223.41
222.75
203.84
200.96
185.4
181.23
171.93
175.2
201.33
254.84
327.48
320.26
312.45
312.75
312.97
304.86
312.82
312.3
297.71
327.63
378.84
357.48
310.22
342.82
312.6
268.16
238.54
208.17
199.46
188.74
178.77
179.22
191.05
217.1
313.11
313.11
292.42
290.7
290.93
266.74
264.58
251.26
239.95
260.79
307
300.3
278.05
256.92
209.58
222.08
209.66
178.84
141.56
136.05
146.39
154.95
160.83
153.69
176.76
208.76
238.38
260.34
257.06
247.39
231.69
209.43
216.13
298.3
312.73
297.63
210.4
205.12
158.9
181
165.37
135.94
89.73
56.47
56.47
64.36
52.61
47.69
52.23
52.38
122.18
137.21
204.99
187.95
124.11
107.22
98.81
171.95
230.66
230.29
229.77
211.46
181.55
205.14
172.18
123.07
112.8
100.23
97.32
111.68
134.3
161.09
230.81
234.75
238.55
244.65
260.5
241.6
244.43
244.28
239.66
261.17
278.73
274.04
261.17
259.31
239.66
229.4
203.5
159.49
153.53
146.91
130.61
114.76
124.06
137.31
160.08
188.81
193.94
201.76
215.3
202.95
196.7
188.44
194.84
202.35
230.78
223.49
209.5
195.73
186.35
188.88
176.6
208.75
184.49
157.77
138.42
129.05
101.51
50.23
127.78
176.08
223.49
230.78
231.01
222.37
195.43
148.55
139.91
147.65
207.04
161.35
126.74
118.55
124.14
169.46
155.32
155.77
108.36
73.23
55.52
54.03
50.09
19.13
41.75
36.39
84.17
126.74
168.34
132.25
100.77
83.95
83.35
102.26
141.63
172.88
155.32
141.48
126.67
173.4
138.13
110.81
75.61
53.96
52.47
52.24
51.2
27.54
52.32
45.4
83.13
111.11
141.55
122.42
109.62
86.26
85.96
112.01
165.66
183.45
173.18
145.79
127.19
175.71
139.91
107.78
55.98
53.37
53.97
52.63
52.18
48.83
66.47
108.45
148.28
173.29
184.38
175.97
160.04
157.81
173.21
180.36
222.64
223.09
208.65
172.99
144.41
156.99
131.16
115.6
53.59
50.1
52.18
47.94
49.05
29.4
48.61
51.88
78.23
118.5
161.23
148.28
129.52
115.9
118.43
171.73
213.11
216.24
196.29
173.07
139.72
176.64
124.09
71.09
56.13
55.46
52.7
55.9
54.26
54.04
134.21
173.14
198.15
194.88
198.67
199.86
198.67
192.12
200.98
216.39
224.06
223.98
214.3
203.51
178.87
193.69
160.11
169.74
143.23
156.63
149.41
144.2
169.22
155.37
171.82
204.65
204.65
210.76
227.51
214.26
211.72
205.47
204.5
215.74
224.9
224.01
215.82
193.78
150.53
186.41
147.33
209.04
179.12
169.96
138.1
153.06
140.48
112.04
97.23
129.83
141.45
161.18
174.13
181.72
188.2
160.95
144.87
196.17
214.03
224.08
186.56
136.76
136.39
186.79
207.03
160.97
122.55
102.67
85.62
62.47
53.38
20.4
18.99
10.8
18.46
30.38
55.09
89.71
69.09
56.29
56.43
127.02
171.91
189.03
178.68
171.31
144.96
171.46
