147.21
137.32
126.76
107.64
73.64
57.35
6.03
4.24
1.34
39.72
65.98
94.25
108.01
107.86
84.36
101.09
138.21
190.43
193.33
192.22
178.9
164.32
195.94
149.59
141.49
120.43
112.03
107.94
98.42
108.38
131.67
166.26
223.54
240.2
272.93
341.52
284.16
269.58
238.41
238.34
277.32
363.98
331.32
267.8
243.1
186.34
213.79
153.46
152.93
135
124.96
95.21
92.16
119.38
135.89
246.27
230.95
253.64
305.11
307.19
313.66
289.04
263.83
253.71
303.99
376.59
364.98
305.33
312.4
208.34
208.49
182.53
223.66
205.13
197.62
197.47
197.17
204.84
216.44
260.49
297.62
283.26
297.69
298.29
300.67
268.08
260.42
257.52
260.94
335.34
293.45
278.94
275.37
232.07
239.88
226.71
253.05
190.63
165.7
132.29
117.04
115.55
95.83
115.48
173.59
215.77
238.47
258.41
230.51
191
166.96
166.74
248.74
335.12
305.95
247.25
238.84
212.43
268.38
231.77
142.08
117.31
101.02
95.07
93.06
89.64
29.46
37.42
87.18
140.67
167.15
201
174.07
135.02
122.67
122.59
157.26
241.76
278.14
238.34
204.42
185.6
312.95
211.04
201.07
160.09
149.37
140.74
137.99
173.4
201.45
366.51
348.44
372.54
335.57
528.09
515.22
520.87
400.44
300.53
336.16
1153.48
818.43
305.89
277.62
242.81
245.93
239.38
254.79
239.99
225.26
209.41
209.56
238.5
314.53
522.97
445.6
509.28
521.26
541.57
483.69
315.12
446.12
438.09
527.58
1637.64
910.77
335.73
637.68
336.02
335.73
254.12
265.1
195.03
149.36
140.96
143.34
182.02
254.98
520.31
372.58
385.45
458.57
701.58
595.06
520.68
424.58
326.62
517.18
911.49
705.67
372.14
315.38
284.81
292.55
244.79
277.28
225.17
223.46
218.11
201.46
230.9
225.1
347.31
520.45
451.39
506.32
521.04
519.7
400.76
329.1
335.42
372.81
895.12
628.24
378.76
335.57
268.14
267.62
252.83
296.97
239.36
209.48
164.21
164.28
227.39
240.03
476.34
521.01
372.72
520.57
534.17
371.23
336.29
275.34
253.26
253.41
409.07
350.94
260.4
301.13
268.28
304.85
265.6
253.19
208.73
171.27
166.73
142.95
137.74
127.71
179.52
196.84
264.04
283.07
346.55
275.41
258.69
258.69
256.01
250.21
409.59
410.25
335.47
219.07
197.73
261.66
239.66
223.35
166.71
145.01
133.27
104.58
89.41
59.83
74.7
105.54
146.72
193.32
242.9
220.9
176.15
153.19
152.81
216.44
385.01
446.62
313.43
230.71
224.17
275.45
231.75
167.08
141.15
127.02
118.03
114.24
136.76
224.91
296.93
327.55
335.66
409.39
437.11
384.49
377.87
335.36
323.47
335.51
476.36
445.51
319.08
264.97
217.78
230.93
213.32
225.24
201.16
165.33
149.05
148.15
200.78
239.89
301.81
283.3
268.95
283.3
308.28
272.82
273.41
238.25
230.3
260.25
372.5
359.12
285.9
273.78
260.03
266.05
207.55
216.16
176.33
150.25
139.32
140.14
169.64
203.67
292.77
295.14
304.06
308.52
340.54
298.19
294.47
279.02
268.39
289.27
493.69
351.91
260.59
231.69
181.38
200.63
163.7
204.77
178.92
163.46
148.01
137.09
149.2
230.41
315.48
274.32
279.67
301.59
304.78
298.1
294.83
264.51
257.01
271.57
379.98
381.91
296.54
272.02
252.7
252.77
230.78
216.83
169.87
140.37
134.27
134.57
169.2
212.67
298.34
308.97
319.15
323.38
335.5
289.95
282.07
252.2
234.36
234.29
310.53
278.13
229.53
229.83
191.49
187.85
163.77
159.54
140.96
126.32
118.3
103.88
88.05
50.97
77.5
111.61
123.87
141.33
155.6
142.22
133.83
122.53
122.09
121.49
172.17
167.56
128.92
112.05
111.76
117.41
98.53
121.66
111.78
88.89
82.05
51.43
37.83
19.47
22.74
82.12
111.93
137.35
166.7
152.43
136.53
117.35
112.08
112.22
192.57
197.69
190.63
156.45
151.47
178.82
141.58
126.42
97.29
87.33
69.49
54.4
104.2
172.2
242.96
254.77
255.37
266.74
269.71
261.02
260.42
250.24
238.27
260.79
292.08
296.84
264.06
248.23
196.06
194.57
165.59
138.2
125.05
128.61
111.3
126.76
141.69
193.33
252.03
248.46
248.38
257.3
268.67
253.51
239.1
236.79
229.74
245.93
281.89
296.83
240.88
237.76
210.42
188.28
136.49
98.53
69.33
56.99
62.27
66.36
96.75
129.44
215.79
230.13
224.26
240.01
245.58
244.77
231.32
219.06
208.8
238.38
276.72
267.51
238.45
198.85
164.74
148.99
120.45
130.47
87
78.39
60.93
87
119.55
195.55
274.61
222.82
229.73
241.62
245.41
252.17
245.63
223.94
210.71
236.05
275.43
264.8
223.57
191.1
162.71
140.72
130.54
126.52
97.25
88.85
89.08
100.29
129.19
187.59
237.73
201.48
210.77
223.92
226.66
219.76
188.11
187.96
179.27
211.29
282.68
281.49
234.24
188.48
162.63
196.35
153.56
126.44
104.75
96.8
83.43
70.21
73.1
65.45
104.31
141.53
165.3
185.88
193.53
185.88
167.08
136.7
126.82
126.89
174.51
190.86
182.09
138.63
133.87
152.6
125.63
124.94
90.92
67
57.42
53.33
48.06
25.25
29.49
78.21
104.36
134
153.31
148.7
130.06
125.23
119.51
130.43
168.09
208.05
192.08
162.37
153.68
163.86
149.52
68.86
56.53
51.7
52.66
59.57
104.14
156.5
234.35
217.26
222.76
235.76
245.86
244.75
246.97
242.44
223.35
200.62
255.29
266.81
243.19
236.5
208.35
170.02
126.42
83.34
27.19
22.06
18.05
29.34
88.84
107.56
185.78
170.18
174.79
171.15
185.04
154.58
153.62
154.51
148.42
174.86
212.22
230.2
186.97
174.79
126.58
122.05
88.54
100.8
71.46
65.89
68.49
88.77
105.63
185.86
232.36
208.66
211.41
215.65
242.69
215.72
215.8
201.01
200.57
195.89
244.47
245.58
213.72
186.01
182.22
144.19
127.03
89.73
72.94
56.31
56.75
73.61
89.58
139.2
230.2
214.38
211.56
204.8
213.78
200.71
186.08
151.02
136.53
139.13
193.5
236.74
200.71
200.93
174.93
161.56
106.89
125.98
89.88
73.02
61.13
62.55
127.54
181.92
209.92
208.36
204.05
197.81
204.94
192.91
179.91
158.81
139.35
140.47
194.4
207.02
177.68
160.23
153.32
144.78
135.79
133.34
104.29
76.58
67.45
64.03
78
60.47
85.42
104.14
133.41
144.18
142.03
130.36
130.66
104.44
104.66
115.73
171.74
163.79
131.55
132.37
109.86
121.97
103.4
72.58
38.11
11.59
9.06
7.73
8.84
7.43
21.17
53.63
103.7
119.3
130.52
122.79
109.42
101.62
93.67
104.07
139.8
153.25
144.56
129.03
123.01
133.79
104.44
74.51
64.55
54.45
59.06
59.5
74.73
142.85
193.21
196.85
193.51
201.01
214.31
201.16
193.29
185.86
177.39
177.46
192.02
225.15
193.88
220.55
176.87
155.62
138.39
90.55
67.97
52.45
50.81
56.53
90.4
153.18
223.6
193.44
193.14
193.44
205.62
194.63
193.59
178.36
177.17
163.8
207.4
225.6
200.42
214.98
161.05
142.85
137.06
110.68
95.83
90.33
90.63
95.97
113.8
139.21
204.35
189.72
192.54
193.66
197.15
196.7
193.73
172.34
138.46
150.42
193.51
201.01
179.39
185.71
141.43
150.13
117.44
123.23
102.28
97.01
103.32
101.31
104.51
142.83
194.61
188.96
184.36
192.6
209.76
185.62
166.97
171.95
148.63
144.17
165.12
201.29
179.01
171.88
130.95
131.69
125.38
109.27
90.77
86.09
80.3
77.33
89.88
127.17
185.11
173.52
173.67
176.79
180.05
172.03
158.88
148.86
134.08
133.7
167.28
193.72
156.29
149.82
134.45
144.33
129.17
117.96
110.08
100.87
97.23
98.27
98.72
90.1
104.66
139.28
143.14
155.1
173.89
155.77
136.01
130.29
124.86
120.48
152.79
181.32
152.5
126.72
119.22
131.85
104.66
89.89
68.87
63.37
60.03
38.56
52.08
20.06
20.73
81.95
104.68
121.32
141.23
125.78
105.94
96.28
89.52
90.19
133.13
234.84
185.14
137.89
131.94
139.97
119.24
104.31
90.41
60.62
55.72
59.66
104.16
125.56
162.33
145.17
153.79
177.26
193.46
185.73
184.1
155.42
140.71
134.02
167.68
208.76
186.03
167.61
141.53
140.79
118.05
89.38
74.67
57.28
51.64
58.62
89.3
120.44
168.88
134.18
132.47
149.34
141.46
141.24
134.33
138.19
118.58
128.91
146.96
159.22
153.65
141.24
144.28
140.72
131.21
89.76
86.86
85.67
82.33
89.46
104.62
156.71
239.93
193.64
188.96
202.7
220.09
201.29
208.35
182.64
168.52
158.64
188.51
239.85
197.35
204.56
177.44
160.5
130.92
138.84
125.4
118.94
117.52
105.27
111.43
141.22
223.46
210.9
210.46
216.77
226.65
201.25
211.28
195.08
194.26
185.5
204.29
249.01
204.51
204.96
180.22
177.4
130.38
104.59
104.22
104.29
103.55
104.22
131.04
119
201.31
168.1
177.09
176.65
193.29
156.52
137.72
117.07
111.87
101.4
134.38
174.94
149.68
153.47
131.93
132.3
131.48
167.06
152.58
136.16
129.18
126.73
126.88
123.68
132.89
140.62
180.14
229.31
271.06
193.36
178.5
139.95
132.08
131.19
180.58
345.72
240.31
166.92
140.69
166.4
140.77
127.05
118.95
105.35
104.16
104.31
97.18
88.04
87.89
104.54
134.4
141.24
160.78
148.67
135.44
126.45
115.75
119.54
149.49
232.33
207.88
166.65
153.42
185
149.04
115.09
103.79
96.96
89.38
96.44
104.61
134.03
199.64
204.76
204.39
211.75
239.76
219.18
205.06
198.45
186.56
177.2
198.6
252.68
204.17
203.2
155.36
163.68
133.59
130.84
103.95
97.11
96.89
97.26
133.89
148.97
185.75
187.54
190.73
200.76
220.53
192.59
195.78
187.02
178.47
153.28
183.89
239.17
192.51
180.18
150.09
161.46
126.68
133.62
102.33
96.83
90.59
96.98
122.99
133.77
200.95
194.11
201.02
204.51
238.47
201.02
202.65
196.63
185.93
171.81
201.02
254.67
202.21
192.99
165.72
156.21
138.45
128.16
128.09
119.25
100.08
108.55
117.24
133.36
200.6
200.83
204.77
216.8
248.53
232.92
244.81
227.43
211.3
187.6
219.48
324.16
297.19
233.37
178.84
178.39
140.35
140.47
134.75
134.68
134.23
133.56
108.29
140.92
209.3
177.04
193.47
211.83
216.66
201.2
190.94
168.42
140.77
130.37
143.45
205.06
180.16
158.09
133.93
152.22
141.89
153.18
140.77
131.7
122.56
114.91
104.5
93.72
121.89
134.38
153.26
153.85
175.56
163.07
146.94
133.26
132.3
130.29
140.62
200.53
175.33
140.62
128.81
144.34
133.71
140.58
129.28
113.74
104.74
104.15
100.95
88.46
91.59
104.67
133.44
143.99
166.59
152.1
140.28
131.8
127.49
129.28
146.89
215.43
223.54
171.72
164.29
189.19
157.82
119.09
104.52
104.37
103.55
104.3
119.17
171.35
204.95
204.88
205.18
222.87
239.52
240.04
231.12
222.35
192.76
177.89
181.83
230.15
207.18
193.21
177.22
178.64
153.51
126.63
122.18
106.42
97.06
96.91
133.4
116.45
182.74
182.15
178.66
201.1
232.91
201.4
201.17
200.73
193.15
170.41
175.83
267.91
202.59
227.78
146.85
133.62
130.8
105.15
96.31
96.16
93.56
93.26
96.53
108.42
163.34
153.6
173.22
179.39
197.67
184.59
186.6
178.35
170.47
141.05
170.33
201.31
200.65
171.59
145.88
135.47
120.46
129.46
107.98
99.66
97.8
98.69
133.4
177.47
200.73
192.93
200.95
211.73
231.27
201.25
200.95
186.24
179.48
173.98
179.77
224.59
206.6
200.73
173.46
155.77
131.91
134.35
133.38
133.9
125.73
123.35
134.2
156.49
222.7
256.89
278.96
306.15
291.59
286.39
256.59
220.25
192.24
177.45
198.33
298.05
260.38
231.77
183.54
185.25
174.85
156.12
125.51
111.76
103.51
85.9
104.4
104.55
123.8
140.22
161.55
171.21
193.05
161.4
143.86
141.86
131.75
130.78
137.1
198.26
168.61
142.15
124.24
142.67
105.96
116.06
100.23
91.76
68.88
60.48
48.82
22.74
21.92
93.32
119.47
130.77
144.96
127.94
126.31
113.46
118.58
118.66
133.52
183.82
176.17
140.58
134.04
164.28
130.47
137.6
111.6
104.39
100.45
99.56
111.67
143.62
203.36
193.92
199.42
220.67
259.6
208.56
204.99
203.95
198.08
173.86
193.33
207.37
247.64
222.01
180.25
171.56
128.98
133.14
131.06
130.99
130.39
130.47
132.4
146.74
201.42
217.32
232.77
237.97
259.82
224.38
215.02
198.45
174.9
178.39
190.2
259.82
259.59
208.63
137.52
153.5
126.68
130.72
119.06
108.43
97.43
107.31
125.67
148.86
202.14
201.99
217.01
220.8
224.59
212.47
211.8
190.47
178.44
160.52
163.27
205.04
222.36
201.62
136.15
152.05
126.93
123.21
115.63
98.91
107.83
98.54
115.41
133.32
186.01
187.79
187.71
195.29
216.85
201.98
192.99
179.02
172.78
148.4
160.14
201.54
221.45
187.42
138.89
143.42
114
122.78
104.58
105.32
104.72
108.14
123.38
137.87
201.79
195.4
198.82
201.27
222.53
195.4
185.89
140.92
133.86
130.89
133.12
188.49
190.49
167.45
138.32
134.38
126.72
153.11
151.77
143.89
140.7
148.43
132.08
126.58
134.38
159.35
177.79
192.8
190.27
178.23
157.94
132.45
131.33
134.16
150.88
219.04
196.74
173.77
153.78
165.52
141.14
130.13
106.42
99.06
93.57
89.25
77.88
66.14
68.15
111.62
135.85
141.72
158.37
145.14
134.14
117.05
111.7
122.7
134.07
185.72
219.09
159.86
148.93
164.17
140.46
126.64
111.92
104.27
104.27
103.6
119.35
149.23
212.32
190.55
192.93
200.58
208.61
200.58
190.62
173.83
152.87
152.5
151.76
201.55
224.51
222.51
177.25
152.57
126.86
122.99
109.17
104.12
104.12
104.71
122.85
138.16
201.25
192.78
201.7
201.77
222.73
201.18
200.66
175.39
163.57
146.78
149.9
201.03
237.96
201.62
165.73
153.54
127.6
129.97
104.48
104.41
104.18
106.04
130.27
149.07
178.94
189.34
184.14
165.12
192.76
150.85
150.85
151.82
145.28
134.35
137.4
193.95
203.39
159.17
152.41
131.45
109.53
122.78
116.61
104.57
104.42
111.19
130.14
154.22
204.61
197.4
201.71
184.62
202.01
181.64
169.16
158.6
155.18
151.1
151.17
202.08
245.49
202.01
151.32
135.64
130.73
104.14
99.53
86.9
71.29
74.85
104.44
137.74
171.04
171.04
161.3
175.05
193.19
155.95
154.91
143.24
134.17
118.49
122.13
154.46
170.97
153.87
146.73
131.35
124.06
115.44
115.81
114.03
109.86
104.74
104.44
103.92
104.14
125.4
145.17
162.05
172.75
163.98
146.51
122.95
117.45
111.13
133.43
164.13
164.2
146.21
140.71
122.65
115.89
113.12
97.29
69.27
61.99
57.75
51.65
37.83
44
89.71
114.16
134.3
144.11
131.85
114.01
104.35
98.03
98.4
106.73
155.78
167.38
141.14
137.87
142.18
122.71
104.42
98.18
89.93
86.73
90.45
115.27
140.47
175.77
184.92
190.04
193.46
197.4
193.61
189.82
173.84
160.02
148.42
149.61
193.46
215.54
196.36
156.52
141.51
118.47
92.7
64.3
50.7
52.78
75.01
104.45
141.69
175.89
175.74
178.27
191.58
204.44
192.77
187.26
166.08
161.84
153.51
153.22
177.75
203.17
162.44
131.43
127.72
97.46
115.29
71.88
47.8
44.82
88.75
112.69
134.84
180.55
192.97
193.86
190.14
216.83
198.91
190.29
177.73
167.99
154.09
157.73
189.62
208.13
160.78
131.2
118.93
104.36
104.3
83.34
63.04
55.09
62.89
72.19
116.05
175.67
177.82
176.49
177.67
189.79
178.72
189.64
175.3
163.77
151.73
148.98
172.03
188.75
155.37
124.6
118.95
95.23
100.95
81.62
82.37
64.53
63.19
115.82
127.57
158.49
185.85
187.33
187.04
210.23
177.52
163.4
154.48
147.64
131.88
141.39
152.99
209.86
157.6
142.21
145.56
127.12
119.61
103.7
89.28
62.15
60.29
59.03
72.33
97.83
120.43
133.66
144.89
149.42
133.29
108.31
108.31
104.52
104.07
93.52
131.43
166.52
131.28
113.74
126.67
119.17
104.44
75.01
51.74
44.16
37.69
44.53
22.6
30.4
54.94
97.75
112.17
119.09
104.74
92.77
89.43
70.84
67.35
71.74
115.67
155.59
131.06
115.82
120.2
97.68
104.22
82.22
71.44
64.97
73.07
104.67
127.12
173.8
203.16
208.29
210.6
229.85
209.93
190.38
177.81
167.11
152.61
159.9
204.06
238.18
210.82
163.76
136.93
108.01
167.4
147.11
143.62
133.65
133.8
138.04
157.74
187.32
203.53
213.71
214.83
254.52
213.94
219.07
211.48
173.35
157.59
165.54
179.22
223.75
213.86
181.6
179.15
141.98
121.09
132.09
125.77
119.9
115.66
119.3
137.44
182.41
208.06
212.14
217.5
307.88
248.34
220.69
208.58
177.5
165.61
165.24
177.95
255.93
208.13
160.41
154.46
135.14
129.71
119.6
115.73
109.94
115.51
119.9
132.24
180.63
211.4
239.35
239.57
292.87
219.65
210.21
182.86
162.94
149.48
143.09
155.8
203.97
147.62
127.48
141.01
124.58
143.24
133.5
115.88
110.23
104.81
104.44
59.17
100.13
91.65
105.18
115.51
153.72
148.29
115.81
115.59
97.15
89.72
104.44
137.66
143.31
151.79
156.91
154.46
149.33
105.11
99.46
92.99
75.74
50.84
47.05
43.26
103.62
122.95
141.08
142.64
149.04
140.56
140.78
140.64
104.44
102.88
97.82
125.55
149.33
122.72
130.82
122.8
104.36
70.61
53.37
35
23.64
23.64
1.71
0.67
13.53
30.99
56.71
114.84
138.03
114.61
78.04
61.02
35.16
38.65
44.37
66.3
97.96
115.8
137.58
123.09
101.61
69.87
45.71
37.83
37.54
37.24
29.66
24.68
19.25
15.46
37.76
97.15
109.49
104.28
37.83
36.12
31.37
27.8
36.42
37.76
57.83
114.39
137.58
129.48
104.65
74.92
52.18
46.01
46.01
74.7
115.8
150.37
197.42
188.35
198.23
221.94
240.01
207.97
196.6
185
168.13
154.23
148.88
146.95
149.18
182.18
165.16
150.81
130.97
119.75
104.96
85.86
82.07
88.76
102.14
129.79
163.54
182.2
182.57
186.51
194.91
176.62
171.64
147.26
139.23
137.52
129.94
116.85
145.85
186.06
150.45
146.96
109.42
108.09
96.64
89.66
99.54
114.64
125.34
148.68
182.96
184.59
186.08
193.07
223.25
185.41
182.73
184.29
161.1
148.24
145.64
149.28
143.7
190.39
155.23
145.19
129.58
122.88
112.17
111.58
108.45
115.59
125.11
150.45
191.78
177.88
177.88
190.45
211.26
168.29
140.2
140.42
114.33
114.48
114.4
115.07
132.69
166.06
152.91
139.75
124.21
148.52
137.74
137.74
134.7
134.62
136.85
132.54
111.58
129.42
144.95
179.37
205.02
170.75
144.28
140.27
139.9
130.9
129.79
137.97
131.35
153.35
151.2
156.03
142.13
140.81
111.67
97.25
97.25
89.14
74.27
36.36
49.89
78.58
111.89
126.84
157.62
137.47
105.2
109.66
105.35
104.98
105.35
112.12
125.2
160.74
162.37
184.53
146.84
129.07
118.43
108.4
108.25
114.94
138.73
179.18
264.23
230.48
271.07
279.54
371.74
328.76
253.6
274.64
219.84
188.92
186.09
182.67
191
282.74
221.78
196.35
153.45
151.74
138.73
133.75
129.96
130.33
164.01
179.69
194.41
222.96
246.16
279.24
308.46
250.55
219.99
190.99
194.34
182.97
181.48
176.05
147.21
186.61
171.29
149.36
133.75
146.02
141.34
141.93
139.11
133.98
152.04
208.69
219.92
219.85
222.23
238.14
312.19
237.17
224.98
208.25
238.06
189.96
178.96
175.54
162.08
194.05
188.03
170.55
144.24
155.72
141.96
138.47
136.68
137.35
175.65
202.42
246.97
294.11
303.48
336.13
372.42
293.82
249.64
225.4
202.12
206.66
194.46
187.03
194.76
222.72
206.81
194.76
161.82
175.8
144.72
145.02
141.59
144.87
190.45
213.43
246.97
244.22
271.29
317.32
361.27
244.15
218.86
202.35
188.59
183.61
175.58
166.28
173.65
203.62
198.63
186.59
156.02
138.99
125.01
74.89
62.02
60.68
70.65
108.2
64.33
131.26
162.94
200.72
207.34
177.89
148.36
173.8
159.52
138.77
138.84
138.47
178.33
156.91
156.1
144.79
78.75
125.22
110.42
107.82
110.05
104.1
103.81
60.45
24.91
85.37
119.35
129.76
140.76
126.71
119.35
125.89
119.65
122.92
124.92
133.1
143.22
148.5
141.14
131.39
109.46
129.46
122.99
114.96
111.99
123.14
134.29
194.6
236.76
235.72
258.55
320.27
412.85
346.96
258.4
227.24
192.74
193.41
186.79
184.64
194.3
214.23
190.44
158.46
140.69
159
137
127.78
126.37
128.3
152.09
185.24
238.61
301.57
299.49
371.07
520.48
371.14
361.04
281.42
243.14
194.53
194.53
186.06
186.06
194.38
175.2
168.88
145.47
175.02
151.31
144.99
143.72
145.14
190.19
250.42
289.75
240.16
267.3
328.71
410.42
326.55
252.28
237.7
238.45
214.21
200.6
200.01
201.49
229.82
219.49
201.57
164.69
172.11
130.1
122.22
116.65
122.89
161.55
194.41
251.43
251.43
251.58
279.83
409.71
255.67
267.19
254.03
222.66
200.43
199.46
197.38
196.12
200.65
185.93
185.27
148.09
177.98
144.23
133.08
129.95
133.74
172.4
194.56
264
252.77
239.54
264.22
293.73
237.53
222.59
198.57
193.29
182.29
172.03
167.5
176.79
177.98
162.89
156.79
145.94
148.46
130.33
146.23
141.03
140.88
144.45
144.67
153.15
176.94
215.45
298.12
300.94
223.63
186.9
166.31
138.13
138.8
131.66
145.86
154.41
181.1
157.83
164.23
145.42
129.46
114.75
108.58
103.6
101.22
89.26
60.57
37.75
79.15
115.86
135.86
145
134.52
126.34
111.85
103.97
91.41
104.27
114.53
129.76
160.16
161.27
164.84
131.32
119.88
110.29
101.37
104.64
111.7
123.3
180.3
193.82
204.01
213.59
259.74
332.58
260.56
238.34
213.89
200.59
193.45
163.8
167.89
163.87
183.2
173.46
161.05
137.04
141.2
128.41
125.22
124.85
125
141.27
193.44
207.56
232.9
263.96
260.02
364.88
259.13
249.92
232.6
219.82
228.81
224.43
196.78
178.95
197.3
177.24
167.5
131.83
133.64
88.75
85.33
79.46
88.82
141.82
172.44
222.91
288.17
278.58
320.05
464.92
279.92
306.08
264.31
221.2
232.94
216.07
206.18
221.64
193.47
193.7
155.94
133.27
129.94
131.73
126.6
125.78
126.52
130.91
191.2
212.76
210.38
215.06
228.52
264.42
227.33
219.23
200.19
185.4
189.19
185.4
184.51
178.12
205.1
194.55
153.96
126.75
92.92
68.17
42.3
33.53
44.75
100.58
157.45
193.73
195.88
201.24
222.12
232.31
213.95
193.8
170.38
167.56
167.56
162.95
149.42
155.81
164.29
129.65
139.53
121.92
115.97
101.03
61.85
44.31
37.47
46.54
45.64
88.91
120.43
150.69
147.79
171.95
142.51
115.15
124.74
115.23
109.8
117.9
112.4
127.12
127.86
129.94
129.35
113.59
89.87
59.91
37.17
29.66
31.96
39.1
14.64
28.17
71.14
112.02
125.4
137.82
125.4
101.62
90.76
77.53
76.42
97.53
101.24
115
129.94
133.58
130.83
97.82
98.27
70.02
67.35
67.05
70.92
111.95
177.07
193.64
190.59
193.64
213.34
279.65
214.75
201.45
193.42
183.16
171.71
169.48
164.13
158.71
170.15
167.25
154.47
128.23
118.2
84.9
74.19
56.28
88.91
119.39
142.51
193.95
193.43
193.8
197.45
209.49
198.26
193.73
193.43
179.16
151.65
143.25
137.9
142.29
171.28
154.11
148.16
120.13
111.92
88.44
86.51
76.7
68.75
67.04
60.42
37.68
40.21
48.75
92.01
110.59
92.16
84.65
73.72
50.61
77.29
91.41
110.74
115.71
119.28
135.93
142.92
126.71
114.97
90.15
75.28
76.18
81.16
114.52
174.2
212.85
245.92
215.15
236.78
299.2
264.13
264.2
238.04
201.33
192.63
187.28
187.58
185.2
183.05
183.79
178.21
142.54
129.79
108.6
99.98
96.86
108.3
125.33
156.03
213.86
218.1
231.03
239.73
353.31
220.7
199.96
184.5
179.81
164.28
152.46
150.97
144.73
169.11
152.09
144.58
131.2
105.11
85.71
85.48
66.53
67.72
88.98
72.7
114.47
142.5
181.67
208.88
233.41
212.15
181.52
143.32
134.25
129.94
132.61
137.07
137.29
143.46
137.44
134.92
108.38
85.35
67.06
34.72
30.11
23.27
29.74
4.01
7.73
78.96
111.45
126.54
148.25
139.1
126.02
100.52
97.69
94.35
103.79
119.48
137.99
143.27
146.91
148.17
133.82
82.9
41.78
42.08
29.66
74.42
87.58
155.24
182.37
196.28
201.78
239.77
371.14
234.27
214.71
196.35
184.53
166.76
160.74
149.44
151
159.25
162.23
143.49
118.73
120.43
113.66
93.37
93.89
99.09
120.06
141.76
178.63
193.35
190.97
236.47
314.23
220.93
182.05
178.86
189.71
178.78
164.81
163.25
145.33
159.01
158.79
130.02
110.61
112.03
93.6
108.02
104.6
108.09
108.09
141.33
202.29
179.17
178.57
180.65
210.76
179.24
172.85
162.96
164.74
147.35
134.86
129.73
125.57
148.17
138.35
134.49
119.39
98.43
90.1
60.44
59.18
34.42
11.82
11.45
55.76
84.75
105.12
129.58
130.03
145.56
104.3
93.37
66.09
57.39
59.85
73.08
93.6
141.77
159.17
150.17
96.72
77.19
67.07
56.74
50.34
58.3
74.88
98.23
141.28
148.72
183.97
187.61
199.95
190.96
178.02
160.02
142.03
130.65
130.13
130.28
134.81
140.24
142.85
138.9
113.7
97.26
74.66
74.66
55.18
44.54
48.63
29.67
101.8
129.98
159.58
171.77
188.87
171.1
145.23
134.59
114.29
111.24
108.05
114.59
115.93
111.84
122.92
122.84
98.16
90.13
72.58
59.57
52.06
49.97
45.44
39.79
51.91
74.59
97.2
118.54
144.27
129.77
116.01
97.35
97.35
96.82
99.87
103.96
111.85
123.45
129.4
132.22
117.35
86.12
63.88
55.4
58.01
74.37
104.26
148.43
215.96
220.05
219.68
264.52
359.86
287.8
264
198.71
192.91
178.78
164.35
158.62
158.55
164.42
178.4
150.52
118.76
121.42
96.73
64.61
60.45
98.07
115.84
144.17
187.44
182.75
186.1
224.09
276.44
199.19
193.46
178.96
174.28
150.34
149.07
148.48
140.6
153.91
148.78
129.82
119.56
93.01
89.67
92.57
84.69
83.42
85.65
141.27
185.06
172.2
172.35
190.78
253.31
219.71
191.75
178.74
170.12
148.93
142.38
127.88
121.04
124.46
124.98
118.52
107.66
92.36
78.23
64.62
63.51
76.74
104.18
129.54
195.35
218.04
230.75
254.62
324.6
252.32
219.82
201.3
187.1
159.29
152.82
148.65
129.47
148.36
147.98
130.06
118.98
112.37
104.19
89.54
87.83
97.5
88.8
122.86
160.34
170.01
164.95
190.98
230.55
168.38
148.67
142.05
129.78
120.85
121.89
118.92
118.55
140.41
140.04
133.57
115.57
112.6
89.02
77.35
66.26
60.02
81.88
73.4
107.91
115.42
123.16
140.78
146.14
133.57
127.25
115.57
107.84
108.28
115.28
115.8
115.94
118.62
122.94
122.49
104.05
70.73
44.78
38.23
22.54
19.19
14.43
14.5
23.65
39.05
88.44
101.67
114.99
103.24
90.37
73.49
44.7
45.07
64.41
72
73.41
84.94
89.92
89.48
64.86
68.95
51.02
28.71
26.18
27
23.06
26.33
37.49
41.73
60.02
115.73
120.64
118.41
91.48
71.48
66.79
60.84
68.2
72.52
84.87
104.72
117.81
123.91
97.51
73.63
52.36
31.83
35.11
45.3
67.39
123.39
181.78
190.71
191
253.33
335.89
231.24
210.71
199.48
179.1
159.32
152.7
151.21
148.68
143.55
134.62
129.94
118.71
105.41
77.89
82.13
77.52
88.97
100.58
119.47
151.46
185.01
178.76
201.67
220.05
215.36
197.14
184.86
166.12
138.29
137.7
128.32
123.27
126.99
130.11
119.47
110.32
95.58
100.93
79.21
67.46
76.76
99.67
129.72
202.31
207.74
247.09
262.34
329.06
272.83
288.89
233.4
204.84
164.23
158.73
156.5
147.94
145.86
140.8
130.02
106.07
97.57
75.11
75.41
64.11
64.7
65.37
97.94
147.32
207.49
217.38
244.45
305.8
226.38
183.02
183.84
146.43
140.78
129.7
126.05
120.7
105.6
96.38
75.41
72.58
74.89
82.99
63.88
59.12
60.24
44.25
44.03
34.13
109.69
131.26
141.6
146.21
131.93
110.81
107.46
114.01
104.26
105.45
100.69
101.07
100.62
100.4
108.13
97.27
65.51
49.75
29.45
26.25
21.79
16.58
14.8
28.63
70.94
85.22
108.12
125
108.05
101.87
85.22
66.11
71.61
85.29
101.28
102.02
103.29
118.98
117.93
89.38
74.95
51.01
48.41
50.79
51.23
78.08
127.53
179.13
200.62
214.68
252.97
332.84
264.2
264.13
198.99
185.9
182.48
159.73
151.25
148.87
142.18
140.91
126.86
110.28
107.68
74.59
67.89
65.44
68.27
88.05
126.86
210.97
227.33
250.08
347.57
558.76
296.49
257.07
253.43
202.34
185.54
165.31
169.18
165.31
163.75
190.82
148.35
115.41
102.7
110.06
99.8
98.01
108.65
98.76
118.24
160.78
222.5
242.13
264.74
439.05
276.56
257.08
252.84
179.74
163.68
145.98
143.3
130.14
129.1
115.56
126.35
108.35
122.51
105.49
89.06
83.19
74.64
76.5
62.59
108.83
131.66
140.95
151.13
165.48
158.94
130.32
130.99
130.76
124.89
123.78
125.71
128.39
115.6
128.76
122.74
111.66
81.9
67.04
58.05
38.35
47.94
66.97
106.28
147.01
147.16
188.71
185.81
199.04
186.03
176.07
163.06
131.55
115.94
120.85
117.5
112
125.09
112.15
99.3
88.96
114.83
88.44
68.6
59.53
49.8
58.27
76.11
131.11
143.07
159.27
175.33
174.29
160.61
145.45
138.76
131.55
115.5
108.29
120.33
123.23
115.35
115.87
116.69
102.05
50.9
45.63
29.5
18.28
14.71
11
14.57
43.4
68.89
97.05
111.84
130.87
125.89
101.73
89.84
77.43
77.36
79.37
96.9
97.13
97.2
114.74
119.5
86.72
89.92
67.62
66.51
63.76
73.79
97.5
137.03
217.14
184.82
186.38
238.47
299.7
238.17
221.9
190.69
173.67
157.54
151.45
145.5
129.97
148.7
149.59
145.58
123.14
115.36
111.65
107.86
89.79
97.82
115.59
151.12
245.6
286.41
299.04
624.77
1117.00
624.47
624.47
289.6
234.3
188.43
171.78
171.78
154.98
158.55
137.14
129.93
98.05
107.86
69.95
60.73
67.2
74.93
88.9
129.56
179.22
179.51
193.12
191.18
239.5
210.36
182.78
199.06
156.25
146.29
133.73
130.01
129.41
133.73
129.64
110.46
108.23
97.91
85.72
73.68
51.74
58.96
89.22
126.61
177.39
190.92
215.01
287.94
491.5
447.12
446.82
271.44
239.47
164.68
163.71
159.32
135.9
129.66
120.22
115.38
89.22
97.62
42.45
29.67
25.8
29.44
75.09
126.55
204.99
239.86
240.15
288.11
447.15
264.09
190.86
173.46
151.23
130.93
126.62
126.47
127.59
133.83
130.93
113.39
97.77
93.01
89.3
77.55
73.9
49.22
26.54
49.44
86.1
117.85
133.16
146.62
173.68
149.15
127.29
116.43
109.15
95.02
89.82
93.16
96.66
104.54
104.17
116.43
104.69
41.79
22.9
7.21
2.6
1.41
0.3
0.52
7.73
50.94
70.42
112.06
124.55
115.11
101.73
76.89
61.65
60.83
65.36
93.4
104.7
104.18
119.5
124.55
90.05
96.89
61.72
37.55
29.37
37.33
73.32
135.26
226.73
248.81
264.13
319.08
594.66
323.84
266.96
235.5
199.44
190.51
172.15
172
160.25
159.06
158.84
133.33
114.66
124.41
110.43
110.43
109.61
112.36
124.63
157.79
264.2
240.48
268
264.95
417.09
266.51
287.85
241.75
240.26
212.97
224.2
223.53
201.07
159.06
158.76
145.6
129.09
114.59
108.12
103.66
95.18
97.12
104.48
130.95
221.82
267.41
286.3
258.86
634.24
291.8
287.78
239.82
198.4
192.08
177.5
177.06
157.72
159.88
159.06
152
122.4
115.71
104.26
100.24
99.95
89.01
108.57
134.52
223.46
237.07
238.41
253.58
585.62
257.97
223.61
208.67
182.86
169.25
177.28
177.28
161.15
146.94
139.88
139.8
126.27
126.13
115.42
112.75
103.15
112.75
123.01
136.47
220.21
238.43
264.46
288.26
609.47
239.62
220.73
216.72
190.69
172.39
164.21
154.25
152.24
154.25
159.6
152.24
137.81
119.59
120.63
118.55
97.35
119.07
119.14
119.74
125.24
133.5
151.2
174.1
190.17
146.51
128.36
134.39
132.01
123.23
127.84
128.14
126.36
120.93
126.28
131.79
117.21
89.89
74.2
61.34
51.67
45.06
41.04
45.13
61.86
81.93
104.31
126.02
145.65
133.9
115.09
102.08
94.94
96.65
103.49
125.65
125.8
125.95
127.36
142.68
105.06
92.79
74.8
59.48
52.04
63.27
91.67
135.46
199.11
240.3
293.53
349.37
1338.51
690.48
405.35
275.98
201.63
183.72
179.7
172.49
158.81
151.3
140.3
136.43
124.53
126.72
108.06
95.13
93.65
95.95
108.21
135.93
209.22
207.51
226.83
266.22
891.34
266.37
252.69
201.19
186.25
190.34
186.4
173.76
155.11
156.97
144.93
129.39
120.18
108.14
97.14
93.42
91.26
82.42
89.56
126.42
222.37
321.29
312.14
1040.55
2081.93
1561.61
744.02
446.96
283.31
223.41
217.09
209.81
189.14
178.15
149.61
144.78
115.49
120.11
114.76
112.16
109.04
112.98
114.69
130.74
237.4
275.6
396.31
647.76
2082.20
712.8
406.42
447.08
333.73
268.17
266.24
237.85
195.03
177.79
190.5
149.4
135.57
114.76
110.89
96.92
82.13
82.05
96.99
133.34
294.7
238.51
287.86
287.94
1226.66
297.82
237.84
219.41
182.69
164.63
158.31
147.98
154.97
165.74
144.34
148.58
137.58
129.47
112.97
97.14
96.77
61.39
61.17
92.91
130.74
149.84
171.02
201.27
223.42
165.37
143.15
127.02
119.22
116.54
116.17
122.71
115.5
122.86
122.86
122.56
112.23
101.79
84.93
68.36
55.73
58.85
50
37.89
75.56
96.81
115.54
125.05
133.22
129.51
124.9
115.02
108.11
111.01
114.42
116.58
118.21
118.21
125.05
133.67
111.75
103.58
81.51
66.2
58.92
60.26
98.08
140.21
233.38
206.85
230.04
266.74
1226.04
300.99
238.13
245.94
227.06
222.38
186.5
180.63
178.84
172.68
158.41
159.08
118.58
85.95
74.06
73.69
68.56
69.08
85.65
117.96
177.31
252.41
252.19
266.68
1300.18
490.56
262.07
266.01
223.15
214.6
193.28
178.95
164.17
158.59
162.16
155.55
127.92
112.42
74.23
73.26
67.54
73.71
89.46
135.68
218.53
201.14
214.66
239.78
743.11
436.54
270.54
230.94
195.05
184.87
185.91
159.9
149.35
144.3
135.75
134.04
108.26
111.87
104.59
80.45
70.34
73.76
112.54
120.04
277.07
200.41
211.78
219.8
629.23
208.14
188.15
198.48
184.37
169.21
157.85
152.2
149.75
151.9
148.78
146.78
120.34
111.07
89
79.72
65.75
67.98
103.79
138.55
195.98
186.25
188.85
192.64
260.47
192.79
175.25
170.5
162.85
144.5
140.11
131.5
122.06
118.35
114.71
118.42
119.98
97.25
88.41
37.44
22.29
22.58
18.8
7.73
33.88
109.65
121.02
142.64
160.77
147.4
108.17
102.52
101.93
108.39
88.78
93.83
95.02
93.16
93.01
111.81
92.94
89.58
70.42
52.51
30.01
23.99
16.27
23.92
58.75
97.08
111.64
129.24
138.08
133.03
121.3
108.37
107.85
108.3
108.22
115.21
115.13
114.98
130.14
137.27
115.21
113.27
103.32
87.28
87.95
90.1
116.1
279.73
927.51
692.94
898.91
432.15
1560.58
661.22
534.95
593.18
365.37
273.05
257.3
223.58
190.45
239.25
215.03
186.07
155.84
122.42
118.78
113.43
114.1
118.18
118.33
126.58
229.76
203.16
239.27
294.53
901.13
337.1
210.52
203.16
177.91
155.92
154.43
149.83
153.32
177.68
160.75
208.07
152.35
118.48
111.87
109.57
108.08
107.86
118.41
145.97
186.9
550.96
743.72
1040.41
2080.44
1337.54
744.24
490.34
301.22
222.92
172.11
163.13
158.45
165.06
162.75
158.97
144.48
125.46
120.93
115.21
111.64
111.86
120.11
132.89
212.22
230.41
244.45
330.02
1300.48
374.66
229.45
226.55
196.84
185.92
175.67
175.08
147.59
150.86
154.43
155.84
134.07
111.64
99.68
44.86
32.09
33.13
89.88
141.65
210.43
237.17
246.16
692.79
1346.81
321.55
226.25
192.75
154.94
158.21
154.72
154.5
146.4
148.56
146.1
145.81
126.12
97.9
113.13
96.93
86.76
85.79
88.99
114.02
134.15
138.01
185.03
233.75
232.34
178.27
174.85
150.26
133.63
126.42
133.77
144.54
139.79
118.92
122.78
123
113.72
82.16
56.31
55.12
47.99
34.02
25.26
44.79
58.46
90.48
107.78
126.36
145.89
125.76
104.66
92.41
86.84
88.69
96.05
104.07
104.74
104.44
108.08
114.84
101.47
90.11
79.71
56.53
53.71
59.43
97.76
146.71
182.59
219.13
223.29
260.66
594.04
366.96
282.2
223.52
187.86
163.57
160.45
150.27
133.86
131.41
142.77
141.14
126.43
121.96
122.19
115.58
113.13
113.79
115.65
143.88
253.14
218.3
353.34
604.33
3713.97
527.75
320.21
233.31
198.4
190.3
169.8
162.3
158.29
163.26
154.05
149.37
141.5
112.24
97.6
93.37
85.57
74.35
96.79
122.41
174.19
237.62
242.38
282.56
642.82
249.8
215.11
186.29
178.72
163.34
162.75
158.66
136.97
140.76
142.62
143.95
127.09
113.57
92.4
85.87
84.68
85.64
102.21
127.17
215.04
177.82
179.24
190.08
222.47
188
195.13
178.12
185.77
162.67
157.84
145.14
141.06
154.5
147.07
149.08
142.47
119.3
107.71
106.45
97.9
97.9
118.48
154.43
214.82
215.34
210.89
214.97
371.19
221.58
207.47
185.85
177.61
162.9
151.68
147.08
141.36
133.19
133.56
141.8
131.4
141.43
108.38
100.87
86.54
59.8
59.87
97.09
119.22
153.39
170.85
187.04
223.96
194.32
154.73
126.95
129.32
123.75
122.64
127.32
126.06
124.05
123.61
129.84
120.78
90.19
63.59
48.06
42.57
15.38
14.93
23.18
53.41
95.54
115.59
119.46
133.13
128.15
123.32
112.77
103.04
96.95
103.48
118.27
119.31
118.34
119.38
129.71
115.15
108.39
83.35
75.03
67.9
68.05
104.23
145.98
185.35
182.68
185.87
198.2
285.2
237.06
214.77
186.39
186.02
166.56
153.56
140.55
134.76
142.34
142.93
140.55
125.62
107.79
94.79
77.19
63.37
63.37
90.19
131.56
209.49
196.19
215.36
273.23
690.58
334.89
214.77
240.84
196.57
188.54
166.33
149.76
142.41
135.13
133.5
131.12
122.8
113.97
88.86
75.56
77.42
74.08
97.55
138.49
171.03
207.74
216.73
215.17
438.28
200.53
254.25
215.32
197.93
179.58
179.28
149.04
144.14
135.37
129.87
127.05
112.26
60.05
59.46
39.02
23.56
37.16
59.75
102.19
152.14
170.72
162.84
192.27
238.8
190.86
179.34
163.36
162.84
155.85
146.41
143.59
131.48
127.09
118.77
112.97
76.11
107.91
44.81
22.81
37.6
37.23
81.08
116.38
170.18
182.29
193.66
198.79
275.86
191.81
170.7
170.4
162.01
149.6
152.72
122.03
123.07
116.45
118.38
116.6
116.67
75.58
68.3
67.11
58.63
52.02
30.62
73.72
116.01
118.24
122.25
130.2
148.48
122.03
122.1
122.62
118.61
116.53
116.53
113.48
108.43
96.09
101.22
106.79
100.4
60.2
59.68
18.43
11.97
3.86
2.68
7.95
22.67
69.27
89.78
105.54
112.08
101.75
97.36
96.62
96.1
89.93
96.69
102.49
103.68
96.54
101.9
106.28
80.57
90.52
75.44
61.02
60.35
63.69
97.51
128.06
182.24
200.67
240.28
248.76
369.38
240.58
253.14
237.98
209.59
178.52
156.6
149.83
144.41
138.61
138.31
140.1
127.98
108.37
58.72
38.65
32.41
40.66
63.85
118.78
152.82
185.46
188.5
189.84
235.26
193.63
199.21
188.95
179.06
158.55
153.05
138.11
131.94
122.57
125.69
122.65
122.5
87.28
85.5
72.11
63.19
64.6
95.09
122.07
155.38
193.22
212.03
219.31
271.88
239.76
214.56
200.28
193.74
170.25
154.64
144.23
135.9
126.16
124.3
122.44
116.42
100.73
87.35
74.56
74.11
78.95
90.54
113.36
168.6
187.11
208.37
238.4
271.85
210.82
192.24
197.89
185.17
155.36
152.09
138.49
133.36
123.03
122.66
118.42
111.8
112.55
104.37
97.68
91.21
90.77
119.17
142.81
208.89
238.48
215.58
252.9
372.07
215.29
208.82
185.77
170.31
146.89
140.58
129.05
134.33
144.29
135.3
141.32
120.65
93.59
88.84
75.01
57.24
63.19
68.76
80.58
88.31
119.69
166.22
166.45
180.35
158.94
122.96
142.88
136.93
117.75
118.42
119.09
118.5
117.6
122.36
130.39
118.5
60.65
44.08
29.06
19.62
16.2
4.76
19.7
43.7
74.7
96.78
118.18
129.41
122.57
105.62
101.68
90.68
91.05
97.15
112.09
114.32
114.61
118.26
125.84
97
95.29
74.33
67.04
50.84
59.09
81.76
115.58
155.2
185.08
185.75
216
258.59
219.86
215.4
193.77
193.77
156.01
155.35
149.77
144.34
149.4
137.88
129.7
118.48
121.95
115.49
112.22
101.44
112.29
122.1
126.48
263.52
218.04
251.56
238.4
369.79
235.8
245.39
235.65
230.53
208.6
201.17
178.43
159.78
178.21
170.48
146.92
122.17
111.88
94.72
80.16
73.18
80.16
89.45
114.93
178.37
234.46
287.65
327.62
475.61
358.38
324.35
314.92
232.31
196.72
178.52
170.42
170.13
138.55
126.81
130.75
119.76
109.06
109.88
95.61
81.65
90.34
107.13
97.4
155.19
181.42
187.44
206.6
252.22
220.79
207.72
187.06
186.77
190.33
185.58
162.25
144.79
130.9
122.13
121.61
112.33
91.83
78.46
53.42
52.75
53.27
93.91
108.32
177.79
170.88
175.48
185.89
215.98
188.78
170.66
170.21
162.26
144.8
135.89
137
135.66
122.74
122.74
122.88
115.01
121.18
106.39
96.58
89.97
88.11
90.34
98.44
110.85
123.18
150.82
177.79
186.11
182.62
160.85
119.69
117.39
111.59
110.4
114.79
111.37
110.48
110.63
114.49
107.06
77.27
63.52
37.45
29.94
19.84
17.31
19.99
49.26
93.17
110.78
118.95
126.38
119.4
118.36
106.32
101.34
97.11
103.87
116.13
118.65
115.83
118.5
126.97
114.49
80.84
74.45
50.22
32.76
30.02
78.31
115.09
186.93
202.53
226.75
230.32
315.17
238.05
230.92
208.18
197.48
185.22
164.12
154.17
144.43
126.08
126.01
124.89
110.11
126.34
115.42
106.51
96.33
98.56
118.91
141.42
182.57
203.88
212.72
237.01
353.33
241.39
207.97
200.62
190.66
178.11
177.74
174.1
142.61
142.83
135.77
133.03
115.13
107.92
90.47
65.88
50.51
75.02
99.16
110.52
165.86
185.17
207.68
230.85
328.52
251.57
227.06
209.76
185.76
163.78
154.79
135.78
135.33
134.66
125.45
114.9
103.32
106.96
76.95
52.07
49.91
52.59
94.18
111.12
152.86
185.32
215.55
230.78
317.68
230.55
230.92
202.7
194.68
177.82
159.54
154.94
141.5
133.55
126.71
114.68
108.22
111.04
89.73
50.36
50.06
59.2
97.6
126.57
173.14
188.22
220.75
239.84
349.84
230.33
182.28
170.24
155.16
146.55
135.85
135.63
134.14
144.17
135.85
138.16
125.83
119.07
108.37
86.98
82.97
74.05
74.05
83.41
113.2
121.44
151.15
173.88
199.36
155.31
142.69
148.55
140.38
139.34
128.94
121.07
118.4
115.43
121.37
127.16
110.38
88.32
72.64
51.4
47.84
45.16
36.47
36.92
65.81
108.45
118.92
131.69
137.93
126.5
121.82
114.54
112.01
114.61
118.99
120.85
119.36
118.92
126.64
132.36
107.85
96.04
74.13
59.35
50.51
52.29
90.4
145.51
170.62
191.64
204.93
227.74
369.76
240.51
234.27
230.41
191.41
184.66
164.53
156.36
146.92
145.44
147.96
138.68
121.44
104.28
31.64
22.28
22.65
29.19
108.37
139.79
191.93
276.24
284.63
293.84
646.58
285.37
266.51
258.93
230.33
200.7
185.25
170.69
163.71
185.99
185.32
135.48
119.51
114.61
80.81
74.13
43.45
80.22
112.31
144.4
198.1
218.3
225.43
259.3
606.93
274.75
230.86
218.97
201.89
188.59
170.62
170.25
169.58
193.94
193.27
156.95
134.29
125.38
114.53
108.15
104.36
102.72
118.54
149.89
195.87
259.07
340.41
360.16
372.05
326.81
449.67
282.32
211.61
207.01
200.32
186.28
185.1
282.69
282.32
198.09
140.23
119.71
104.64
100.03
92.01
96.84
119.05
135.53
200.51
208.24
208.38
237.94
326.54
234.38
188.11
178.31
177.71
168.88
164.35
157.59
156.77
136.2
135.61
135.01
122.02
100.85
74.34
33.64
23.39
21.54
21.69
90.23
115.26
126.62
131.08
136.65
169.02
141.32
133.45
127.44
122.83
116.07
114.74
116.52
117.04
122.02
123.06
114.96
100.92
59.86
22.73
3.94
0.59
0.37
0.22
0.52
40.7
74.34
96.32
110.88
133.98
118.9
114.82
101.67
92.54
92.31
96.03
114.59
115.11
122.61
134.27
125.14
80.88
80.21
54.07
47.31
46.56
52.95
101.3
118.9
188.34
184.85
196.66
219.08
262.68
201.63
192.5
187.89
170.14
155.36
152.54
150.09
148.53
138.43
138.43
122.76
85.48
112.07
97.66
85.85
74.64
80.8
108.36
148.91
209.36
230.75
230.08
269.74
350.62
230.68
202.75
192.87
181.96
181.59
178.54
162.05
161.9
192.28
172.08
162.87
119.05
114.52
107.84
96.99
96.99
96.18
107.84
127.15
230.31
241.97
266.1
309.7
485.42
281.92
294.4
270.41
238.92
224.51
248.8
238.03
247.83
208.62
208.17
159.53
138.51
119.12
112.29
105.53
98.7
109.91
119.19
220.94
266.53
249.97
278.86
316.74
594.63
287.77
258.66
266.24
230.52
219.23
205.27
192.2
188.85
227.77
212.54
148.16
147.41
120.22
111.97
98.01
96.16
108.56
124.97
168.85
252.83
252.68
301.99
335.55
743.42
305.77
240.28
219.57
219.42
192.02
191.72
192.61
192.76
207.91
217.26
178.43
164.99
121.33
118.8
115.91
110.34
110.41
110.27
116.21
146.06
186.6
229.96
289.66
372.45
239.17
186.6
177.61
168.63
152
150.51
156.67
149.1
169.45
170.56
148.88
132.69
112.79
80.79
71.88
56.88
50.71
52.5
62.07
84.87
115.02
141.38
170.63
184.74
159.49
140.04
126.01
126.01
122.22
126.9
141.97
156.67
185.41
185.78
177.83
133.36
112.42
89.55
80.71
79.15
85.91
113.75
141
222.9
210.8
247.85
258.47
490.21
260.33
220.9
221.27
219.41
208.28
208.35
185.04
178.87
202.93
200.55
167.81
135.88
127.34
121.48
112.49
110.49
112.34
127.49
208.65
252.91
274.22
322.33
331.24
1123.08
490.44
603.01
558.46
292.71
247.78
237.54
219.34
219.05
279.34
237.09
219.49
178.8
132.84
116.43
112.49
110.93
112.86
134.32
190.76
252.76
253.2
266.35
370
1039.69
301.24
265.83
252.76
251.79
227.07
228.55
236.79
219.94
267.16
243.7
198.7
164.02
139.95
120.5
118.27
114.41
114.34
148.94
208.41
271.67
446.29
705.26
593.52
2123.29
595.6
450.08
412.07
383.93
261.64
252.81
243.97
249.17
275.3
259.79
209.23
170.69
149.99
131.35
125.04
122.44
122.96
134.99
207.98
266.34
253.13
290.03
381.06
668.86
320.03
249.12
237.09
218.38
233.6
215.55
209.32
215.7
251.19
247.48
251.34
186.15
150.88
134.02
115.91
109.45
98.38
111.68
108.04
136.85
150.51
206.2
216.22
225.06
202.63
164.54
160.01
137.81
137.59
135.73
135.58
135.73
136.25
135.44
143.83
133.88
115.1
103.44
80.34
73.59
56.81
50.94
46.93
85.47
112.72
126.83
141.68
177.69
171.9
155.42
149.33
126.9
127.87
133.96
165.74
185.19
204.35
222.84
192.92
141.61
126.9
115.77
114.65
110.86
109.01
125.72
180.29
270.22
252.99
253.96
416.58
1485.49
446.13
370.91
297.1
272.74
241.63
231.98
223.07
188.16
267.4
247.42
208.29
156.61
144.66
122.53
96.91
88.37
89.93
130.11
185.58
252.49
288.58
414.82
431.75
1492.79
470.52
459.68
350.07
274.84
240.83
229.62
222.93
208.38
264.22
244.84
172.88
135.67
127.96
111.32
105.6
88.08
87.85
111.02
163.53
201.85
214.03
212.1
237.34
259.77
223.31
222.42
214.03
204.89
208.16
196.28
185.51
188.41
208.23
178.6
160.93
132.19
114.67
96.85
74.79
74.42
74.86
119.57
185.45
252.51
253.11
325
285.64
668.94
289.13
287.79
277.39
252.59
233.72
222.51
222.14
215.23
243.97
211.3
177.06
127.97
130.77
118.66
114.65
108.12
97.8
127.05
208.74
265.99
297.47
363.41
314.26
593.39
283.14
252.85
207.7
193.44
178.96
188.84
187.94
196.93
252.7
197.45
189.58
159.65
143.32
119.93
119.63
115.92
114.88
114.88
108.34
183.93
245.2
252.7
252.99
260.42
252.85
258.34
224.85
222.55
191.81
216.83
237.03
228.27
256.41
243.93
186.68
141.01
114.88
90.52
73.44
65.72
65.42
65.57
65.94
91.78
103.89
149.71
169.61
202.43
181.79
164.48
154.53
147.4
137.9
137.38
175.4
181.27
200.2
203.62
185.13
126.54
127.21
111.54
98.91
96.54
98.62
127.8
192.78
237.93
238
266.14
306.1
630.98
335.5
287.68
253.07
240.23
223.59
222.33
207.33
197.97
233.54
191.81
172.8
133.74
126.62
88
87.7
80.5
91.12
122.91
149.79
245.22
260.07
293.12
293.41
594.03
315.25
288.14
259.55
237.34
237.49
237.57
232.81
213.21
253.01
208.23
137.39
151.72
119.04
90.07
92.9
88.59
92.97
126.98
201.02
244.61
268.22
272.97
412.5
757.65
371.07
303.79
273.94
259.16
233.17
237.33
238.07
238.52
261.24
223.07
193.22
158.69
122.9
105.74
94.16
89.63
94.16
141.68
184.97
248.91
257.89
300.07
321.16
534.2
323.17
281.51
260.35
244.68
231.38
230.2
214.83
200.42
239.78
199.01
168.79
139.6
135.83
115.4
97.21
90.6
114.66
139.61
185.29
252.94
300.91
319.26
330.92
573.68
296.46
249
221.97
214.55
207.79
214.4
201.92
205.11
219.15
186.18
165.53
160.26
141.03
125.28
103.75
95.8
73.59
89.93
96.1
104.34
137.76
163.16
162.86
193.38
157.14
128.47
142.51
129.89
128.92
124.17
127.29
128.03
142.21
131
137.61
126.25
80.65
66.69
51.17
48.35
31.56
32.45
49.98
66.25
80.5
109.02
135.61
163.01
157.15
123.21
119.2
117.71
114.96
119.49
134.64
157.89
177.57
152.91
142.37
119.64
80.43
69.22
69.88
61.34
69.22
104.34
185.52
266.99
249.31
259.26
261.49
374.3
259.86
254.29
255.25
245.52
233.27
234.01
234.83
242.78
259.63
219.75
185.15
133.31
126.49
120.25
111.11
114.97
115.72
129.75
201.87
288.85
298.5
373.82
324.5
501.71
370.7
303.26
261.96
244.95
230.69
235.89
237.08
248.44
282.16
214.13
202.77
141.64
122.95
111.36
114.41
104.15
111.28
141.67
211.95
288.02
267.44
272.86
307.26
459.48
392.54
301.46
260.53
247.61
240.62
245.3
245.75
248.27
305.1
243.07
185.35
154.45
163.51
127.85
118.79
119.31
123.02
155.04
273.76
404.51
535.19
535.56
458.67
669.13
419.22
306.89
290.33
269.82
245.31
244.93
248.8
265.14
490.69
289.29
223.54
172.5
153.73
123.19
120.37
118.73
128.25
159.01
253.07
328.71
327
352.34
401.9
444.99
299.21
281.98
270.09
263.1
256.49
256.49
253.3
257.01
275.07
244.53
198.24
195.49
156.33
129.73
118.59
108.48
122.82
131.89
140.36
141.1
252.7
257.01
277.3
293.05
260.28
239.4
163.54
163.61
141.62
141.17
163.84
193.63
188.21
164.06
177.66
142.73
115.01
84.85
69.54
61.96
58.4
58.62
62.19
63.6
127.64
166.43
193.17
252.91
226.83
179.06
151.57
139.68
129.43
142.35
163.68
283.29
280.4
194.06
182.62
126.38
103.94
88.93
74
74.15
92.28
127.42
200.08
291.1
296.97
324.68
350.24
412.57
320.81
309.6
291.69
287.6
259.97
261.9
271.93
282.92
328.76
252.83
189.09
156.62
114.67
96.48
96.33
103.24
88.98
114.08
204.39
312.53
300.5
283.56
282.89
354.49
281.56
270.34
282.23
269.9
260.24
260.39
269.75
282.45
326.57
226.08
170.52
135.54
118.98
112.22
107.99
96.78
107.84
134.21
208.18
319.3
352.49
296.49
273.77
342.32
289.74
353.39
382.87
284.76
267.08
270.42
270.5
273.1
282.9
214.35
192.22
170.53
152.79
131.47
122.7
122.93
118.69
127.23
190.67
317.9
284.63
304.53
288.34
408.22
304.23
297.18
277.72
275.34
260.11
257.96
267.25
282.47
324.96
239.24
193.79
187.7
152.26
124.56
114.83
114.68
123.22
153.38
282.76
417.87
522.97
589.22
519.85
587.14
317.3
278.46
275.34
259.29
253.13
259.37
267.02
282.47
291.75
214.8
198.24
163.18
141.42
111.12
98.71
77.99
103.47
114.53
125.38
137.48
117.73
149.59
156.87
166.6
156.05
123.59
133.18
131.24
114.61
130.43
147.36
177.59
163.78
147.44
135.92
123.59
84.75
68.78
55.56
49.91
41.52
52.81
55.41
68.26
79.99
114.46
119.06
157.39
134.29
113.27
110.52
108.66
107.18
110.59
141.64
184.05
186.06
141.49
148.7
108.66
90.47
78.06
68.93
71.6
79.03
115.27
208.56
289.37
270.88
282.39
282.98
369.81
288.18
278.45
282.39
253.05
226.61
224.68
250.9
267.09
284.1
214.87
176.33
134.36
121.22
113.42
81.92
50.28
105.99
124.63
201.51
288.33
297.32
304.37
307.49
370.78
302.96
317.45
297.1
288.78
260.92
260.92
268.87
297.76
295.68
211.76
178.78
144.31
142.83
117.43
113.05
114.75
122.78
144.09
243.47
294.05
297.25
297.47
308.32
371.38
298.73
290.34
297.32
278.16
255.43
239.76
255.36
349.54
288.86
269.69
185.69
159.54
137.59
115.52
111.66
110.4
111.81
114.63
122.06
140.48
149.1
163.44
208.46
234.61
191.52
147.47
138.18
130.75
122.95
135.73
190.78
267.6
240.26
160.77
144.87
124.81
81.34
68.05
51.41
49.99
57.94
105.26
156.37
234.67
267.8
269.51
267.43
296.77
269.95
260.29
258.07
244.77
222.93
214.83
240.61
296.99
251.31
184.52
158.9
130.22
125.99
110.02
101.03
75.03
76.07
77.92
95.75
132.23
134.16
164.1
163.58
167.44
155.33
143.07
133.86
126.28
113.58
123.31
141.29
163.43
167.36
144.41
132.82
110.31
81.25
65.95
52.29
46.72
48.95
49.69
52.36
50.21
67.96
88.38
112.52
148.03
125.3
106.14
101.23
95.22
79.62
95.74
119.88
185.98
157.38
127.97
125.89
93.21
74.94
28.15
29.41
41.3
51.47
104.58
169.19
235.82
219.63
208.19
238.04
256.32
244.58
240.2
243.24
207.44
192.37
183.45
185.98
251.04
260.62
177.88
142.46
120.99
121.96
103.32
66.85
60.46
101.68
122.7
172.69
270.14
270.29
257.29
246.67
238.42
222.9
230.25
230.92
204.11
185.17
196.9
235.45
297.77
249.19
229.51
158.87
129.76
134.88
117.87
114.09
115.79
122.26
137.71
270.29
270.29
260.04
267.61
266.13
270.21
255.58
238.94
233.07
232.85
210.42
196.16
219.71
251.72
241.25
172.17
141.49
127.46
126.58
105.71
86.99
84.54
82.75
127.84
154.66
230.88
256.51
248.85
242.99
262.67
239.49
227.09
220.11
209.48
191.21
190.47
226.72
296.4
239.27
193.07
140.1
120.04
114.63
56.46
56.24
58.1
67.38
113.3
152.67
212.7
189.74
191.01
208.32
208.91
191.3
163.82
134.92
123.85
125.18
123.4
140.64
170.58
177.78
139.37
134.32
115.08
120.06
86.25
73.85
89.6
94.87
103.42
93.09
114.86
121.32
155.87
167.98
197.47
183.73
142.64
121.91
119.61
116.57
123.47
180.16
222.21
185.29
139
127.26
118.94
104.23
68.64
57.8
55.35
54.97
50.29
48.36
55.64
63.52
103.34
134.09
168.49
145.76
117.68
104.6
92.12
87.74
107.72
139.22
178.74
152.22
137.59
149.03
111.21
84.47
56.01
45.61
45.99
57.65
110.91
163.96
238.25
237.43
234.16
235.8
257.93
240.4
224.88
223.17
208.9
185.35
185.58
219.75
262.1
222.94
193.01
149.84
134.09
114.41
86.4
71.1
85.51
92.64
121.39
221.69
288.1
256.6
259.72
258.16
297.02
270.2
269.9
246.58
240.63
236.99
240.78
245.61
274.21
269.68
192.94
190.56
138.03
130.45
114.4
93.16
89
92.64
126.51
166.48
257.26
240.17
244.56
252.65
266.55
241.96
219.52
219.6
200.13
178.89
185.35
238.24
260.38
222.49
193.22
158.38
133.57
133.24
115.7
111.24
112.43
113.7
127.07
169.13
244.04
246.71
238.69
247.6
246.64
233.56
238.17
227.32
224.49
209.63
225.31
248.2
275.62
222.49
178.42
156.42
130.04
114.94
77.86
56.02
56.32
81.95
122.07
152.46
246.22
255.14
249.49
248.08
266.36
243.7
191.24
198.67
181.73
181.58
193.62
246.15
256.33
163.01
149.49
135.15
119.47
137.6
133.29
101.05
96.88
89.08
80.91
96.96
126.31
134.41
156.62
184.26
217.25
181.73
152.83
144.29
134.48
134.18
146.29
225.27
219.7
158.7
137.97
137.75
111.45
97.25
54.75
52
37.74
29.57
44.72
43.16
46.36
45.17
97.1
126.89
170.13
141.15
114.41
106.61
96.8
84.84
113.29
210.39
247.98
240.26
160.84
178.89
137.22
102.37
63.52
55.79
55.94
56.39
99.03
148.28
247.46
245.23
247.46
258.01
282.16
263.96
254.52
240.63
225.84
198.88
200.73
244.12
247.98
213.74
166.34
170.2
126.67
107.68
70.15
55.81
55.74
56.33
107.01
139.04
260.47
272.07
266.72
255.42
260.4
232.46
225.17
225.62
201.25
193.44
208.53
282.25
289.98
212.39
144.69
131.24
103.52
74.69
45.04
33.82
33.67
44.15
84.87
114.9
174.2
143.06
154.81
208.39
220.13
211.44
211.59
193.45
176.28
160.01
162.98
189.44
210.1
195.46
138.23
123
100.11
97.64
91.18
44.21
40.5
43.17
108.34
136.5
246.48
270.11
268.03
259.33
249.9
231.02
208.36
208.81
194.24
169.05
179.75
233.85
273.82
208.14
144.68
135.91
115.1
109.61
92.45
68.67
67.33
71.12
122.62
158.59
255.35
255.64
254.9
254.01
273.63
224.43
189.43
172.63
148.85
144.77
145.66
214.4
224.06
156.21
126.34
127.23
116.23
112.96
78.18
67.33
63.32
52.54
54.32
45.03
82.12
105.9
135.48
142.54
163.42
137.04
104.71
97.06
93.41
81.75
115.11
165.35
185.64
139.79
120.17
133.32
94.6
54.03
44.66
33.89
25.04
7.65
10.4
1.86
14.57
60.42
78.03
114.45
165.06
126.41
72.98
67.33
45.11
74.69
170.63
229.49
166.17
130.35
115.12
109.47
73.57
62.13
41.47
36.86
19.84
29.06
78.92
114.89
207.49
205.41
210.02
225.7
253.19
226.96
217.6
207.79
204.52
190.77
259.44
315.03
228.74
199.91
154.13
143.5
114.97
118.84
99.74
63.62
67.04
97.21
126.79
143.96
246.89
253.36
225.94
239.46
287.92
243.62
239.83
225.27
225.71
255.44
298.03
367.07
270.23
231.73
184.24
193.68
143.51
167.9
152.73
134.52
132.44
128.95
157.27
255.3
336.46
301.31
304.87
288.45
297.51
275
276.18
274.18
266.52
226.54
277.37
371.76
296.92
260.43
208.4
209.74
158.53
153.91
134.52
132.29
128.27
115.64
128.27
140.17
196.95
225.41
252.91
260.79
291.78
267.77
229.13
237.3
225.63
231.21
320.24
335.18
277.28
253.8
199.4
211.14
143.51
123
116.31
96.17
80.19
59.75
76.62
99.59
134.89
114.75
137.64
158.01
163.8
154.59
127.09
100.04
93.27
122.7
211.22
223.04
175.1
210.33
155.33
160.09
130.8
93.64
53.29
45.26
41.55
81.98
74.02
86.44
100.78
128.06
173.91
195.76
212.56
188.18
152.51
135.26
128.2
126.72
223.56
237.68
216.05
152.51
120.25
129.1
120.03
53.81
32.93
6.17
29.51
14.72
4.31
2.08
2.16
45.11
48.98
106.5
134.97
110.37
64.66
45.34
30.92
45.19
125.46
152.21
163.66
119.73
75.44
97.21
48.83
45.78
48.53
37.46
36.64
48.38
53.29
127.09
203.87
219.62
225.79
221.71
245.34
219.92
208.4
208.25
199.33
190.49
255.67
250.54
208.18
167.23
149.76
135.42
96.1
104.43
65.63
53.22
59.61
71.43
113.35
152.29
210.49
274.63
260.74
289.95
314.77
303.32
297.38
273.07
257.54
255.46
350.52
288.46
226.17
214.28
189.46
170.43
127.32
134.22
114.67
90.96
82.86
84.87
126.86
173.16
246.21
256.47
252.75
240.71
255.13
247.77
234.62
222.58
222.8
225.4
256.84
308.79
276.31
224.44
155.77
151.53
126.49
138.04
119.77
109.59
115.83
127.2
144.21
211
297.86
270.44
267.99
263.98
283.15
283.52
296.59
283.59
282.92
274.9
337.68
297.93
266.95
248.45
223.34
212.71
157.06
126.52
108.02
92.79
85.21
79.64
126.44
149.85
233.35
225.7
225.25
239.37
246.8
206.61
197.47
184.76
165.23
181.87
225.33
260.54
210.91
155.2
138.7
140.11
123.25
102.75
76.37
63.67
59.51
59.06
59.58
52.6
81.65
128.6
134.1
150
199.4
149.48
134.1
116.49
116.49
130.16
213.89
210.69
146.8
128.23
93.31
114.41
70.13
75.32
52.52
48.43
33.58
34.17
23.33
3.79
9.29
41.08
75.03
114.55
139.8
121.01
81.42
56.08
53.56
84.54
131.56
148.05
134.23
114.92
96.35
114.62
75.25
56.08
51.4
14.56
17.46
51.63
55.34
115.07
150.13
196.63
199.23
208.22
230.21
209.48
207.7
205.92
193.96
204.8
266.9
252.86
208.44
147.31
135.72
123.24
103.85
89.65
52.59
48.73
48.95
44.79
104.28
138.01
211.02
207.83
219.71
218.89
225.06
222.24
223.05
208.2
207.75
213.69
270.44
269.92
240.51
211.24
149.67
137.78
102.21
126.47
104.12
85.7
87.63
97.51
130.7
170.95
223.16
240.16
255.31
267.05
301.06
281.97
267.34
252.34
248.18
281.97
369.75
367.89
283.01
226.05
168.65
177.71
140.88
116.22
75.45
77.38
66.76
85.7
114.37
143.41
222.65
223.98
224.73
234.97
238.02
207.64
230.3
207.35
197.17
215.29
340.13
345.18
251.68
155.88
126.47
129.74
118.3
105.97
74.71
70.48
73.89
104.12
121.49
137.68
190.41
199.02
207.49
211.58
219.15
198.28
171.18
162.56
158.7
174.52
207.71
190.19
172.59
163.6
135.01
135.53
122.98
81.02
52.65
59.48
56.22
55.99
55.99
48.49
56.44
114.51
143.77
151.13
185.29
153.72
126.99
126.99
124.46
126.4
157.44
163.97
133.97
122.53
83.77
94.83
48.94
48.27
16.71
15.3
16.63
16.71
15.6
5.64
7.8
27.4
49.01
74.49
111.91
74.71
60.52
48.94
48.27
51.54
126.84
134.19
123.2
98.62
63.2
85.7
48.64
51.32
24.14
16.78
16.78
18.57
49.76
113.4
180.61
189.52
196.43
206.08
206.38
190.78
196.43
183.95
177.86
188.11
232
239.72
172.44
161.67
117.34
121.94
88.52
70.34
37.43
44.86
45.23
56.23
81.03
122.77
193.34
190.74
208.19
193.63
221.86
193.34
190.81
186.28
172.84
171.2
266.05
238.27
172.84
149.51
115.5
104.28
81.48
85.25
48.87
52.28
52.21
63.87
81.32
114.51
157.59
190.78
177.79
190.78
218.41
190.63
199.25
144.37
152.61
174
237.57
226.65
199.32
141.77
113.7
104.19
81.32
77.45
63.34
48.42
48.42
45.89
77.83
107.83
205.85
185.43
177.86
185.36
208.6
193.3
203.1
185.58
163.89
190.41
266.45
245.14
193.6
139.68
110.8
126.62
107.83
66.92
51.99
52.06
45.67
52.51
89.72
114.97
181.73
180.77
206.54
205.13
214.26
176.46
158.64
155.81
152.84
163.76
223.03
193.77
152.92
141.26
116.9
139.1
120.17
139.03
133.83
94.84
95.21
107.91
65.88
52.43
123.06
127.3
134.35
137.69
177.57
139.33
132.79
130.49
133.16
148.24
209.21
208.99
149.87
137.99
127
133.61
116.23
59.63
48.64
46.19
39.95
40.4
34.16
16.56
17.08
49.39
67.88
107.68
118.9
108.35
76.05
58.82
52.58
73.6
122.83
133.97
131.82
124.84
114.96
122.02
92.91
48.72
26.88
46.12
37.5
47.08
55.62
105.01
161.75
155.21
155.73
172
196.21
176.16
167.69
154.69
152.24
154.47
245.3
232.23
177.86
154.99
123.65
122.61
85.26
92.38
55.92
53.25
53.32
56.14
107.53
134.86
207.94
224.57
224.87
224.57
260.89
213.51
213.73
207.71
204.82
213.36
297.57
267.05
185.36
170.88
165.24
132.86
112.14
41.59
36.17
16.93
17.08
38.77
69.81
107.46
190.41
162.41
182.24
185.95
235.34
190.48
190.48
181.2
180.46
199.84
300.91
264.97
185.66
185.14
131.82
122.53
88.45
83.02
55.85
52.5
52.5
53.1
89.78
126.39
213.13
219.3
223.08
239.49
270.61
236.6
224.94
223.38
225.83
233.11
332.25
323.93
230.95
223.23
176.67
132.04
104.12
97.5
56.29
52.06
26.07
52.73
94.39
123.12
199.09
209.79
200.06
193.45
228.5
185.58
175.18
163.15
149.49
185.43
259.76
208.52
156.47
144.36
127.73
136.79
110.35
130.18
108.35
114.36
103
88.3
107.83
52.43
110.95
133.37
155.87
170.73
186.69
170.35
154.46
137.46
131.96
137.98
193.23
204.44
137.98
114.44
105.38
127.06
63.05
74.63
48.72
47.82
44.71
52.06
40.99
16.34
16.78
44.78
63.64
99.14
133.37
111.02
76.64
56.44
54.73
84.81
129.51
134.04
129.66
118.07
101.29
115.33
78.05
63.79
52.5
52.28
49.98
52.35
84.81
110.2
201.1
226.57
222.86
222.86
264.37
239.27
219.59
222.86
215.43
226.72
309.97
296.67
226.79
186.02
128.03
122.98
97.65
115.55
78.42
60.38
66.84
104.71
115.78
135.68
266.98
259.55
259.62
259.4
283.54
258.88
249
259.18
259.55
259.62
314.95
303.88
225.46
209.42
219.3
231.92
164.05
122.68
107.98
104.12
102.56
104.12
122.91
161.97
258.66
259.85
260.51
265.04
286.06
259.4
266.75
259.92
260.51
305.15
402.73
387.28
256.65
216.77
169.25
141.62
110.73
135.38
104.12
99.59
85.7
114.81
123.13
126.47
259.48
259.78
248.93
259.55
267.87
239.87
239.8
232.59
219.67
261.11
369.61
270.77
238.98
209.42
141.47
143.55
126.69
135.53
114.51
98.47
108.79
106.04
126.47
177.56
259.25
246.18
246.25
219.81
248.25
213.28
192.78
166.94
162.11
200.43
224.94
217.29
164.86
162.33
144.59
187.06
140.06
115.1
104.41
17.75
16.78
48.34
30.6
16.93
61.12
102.7
126.47
136.64
155.5
128.69
122.31
122.68
122.68
152.38
200.65
193.45
137.83
127.51
123.5
126.54
98.25
92.98
52.88
41.37
48.87
52.21
44.71
8.76
14.18
37.73
63.05
105.68
128.93
107.54
77.83
62.83
70.11
86
129.45
139.92
136.73
125.66
112.29
130.04
104.2
100.85
83.85
73.9
75.83
91.27
121.95
150.17
246.42
233.12
240.85
240.63
270.11
232.38
215.75
215.3
218.72
272.04
337.32
293.8
264.09
226.14
184.63
180.17
136.35
223.26
190.51
167.93
156.27
156.05
192.52
219.48
299.02
334.67
317.96
320.79
360.6
308.38
308.31
289.07
272.66
315.59
431.67
409.62
301.4
252.9
219.25
239.31
219.33
200.51
171.4
151.5
131.74
127.51
170.96
201.11
315.03
315.25
314.36
315.55
318.96
314.95
323.72
313.17
302.18
330.7
538.34
537.97
461.18
314.95
268.02
253.98
219.6
190.72
169.03
155.96
135.17
129.52
152.25
185.15
274.49
311.4
299
298.33
329.15
290.68
295.88
293.28
278.13
461.94
794.29
587.38
445.75
312.37
259.71
264.32
224.36
262.05
238.14
178.14
156.23
152
196.41
214.08
371.13
349.52
335.12
379.67
408.19
348.41
305.04
289.6
280.61
296.13
520.53
362.81
270.51
270.74
259.45
266.5
246.6
149.25
126.9
121.93
114.87
114.58
122
118.22
155.64
121.85
148.73
177.92
191.43
160.99
144.87
133.74
132.03
176.88
227.15
222.17
151.85
215.94
154.97
209.55
152.22
125.35
97.28
55.77
50.5
48.49
48.05
17.08
43.96
43.52
76.93
124.98
142.8
128.84
103.74
85.77
78.79
103.74
156.02
186.24
156.61
140.2
133.97
179.56
122.38
115.18
93.12
92.23
73.96
85.99
117.92
163.97
287.83
297.71
297.63
303.57
319.32
290.58
324.96
290.95
290.51
335.14
538.39
503.56
294.29
273.65
230.65
233.62
168.05
163.55
132.65
106.66
104.8
111.34
144.31
199.94
294.12
328.51
357.25
355.92
370.99
319.15
319.82
306.82
304.07
413.03
630.58
519.99
315.07
271.02
224.82
219.85
160.73
152.52
122.59
114.65
103.14
110.71
138.26
149.92
257.51
286.62
284.83
284.98
289.66
260.18
279.56
261.07
260.11
301.32
425.4
310.01
251.42
224.76
189.94
171.82
152.29
152.81
130.53
122.96
126.97
123.03
145.46
164.98
259.65
285.57
260.25
259.73
285.42
286.16
294.25
295.37
287.79
304.94
527.1
322.02
267.6
234.7
213.25
208.49
148.28
134.54
127.04
127.04
126.67
126.15
133.87
173
261.44
256.46
256.24
253.05
253.57
251.79
228.4
219.19
206.71
239.16
257.87
224.31
214.14
200.7
171.74
216.37
151.18
211.24
174.19
185.03
166.47
144.57
170.18
107.44
129.72
210.5
242.13
233.74
341.78
239.39
219.71
186.67
222.46
211.69
356.78
378.9
233.89
211.62
178.2
225.5
115.46
95.88
66.02
96.1
45.3
48.64
40.77
17.08
27.26
34.09
93.43
130.04
157.44
144.45
120.24
103.38
93.2
111.92
165.02
192.05
177.87
165.02
137.61
178.46
108.43
79.24
56.07
50.06
48.35
48.5
56.29
50.65
114.82
126.77
135.24
140.81
147.05
139.25
144.6
135.68
129.74
148.83
164.72
159.3
138.95
127.22
104.2
114.44
74.04
68.99
26.59
3.34
0
0.15
0.74
0
0
16.49
44.93
45.23
59.78
44.93
33.57
16.64
16.71
44.63
45.15
48.35
8.69
16.86
16.56
33.64
26.07
35.8
0.67
0
0
0
0
0
0
0
26.14
49.83
81.92
55.92
30.15
16.71
8.84
23.1
56
62.53
52.73
72.56
71.59
85.11
49.39
43.45
16.49
3.12
0
3.34
0
0
0
0
23.17
23.54
59.64
25.4
22.73
2.9
0
4.23
64.91
71.52
71
88.45
79.91
108.73
73.67
64.46
51.02
39.51
39.58
37.65
48.42
26.07
71.59
74.49
99.44
101.08
115.41
106.05
108.65
96.84
87.34
115.26
178.46
177.72
152.84
123.95
92.69
116.01
84.96
114.45
101.15
115.04
103.83
122.39
55.63
15.22
63.72
96.55
131.53
141.33
169.48
169.85
161.16
140.29
140.14
171.63
178.61
186.34
163.54
140.22
126.77
146.23
114.89
71.09
60.09
59.57
51.77
48.58
48.36
7.5
1.56
36.69
63.14
97.31
127.17
114.62
85.87
73.46
73.91
86.24
131.55
144.18
141.51
108
92.33
118.92
83.94
60.02
52.52
45.24
53.11
55.86
66.26
58.83
81.19
114.47
125.01
134.82
142.69
141.13
130.51
120.34
123.16
148.41
188.15
187.19
173.37
135.27
99.91
120.26
73.84
86.05
55.76
38.98
44.84
44.62
37.72
1.63
15.29
15.37
15.52
59.99
99.71
65.56
62.36
41.58
41.35
80.11
141.14
106.02
62.88
66.74
66.37
103.49
107.8
112.08
85.12
71.15
48.65
32.38
15.52
0.45
1.04
0
1.19
8.54
14.26
52.21
37.8
23.77
23.54
45.23
83.56
101.08
78.51
113.12
85.93
110
77.24
