177.7
149.13
111.57
99.74
102.13
99.89
51.55
51.69
25.51
72.15
91.41
115.07
115.51
108.37
118.71
123.7
137.38
176.06
175.76
170.85
159.84
138.2
159.47
105.62
84.42
52.88
51.32
43.44
49.69
50.73
8.85
36.22
35.63
76.17
105.99
149.51
133.37
103.39
90.45
83.53
124.07
180.82
194.21
177.7
156.94
138.2
166.84
126.97
116.32
100.85
95.49
85.01
90.36
97.35
170.01
246.09
230.62
246.02
257.99
277.48
268.11
267.96
254.05
246.02
249.44
291.01
284.84
246.02
268.03
268.11
270.71
224.75
175.69
177.03
152.05
111.53
115.54
180.9
186.55
252.79
255.84
261.86
262.09
260.97
256.14
260.45
252.79
244.09
247.96
268.41
260.82
252.27
261.57
242.9
240.45
203.05
166.5
165.9
178.62
195.88
212.33
198.71
229.21
281.89
260.61
277.87
288.88
286.65
285.46
290.44
275.64
270.13
281.96
301.16
298.18
278.09
271.62
246.4
234.2
190.08
167.47
166.14
135.33
103.79
103.49
103.86
102.75
213.97
214.35
254.75
256.23
256.08
254.97
256.16
253.33
250.95
245
285.32
289.04
261.74
270.52
239.42
249.46
181.98
184.51
124.77
100.07
94.56
93.07
124.99
186
233.61
245.44
255.71
249.61
246.63
243.14
242.99
238.45
238.52
241.57
261.07
271.56
237.7
238.3
230.86
228.11
201.7
159.44
120.45
114.8
51.56
18.67
23.06
16.14
122.46
174.91
195.22
216.43
225.73
212.41
183.69
170.82
164.87
183.32
261.21
285.17
268.51
249.31
190.02
240.76
182.2
110.56
85.71
56.32
52.08
51.93
51.48
8.85
14.21
34.52
84.37
140.09
169.48
170.82
148.13
120.01
120.3
164.72
205.19
227.14
218.66
185.92
175.06
194.63
166.73
156.99
122.39
111.53
106.84
104.16
122.32
201.19
297.98
266.14
273.88
283.1
289.43
282.14
290.69
270.98
263.24
267.93
306.39
305.28
273.73
278.56
249.4
241.81
192.78
150.28
139.42
156.75
166.5
171.34
171.71
217.98
305.33
275.94
275.72
279.66
275.79
275.34
279.14
270.81
257.34
262.84
301.68
294.31
275.64
283.01
238.29
224.98
169.33
164.36
164.21
149.93
139.51
147.47
197.92
208.63
275.74
279.32
278.42
282.14
265.48
253.05
253.72
249.33
238.84
256.62
298.14
290.48
268.83
267.86
239.44
221.88
190.48
166.44
165.85
156.32
132.89
112.57
163.69
209.67
271.87
271.72
270.61
270.38
271.72
268
268.15
256.77
243.67
259.89
288.46
287.2
282.14
272.91
249.85
234.89
208.55
172.16
166.35
181.08
196.78
149.32
182.8
231.08
284.57
282.34
275.12
282.12
282.41
273.64
268.8
256.9
241.94
262.03
290.82
297.96
279.59
265.97
234.35
243.28
226.02
236.66
225.8
234.73
211.66
200.06
191.13
192.47
237.03
233.83
268.06
290.38
282.94
274.98
262.25
235.84
233.76
233.83
282.64
290.45
274.45
235.4
241.05
249.61
232.05
221.41
187.19
163.68
163.15
165.24
163.6
111.15
123.05
160.55
179
196.04
249.31
234.06
197.38
177.14
173.94
183.39
259.72
274.6
271.78
252.21
231.9
244.84
212.7
191.15
189.29
178.28
168.39
174.78
185.42
239.3
304.48
292.2
293.99
286.47
287.07
282.68
282.97
282.01
272.63
275.83
320.1
303.44
296.96
281.26
244.06
233.72
193.91
190.77
179.83
162.2
154.16
139.36
161.38
223.13
286.82
282.14
284.96
282.66
290.54
279.68
282.66
270.83
259.74
276.04
316.21
332.88
290.25
294.04
251.18
234.3
190.99
238.22
226.69
196.63
196.56
193.58
238.45
254.59
356.89
326.61
322.07
302.06
301.76
296.92
297.22
290.23
286.66
298.19
337.32
409.78
308.75
285.54
252.95
238.82
205.64
231.36
207.7
167.74
172.28
148.98
160.82
212.83
282.19
267.98
268.5
272.07
275.34
268.35
268.35
264.4
264.55
264.78
272.29
272.14
268.2
272.14
233.89
219.75
166.25
75.68
49.86
8.71
4.24
10.79
84.39
135.29
240.44
252.94
257.56
259.94
259.94
244.24
232.85
224
226.45
226.6
267.75
268.42
247.66
234.34
217.15
222.95
182.02
174.21
164.46
132.98
146.3
146.16
136.33
98.08
149.28
166.25
205.02
223.62
239.85
240.29
224.81
200.03
183.81
202.64
252.87
264.63
255.99
243.57
224.89
229.13
191.1
205.91
173.99
164.83
156.8
162.3
155.68
106.12
118.99
156.2
169.75
190.95
232.63
221.99
179.79
167.96
164.91
174.81
219.53
259.94
253.54
230.99
213.95
248.33
197.28
189.41
181.08
169.61
168.65
170.28
181.3
243.44
327.77
309.16
316.01
338.11
374.43
348.09
368.55
334.76
311.69
322.63
404.72
421.17
359.1
328.44
283.41
270.16
229.23
235.25
229.74
206.45
191.49
192.01
207.49
249.84
314.59
316.45
325.82
325.9
316.6
310.49
316.74
302.01
295.61
298.06
338.92
418.7
341.45
319.5
278.79
267.4
242.1
242.11
234
220.68
223.28
221.05
222.16
253.72
342.51
371.32
342.96
345.49
354.79
324.73
328.89
317.51
305.52
317.13
445.22
530.74
431.53
342.22
291.01
294.28
265.03
249.32
242.03
228.56
219.03
217.76
238.83
268.08
399.06
392.74
466.19
535.26
558.11
430.62
402.04
372.57
327.32
371.52
439.7
752.35
397.57
328.81
290.25
283.56
250.06
267.61
242.31
238.96
218.49
228.02
242.23
282.94
368
360.56
371.95
366.89
354.31
352.23
318.51
291.05
276.76
289.49
314.35
390.25
316.43
297.97
267.24
249.82
242.38
265.68
249.9
222.74
208.22
201.9
171.68
129.04
186.64
220.28
272.08
294.25
298.27
290.9
266.87
240.22
230.33
234.49
286.59
335.03
301.47
274.01
249.3
271.7
232.49
224.67
201.08
194.16
181.95
179.42
173.25
137.45
145.71
168.48
194.16
233.82
267.16
249.68
220.13
193.12
189.92
192.08
267.24
297.9
284.13
249.45
234.57
271.7
225.27
210.45
202.79
190.81
177.26
175.92
183.36
220.8
295.81
312.25
334.28
333.24
317.17
310.62
303.62
296.18
284.05
295.14
349.31
382.13
335.4
294.1
249.97
243.64
208.52
191.14
189.66
171.8
165.77
175.07
208.85
230.95
309.22
317.26
314.8
313.17
309.82
309.97
312.65
297.84
288.61
305.58
314.8
451.26
365.55
319.27
278.12
253.12
230.43
242.15
239.69
230.91
208.36
193.7
202.71
245.65
312.99
330.33
342.76
350.05
369.03
327.58
327.43
338.89
312.55
305.33
338.82
463.24
347.97
305.48
282.04
255.62
224.96
236.42
213.79
187.14
171.43
176.64
234.26
255.55
373.23
355.74
357.97
357.45
346.81
337.06
354.99
330.58
312.79
332.07
365.19
558.51
435.09
343.01
282.64
253.16
225.1
219.58
231.27
223.75
213.26
211.92
230.82
245.71
324.16
353.94
354.39
372.03
377.09
336.74
327.37
300.64
271.76
268.19
302.13
380.14
298.11
297.74
257.47
255.83
220.4
255.76
229.78
211.99
200.53
198.74
196.29
186.68
223.01
239.76
273.92
294.02
297.81
285.38
252.33
235.07
227.25
227.18
276.45
323.05
297.89
266.33
237.22
243.85
214.08
230.15
203.73
191.22
190.7
178.5
171.35
134.65
155.64
168
206.26
233.43
260.3
248.17
221.74
196.29
190.78
196.21
249.36
295.66
297.22
268.19
250.1
278.54
232.16
208.65
204.26
185.57
180.06
186.02
194.13
229.34
305.56
312.78
330.5
337.13
347.92
336.83
320.6
305.56
288.59
300.35
328.04
435.98
364.89
301.62
264.55
257.78
225.1
237.23
218.55
233.81
221.6
224.14
238.79
249.81
327.94
364.03
374.97
380.18
394.32
370.73
370.36
337.32
301.67
302.2
319.91
557.44
392.68
312.76
268.26
268.49
223.32
259.12
239.7
238.81
223.63
212.69
245.95
268.5
381.24
363.46
359.59
407.44
391.74
344.78
324.31
306.75
296.03
297.23
308.46
447.1
354.6
327.51
271.7
267.98
221.24
222.51
215.59
211.5
194.68
191.93
205.77
238.07
296.11
292.32
294.48
285.55
290.38
292.02
301.62
283.61
276.09
268.35
286.14
342.92
325.58
290.61
253.47
245.36
205.99
175.48
189.1
189.77
191.34
192.53
216.12
222.59
312.87
305.27
316.29
332.81
323.95
297.98
294.93
275.88
268.14
262.26
300.59
375.31
334.52
295.67
255.49
251.84
215.45
238.59
221.25
210.09
186.42
190.82
191.19
189.92
195.06
221.1
260.1
275.13
279.67
270.82
234.87
193.64
171.47
166.63
192.97
224.97
207.34
194.98
164.25
152.41
134.55
135.6
71.07
85.29
71.44
70.48
61.55
35.2
33.42
65.49
146.16
172.66
200.27
190.67
163.8
151.22
134.4
134.48
200.56
267.84
257.94
239.71
212.99
249.46
186.35
174.41
166.15
155.88
157.89
160.71
171.21
220.12
285.18
296.57
298.5
308.55
309.44
306.39
309.29
296.86
279.74
282.27
305.72
353.59
325.45
295.15
256.74
253.02
208.65
213.88
215.22
209.71
194.22
193.93
198.99
223.93
299.12
314.3
331.42
332.54
324.72
320.63
316.24
301.72
296.51
283.26
299.26
335.37
341.85
298.59
275
253.63
239.71
241.89
220.24
213.46
194.19
185.63
214.06
257.45
315.73
320.57
330.39
355.03
349.3
352.42
360.01
343.79
327.19
312.16
322.8
497.56
426.33
318.48
312.45
309.33
275.24
270.28
257.7
246.53
232.24
208.57
249.58
280.1
337.49
339.87
354.46
368.31
408.5
370.54
390.19
338.39
340.02
322.01
340.32
566.53
453.61
331.91
309.58
301.69
263.58
282.63
261.05
249.21
224.05
216.16
231.2
270.57
372.33
432.7
417.51
372.4
323.95
314.72
304.22
286.28
282.41
277.8
284.12
327.15
301.69
302.21
270.72
270.87
240.87
229.34
219.59
214.38
213.71
208.72
205.22
146.34
190.93
222.86
273.85
297.45
299.6
297
279.66
256.73
242.51
235.07
288.29
324.17
315.09
283.45
256.95
273.33
216.83
252.19
208.57
199.71
194.13
196.06
174.55
137.78
138
170.61
213.63
250.03
290.75
268.19
222.34
207.75
193.68
190.93
268.64
297.52
298.79
282.93
242.59
274.97
235.66
251.98
235.45
223.02
219.6
217.22
238.8
269.92
354.26
428.92
484.46
536.41
508.2
513.71
501.8
406
366.24
354.33
377.63
738.07
507.83
353.89
327.16
324.86
272
249.35
242.95
222.85
207
203.65
215.56
267.96
336.51
409.3
483.21
416.52
433.34
384.52
401.49
399.7
386.75
335.84
341.72
523.78
497.43
372.01
312.69
306.59
247.04
268.57
256.29
242.22
227.71
221.69
244.98
286.65
371.63
410.33
438.61
507.22
595.77
607.9
484.45
425.59
388.23
353.33
359.65
519.87
380.27
353.92
320.29
320.66
264.03
297.65
282.1
263.94
249.66
241.92
253.38
323.1
452.73
449.6
610.11
580.87
558.17
557.8
632.81
483.91
450.5
404.51
477.66
662.13
704.17
743.53
341.93
357.48
304.57
314.94
301.62
270.44
253.47
243.35
275.72
331.46
446.88
743.96
718.36
669.69
714.41
599.06
443.16
407.29
379.9
343.29
376.18
521.52
527.77
343.44
312.18
317.91
285.39
351.1
295.14
229.36
222.88
222.66
218.79
186.34
221.91
295.29
335.7
341.13
335.48
335.4
334.73
297.15
271.63
255.1
295.44
324.31
319.33
301.91
225.11
231.44
203.16
200.78
183.59
178.45
171.83
170.49
146.01
99.27
112.82
169.9
191.03
204.58
235.16
220.05
197.95
191.03
189.1
183.66
212.54
294.55
297.67
266.19
242.83
295.59
235.61
246.36
231.63
229.24
229.77
230.06
245.69
313.2
590.16
629.23
609.73
609.73
708.35
595.29
737.6
604.22
536.27
413.31
491.01
731.27
649.77
448.96
353.47
339.25
268.47
319.86
298.65
256.23
223.19
222.81
251.02
324.84
423.67
599.83
554.88
529.05
558.37
520.34
521.39
480.68
401.27
364.66
399.04
668.74
662.34
460.06
371.06
354.83
322.09
321.55
319.39
300.34
282.55
269.22
302.05
364.57
503.84
715.38
744.18
744.33
707.26
635.81
710.02
623.6
479.87
388.39
401.57
1116.05
1116.50
510.24
416.38
390.33
357.35
372.11
337.05
318.29
297.67
295.14
326.85
386.17
1302.63
833.09
802.87
939.83
1449.72
744.29
744.29
707.22
656.53
558.64
707.37
2233.30
2233.15
1117.14
520.46
433.66
369.13
372.71
343.46
313.09
285.77
291.42
353.8
447.3
744.01
2233.21
1464.05
1687.96
907.25
749.14
669.64
603.54
473.8
447.3
513.62
727.63
676.64
589.77
447.67
447.07
446.85
401.82
357.45
322.39
299.39
289.41
199.79
191.01
223.54
317.85
412.09
513.92
527.62
471.86
409.26
363.63
336.16
295.37
375.54
535.88
581.44
414.47
358.94
387.23
346.81
292.32
252.79
229.49
238.87
232.54
211.48
185.2
188.48
204.11
256.81
272.37
300.43
272.67
249.07
229.64
203.59
194.28
249.52
387.67
437.17
371.67
284.06
375.99
312.64
285.53
270.79
250.02
226.8
246.3
274.74
376.41
557.88
697.82
698.27
697.45
857.85
819.07
1019.52
669.83
669.53
572.99
558.18
581.33
644.82
540.54
480.77
409.16
357.36
310.3
296.08
248.28
232.72
218.13
270.32
351.1
473.71
1410.57
1020.53
744.7
650.3
629.16
676.58
664.15
491.43
466.34
462.47
607.27
609.43
467.53
378.94
371.64
293.92
246.17
265.83
242.37
231.73
231.73
257.71
359.35
511.93
521.53
656.61
558.69
566.73
629.95
578.87
521.09
505.97
506.12
506.12
656.46
707.84
677.31
446.55
380.95
291.82
305.95
305.95
274.6
263.44
264.11
298.58
335.59
467.3
558.74
596.27
707.66
681.75
521.66
584.88
520.02
447.65
409.97
413.99
521.29
656.36
596.12
380.04
342.14
285.18
319.81
298.15
270.89
256.37
245.5
272.46
331.95
401.8
483.71
420.11
483.56
427.34
414.83
377.22
371.71
343.42
327.93
328.01
424.28
474.99
361.89
331.36
338.21
298.22
288.47
236.64
202.76
236.94
222.42
190.77
191.14
241.93
256.3
266.72
279.38
293.6
265.68
260.91
251.53
239.32
246.39
279.83
409.09
528.23
439.62
306.86
309.09
264.79
287.42
239.47
235.6
227.26
226.29
223.68
178.86
198.07
212.59
235.23
265.75
320.63
309.61
252.28
234.03
223.16
216.76
252.8
320.48
409.32
349.6
320.19
320.86
289.96
253.04
237.48
227.35
223.62
222.14
249.61
319.24
415.15
528.19
536.09
535.94
528.34
447.4
528.27
483.44
433.4
386.78
387.15
527.97
936.2
528.42
368.98
341.95
266.96
261.11
249.64
228.78
223.94
230.35
277.94
308.92
483.41
468.22
467.85
468.89
469.34
420.41
387.04
386.82
357.48
345.34
343.92
366.56
392.03
386.67
335.51
283.3
212.62
217.61
196.98
197.28
200.18
209.27
233.1
270.93
331.4
331.4
331.7
334.53
353.82
343.39
345.03
313.38
291.04
284.93
287.91
349.35
387.63
331.85
260.13
242.93
213.81
212.25
214.71
191.03
190.95
205.7
190.36
236.38
296.85
273.39
274.73
273.54
275.18
274.59
270.79
261.4
251.35
234.59
236.38
282.18
324.19
302.44
249.49
223.65
199.74
173.83
139.8
143.07
146.42
177.93
211.29
223.73
287.78
282.35
282.57
288.08
272.29
259.48
262.09
242.13
231.33
216.58
220.31
282.35
313.25
288.16
235.28
229.62
208.02
236.99
215.84
215.84
231.78
242.72
260.6
209.73
215.32
251.88
279.44
298.14
300.22
300.59
279.96
253.75
252.33
239.07
251.81
282.87
321.89
298.06
262.01
271.17
242.35
191.26
147.91
136.74
147.69
163.93
147.84
106.5
122.44
187.76
213.08
230.43
246
223.73
211.44
190.74
171.75
171.75
201.39
268.79
300.44
244.14
238.26
261.05
201.54
198.48
177.85
157.14
164.44
186.26
203.17
260.74
343.41
319.13
315.26
311.31
314.96
314.81
316.52
298.2
283.01
260.74
266.85
299.47
320.1
313.54
282.41
265.13
217.69
201.39
193.42
183.15
186.8
194.02
206.16
216.51
275.8
280.72
280.49
280.79
285.71
282.88
280.64
255.76
242.73
234.61
244.37
282.95
302.61
283.02
240.42
232.45
197.07
205.22
188.69
185.71
186.67
194.42
228.91
267.42
331.34
324.18
334.99
339.23
353.76
342.44
342.88
333.27
305.49
276.21
274.57
319.19
354.06
325.9
295.73
274.2
246.12
188.98
189.06
174.9
174.53
189.13
209.39
225.78
284.33
298.26
307.42
307.35
316.29
302.36
291.19
270.7
257.96
238.97
247.09
285.3
301.54
283.74
249.99
249.4
223.62
251.63
238.45
215.35
210.51
213.34
215.58
166.79
189.73
188.61
196.66
220.27
253.34
228.54
206.34
191.22
188.98
188.61
204.03
246.12
296.85
269.88
260.94
265.71
219.97
193.75
166.86
166.34
166.71
177.21
186.6
168.28
195.02
207.83
241.13
253.72
270.03
244.03
230.85
229.06
222.8
206.94
220.94
253.87
269.96
250.89
230.03
230.55
200.75
160.6
147.64
137
133.34
147.79
145.7
64.58
95.65
147.64
171.4
181.53
190.4
185.86
171.7
148.24
137.96
119.11
133.86
147.79
171.55
208.8
202.39
200.31
190.18
147.94
106
105.7
105.85
89.91
109.87
51.55
60.78
134.68
154.87
184.14
203.88
197.33
190.32
164.92
143.92
131.03
147.49
154.57
177.14
208.2
201.8
201.65
172
164.85
147.87
145.86
147.79
147.57
169.02
213.57
294.62
298.2
309.15
307.36
325.09
299.98
312.8
296.93
270.41
261.25
260.06
257.82
266.39
311.68
292.16
270.34
217.3
177.59
156.14
153.38
152.64
154.72
192.04
218.49
269.14
300.8
298.12
301.55
313.76
297.75
289.11
269.14
249.03
238.75
236.66
239.12
253.8
285.76
254.92
253.35
213.35
208.44
194.36
182.21
182.36
182.44
218.79
251.72
314.29
313.25
316.45
316.53
331.13
326.29
323.98
307.29
294.7
266.17
254.7
253.88
265.35
295.6
265.87
254.25
202.85
205.48
189.16
216.43
207.79
207.56
207.26
261.28
310.82
326.84
341.59
339.21
347.1
319.69
316.11
305.01
283.18
258.15
251.52
251.37
258.37
292.05
282.74
269.7
243.85
209.2
202.87
203.47
179.48
189.09
208.9
207.94
200.86
239.23
269.18
268.65
270.14
242.8
218.89
203.24
208.53
202.94
203.09
202.79
210.62
265.23
258.97
263.44
215.16
199.37
178.88
148.26
161.22
161.74
167.78
122.33
116.82
164.5
201.9
210.62
224.47
218.37
200.78
181.19
166.36
155.78
186.18
199.52
213.22
229.32
218.37
243.25
198.55
194
186.7
180.29
179.48
187.22
211.88
246.53
312.46
341.67
354.41
383.09
472.19
419.6
411.4
353.59
331.61
305.01
293.91
286.01
307.02
333.99
295.7
278.34
225.74
209.27
206.07
182.3
182.38
198.77
219.63
283.32
351.57
361.77
372.13
402.45
419.44
357.3
346.43
348.88
335.32
320.05
316.03
317.07
324.75
373.1
344.04
295.09
255.24
253.45
220.15
213.67
209.05
202.57
225.66
285.71
351.42
372.43
367.29
380.02
361.18
357.3
361.03
341.36
319.98
289.51
283.47
283.62
298.15
336.37
305.08
253.75
212.7
246.2
216.4
188.54
181.76
191.37
226.24
241.43
330.3
349.82
357.12
352.72
368.14
357.72
361.66
354.88
349.82
314.81
306.76
325.31
317.94
357.27
345.35
303.34
278.38
210.88
192.11
179.97
179.67
189.13
220.79
247.01
342.13
379.22
382.35
449.84
467.64
398.37
365.37
361.12
337.29
313.08
307.42
312.78
304.96
345.11
320.9
269.35
236.43
287.9
260.56
227.94
239.33
192.55
168.42
188.61
204.99
261.46
288.2
314.34
348.16
338.78
301.83
269.58
227.71
207
207.3
233.52
256.69
271.14
302.28
287.68
241.34
231.88
207.75
200.6
200
200.52
200.45
148.83
148.61
197.17
227.19
244.77
266.97
253.04
226.89
215.57
194.86
193.97
216.69
237.47
255.05
300.64
313.45
298.33
259.37
237.85
226.6
223.85
219.08
222.88
250.36
297.52
397.26
418.19
429.07
499.02
546.09
419.24
425.94
400.54
365.23
350.11
341.24
333.65
326.49
373.5
354.95
328.51
268.84
268.21
245.11
240.72
232.15
245.11
262.62
302.93
418.85
447.24
420.79
446.42
558.84
457.22
467.28
476.51
432.48
358.8
357.24
353.74
345.84
357.83
361.56
321.55
263.81
232.51
212.62
189.16
186.85
203.39
253.97
285.93
439.48
484.55
612.17
633.47
670.05
480
513.23
447.67
421.22
361.4
361.7
354.32
342.77
373.17
337.86
273.42
231.7
247.47
238.16
225.19
235.03
238.98
247.55
298.66
437.12
436.37
454.03
457.83
477.43
454.11
418.64
400.31
379.14
372.14
372.06
370.2
357.68
379.14
368.86
354.25
293.22
278.45
274.94
245.65
244.01
261.6
285.83
328.46
447.19
484.53
502.26
483.78
559.28
450.76
452.85
409.55
372.28
359.16
344.41
343.59
335.54
372.8
358.05
332.41
276.58
288.06
231.49
222.62
221.88
246.33
277.33
246.1
278.75
333.82
367.51
369.67
372.36
358.35
312.14
287.99
263.47
242.37
252.59
249.01
252.66
285.53
258.55
263.24
193.93
238.87
206.9
194.9
194.3
194.45
209.28
170.6
148.02
204.44
232.54
261.01
312.88
274.65
244.61
220.16
206.08
201.08
220.16
247.67
267.64
297.6
297.45
304.98
253.93
223.68
210.27
201.77
201.1
207.73
237.4
297.77
395.64
405.33
420.08
453.48
492.98
419.12
421.35
395.94
366.87
348.83
339.96
338.84
334.67
360.98
342.94
305.15
261.47
238.34
220.83
197.95
179.61
197.43
240.21
298.64
387.55
474.9
433.46
424.59
476.99
411.7
410.51
410.06
395.6
355.13
349.09
342.31
333.67
354.09
328.6
298.64
238.34
245.98
260.66
251.2
234.66
242.11
260.37
290.92
377.58
395.62
394.2
397.26
424.75
394.65
384.51
387.57
366.78
357.69
354.93
358.06
356.35
369.83
357.76
326.99
265.06
240.76
215.73
216.41
203.15
198.97
210.3
277.56
372.54
387.44
390.94
396.08
432.14
409.94
402.27
390.57
372.54
364.72
342.97
331.57
317.05
357.12
330.53
280.47
231.38
295.22
285.98
270.64
268.7
274.96
277.86
295.29
386.77
408.97
437.13
442.35
418.95
424.91
402.42
380.22
369.56
323.83
318.39
308.55
285.68
349.67
344.09
314.44
261.47
261.62
268.63
277.34
264.3
262.44
223.48
246.35
241.29
287.92
346.4
337.23
364.87
372.47
357.05
302.07
288.14
287.77
287.7
291.94
285.31
302.22
285.83
290.68
246.13
236.07
212.68
203.67
202.92
198.08
197.71
159.94
149.21
209.92
230.56
260.88
287.55
269.22
253.95
225.87
216.41
210.37
223.63
246.35
260.65
269
264.01
285.54
253.06
213.71
191.74
172.97
189.2
194.12
232.63
284.18
380.57
372.82
377.22
392.12
415.58
389.88
389.58
371.85
358.07
342.65
314.42
306.68
297.89
361.65
350.92
296.69
246.93
255.2
254.6
236.35
227.19
233.82
261.01
284.25
369.69
409.76
417.88
424.21
467.05
428.16
423.84
439.19
416.69
373.34
364.55
361.42
357.77
357.7
343.39
306
277.32
229.9
216.79
234.96
192.96
220.14
254.4
265.87
363.27
376.23
373.03
382.71
409.67
379.29
377.72
362.16
346.59
347.64
310.32
303.85
303.99
348.75
343.09
285.82
263.93
260.87
257
223.04
198.69
216.41
209.11
253.5
346.58
364.23
380.09
383
386.8
386.5
381.73
372.65
364.68
354.92
339.88
334.52
323.27
354.33
331.76
298.18
264.67
266.12
231.72
246.02
225.99
245.94
268.58
268.8
323.45
357.71
364.48
369.84
372.45
358.08
334.92
325.17
302.16
278.11
278.41
272.67
269.02
268.88
257.86
235
214.07
230.75
225.54
234.47
237.6
254.21
246.31
208.26
224.05
275.5
286.22
287.56
282.35
263.96
248.77
266.05
282.28
282.5
282.95
278.11
250.04
268.73
276.25
268.28
231.27
215.41
187.19
176.62
168.95
180.49
183.02
127.25
135.29
175.95
208.41
244.97
267.91
255.25
229.26
201.19
183.54
178.7
193.82
223.9
236.04
260.24
287.79
271.33
224.05
213.76
202.66
198.57
191.42
209.96
246.07
294.99
400.64
408.9
401.9
401.31
487.23
477.1
426.99
442.78
392.45
361.62
354.1
338.77
333.55
382.1
364.82
303.33
256.79
223.92
212.16
185.44
175.46
185.74
223.63
222.96
314.67
318.99
332.91
349.58
377.05
380.25
372.29
372.36
349.88
318.84
299.04
282.21
272.16
297.77
283.33
253.48
231.29
247.29
223.09
209.25
191.68
207.91
241.63
264.48
325.37
363.19
367.06
401.38
402.42
386.86
363.63
334.83
295.3
271.48
268.28
267.46
249.45
262.1
268.13
258.6
230.54
183.42
177.61
168.6
148.88
144.26
126.4
4.17
36.55
149.03
205.45
193.17
233.66
203.96
192.87
152.82
152.82
150.29
183.12
168.83
189.89
188.03
203.29
241.7
183.64
178.34
144.1
127.65
127.43
127.88
179.31
209.16
248.46
271.68
289.69
298.33
322.67
313.29
294.98
264.61
260.74
249.95
259.92
261.78
259.99
259.99
253.37
245.7
206.85
264.16
263.49
250.99
234.99
233.42
207.3
150.21
203.13
208.49
260.89
269.45
287.46
268.7
248.46
242.5
202.53
193.3
202.68
228.29
240.42
233.27
242.65
247.12
237.52
183.7
150.06
146.11
133.24
146.11
137.78
63.79
71.31
148.42
195.76
224.56
229.7
231.04
208.93
183.63
169.71
172.54
192.86
209.68
231.93
252.85
257.31
265.06
214.22
211.93
194.29
183.43
174.94
191.39
229.04
272.57
371.84
405.1
405.25
386.27
418.42
387.09
408.89
401.75
373.99
341.7
331.51
314.69
301
345.64
335.23
293.48
263.72
241.71
255.63
265.6
255.85
248.63
261.36
273.12
384.82
432.97
487.82
510.22
565.88
456.56
415.56
389.51
364.36
353.86
341.36
326.92
305.86
317.55
322.76
314.57
271.11
263.12
226.87
204.47
215.93
207.52
225.76
245.85
361.07
376.78
380.28
380.28
443.47
393.68
390.4
368.82
358.69
343.73
328.1
298.1
277.26
334.65
337.78
298.1
257.91
266.15
259.83
263.55
265.04
281.71
285.43
319.82
401.54
405.93
458.77
461.38
556.72
447.01
446.57
416.72
389.78
372.51
361.2
334.63
316.24
340.51
325.03
323.46
278.58
257.44
256.77
250.07
255.06
246.43
261.24
290.34
387.47
435.03
428.63
418.95
443.36
409.35
386.72
380.02
367.45
341.4
348.76
334.4
314.68
315.57
322.27
311.7
261.39
263.84
248.88
206.31
193.58
193.96
231.02
244.86
270.84
292.57
322.34
334.18
352.04
334.1
317.13
287.81
286.25
271.14
282.82
285.58
282.67
296.59
301.13
314.68
270.99
202.37
183.31
183.16
162.85
154.29
155.11
117.67
120.35
183.16
212.94
230.72
247.99
248.66
221.87
202.89
193.88
190.46
202.74
217.33
235.78
252.38
260.57
259.9
227.75
215.84
193.06
183.83
186.29
186.51
175.05
159.94
193.14
210.41
246.28
263.92
285.2
282.82
256.55
234.45
219.71
216.14
229.61
245.98
253.94
281.41
284.24
297.86
261.31
223.29
202.82
193.67
182.2
186.45
216.44
271.6
361.58
386.44
399.32
404.75
441.67
397.16
418.3
409.07
386.74
372.22
353.77
343.87
322.43
330.32
330.1
305.61
262.37
264.25
255.39
234.02
231.19
233.57
238.49
285.24
372.51
398.42
406.91
408.84
416.66
412.64
408.99
386.66
378.99
371.54
350.69
339.67
327.09
334.46
331.71
336.92
276.83
243.64
238.5
260.1
250.04
246.47
249.37
277.07
361.36
379.53
387.28
399.04
413.26
372.91
375.59
387.57
372.61
332.18
326.22
314.97
306.86
334.63
331.95
295.54
249.97
262.88
243.07
252.3
244.26
259.38
263.33
280.45
344.42
354.78
361.03
350.23
347.18
328.34
319.85
319.85
293.71
280.01
263.47
265.04
261.02
274.05
278
273.38
268.09
221.92
191.02
238.75
220.43
236
236.81
207.62
259.23
312.25
352.39
354.7
362.59
348.3
306.82
294.98
275.17
275.17
282.76
295.42
292.74
286.26
295.27
295.5
260.2
218.57
190.94
183.12
183.57
183.35
180.07
160.11
176.87
194.81
228.18
253.27
282.39
268.32
237.26
208.52
194.81
191.31
211.57
237.26
245.16
244.26
250.59
264.67
221.92
230.4
209.1
196.06
194.12
222.43
241.35
295.65
377.82
412.98
413.13
470.19
596.15
467.51
416.85
413.05
397.41
373.5
372.6
354.2
337.44
349.96
343.11
328.58
263.92
227.4
196.19
169.67
168.93
189.19
225.69
273.8
342.92
408.99
374.13
388.29
413.01
391.79
374.51
383.59
342.78
330.26
307.32
305.76
284.45
307.69
303.89
303.15
260.25
262.28
259.82
215.14
198.01
211.56
234.05
263.32
329.82
329.97
335.78
357.97
372.64
372.49
351.19
335.63
335.7
327.44
320.81
320.73
292.06
310.76
315
314.48
273.74
267.16
247.66
219.74
186.69
162.05
135.03
183.27
260.53
260.91
290.23
279.59
298.65
283.16
275.42
270.66
274.75
264.85
274.83
293.73
304.67
285.84
292.09
314.28
274.6
246.38
221.52
216.45
219.8
213.18
245.78
268.41
334.36
337.93
377.68
409.39
424.05
514.04
446.83
398.07
373.58
350.88
350.36
326.99
296.4
312.77
314.93
314.93
278.31
260.89
242.43
227.17
165.09
152.89
140.08
168.67
205.36
286.27
327.81
354.01
359.52
365.77
334.06
295.21
275.7
261.11
263.65
269.97
253.75
243.7
249.65
268.04
223.08
206.63
182.66
168.89
164.35
156.53
154.53
147.01
167.25
187.2
232.9
259.48
279.43
268.26
249.58
229.26
208.71
200.75
221.14
244.52
261.26
260
271.68
299.67
227.1
215.62
189.34
175.05
164.48
176.17
215.76
294.81
387.54
409.5
404.51
430.34
579.64
438.3
409.57
409.13
394.91
371.69
353.75
357.85
333.66
335.44
333.51
326.81
272.48
238.82
238.75
198.04
188.74
193.8
238.67
261.75
361.47
371.82
362.96
370.92
402.78
364.08
365.12
363.85
340.86
323.89
318.6
307.96
287.79
290.99
301.41
279.53
239.42
182.44
174.55
174.63
168.15
179.69
181.55
242.48
308.63
372.76
388.24
408.33
430.87
408.11
401.04
381.32
369.86
342.93
334.74
330.43
321.13
268.52
290.32
298.14
239.36
245.61
199.78
186.61
185.49
183.11
185.49
242.78
335.34
333.41
333.11
348.59
372.55
357.89
357.52
341.37
331.62
294.94
285.49
283.41
275.37
295.02
299.33
290.25
245.83
223.49
217.1
183.62
182.8
183.1
198.12
264.79
350.79
401.61
467.6
446.1
504.35
413.58
393.87
371.55
357.78
331.6
326.91
327.21
302.06
314.34
285.25
293.8
254.97
261.07
223.35
189.64
141.95
120.23
79.9
28.72
165.02
206.98
248.2
272.6
287.55
269.18
237.78
227.59
222.9
211
222.97
223.94
227.59
222.83
242.02
251.25
185.55
182.65
133.32
116.14
77.6
55.43
51.63
27.01
52.9
144.71
185.63
217.54
245.14
238.08
209.51
185.85
178.71
167.17
183.02
200.06
230.64
230.12
245.59
267.24
210.55
185.47
166.27
148.05
141.95
154.52
186.21
248.78
340.8
374.73
387.23
398.68
470.1
420.55
402.18
394.59
382.02
346.98
335.52
330.39
305.09
326.89
304.95
287.46
238.51
181.83
164.41
119.9
119.9
121.69
169.77
212.56
310.58
326.88
335.29
360.38
398.41
361.64
358.59
335.29
335.59
334.62
329.27
305.23
291.38
292.42
285.13
298.6
265.26
257.36
213.06
213.73
196.69
214.4
224.01
264.36
392.11
416.45
423.6
418.46
460.82
423.67
411.24
400.15
382.28
346.55
346.25
329.2
321.83
325.03
316.47
320.34
266.44
283.01
250.92
223.52
204.68
205.72
230.59
298.72
387.62
372.58
394.85
423.73
510.55
432.22
398.79
423.81
410.03
379.95
346.97
335.65
334.31
336.1
317.11
330.51
294.92
283.57
240.54
205.92
208.38
245.23
223.94
283.27
372.84
409.84
401.72
398.22
416.91
394.28
342.01
342.16
330.85
332.11
305.61
304.05
289.83
285.21
276.87
294.67
244.12
280.37
265.7
261.98
238.68
210.91
195.28
186.12
259.97
305.68
320.72
323.1
337.62
325.49
320.13
318.56
314.25
299.21
314.32
320.13
309.63
292.21
282.83
306.28
282.6
224.01
196.99
186.94
182.62
163.79
143.91
118.67
143.31
189.1
233.17
265.26
304.57
300.92
261.39
221.63
206.22
204.73
223.34
250.67
260.49
259.9
262.28
279.11
249.48
198.61
185.43
178.44
176.28
185.51
200.99
259.85
335.3
382.33
402.49
402.2
420.35
420.06
416.48
394.83
378.09
350.11
335.45
335.37
319.97
320.27
300.1
299.95
260
235.42
222.92
204.84
205.29
205.96
223
246.58
343.83
383.05
394.88
423.67
432.01
423.38
409.02
423.45
395.03
371.14
343.02
342.64
325.9
327.91
306.33
310.35
274.79
265.45
256.74
215.5
212.3
242.97
252.72
298.05
374.35
416.33
416.33
417.6
446.63
423.7
423.78
416.78
418.94
394.67
377.77
370.78
342.71
349.19
334.45
349.26
298.27
273.82
253.36
215.47
210.26
213.69
223.81
281.42
376.16
423.5
421.19
429.9
500.68
439.28
438.54
424.1
421.12
402.59
394.47
366.27
342.75
341.48
322.43
327.64
264.07
280.09
238.69
208.17
190.22
195.66
223.88
253.58
361.54
366.15
374.79
395.27
416.63
379.85
355.73
342.78
340.1
333.55
320.29
300.49
288.05
276.81
276.14
286.49
260.21
229.01
195.21
190.22
185.76
190.3
189.33
190.08
208.32
283.81
328.04
350.3
361.39
356.77
308.38
308.75
306.22
294.46
303.84
304.58
283.74
264.3
262.96
283.66
252.39
221.79
191.86
182.48
171.76
164.24
156.5
120.02
160.37
193.72
242.49
275.84
300.86
319.47
272.49
251.2
223.65
223.06
227.75
265.2
269.52
271.9
290.81
287.38
240.48
212.64
192.91
190.23
182.86
183.01
205.2
269.75
384.04
472.42
525.65
745.15
1118.91
968.21
745.44
519.25
453.73
401.46
376.15
363.79
334.45
334.75
319.11
315.02
264.09
270.1
274.42
251.04
235.1
223.7
231.52
298.55
539.23
997.66
1333.52
1489.60
1862.32
1489.75
1214.81
1489.38
633.66
492.17
467.74
429.02
373.83
371.75
345.83
371.75
295.57
314.78
270.55
253.27
229.74
229.51
263.17
330.87
419.41
520.61
528.36
600
832.41
744.84
930.56
618.09
599.55
501.33
483.97
421.27
387.98
379.72
358.2
371.9
298.32
281.02
270.6
234.99
212.43
225.16
242.74
298.9
484.44
499.48
521.31
513.93
595.12
506.41
506.34
535.53
613.59
521.98
520.86
502.91
391.48
399.08
368.69
407.12
321.92
328.16
292.56
264.26
247.94
233.49
274.38
342.31
471.38
535.88
595.99
924.59
1117.65
722.38
520.99
528.66
611.41
528.06
521.51
476.15
409.71
398.54
372.1
431.84
333.07
317.66
288.61
233.87
219.64
216.81
195.73
220.09
260.98
321.6
372.1
434.37
434.37
360.93
329.35
301.79
301.72
298.22
292.56
292.19
281.91
287.12
282.35
297.55
257.85
258.74
204.89
195.14
179.72
165.94
136.3
136.52
171.6
223.74
269.77
298.29
310.95
304.4
297.77
290.7
258.45
255.91
264.93
311.1
313.26
312.15
318.18
351.1
297.47
255.5
231.15
223.55
212.52
212.67
268.47
345.71
477.26
522.18
632.8
885.85
1260.61
952.74
1112.90
746.25
603.9
520.92
513.24
446.95
417.67
407.91
379.61
407.69
337.67
260.06
260.88
232.72
236.52
257.97
264.45
339.32
432.59
521.83
530.92
626.79
707.62
522.05
707.92
556.77
528.24
528.76
507.3
456.13
409.34
395.12
360.48
405.55
332.02
298.34
258.86
244.63
232.64
223.55
249.77
301.24
409.92
528.81
559.06
1490.04
1489.89
1135.39
1414.73
1116.40
835.12
582.97
528.29
479.5
395.25
377.82
361.43
356.14
310.7
257.75
242.84
251.34
242.4
242.47
268.33
346.42
440.53
524.44
596.72
670.56
744.85
582.04
521.01
559.31
535.84
530.62
456.7
445.23
409.16
402.68
365.05
409.01
342.99
260.97
251.2
220.94
211.99
212.14
261.42
281.69
419.22
455.37
485.11
521.94
581.57
528.57
484.22
447.54
447.4
409.6
358.47
336.11
317.99
314.41
303.08
315.83
284.37
316.13
292.05
296.67
240.84
213.78
201.93
234.43
275.35
334.39
389.33
388.36
434.8
388.36
352.28
349.9
334.09
325.67
338.34
337.82
335.29
289.07
284
308.23
268.27
226.23
191.12
182.03
155.72
141.7
132.83
125.53
159.89
190.68
243.6
287.95
304.65
293.02
275.58
260.82
236.59
236.89
254.26
268.87
278.86
279.45
280.8
312.85
260.22
210.46
198.38
190.86
187.43
187.35
205.91
267.62
362.26
446.77
475.31
517.49
569.14
531.36
514.07
506.47
465.33
453.18
419.5
395.5
357.79
394.23
371.43
347.06
286.69
278.66
263.23
247.88
219.49
214.12
278.06
275.53
349.09
446.94
459.69
499.56
522.96
511.56
513.5
478.69
464.68
447.76
424.59
377.11
352.59
361.98
334.85
335.15
316.52
266.68
231.65
191.48
192.22
201.69
261.24
299.25
380.72
435.87
458.46
514.43
554.16
486.93
472.55
471.2
463.75
484.69
432.67
397.04
362.01
378.41
336.07
335.7
301.49
312.63
279.38
278.63
265.74
265.52
261.34
298.61
410.65
417.36
431.74
472.59
484.59
473.26
472.14
471.1
469.68
462.68
432.34
387.91
354.44
369.95
347.21
340.06
309.2
285.21
266.73
221.55
207.16
208.8
250.4
300.57
396.96
421.33
432.37
472.77
514.74
471.5
447.28
408.96
373.48
373.33
371.31
371.09
346.94
355.88
332.92
337.92
315.03
351.48
329.72
310.26
287.45
292.29
234.52
222.74
314.44
375.71
414.77
459.8
473.14
471.35
404.34
372.06
364.08
359.24
357
372.28
345.6
347.16
336.5
370.2
321.82
247.19
208.58
200.45
193.45
185.02
177.79
163.4
179.51
205.15
268.44
314.88
330.31
327.93
311.45
265.83
230.5
227.89
248.01
290.13
301.17
318.91
330.54
334.41
310.63
223.38
208.92
191.55
186.4
186.33
209.37
298.17
438.12
410.53
429.77
444.16
482.19
444.53
458.7
432.9
435.59
404.79
384.44
365.8
343.28
368.7
358.19
356.25
315.17
335.72
295.6
281.88
275.47
268.91
287.18
336.02
458.62
447.73
522.15
536.25
1491.44
826.85
597.1
506.12
461.08
522.68
447.88
432.14
384.79
433.19
410.74
435.58
367.12
336.57
305.53
271.36
234.72
266.13
305.6
338.21
447.81
477.88
552.64
644.56
708.87
611.35
604.86
552.19
501.9
467.88
448.11
419.83
405.51
416.77
402.37
413.26
355.89
328.4
296.11
263.66
234.13
262.77
278.28
310.28
395.53
404.63
416.94
447.22
499.88
449.31
424.62
443.04
402.32
373.45
369.8
362.41
348.39
398.59
377.11
381.66
336.68
305.62
273.54
234.83
230.35
224.61
263.77
298.61
391.03
439.82
463.46
450.78
495.91
433.55
410.87
396.18
368.95
384.09
379.17
355
325.54
356.12
330.53
393.27
330.16
338.44
315.39
298.16
288.76
288.31
287.79
261.31
324.34
379.77
410.95
455.26
478.09
439.52
412.74
372.91
362.24
330.39
330.39
330.39
335.61
329.71
315.47
357.61
298.83
295.1
263.25
242.88
223.42
207.97
198.2
174.78
198.05
242.66
305.25
325.54
358.06
354.93
322.78
298.61
280.85
273.62
299.13
329.71
347.17
357.46
374.7
377.61
345.83
275.96
253.06
212.32
201.51
201.88
262.9
298.64
439.42
481.87
522.15
560.35
656.81
596.46
580.2
559.01
505.59
498.65
462.4
433.23
394.51
402.19
403.46
406.89
336.39
216.62
192.07
195.28
184.09
183.42
182.6
275.35
373.1
480.48
503.24
452.64
419.74
386.31
410.93
454.36
439.74
436.9
418.25
386.46
341.24
342.58
315.49
336.01
297.81
239.56
191.42
191.12
180.9
181.27
183.96
259.71
357.54
390.23
410.45
411.05
452.84
437.62
430.01
411.2
396.2
388.14
355.45
354.56
315.45
329.71
317.92
323.81
295.68
244.22
260.71
224.59
195.85
176.59
222.5
241.16
315.57
367.44
395.81
410.88
444.25
410.58
383.79
380.43
371.4
395.88
370.65
361.32
337.89
335.5
336.09
346.99
298.63
213.03
181.24
180.57
178.4
180.94
211.01
231.53
373.15
410.83
459.93
486.64
508.58
486.64
437.24
410.68
373.75
368.9
395.76
373.22
337.63
357.26
343.01
368.82
325.1
298.39
266.08
276.67
253.77
243.24
213.7
184.15
231.61
294.73
342.26
372.7
410.98
369.2
342.26
325.62
301.37
296.07
297.42
299.13
296
298.68
296.97
309.73
278.69
245.71
220.64
204.82
188.33
181.02
181.09
172.36
184.67
228.1
268.09
312.11
328.31
321.29
304.35
264.96
243.17
242.65
269.43
308.53
322.93
310.25
332.11
342.63
313.46
230.3
197.48
191.21
180.77
181.59
202.03
296.33
395.63
413.98
444.04
472.32
508.28
467.32
481.49
462.92
432.7
410.4
389.81
373.02
349.97
355.04
343.1
342.36
295.66
216.95
216.65
192.33
191.88
192.18
211.8
263.5
342.43
400.85
418.08
453.37
484.85
437.1
419.35
410.7
410.4
373.77
361.38
356.68
337.28
342.28
331.76
337.51
297.89
261.38
242.8
215.27
198.63
198.63
231.16
258.77
342.34
391.66
410.61
419.79
458.89
426.43
435.83
411.06
403.15
380.24
373.3
358.68
328.09
342.86
341.37
336
288.47
249.2
231.59
199.36
191.75
191.67
211.52
252.41
327.76
386.63
419.53
448.41
456.69
447.88
435.35
419.46
384.99
383.72
362.23
361.26
335.45
342.68
359.4
361.56
325.82
243.17
230.19
234.51
208.93
212.29
242.87
303.96
390.63
427.33
447.4
460.08
501.33
447.25
430.91
410.55
404.36
396.75
398.24
376.61
354.38
359.38
384.74
359.23
307.54
278.52
254.36
248.54
192.22
213.33
191.25
181.55
228.55
266.96
322.9
332
339.61
322.9
295.9
283.15
265.32
252.42
269.2
282.77
272.48
260.84
263.46
282.92
231.61
208.11
181.63
171.78
157.54
148.44
145
101.67
145.23
191.33
209.75
242.42
287.4
261.74
232.65
223.25
217.58
227.73
228.99
253.24
253.53
254.28
250.33
255.4
230.26
190.99
159.65
156.82
143.54
145.85
173.9
226.35
313.12
357.81
362.43
406.15
425.32
409.43
390.41
362.65
361.61
342.29
333.19
325.8
306.4
333.86
332.44
320.43
259.18
246.78
253.49
235.51
227.16
246.63
261.77
283.7
362.03
380.76
395.9
440.74
458.34
447.23
419.25
391.95
387.85
373.3
347.56
346.96
321.9
323.09
332.42
326.38
258.49
224.13
211.52
192.64
185.48
195.63
222.11
273.89
318.36
362.16
368.35
415.95
444.08
395.58
390.73
361.78
335.67
336.49
333.13
315.97
294.04
283.44
286.58
280.53
243.15
233.68
223.9
185.25
161.53
185.33
220.47
241.06
298.88
333.5
360.73
373.27
410.42
362.38
347.08
339.55
347.01
306.94
295.3
286.5
277.02
299.33
294.71
271.5
222.26
220.27
186.84
159.16
140.13
158.63
199.97
235.79
281.75
294.66
316.74
335.18
362.04
331.74
311.89
286.45
286.15
291.6
305.85
291.45
278.54
301.9
298.61
288.99
256.38
257.43
261.75
251.68
228.1
226.76
226.16
201.54
216.01
242.88
248.99
263.84
294.81
265.86
252.28
236.53
224.3
222.58
225.49
240.49
235.86
224.22
228.4
223.62
203.33
186.99
164.3
148.56
102.22
67.98
79.91
29.62
84.61
171.09
208.78
230.12
255.19
254.89
220.71
216.01
202.51
202.81
216.01
232.35
224.3
220.86
254.07
271.15
217.06
194.67
172.88
146.39
147.81
148.86
194.07
245.18
317.41
347.11
375.69
393.82
418.96
405.08
387.85
373.3
346.96
345.09
331.89
303.38
276.37
301.59
295.4
276.3
229.14
229
226.98
216.61
206.32
222.73
230.42
237.06
324.29
325.55
334.06
380.25
395.99
372.64
354.51
325.48
326.08
296.9
303.02
296.15
263.85
276.53
272.5
264.07
234.3
221.25
213.04
185.28
173.79
179.98
216.84
225.27
278.4
347.5
354.51
379.96
403.32
347.2
328.03
324.22
316.61
321.09
299.15
303.48
286.31
268.78
272.36
249.68
220.8
191.53
148.85
147.13
51.78
144
168.99
224.13
264.05
286.88
338.96
343.21
387.45
387.31
380.22
377.38
354.55
318.74
333.21
335.08
306.43
341.12
343.88
339.26
292.7
237.06
222.88
211.54
156.32
185.8
214.68
240.87
315.19
356.67
372.49
409.13
424.95
396.52
371.08
338.84
345.03
336.45
339.14
343.17
328.77
343.69
338.84
300.04
261.24
263.92
222.14
226.32
210.27
185.65
176.25
149.16
186.92
246.61
339.89
329.59
339.29
318.62
287.95
264.22
246.39
254.45
266.09
332.35
283.25
328.69
318.25
297.73
236.17
201.39
185.28
153.94
145.21
129.46
134.54
68.8
124.84
191.92
227.06
241.02
270.04
273.33
246.54
227.06
224.6
220.12
228.48
255.19
259.3
270.86
292.5
266.54
228.11
185.58
157.74
142.67
114.84
115.88
161.7
215.65
264.67
296.39
320.94
340.79
380.33
344.22
339.74
317.35
297.95
286.46
283.7
276.99
259.15
296.91
292.73
254.75
230.95
228.55
227.13
226.39
219.22
217.66
227.51
269.37
345.1
317.27
360.47
368.91
396.14
379.95
365.7
376.22
355.25
339.51
326.97
318.24
286.83
332.64
338.91
293.77
227.73
219.51
201.91
194.75
189.16
202.73
231.74
276.05
346.31
383.53
381
395.61
410.68
410.53
403
397.4
384.13
381.14
376.37
358.32
336.09
357.57
357.35
334.6
256.21
220.47
214.8
216.44
199.82
197.13
230.39
262.37
346.92
365.56
380.1
369.51
410.15
366.16
365.12
362.06
344.69
359.75
346.62
337.01
305.84
347.15
340.14
309.87
255.44
239.98
227.01
194.88
186.6
219.85
240.73
263.39
343.23
361.05
360.98
380.36
402.58
383.19
357.4
342.19
342.71
346.14
346.07
342.41
305.51
346.07
344.87
313.86
246.24
196.89
92.82
142.47
123.83
144.03
148.58
148.58
182.05
254.37
306.03
347.18
361.57
361.5
357.55
298.05
267.12
258.1
270.84
285.31
254.89
267.64
295.45
264.73
220.22
184.96
143.88
121.15
91.4
52.86
64.04
21.4
81.19
148.65
204.05
227.83
243.93
246.47
223.95
212.17
204.12
208.15
223.65
227.75
239.38
253.32
254.29
242.81
215.68
185.73
148.75
144.27
128.17
127.87
194.53
246.12
346.93
388.83
409.41
459.36
509.24
472.11
434.54
394.94
394.94
365.87
365.57
348.42
338.88
343.57
319.49
291.08
254.32
222.48
206.51
159.23
148.42
149.16
220.83
247.53
338.97
396.25
413.4
457.03
562.19
462.4
458.15
430.18
373.87
353.81
338.45
328.45
305.93
372.68
369.55
314.96
247.46
220.34
229.59
223.33
189.76
197.45
227.21
297.7
354.01
409.21
417.04
451.95
605.54
456.88
428.75
409.73
380.79
347
337.83
329.1
303.22
389.15
359.46
294.27
242.8
224.84
188.15
173.83
149.07
174.05
217.38
237.81
309.63
342.96
398.52
419.7
479.88
419.62
410
369.21
337.37
307.09
292.48
306.42
291.43
333.27
313.95
290.54
231.18
195.18
174.37
148.72
31.32
149.01
216.66
255.82
351.28
391.48
401.7
438.17
469.49
425.27
354.19
338.9
335.77
338.15
333.61
308.62
308.4
382.46
385.74
328.53
263.8
261.34
243.36
233.22
201.52
203.83
193.32
207.41
231.73
291.24
347.48
372.76
374.92
338.45
301.31
257.83
246.87
249.33
254.55
307.28
307.87
326.59
308.47
265.06
220.61
210.92
174.07
148.49
111.72
79.88
92.78
58.17
71.23
168.56
220.24
254.92
281.77
265.81
245.82
224.19
219.05
211.74
223.97
249.25
269.32
295.49
264.54
248.21
224.34
194.13
156.67
127.5
90.5
107.43
178.98
243.37
314.84
337.67
350.06
377.81
472.93
421.98
402.36
372.81
347.22
314.39
314.54
303.43
291.64
353.79
316.11
283.43
249.86
256.12
227.78
203.84
174.15
165.35
228.75
313.03
410.58
392.76
418.12
442.81
509.56
419.54
410.14
380.08
380.68
403.13
373.14
337.79
314.22
402.98
373.22
305.42
251.57
243.66
225.01
231.8
208.9
204.65
220.61
299
392.3
409.16
477.32
516.78
611.05
507.38
497.31
501.41
412.21
395.66
369.55
354.12
337.71
392.23
371.72
308.4
263.35
237.48
223.01
176.69
176.09
168.34
219.87
318.03
374.49
410.44
394.92
436.91
459.36
452.8
457.87
417.6
425.58
395.44
379.63
373.07
355.77
398.88
387.24
346.82
276.56
235.48
246.29
229.44
195.74
176.42
240.55
261.06
370.52
398.63
442.33
520.25
550.82
419.06
395.27
383.87
370.07
355.9
339.13
314.67
303.41
380.06
333.46
297.67
241.74
246.37
235.55
211.25
182.69
176.12
176.42
211.39
242.79
280.07
340.92
371.86
409.44
403.92
402.81
358.51
339.57
320.04
308.03
294.09
287.38
361.35
322.35
319.74
264.56
241.22
198.27
190.44
176.42
148.83
151.89
129
145.55
209.23
244.58
287.3
305.12
309.23
276.57
253.67
245.92
243.16
251.96
266.5
276.42
325.78
306.47
298.49
249.57
227.93
213.02
201.46
193.86
179.62
220.32
298.39
447.96
412.17
435.95
473.83
669.7
556.37
549.36
465.7
435.88
416.27
410.01
410.08
397.26
412.09
380.78
334.4
264.61
241.88
209.37
196.32
182.53
182.15
237.78
334.41
402.93
449.23
459.59
478.53
557.57
468.09
447.89
417.39
402.03
402.41
395.92
395.55
373.25
445.87
398.23
315.84
243.37
244.83
234.83
233.64
188.6
187.48
228.94
283.6
410.31
424.7
462.88
468.32
612.92
468.18
517.17
515.46
425.07
421.27
401.28
395.84
394.05
407.47
395.39
339.31
275.33
253.74
211.02
211.46
191.33
206.54
249.04
369.54
430.38
541.86
522.4
527.99
682.86
521.8
522.17
491.38
491.45
456.26
423.45
410.33
403.91
474.3
397.35
352.02
275.29
254.12
229.6
226.09
214.31
203.95
250.84
336.04
380.25
410.66
410.51
467.61
521.44
462.84
410.51
395.61
401.27
397.02
410.66
410.22
390.98
440.63
362.81
329.04
278.05
335.82
309.28
272.46
265.15
246.67
248.68
252.93
259.04
367.87
383.08
373.54
375.85
360.2
355.72
335.82
337.24
335.75
337.68
354.46
361.69
383.08
372.42
338.5
252.33
220.05
189.49
173.99
153.71
145.66
145.36
148.49
148.72
230.64
261.5
299.22
346.93
326.2
270
247.34
245.32
245.92
269.55
298.62
339.85
359.82
331.42
331.05
262.99
229.25
216.42
206.36
182.65
214.64
223.73
364.04
464.83
478.33
521.79
544.08
898.8
541.17
498.08
481.76
479.29
437.47
424.42
410.63
420.77
507.62
401.54
369.11
278.97
262.98
242.03
211.76
204.9
219.06
285.8
330.68
459.75
476.75
510.9
579.72
1118.50
648.17
559.81
583.9
495.09
476
409.49
397.42
398.53
447.52
380.04
335.68
279.46
242.33
215.42
157.18
165.01
176.05
241.59
285.65
383.78
503.83
497.64
508.75
595.69
481.24
452.31
447.98
451.78
410.47
394.67
371.55
362.53
449.1
383.93
311.08
262.39
268.86
234.04
189.01
149.64
144.42
242.25
325.9
424.32
470.62
494.41
522.22
658.66
501.04
495.6
499.63
510.44
484.94
453.62
451.98
462.64
484.71
398.08
351.4
309.57
298.59
271.67
249
238.94
239.38
283.46
399.05
529.03
508
540.59
557.22
846.04
521.72
489.28
485.4
462.96
411.72
410.23
411.28
443.12
465.34
385.1
394.72
309.18
273.02
261.31
241.92
241.69
211.86
262.13
261.38
265.63
316.72
373.24
410.31
427.91
397.85
379.21
361.24
320.89
302.77
307.47
339.09
389.8
396.66
336.03
335.73
253.85
252.58
226.33
217.53
184.27
179.87
194.64
179.8
192.85
211.49
262.2
336.18
353.33
367.13
339.31
270.78
258.47
242.96
268.39
328.42
379.06
384.21
355.12
335.88
291.29
260.36
248.65
225
216.43
211.36
245.14
335.83
481.41
586.64
653.54
670.84
1195.20
671.29
634.59
526.98
484.47
471.34
460.08
451.35
521.31
556.66
410.93
380.73
315.69
247.06
221.25
214.16
161.12
196.33
245.86
316.43
433.54
459.13
438.24
462.11
543.72
462.04
452.04
432.72
447.12
430.03
410.57
404.37
421.31
462.33
395.35
352.83
313.15
283.89
257.56
234.81
215.72
221.54
282.63
346.48
476.64
482.68
477.08
452.54
556.3
452.25
459.03
457.47
431.96
410.92
410.7
410.4
424.2
477.76
418.01
346.62
312.16
274.93
248.52
237.25
211.59
225.09
277.54
366.1
465.26
482.34
484.43
460.26
556.13
468.24
463.46
463.09
449.14
432.2
418.25
423.03
450.63
465.11
402.44
336.63
294.55
271.81
215.25
198.32
198.17
201.38
246.81
334.11
451.02
448.26
442.67
443.11
507.65
441.4
425.58
418.27
396.93
360.22
358.51
356.04
399.92
440.95
349.63
330.15
288.07
295.16
276.96
251.44
229.35
220.62
241.81
249.13
276.96
354.63
402.6
413.87
435.21
407.75
373.58
371.26
316.65
307.99
324.33
361.71
373.35
394.92
322.77
305.83
242.49
223.76
209.51
197.87
165.19
153.4
158.1
157.95
166.01
218.16
267.18
313.89
361.27
350.15
296.13
261.44
248.53
238.83
249.42
303.52
350
364.18
333.06
339.78
280.02
238.77
218.48
214.3
180.5
200.94
227.28
386.52
446.28
489.49
494.49
476.8
638.72
511.28
507.47
460.24
439.87
418.38
418.23
418.08
439.57
457.55
418.23
375.62
282.43
270.28
211.85
211.25
201.18
193.35
242.07
328.78
437.36
454.6
460.12
493.33
515.79
459.97
450.94
426.54
418.18
383.93
382.14
375.5
483.7
510.27
395.05
338.49
244.39
264.89
241.98
217.66
201.39
201.39
266.16
373.46
499.64
556.42
532.91
525.83
535.45
485.09
484.56
455.16
454.27
418
418.3
455.16
485.09
506.72
438.15
401.96
288.62
298.8
250.44
238.58
215.97
201.04
255.22
353.73
486.79
521.71
513.58
495.59
559.32
518.73
517.83
484.55
462.53
444.4
426.11
442.91
520.22
485.89
443.35
379.1
297.61
264.02
242.08
248.65
229.39
221.41
263.87
382.15
507.44
514.83
521.92
522.07
575.57
499.01
472.97
461.85
425.73
407.3
413.64
411.7
459.46
469.39
362.67
332.52
299.09
282
243.65
216.34
211.04
197.08
213.42
234.99
289.39
293.87
416.4
454.76
454.98
454.83
377.6
338.79
312.53
300.88
304.62
394.39
457.89
447.07
403.42
376.48
296.85
240.21
221.48
211.04
178.5
169.1
172.38
179.77
185.81
216.63
277.15
319.99
372.82
343.64
329.54
272.97
252.9
234.54
249.84
316.11
448.64
432.45
361.93
344.17
261.86
215.3
203.06
199.48
179.33
192.17
217.54
250.9
277.77
300.53
352.39
410.53
430.38
410.83
369.93
351.2
334.18
311.05
326.12
384.78
456.35
454.78
385.08
381.5
288.89
259.1
230.67
222.02
222.24
222.91
268.66
384.11
544.55
507.99
549.4
597.24
691.34
574.25
522.17
501.72
482.91
459.93
456.87
469.33
532.24
513.51
441.49
403.43
294.33
223.5
224.32
197.08
141.04
178.5
231.63
324.76
596.62
649.38
632.21
574.46
631.62
560.05
515.5
513.86
487.07
448.19
434.68
481.85
543.19
507.59
425.43
352.23
286.11
261.97
239.88
223.17
188.02
201.01
242.64
355.53
519.75
507
537.29
508.86
536.54
504.53
490.8
467.45
434.99
403.28
402.54
447.9
485.58
497.22
395.45
335.91
285.84
256.91
216.91
221.69
149.16
174.16
224.38
276.31
432.26
464.94
460.02
466.96
479.27
441.14
424.2
418.46
386.3
337.94
337.27
371.82
470.62
365.33
302.95
291.31
246.76
257.81
216.69
209.38
179.9
139.54
202.07
202.44
242.96
292.95
339.96
358.54
344.14
335.93
314.14
291.08
278.47
269.82
276.91
298.47
357.42
308.17
263.77
252.36
224
216.32
197.07
172.37
134.54
120.36
113.87
67.45
129.69
181.55
228.85
275.79
334.74
315.41
269
238.03
224.23
220.12
227.29
288.62
387.42
328.1
320.86
298.85
256.16
215.44
200.89
186.56
139.92
178.65
226.11
303.27
459.01
459.98
480.35
490.13
552.14
498.71
506.7
486.55
463.12
441.18
425.95
460.43
566.32
507
413.86
336.48
289.69
261.62
223.27
231.7
234.61
230.21
278.56
353.93
507.36
522.58
522.8
515.34
559.89
507.13
492.58
473.1
456.84
447.28
445.79
479.74
553.77
481.39
431.39
383.78
302.07
255.6
247.91
209.03
164.18
135
242.61
331.49
447.76
481.72
508.36
508.43
537.69
506.72
506.72
507.09
459.25
414.03
403.14
448.36
529.7
485.3
419.55
353.96
310.22
269.4
255.44
222.98
222.53
227.98
264.03
388.65
522.76
537.46
537.76
522.23
620.74
560.37
561.93
537.38
507.08
487.76
475.14
537.9
741.86
690.59
492.53
432.53
380.59
313.9
297.93
268.82
257.1
267.25
321.29
415.25
516.07
515.33
517.94
522.12
539.58
508.68
508.24
486.44
455.92
431.59
428.68
485.18
536.97
479.35
410.99
403.53
334.72
317.78
291.51
257.18
224.04
215.91
224.27
245.16
296.51
314.2
376.36
403.16
419.05
376.21
358.6
313.75
291.36
268.97
296.66
355.09
426.14
347.78
286.36
294.2
244.49
237.4
216.5
201.73
155.98
155.75
155.83
108.74
179.34
201.58
267.18
310.17
351.36
336.14
305.69
256.66
240.24
216.28
247.33
319.05
388.68
339.72
334.42
343.6
291.21
231.88
223.59
219.49
180.31
204.49
246.51
328.45
470.7
465.62
470.4
470.18
470.77
470.7
470.47
467.19
448.83
439.73
425.55
467.34
489.95
460.17
419.8
358.6
306.36
300.77
268.82
258
231.66
238.97
315.25
403.16
556.61
577.73
537.95
546.9
573.92
530.71
508.99
494.88
470.7
447.42
442.05
492.8
542.57
490.71
439.88
363.08
313.9
306.12
301.65
260.75
255.38
239.41
279.11
354.26
493.14
500.08
515.01
522.47
514.93
493.07
493.22
470.38
455.38
440.68
432.99
492.99
522.25
456.13
373.66
343.44
310.68
291.13
264.41
247.99
217.92
232.1
298.67
360.01
510.39
491.28
474.79
463.07
477.63
474.72
463.37
466.58
440.09
424.79
418.3
493.67
541.96
487.33
401.28
371.73
306.5
294.42
280.17
248.83
231.6
256.96
280.02
354.78
523.7
507.21
495.27
494.98
495.35
494.9
479.38
442.67
399.55
354.85
354.71
420.66
443.2
439.54
343.29
328.59
294.27
261.44
253.9
252.49
235.4
203.09
224.66
255.25
294.27
307.48
326.8
335.68
343.74
354.85
331.5
313.45
269.27
247.56
270.17
367.54
385
338.14
307.77
322.32
280.32
263.38
230.1
201.38
159.15
148.03
173.62
178.1
239.06
249.58
281.36
324.11
337.4
346.95
298.82
271.29
258.01
225.78
261.37
350.45
403.58
367.84
338.74
328.96
317.77
262.45
238.72
224.47
187.55
223.06
257
345.4
523.62
493.26
501.77
491.32
522.13
502.89
512.58
513.4
478.12
447.9
448.2
519.6
524.52
465.14
416.2
362.49
314.07
259.51
238.85
225.72
184.47
201.48
252.35
322.47
482.77
442.72
442.64
425.78
429.36
418.1
418.47
410.57
402.43
365.66
360.81
429.59
445.1
421.46
343.06
326.87
282.79
230.89
222.83
172.7
101.16
93.92
223.06
243.8
410.83
387.33
402.92
421.87
431.42
423.29
410.6
402.7
388.15
366.07
393
439.77
454.17
416.8
357.64
330.26
287.59
298.81
274.18
280
288.14
291.49
311.34
436.38
587.31
556.28
507.19
506.89
529.87
507.33
510.17
507.26
492.86
478.09
456.75
538.3
492.11
502.63
420.27
350.88
280.08
246.67
239.66
217.72
216.15
216.6
250.63
353.67
506.17
486.33
496.7
506.77
507.37
491.48
457.08
446.71
396.57
350.01
379.48
485.13
493.04
447.53
314.05
332.85
278.31
255.85
266.67
243.31
242.79
245.55
256.74
216.38
268.46
312.11
347.32
355.16
404.33
379.71
345.83
320.54
310.54
274.2
317.25
434.92
402.54
376.12
302.33
291.66
249.95
238.84
215.78
287.56
71.55
113.49
122.22
71.18
154.9
166.61
250.18
292.26
315.39
317.63
264.13
248.31
241.97
220.78
322.55
371.65
335.83
298.83
287.41
283.01
242.64
209.32
197.83
175.29
148.87
159.25
215.88
238.42
324.39
333.79
358.64
359.76
393.56
366.25
355.43
344.68
336.25
326.25
448.04
425.95
373.71
339.76
291.33
302.37
270.28
189.77
158.95
131.49
61.04
137.91
178.36
178.8
255.74
247.16
275.44
286.79
300.74
297.31
283.43
259.47
257.91
225.67
298.73
369.77
313.5
285.37
251.86
242.83
209.25
221.59
208.31
194.27
211.52
222.19
242.94
299.51
506.85
482.81
442.96
446.62
480.72
469.08
498.26
486.55
446.91
455.72
508.41
498.11
426.02
440.57
313.84
298.69
252.86
226.98
211.08
181.45
178.76
196.45
238.47
250.87
402.31
384.17
402.46
383.87
402.31
358.87
383.95
356.7
373.57
347.67
448.14
508.9
486.06
383.95
289.45
264.08
230.86
201.3
178.54
108.97
112.18
175.11
227.95
286.54
473.67
462.62
455.15
463.07
483.97
492.62
485.16
457.62
450.08
484.26
633.25
543.6
480.16
432.76
339.91
306.17
252.28
265.42
201.83
216.61
161
197.12
201.45
201.08
232.06
259.45
313.56
347.45
315.35
297.74
288.26
269.23
259.52
298.93
460.68
432.54
336.03
283.78
239.52
221.53
178.76
221.31
201.75
186.75
127.04
99.2
135.02
137.41
159.13
186.75
237.8
265.94
298.19
291.69
243.1
213.99
213.55
221.98
300.43
351.48
329.09
308.11
268.63
280.8
224.59
197.87
171.6
154.8
154.65
176
216.61
280.05
472.1
455.68
468.14
455.53
469.41
462.77
485.46
477.55
461.72
448.51
542.71
543.38
486.21
508.97
470.68
383.95
268.11
262.18
248.15
228.15
233.82
253.75
276.66
353.38
584.14
596.68
585.34
615.42
596.91
463.69
508.09
478.24
448.39
449.14
639.82
738.93
507.35
473.84
328.9
290.02
230.24
213.39
192.13
159.6
163.03
187.2
230.48
301.51
485.58
477.75
484.91
504.76
522.81
522.51
559.9
545.27
548.11
522.29
691.59
899.16
559.97
506.77
448.13
394.4
298.45
275.77
244.44
214.01
220.27
215.72
271.74
369.31
507.16
494.03
492.09
499.4
512.83
507.16
500.82
470.16
460.09
456.96
521.33
537.74
498.8
459.49
358.49
313.81
254.36
254.76
235.67
235.29
222.62
229.25
251.03
322.62
507.35
522.57
533.01
510.71
533.16
499.75
488.49
446.87
400.48
447.17
508.4
495.79
448.21
354.77
290.48
282.5
264.53
235.07
235.29
213.52
200.61
178.69
220.08
195.1
255.5
295.7
344.25
384.75
400.41
390.42
351.26
315.09
304.8
343.36
506.83
508.1
501.31
338.73
297.94
324.49
289.06
248.57
228.06
202.03
173.84
171.31
172.2
171.98
172.2
213.29
252.82
298.68
336.35
350.67
295.4
272.28
229.03
248.05
447.24
487.22
447.1
363.57
330.46
316.81
268.56
236
219.97
201.63
203.27
208.34
225.71
331.82
537.63
583.34
551.42
568.57
596.39
540.76
537.03
537.18
536.96
537.18
611.08
714.58
544.34
499.75
432.49
389.69
317.66
273.75
254.22
227.07
220.66
181.96
272.41
329.98
521.78
485.09
491.5
507.69
519.77
507.02
531.03
518.72
515.07
519.99
898.74
1614.26
1061.38
517.46
491.06
406.64
305.75
290.23
261.74
227.14
220.95
216.48
267.11
419.69
563.31
572.41
636.61
736.46
709.62
578.37
678.22
613.12
563.68
705.81
872.85
636.61
522.67
514.02
484.64
430.8
336.17
248.21
249.11
209.14
153.59
203.1
241.57
313.38
537.2
539.52
572.4
537.28
522.52
539.07
522.67
539.44
534.22
521.55
596.93
730.24
552.19
509.47
471.22
411.05
338.06
347.46
291.09
244.86
241.06
233.31
335.24
485.55
720.28
1010.93
709.02
894.61
894.83
634.08
578.31
558.55
535.44
536.63
705.96
748.61
568.17
521.42
424.26
447.83
365.81
371.32
333.59
308.77
279.16
209.45
276.41
255.83
320.7
407.93
487.87
506.28
509.86
501.06
433.06
373.34
345.15
403.61
536.85
559.52
525.45
448.42
361.71
368.19
303.55
317.56
298.33
267.68
234.2
201.1
233.9
179.7
189.32
213.85
251.5
305.48
335.98
335.24
290.42
263.21
255.01
248.07
336.28
457.07
403.31
417.7
365.14
410.1
339.86
296.36
258.47
247.35
238.55
220.57
298.75
447.86
596.9
657.1
669.11
668.21
746.39
709.17
823.22
738.03
701.11
753.32
1090.04
800.69
671.64
535.14
478.67
447.41
382.52
447.85
387.27
361.76
306.18
250.3
378.84
529.17
2236.88
1492.62
2238.30
1492.70
1492.85
1089.08
1208.38
1179.43
1088.64
975.54
2312.76
2238.22
1492.17
643.77
518.8
508.28
484.63
376.56
342.09
324.48
288.96
265.31
354.02
505.48
745.5
748.79
845.93
907.71
1492.27
1087.74
1872.56
2125.71
1716.40
1491.01
2826.97
1253.15
864.88
745.58
558.46
522.49
429.75
477.24
423.6
400.17
380.32
355.25
477.92
563.05
1455.46
1492.47
1410.09
1312.64
1439.64
1044.33
850.47
1343.39
1207.88
1260.49
1283.17
1611.26
1073.80
671.1
570.51
525.37
384.27
293.48
276.17
253.57
258.19
222.23
297.13
450.58
671.77
677.22
682.14
671.62
671.85
670.95
671.7
664.46
594.41
590.53
671.77
746.45
630.82
592.77
515.19
522.95
457.37
462.97
373.52
334.8
310.11
238.72
255.13
290.94
354.72
375.98
402.99
476.84
491.84
492.29
510.56
449.47
384.41
522.2
613.81
672.07
576.88
503.85
434.4
492.06
459.54
381.43
333.46
318.32
295.64
236.56
255.65
227.75
245.66
261.03
329.51
412.31
477.37
512.8
373.67
339.5
320.93
343.61
578.82
587.7
577.11
522.87
476.99
507.21
454.46
390.97
337.58
315.65
291.2
255.03
377.18
539.44
1118.85
1585.21
1267.09
1342.86
1492.00
1207.96
1492.00
1267.62
1273.88
1342.93
2846.34
3113.89
1566.12
781.27
612.22
587.39
492.09
479.51
359.34
350.84
331.6
231.11
337.57
452.67
1117.82
1237.32
1378.90
1491.39
1640.35
1148.01
1073.46
1192.67
1080.54
1431.30
3727.85
3727.33
1118.86
690.64
579.56
527.3
410.55
375.22
392.06
338.77
283.17
213.32
303.37
462.43
798.22
1080.26
1075.27
1081.01
1177.31
1207.35
1117.83
1236.64
1117.76
1706.82
2678.04
2735.14
1863.28
819.39
638.04
584.74
490.38
384.83
333.55
329.23
276.23
250.81
368.8
529.35
872.52
1014.06
1456.96
1207.33
1085.24
1020.03
961.29
852.92
917.31
1467.69
1602.23
2355.04
864.69
671.2
595.62
559.47
426.79
429.71
350.49
305.85
283.27
231.7
291.17
417.26
699.85
856.88
807.77
722.51
707.68
655.66
633.68
637.55
582.41
631.74
1020.98
614.6
596.49
488.43
410.33
396.99
338.86
346.91
330.29
293.7
256.06
189.81
242.65
261.13
328.35
357.79
431.87
519.13
520.92
509.52
476.28
439.02
397.73
461.38
606.33
605.66
559.15
446.85
375.68
394.53
307.56
304.8
268.88
250.85
232.14
193.39
202.26
179.53
187.06
208
257.55
306
380.97
359.06
305.77
273.06
249.21
301
424.49
461.53
419.5
383.65
372.77
370.24
313.75
255.09
241.52
230.42
230.57
223.94
245.84
357.4
745.36
856.1
847.23
966.84
867.35
1117.52
1490.49
1207.24
1118.04
1144.57
2096.95
1817.34
1040.39
708.32
606.3
522.32
391.24
275.89
223.59
231.11
231.48
242.81
285.57
424.82
725.97
937.33
820.07
738.56
727.16
736.77
734.16
688.94
686.85
745.49
1212.70
819.92
672.32
611.08
549.84
507.07
383.25
365.61
291.04
275.92
253.65
240.54
305.64
414.7
707.68
1117.77
968.78
1117.54
1117.99
759.38
940.55
968.19
860.92
894.44
935.19
857.19
778.23
630.58
537.62
514.15
370.6
371.78
304.3
291.19
254.46
253.05
291.26
383.11
617.75
625.2
628.03
632.65
633.17
657.31
656.12
625.13
624.01
656.94
690.16
685.39
685.54
634.14
528.44
462.37
380.05
352.21
291.13
275.86
250.01
247.4
313.55
428.42
666.95
678.43
710.68
763.72
745.1
671.05
641.92
656.23
643.26
769.76
849.39
823.62
690.57
633.21
518.56
492.34
401.83
492.04
422.24
368.97
342.83
275.04
303.87
302.08
408.53
499.19
587.91
635.96
640.66
640.06
559.01
521.84
433.93
567.35
687.59
702.41
635.44
528.91
409.95
444.14
337.46
354
285.61
275.48
253.58
230.71
233.39
213.13
223.63
241.96
257.23
301.78
389.83
334.33
295.97
257.6
260.14
319.36
484.89
552.98
509.92
381.41
372.4
412.55
316.9
255.34
254.08
245.51
238.88
239.03
254.37
316.27
690.05
733.7
745.09
723.94
724.83
700.7
745.09
745.39
707.55
794.18
909.11
1088.40
765.5
634.63
567.74
513.81
368.19
369.73
365.71
293.74
242.19
249.79
313.86
486.17
781.62
1117.60
852.92
893.74
734.09
829.45
856.72
803.23
708.09
804.57
1005.41
745.12
670.85
634.42
521.26
520.96
373.01
314.17
308.36
274.54
247.87
245.63
291.15
439.79
699.65
736.45
742.86
791.21
744.87
745.62
708.51
708.22
708.29
725.43
817.06
802.68
737.35
670
529.04
483.67
369.23
363.72
292.63
272.21
254.18
240.91
278.54
362
633.02
698.89
690.33
682.8
672.07
617.37
611.78
641.44
647.63
697.4
708.21
708.14
696.81
588.98
429.07
440.47
291.21
292.94
263.66
248.08
220.36
207.84
239.06
314.48
662.79
678.51
670.61
670.84
671.29
629.85
600.86
526.49
509.2
615.54
680
685.67
634.17
507.19
358.6
368.95
263.73
315.07
265.59
254.12
243.09
216.33
203.44
83.69
212.01
304.34
343.39
366.27
362.02
372.31
335.79
317.61
328.86
469.18
670.39
633.5
625.38
422.76
402.49
435.43
317.61
325.58
287.13
256.28
252.25
233.1
226.32
146.36
173.48
220.36
243.46
286.24
344.81
323.5
264.4
247.93
249.42
288.02
399.73
428.57
412.47
328.27
314.33
355.69
267.68
248.03
235.13
227.3
216.57
212.17
242.59
286.57
745.8
708.23
707.7
707.78
683.1
700.1
707.7
707.78
700.47
700.7
745.8
744.75
700.32
639.42
484.8
452.15
299.47
311.19
269.88
247.73
221.78
208.73
249.15
349.97
708.81
707.69
712.39
700.75
708.21
700.6
712.31
745.87
746.32
844.16
1267.20
1491.74
886.74
709.48
634.38
552.58
434.98
338.05
334.69
293.9
247.81
258.18
317.76
436.56
746.42
973.65
973.43
973.43
746.42
760.22
746.2
735.61
708.91
827.93
895.05
746.12
708.84
663.64
552.53
504.43
278.54
263.67
249.8
247.86
242.41
254.72
254.72
328.27
618.27
646.69
641.99
641.99
638.26
608.87
596.94
596.79
594.77
634.08
670.93
641.76
597.31
615.43
445.97
422.32
325.28
409.79
314.76
314.02
287.91
289.1
344.6
299.62
655.63
678.9
704.11
669.65
642.13
669.43
581.49
488.85
424.63
492.28
642.05
597.3
413.44
390.62
286.05
278.81
242.63
216.01
206.98
202.95
191.47
133.81
186.47
37.67
161.86
205.34
286.19
334.23
353.03
322.74
279.11
232.19
206.98
231.97
344.97
327.22
247.71
205.49
202.95
210.86
203.03
207.21
194.3
177.97
119.79
161.86
140.67
8.73
8.43
127.99
206.98
244.28
287.16
270.9
224.29
210.11
207.28
224.14
270.68
361.08
322.22
267.62
267.25
277.62
237.41
211.01
203.18
162.53
114.05
154.62
145.45
0
20.51
52.14
208.1
248.38
337.59
289.4
234.13
210.64
207.06
232.71
295.97
381.29
264.71
223.76
226.6
298.43
239.43
212.77
201.66
185.92
161.97
162.56
194.57
203.6
253.06
265.82
303.05
337.51
408.69
447.85
479.86
351.84
356.84
530.07
682.93
683.16
597.21
410.18
316.33
353.33
279.02
237.26
213.24
183.76
162.58
52.23
180.26
203.01
240.47
248.15
303.66
437.29
447.88
475.71
481.68
451.76
447.51
501.01
682.91
683.35
653.81
531.97
371.78
365.14
296.95
341.09
298.42
312.44
274.63
255.01
275.52
300.06
319.38
323.26
373.61
421.49
415.45
403.37
402.55
361.6
369.95
402.25
641.67
611.76
402.1
402.92
295.81
284.18
268.89
231.35
203.15
183.53
157.49
191.44
191.29
180.39
215.68
232.25
304.39
325.2
340.65
347.21
319.16
286.11
257.16
299.02
359.89
348.48
298.12
310.58
263.5
248.21
207.33
248.21
216.58
184.72
161.89
133.77
137.94
15
162.27
182.93
232.62
242.91
276.19
276.34
295.66
243.29
241.79
351.02
425.7
411.07
328.56
244.26
208.45
268.58
231.95
239.48
224.34
208.45
161.97
61.47
8.43
0
0
0
4.48
51.93
201.96
211.36
202.78
199.49
204.12
237.99
329.08
331.92
335.87
265.37
260.6
312.74
241.72
