218.83
213.7
212.25
195.17
193.77
197.92
184.79
178.62
173.6
159.94
175.45
180.49
183.52
165.32
173.62
199.02
216.82
220.83
219.08
213.21
198.91
195.05
176.09
169.91
193.24
188.8
173.18
182.19
188.25
200.61
204.6
190.88
224.57
227.75
231.01
232.46
230.16
227.65
227.59
229.42
235.1
239.26
237.23
230.74
225.17
226.9
224.76
210.03
220.02
215.98
212.45
208.61
211.61
214.98
221.13
212.49
226.02
230.88
233.18
233.31
229.63
228.06
226.68
222.97
236.72
261.22
237.96
249.5
212.39
221.27
218.73
199.51
208.44
147.06
140.33
2.01
2.19
3.36
3.47
5.53
153.55
169.89
200.2
217.41
218.25
215.86
215.69
192.99
224.63
255.58
235.69
249.61
225.64
223.09
220.44
218.8
208.37
205.36
199.71
199.46
203.24
191.58
213.07
251.68
243.11
237.7
238.29
237.07
234.53
233.43
234.02
235.33
240.14
242.13
237.47
232.38
228.33
225.03
212.3
204.74
212.28
202.86
198.06
195.39
192.88
201.27
203.49
220.97
225.94
226.08
227.77
226.87
225.64
224.76
224.48
224.82
228.08
229.8
228.38
226.33
224.28
222.66
214.53
207.15
202.62
142.36
129.8
110.99
106.56
198.01
211.67
222.04
229.4
228.26
229.15
225.88
225.18
224.77
225.38
226.46
232.45
234.29
229.23
224.23
221.58
220.95
216.3
212.56
170.01
191
186.4
186.24
192.28
150.53
215.64
223.32
227.29
223.3
225.32
223.07
219.77
217.96
217.95
220.46
223.64
224.16
220.24
217.48
214.91
212.35
206.97
196.98
197.56
183.04
181.54
181.97
188.31
194.55
188.17
236.3
224.65
220.25
220.35
218.74
216.52
215.76
214.8
214.55
216.37
217.82
216.31
214.38
207.76
203.69
197.47
196.81
187.16
156.69
151.25
125.94
149.1
155.94
185.04
188.18
187.81
192.78
205.31
205.53
202.31
197.2
192.35
193.14
197.4
214.69
213.05
210.71
195.86
200.41
196.42
190.44
191.77
6.13
3.07
7.53
7.99
25.61
54.6
8.24
30.16
30.32
33
145.16
54.42
7.52
7.87
30.19
143.34
206.38
206.5
201.38
196.19
196.51
191.03
91.12
78.4
53.03
43.2
33.34
43.61
128
38.72
215.08
217.39
215.14
214.87
213.58
212.88
212.6
212.28
213.22
217.01
218.94
216.71
214.93
210.17
206.76
200.77
138.14
118.11
57.97
57.77
59.98
78.89
166.65
143.55
210.47
215.1
211.25
211.09
210.47
209.62
209.29
209.59
211.75
217.35
221.17
215.47
211.84
208.05
199.04
194.16
182.15
182.83
130.38
174
72.97
86.18
168.85
181.7
208.05
211.47
210.21
210.34
211.95
210.04
210.78
211.66
214.4
216.86
225.4
218.87
212.08
199.6
203.62
199.9
193.07
194.74
189.17
189.29
189.77
190.36
191.04
196.64
224.43
230.27
227.12
229.02
228.08
224.95
226.03
226.74
235.36
239.41
243.44
233.59
224.85
212.38
208.09
203.5
199.77
202.87
199.27
195.61
195.42
200.34
205.34
207.03
209.94
236.38
232.37
232.51
226.45
221.19
215.42
211.83
213.23
216.64
224.49
220.89
211.24
205.84
119.96
136.6
151.55
8.13
0.61
0.39
0.03
0.08
0.17
0.17
15.61
90.82
165.22
207.16
207.19
204.87
150.67
135.14
116.42
15.13
220.15
218.1
207.48
203.26
203.06
193.67
190.32
191.6
107
98.07
79.07
84.86
174.83
187.54
188
193.95
193.11
201.26
204.5
202.26
200.45
195.98
194.86
202.88
207.55
207.11
202.67
138.14
103.57
135.24
3.94
197.71
74.92
78.05
63.04
73.69
165.71
203.57
227.14
231.64
227.79
229.54
224.84
221.44
220.21
218.59
218.77
227.39
232.62
224.84
220.46
215.41
210.79
204.96
198.49
199.83
158.67
120.68
102.55
110.85
190.17
201.78
230.7
247.96
241.9
241.34
238.14
235.85
236.09
235.35
238.37
257.31
323.89
259.84
241.02
232.09
222.26
217.33
201.71
211.58
210.34
208.4
208.46
211.41
216.21
205.42
259.74
282.04
266.67
259.55
254.04
251.21
252.99
254.44
246.8
256.33
313.35
259.18
244.81
238.2
233.58
221.24
218.25
205.86
196.54
196.13
196.01
196.21
168.82
204.79
305.66
350.9
300.84
290.48
288.27
257.31
250.22
244.21
239.35
240.07
242.85
239.43
236.1
230.97
224.79
218.24
186.89
185.6
178.02
147.66
178.81
184.54
139.58
210.21
290.89
247.53
241.77
239.3
235.59
232.47
230.54
227.33
227.88
230.77
231.41
230.1
224.1
216.69
210.23
207.65
202.5
201.55
195.81
158.31
151.97
141.86
170.99
188.28
196.62
198.31
208.42
210.73
213.13
195.15
192.64
192.23
192.05
174.58
247.84
219.56
212.11
207.84
206.04
194.97
190.56
195.56
189.61
125.5
190.16
93.6
190.45
190.46
68.94
175.19
184.86
194.01
199.94
189.39
193.9
188.91
193.96
196.43
213.59
216.97
211.01
193.52
188.2
194.84
185.66
203.96
198.87
198.63
198.98
198.47
199.4
206.25
328.22
233.47
232.26
232.22
230.35
230.04
229.21
228.88
228.79
231.39
232.51
229.72
223.26
218.68
216.2
211.11
207.1
208.66
202.18
199.54
199.83
198.14
153.01
236.38
262.75
240.08
235.56
234.34
231.57
231.47
230.57
229.91
230
234.55
237.24
232.47
227.99
223.59
220.52
217.18
211.51
209.38
206.41
203.42
201.49
197.01
198.9
204.68
309.68
237.61
233.37
232.21
228.68
225.34
224.15
224.33
224.43
229.4
233.03
230.18
226.8
220.86
218.71
225.82
200.94
207.01
203.32
199.5
199.71
193.15
186.78
216.76
354.39
238.76
233.39
231.88
227.69
224.46
224.18
223.8
224.85
233.09
241.7
234.99
229.9
224.26
218.67
215.25
202.97
200.86
198.02
198.27
198.1
190.14
182.14
187.46
300.37
235.59
232.67
231.7
228.12
222.94
220.93
215.94
215.34
220.46
223.94
222.21
217.02
210.85
205.18
200.22
170.67
174.25
164.65
140.46
109.89
116.85
143.2
147.88
177.16
201.94
205.37
207.29
207.49
205.48
203.42
202.81
204.48
209.58
217.03
213.27
206.38
184.51
181.44
160.4
128.82
176.63
95.54
97
72.28
74.14
74.48
175.71
143.84
134.19
197.84
203.13
207.06
205.26
203.8
203.86
204.38
210.92
219.35
220.43
218.76
212.32
206.66
201.1
179.14
181.81
179.95
117.37
108.67
110.11
149.18
185.77
229.96
232.7
226.65
226
224.48
221.05
220.26
219.54
219.11
222.01
226.25
225.15
223
218.89
213.96
209.88
204.63
200.13
196
195.76
195.59
196.73
198.65
198.17
221.91
245.3
222.67
221.12
219.54
217.55
216.22
213.45
213.27
215.21
219.71
216.69
213.21
201.35
200.99
197.81
155.93
118.29
108.96
142.85
153.4
180.03
180.05
185.55
223.3
214.84
212.97
212.74
210.85
209.22
207.84
205.03
205.46
208.98
214.76
212.67
209.88
199.92
190.12
190.5
175.43
170.29
150.06
104.88
72.53
87.24
164.72
189.33
207.74
214.13
214.25
214.32
213.78
211.56
209.96
209.2
207.87
208.11
213.56
214.51
210.2
204.31
181.94
168.44
162.53
77.88
60.34
59.64
59.63
73.09
180.11
183.9
209.09
210.81
208.74
207.96
205.25
200.27
194.72
192.22
190.91
192.46
205.81
207.7
201.99
192.01
184.01
183.47
184.48
183.51
173.35
164.46
157.68
161.72
162.17
162
178.59
182.91
187.23
187.77
189.56
184.29
138.25
124.66
124.64
189.36
198.59
200.49
191.62
167.3
153.84
149.68
154.08
181.49
171.37
158.27
159.65
66.37
58.23
44.32
183.08
186.16
186.36
187.26
189
183.87
182.06
176.4
177.56
178.35
188.88
216.47
206.94
191.18
191.93
194.25
183.82
51.63
30.16
36.22
34.58
25.57
65.38
135.53
217.61
218.35
217.47
217.08
216.66
214.91
213.62
212.37
212.33
213.45
219.31
218.62
215.6
211.56
208.48
189.66
173.06
176.83
170.6
167.31
164.71
159.84
174.7
203.41
228.78
235.07
230.22
230.62
227.62
221.85
221.46
220.79
220.43
221.87
234.28
229.66
221.47
217.57
213.39
208.95
204.35
201.78
202.46
201.83
200.75
200.26
155.53
170.51
257.08
291.15
251.18
243.98
234.2
229.82
227.16
222.23
220.22
224.63
238.73
260.39
250.92
221
218.02
215.15
209.71
200.83
201.39
201.25
201.26
201.47
205.39
200.7
225.84
235.78
229.99
227.36
224.65
220.08
217.03
215.8
215.02
214.93
221.34
221.49
218.4
215.26
213.35
208.14
199.55
198.32
197.38
193.44
193.07
193.05
197.63
192.08
213.65
218.26
215.6
212.95
209.96
207.54
204.22
200.66
200.15
200.99
206.65
207.02
205.66
179.08
195.91
161.44
185.43
185.12
180.77
179.89
178.89
180.69
181.86
186.17
185.83
197.72
199.59
200.73
201.9
198.24
195.63
191.12
187.72
183.6
205.19
208.72
204.66
189.8
186.14
185.21
180.49
185.46
183.72
181.55
181.37
181.96
185.83
185.79
189.96
188.19
192.84
196.24
196.49
193.4
187.7
184.48
186.21
192.47
202.61
210.3
208.45
202.27
193.35
187.91
182.74
190.45
191.55
192.89
195
198.37
193.13
206.41
226.29
219.31
218.47
217.82
215.68
214.18
213.23
212.51
211.35
211.56
216.63
216.37
213.67
215.41
208.22
205.94
199.39
186.25
186.15
186.65
186.46
186.8
196.53
198.28
211.31
213.67
212.03
211.65
210.61
208.51
208.31
207.72
206.91
207.62
211.72
212
210.67
206.9
203.21
200.35
191.27
182.96
186.15
182.07
185.11
186.95
177.58
173.55
224.3
217.12
216.15
214.16
211.89
210.2
209.12
207.82
206.39
207.95
212.03
212.57
209.84
207.77
197.51
200.17
194.88
193.34
188.51
184.16
185.73
183.79
186.92
197.52
221.25
259.76
247.7
252.77
257.2
247.55
246.72
228.93
211.02
210.52
248.51
283.72
248.72
270.07
204.17
202.31
193.5
191.36
186.38
186.04
186.36
187.5
190.43
198.3
227.08
226.03
224.58
224.86
225.29
208.08
204.97
203.19
201.69
201.88
206.71
208.08
205.52
203.6
200.2
198.36
183.08
178.11
171.48
163.26
152.55
155.46
170.33
186.26
188.54
196.77
198.76
201.81
202.2
199.19
197.73
188.44
187.77
186.21
184.46
210.75
209.55
191.18
189.22
189.25
181.42
173.93
174.44
176.11
176.28
176.99
177.65
178.35
178.08
180.24
119.54
71.47
63.02
43.9
87.97
40.01
34.1
19.5
127.54
191.06
184.51
113.29
126.32
144.53
136.61
98.33
72.77
66.89
65.79
99.53
166.53
170.01
211.61
214.27
214.05
214.43
212.94
211.5
211.37
210.27
209.3
209.18
212.8
216.63
213.6
212.07
211.75
208.9
201.49
203.24
191.1
189.71
170.14
167.57
184.84
204.93
212.37
194.94
213.6
213.38
211.81
210.87
209.53
207.96
194.87
193.63
210.83
211.87
210.64
208.82
192.9
201.85
196.89
186.09
188.64
195.94
197.27
197.15
193.56
206.64
213.18
214.33
212.3
212.06
210.12
209.18
207.8
207.11
206.57
206.58
209.98
211.96
210.25
208.33
207.45
205.14
199.64
197.97
192.51
193.16
194.8
196.05
201.4
205.99
211.24
212.9
211.39
211.18
210.2
209.3
208.75
208.01
207.45
207.51
211.17
214.96
212.29
209.76
209.49
211.61
198.26
204.04
200.94
190.45
190.19
193.78
196.97
207.83
214.63
242.76
248.46
249.29
256.26
246.98
209.26
207.5
206.48
206.8
210.33
213.36
209.79
207.13
207.05
206.57
204.86
209.09
193.4
202.15
189.11
189.1
200.7
201.92
201.45
211.74
211.6
213.36
213.06
209.56
207.76
205.41
205.41
208.54
212.32
215.22
213.52
211.57
210.07
208.73
206.95
192.83
198.75
196.71
196.33
196.62
197.22
200.72
201.69
201.04
202.6
205.82
207.25
204.74
200.32
197.01
196.85
196.54
178.68
216.88
213.8
211.79
210.46
209.92
187.15
162.03
154.56
185.65
129.17
128.69
116.49
212.09
218.93
220.31
215.6
213.65
212.43
210.6
210
209.49
208.65
208.62
212.05
215.01
213.59
210.87
210.18
208.3
206.12
178.55
180.3
185.99
188.25
195.42
198.28
209.86
213.1
213.55
211.83
211.34
209.67
208.75
208.43
207.96
207.78
208.05
211.19
213.65
211.95
211.03
210.18
209.98
204.3
209.76
208.48
205.54
203.04
203.06
199.17
227.44
231.63
272.36
292.17
292.1
286.92
276.72
277.04
276.86
276.12
276.17
291.91
292.09
272.89
215.64
213.01
212.76
212.07
211.47
210.2
208.55
206.82
201.61
196.78
216.82
223.52
294.15
327.09
326.79
326.5
295.59
296.08
296.08
295.55
295.55
321.72
321.88
321.4
218.9
218.01
216.88
216.35
15.42
193.07
209.88
214.03
205.4
144.01
262.05
250.1
299.01
325.77
325.49
325.12
315.7
290.68
290.63
255.39
255.72
306.27
321.9
321.02
218.48
216.25
216.6
214.77
190.47
196.67
197.59
197.59
198.01
198.79
199.45
205.85
206.25
215.99
219.03
218.44
215.69
212.48
202.6
202.5
199.9
209.32
230.15
241.84
201.52
204
209.78
203.58
204.89
189.85
187.94
188.34
188.33
177.22
173.47
182.4
197.12
203.58
206.28
212.32
208.73
195.74
188.59
188.56
196.3
197.67
221.3
219.42
218.6
216.42
214.15
212.6
211.58
198.87
198.31
199.35
192.38
188.73
271.7
273.61
307.88
322.23
362.25
362.21
361.3
317.01
276.63
219.96
219.19
270.75
361.21
357.09
221.67
220.05
218.97
216.54
178.95
210.47
198.22
197.94
199.59
178.99
244.09
232.75
317.68
317.17
316.5
315.65
224.97
223.86
223.21
221.97
221.34
271.47
317.58
316.59
227.86
224.14
221.86
220.39
221.58
220.77
208.28
208.53
209.1
212.75
247.46
256.42
293.68
232.31
228.85
224.94
223.63
223.1
222.92
221.5
220.58
225
293.91
364.11
223.84
223.81
222.59
221.36
173.55
184.76
199.27
201.31
193.74
205.39
221.47
227.86
232.69
227.29
224.68
223.63
221.87
220.82
219.84
218.73
217.21
222.01
227.12
224.77
223.21
221.9
220.63
216.91
203.37
196.24
163.92
186.27
185.2
200.63
218.57
226.59
231.98
227.83
225.87
222.65
220.9
218.95
215.95
213.66
212.23
215.36
221.31
220.65
217.1
214.96
213.98
212.44
175.06
139.07
114.43
109.68
107.72
108.17
115.79
126.24
202.23
215.23
220.72
221.04
209.97
192.79
181.69
181.18
193.65
194.38
227.41
228.53
226.53
212.95
195.95
178.52
173.9
154.88
132.05
68.02
64.69
60.65
93
109.11
140.53
176.12
201.23
210.03
198.88
176.23
104.19
99.52
116.48
205.69
224.58
227.99
223.87
215.47
210.13
175.59
120.22
47.75
43.47
43.16
116.53
159.6
184.51
227.63
232.06
230.29
228.37
226.51
223.97
224.23
222.86
222.03
221.7
224.19
229.58
229.58
227.74
223.07
218.67
199.25
117
94.76
93.64
106.64
106.98
140.69
217.73
228.26
230.57
229.77
229.62
228.1
226.66
225.04
222.62
219.8
219.01
221.16
228.56
228.44
223.16
218.68
220.03
193.46
191.64
191.82
186.27
186.18
185.34
187.19
200.55
226.32
228.63
227.12
225.95
223.82
221.83
219.37
217.47
216.04
215.18
218.97
225.38
224.5
220.89
217.61
201.93
200.93
190.7
191.89
190.66
190.92
191.25
191.81
196.95
293.38
285.62
229.09
225.46
222.58
219.97
219.96
219.25
217.36
216.37
219.13
226.1
227.1
273.32
204.1
197.05
175.11
175.46
127.96
129.9
128.45
140.71
158.85
202.07
217.22
220.68
220.98
221.11
220.11
218.82
212.4
206.48
199.83
199.47
205.4
215.24
214.71
197.11
177.73
156.08
142.64
33.16
39.56
47.02
40.69
66.95
109.96
55.38
143
160.12
180.12
193.9
210.32
200.51
177.01
170.98
172.28
174.98
207.31
218.97
219.23
202.59
195.82
177.87
104.53
8.11
7.69
7.3
7.07
4.73
7.08
6.97
7.59
7.98
12.3
12.79
15.65
13.52
11.8
8.2
11.98
33.29
182.24
205.8
210.28
198.44
184.78
154.17
58.69
175.01
159.84
160.1
188.19
192.8
199.24
212.45
235.68
229.07
227.24
226.15
224.91
223.96
221.49
220.69
219.84
210.55
219.71
226.29
227.33
224.64
220.11
212.59
204.33
183.74
188.89
189.7
190.41
191.56
196.09
210.31
265.59
239.18
237.4
235.89
232.84
228
226.58
226.14
224.18
222.66
225.41
230.16
233.66
228.27
225.84
213.03
205.1
205.49
205.54
200.58
200.61
197.59
198.83
219.32
250.14
239.2
235.8
233.42
230.83
229.51
229.47
228.5
225.45
224.31
226.13
232.28
234
228.89
227.65
222.73
196.66
211.1
210.42
210.2
210.2
210.64
204.7
204.69
263.75
251.06
241.68
237.49
231.7
229.69
229.52
227.8
225.51
224.4
225.33
229.54
232.87
228.85
240.28
210.12
211.79
211.28
211.29
211.22
211.22
211.44
212.64
227.24
242.87
302.72
263.8
246.66
236.19
232.57
231.94
228.33
226.22
224.23
226.81
237.37
238.85
229.44
226.1
213.14
206.51
211.09
203.7
201.46
136.13
133.78
119.8
196.03
203.31
206.7
214.26
227.75
227.34
218.99
209.99
185.75
184.09
196.1
214.61
228.98
230.87
227.78
215.94
209.39
175.41
192.16
190.12
0
189.83
189.69
189.11
185.13
191.23
175.57
193.73
201.7
219.56
215.63
203.36
194.4
193.15
192.14
199.56
210.92
225.9
230.12
228.58
221.86
195.53
202.04
202.19
203.17
205.02
207.58
209.43
212.09
247.82
242.99
241.12
237.37
232.88
231.9
231.67
228.88
226.81
223.02
222.88
222.88
222.65
243.81
227.99
232.83
214.77
216.73
215.65
213.85
214.5
215.68
213.68
217.67
250.78
239.62
237.26
235.54
230.14
227.24
227.35
225.73
222.84
218.08
219.9
222.24
223.83
226.57
230.79
215.41
212.92
217.7
217.53
217.1
216.86
217.62
216.17
220.03
233.75
237.46
232.5
230.82
228.21
225
224.18
221.56
218.74
209.81
210.44
212.07
209.11
225.8
222.34
218.78
209.69
217.09
215.48
212.31
211.34
214.57
213.79
211.75
229.18
238.13
232.24
229.98
228.92
225.89
224.73
224.69
218.83
212.18
217.46
220.93
221.25
225.16
220.22
217.7
165.2
195.21
131.46
210.9
213.78
215.56
212.43
208.62
227.43
241.67
236.99
231.74
228.48
225.86
224.85
220.48
217.65
201.53
196.95
202.93
201.42
220.3
211.32
127.91
98.83
123.8
46.04
60.57
74.09
77.81
100.54
89.36
152.99
194.07
221.49
223.08
223.42
218.85
189.66
178.91
172.39
169.91
177.84
183.86
205.2
193.27
185.49
196.17
178.17
139.67
157.02
156.8
157.05
68.27
45.4
12.19
3.98
4.07
17.36
29.15
72.81
59.73
50.61
1.76
1.55
4.1
28.28
59.77
88.33
189.14
191.26
196.43
180.66
91.88
95.66
96.89
100.09
201.51
205.36
220.09
233.18
242.83
240.31
235.03
231.94
230.59
230.59
229.97
228.96
215.45
222.92
223.28
226.18
235.72
231.82
214.38
208.85
211.11
211.19
199.18
203.61
211.37
211.04
203.3
250.64
253.19
242.1
240.64
237.55
236.68
234.96
232.43
229.45
226.46
226.24
226.58
227.97
234.27
230.37
208.05
200.6
194.33
194.65
181.05
196.77
194.79
197.85
207.46
216.54
253.78
240.4
240
236.25
235.09
234.49
232.03
246.43
214.89
225.45
227.43
228.49
230.14
229.27
219.82
198.45
186.3
179.75
164.57
170.69
183.59
188.54
190.94
239.33
234.06
237.05
237.03
234.2
230.69
229.1
227.73
226.74
222.16
222.28
225.2
224.99
226.46
225.1
199.69
182.91
172.94
164.14
153.77
147.59
152.14
163.01
163.62
174.12
186.59
208.84
212.94
210.34
203.48
189.37
164.37
157.27
157.99
165.33
175.82
190.68
201.04
191.79
181.69
158.38
173.74
156.02
143.34
141.84
151.96
159.57
169.6
190.37
226.4
224.51
226.1
226.44
225.47
198.32
195.64
186.37
180.42
196.47
201.79
199.4
227.58
229.08
204.73
183.76
180.58
163.24
152.67
152.42
152.1
152.22
140.82
152.39
168.58
181.02
193.75
200.98
189.07
130.25
92.82
87.4
104.79
140.97
145.22
180.85
197.83
204.73
189.01
184.35
164.94
147.07
129.22
131.32
146.22
151.79
153.28
163.26
178.43
178.78
193.73
197.74
179.6
172.41
171.01
165.29
165.7
171.48
174.75
179.16
223.73
223.96
222.4
179.67
220.53
220.4
178.9
179.02
220.23
220.36
215.08
268.92
267.83
288.02
293.56
322.64
297.96
292.57
272
233.71
229.65
229.18
228.62
228.97
233.34
232.67
216.35
228.8
220.57
220.55
216.44
220.49
220.52
231.01
228.8
240.66
245.3
241.5
240.35
237.51
235.43
234.15
232.47
231.55
228.48
228.54
228.12
228.34
271.78
230.17
225.73
229.56
224.97
225.52
225.54
225.56
225.83
225.11
210.89
240.46
252.27
238.78
237.42
233.27
232.26
231.63
230.1
254.32
219.28
222.42
222.11
222.94
227.89
229.38
219.64
230.58
214.11
221.16
221.03
221.17
221.72
223.21
216.99
247.88
249.39
255.44
268.49
280.36
243.19
234.54
232.26
228.21
214.54
218.29
214.54
213.4
228.44
228.42
229.37
225.74
210.96
214.27
212.66
211.91
211.8
213.3
216.95
222.61
232.1
234.07
234.52
234.79
232.73
230.45
217.2
218.99
228.9
230.61
231.6
232.17
233.66
233.94
232.58
231.19
165.99
141.28
141.08
72.28
74.17
48.82
57.97
68.95
157.74
207.01
205.87
208.48
183.94
178.37
174.22
174.15
174.3
207.51
213.07
215.46
215.19
215.21
211.15
171.41
149.63
103.82
79.11
81.25
145.99
196.13
214.02
233.83
238.68
238.26
237.54
235.66
234.25
233.72
233.56
233.05
232.27
232.82
233.83
231.79
233.9
241.75
210.58
213.95
222.97
221.88
221.53
221.42
222.01
223.48
225.29
234.23
240.93
293.88
294.15
309.1
283.65
233.71
232.71
231.65
228.25
227.45
224.34
224.04
230.11
257.48
217.84
218.28
212.05
210.43
199.68
207.46
213.81
216.43
213.19
256.28
247.78
283.55
303.83
318.57
307.78
289.06
230.27
258.86
214.05
214.42
214.77
214.59
222.78
223.66
206.83
205.98
179.66
151.62
136.49
136.42
179.84
187.2
223.25
248.39
265.8
297.34
326.7
331.44
286.29
270.83
225.11
225.2
224.61
225.19
225.35
225.13
223.99
223.95
199.37
183.52
182.12
183.95
183.93
183.73
184.08
189.01
211.32
279.94
267.04
237.94
236.17
234.14
232.21
230.25
226.11
219.54
212.73
209.54
207.31
204.72
215.82
218.88
200.02
192.65
199.14
197.42
197.07
196.94
197.65
198.81
200.01
202.13
208.01
212.2
214.5
217.06
205.94
200.64
196.88
186.98
192.42
199.58
201.82
201.21
201.61
202.83
200.54
194.18
196.05
164.84
168.58
161.61
164.66
158.48
152.6
187.14
191.57
193.95
197.84
198.59
198.68
198.35
197.01
197.72
197.25
197.66
199.49
199.22
201.56
203.67
201.28
199.22
194.4
200.09
195.44
200.09
202.47
204.54
218.74
230.34
263.22
271.82
277.18
317.56
296.6
232
231.38
229.84
225.25
227.61
227.09
225.88
226.22
228.67
215.69
200
197.87
190.09
185.03
186.91
195.71
203.47
217.65
237.78
235.24
235.51
277.26
307.1
291.25
290.31
232.79
232.63
228.01
229.56
228.04
227.67
230.49
265.67
206.69
195.64
187.68
181.53
170.91
170.89
179.52
203.22
203.95
271.45
248.37
234.58
234.29
231.59
230.56
229.74
230.42
229.28
212.28
214.45
213.37
212.85
213.6
217.22
203.32
182.69
150.63
89.39
64.4
61.96
81.77
163.22
194.65
219.27
227.04
226.93
226.16
226.83
224.36
222.54
220.27
209.91
206.14
206.81
199.69
199.32
203.44
204.79
190.7
176.26
165.55
155.2
143.73
141.25
155.72
180.95
184.93
243.77
230.62
229.69
228.63
223.69
215.97
210.91
203.12
198.01
190.18
192.35
194.08
188.96
195.89
201.11
181.36
147.73
159.74
149.27
125.17
94.63
82.36
82.06
74.57
179.33
163.88
170.83
174.12
168.33
153.94
140.98
108.63
125.54
136.88
177.31
191.15
173.98
173
180.61
179.43
171.49
173.54
177.69
154.72
154.3
149.58
142.75
127.24
164.3
151.35
183.25
190.43
191.71
189.3
183.37
195.38
190.75
195.23
197.27
198.18
195.41
196.63
203.14
199.5
180.18
183.08
174.66
170.92
175.05
182.58
180.6
208.29
310.84
335.11
259.33
258.89
261.04
258.76
259.66
258.83
261.99
218.19
219.27
217.99
215.19
215.8
223.8
214.25
199.91
214.06
204.91
206.33
205.97
209.32
206.46
208.29
243.95
234.03
297.76
297.64
297.84
267.6
232.61
231.67
227.46
223.98
219.86
214.24
211.1
217.45
238.79
199.05
192.85
189.55
189.64
189.6
189.67
189.79
189.03
208.98
299.02
328.29
342.34
341.54
421.31
327.72
302.85
284.06
272.96
270.66
271.88
266.15
257
220.93
228.81
210.33
188.4
205.32
203.02
196.18
195.5
195.65
198.97
218.53
225.61
324.09
338.03
368.35
422.76
343.67
307.8
285.04
222.57
219.62
212.85
207.9
205.61
207.42
212.26
201.64
185.23
115.1
83.59
49.77
46.64
41.18
130.23
198.32
240.2
226.55
225.48
223.69
220.96
214.71
210.67
205.05
206.39
205.08
185.23
182.42
164.62
185.5
196.26
163.71
149.74
132.7
119.12
111.84
106.49
98.88
116.37
92.23
132.18
162.11
206.42
219.62
225.38
212.27
184.07
163.49
158.64
160.15
183.67
184.98
179.84
190.67
205.41
190.35
158.79
152.03
123.55
90.16
74.9
62.79
52.99
23.79
28.1
76.52
135.46
152.3
159.25
152.46
138.5
130.08
136.47
144.48
178.48
175.55
158.05
175.13
201.27
190.32
152.12
170.47
171
161.3
152.33
163.19
166.76
205.37
221.81
227.24
227.01
226.8
226.04
224.7
222.78
220.23
218.16
218.06
212.68
212.26
209.96
204.94
209.33
206.89
182.46
178.22
170.88
166.69
166.12
170.22
172.29
207.88
224.84
308.11
304.36
333.83
398.16
319.65
323.39
279.15
227.16
219.98
218.39
215.95
214.72
213.05
231.53
205.58
194.04
190.73
184.43
180.85
180.03
182.23
181.53
286.8
286.95
332.82
355.41
356.02
365.71
338.52
338.23
307.71
231.43
228.72
247.56
247.43
224.39
239.71
242.81
228.68
209.26
175.09
195
190.56
192.11
194.13
207.25
251.65
288.68
387.99
407.75
422.69
586.38
423.53
429.81
345.77
334.49
285.57
299.98
282.61
245.1
268.67
272.2
260.33
217.58
198.23
200.86
198.18
197.17
198.62
202.8
225.4
328.04
341.68
335.68
350.59
410.13
291.22
233.01
230.71
229.28
223.58
223.68
222.53
219.48
217.59
219.13
222.94
162.85
206.85
203.18
196.61
188.99
185.43
176.58
176.46
184.54
196.81
208.29
212.25
217.35
213.88
202.41
195.96
191.95
195.95
200.69
202.98
196.95
195.37
203.86
211.25
198.24
201.29
199.27
198.02
199.38
196.8
195.86
198.56
198.01
196.84
203.99
211.35
211.7
208.4
202.27
199.09
197.41
197.82
203.08
204.85
203.6
208.08
215.04
216.09
210.43
204.34
204.48
204.13
202.92
204.09
207.74
223.11
284.6
325.08
324.81
340.37
484.5
360.11
355.52
290.15
225.93
224.53
225.38
224.91
224.25
223.62
237.89
237.34
189.99
198.79
199.86
196.97
195.04
195.59
204.5
223.52
240.05
229.69
229.12
228.43
228.29
226.86
226.8
227.42
227.19
225.93
225.65
224.68
223.98
224.47
229.69
212.22
194.73
201.9
199.51
197.47
197.56
196.7
202.22
208.64
232.64
231.7
230.74
230.53
229.35
227.49
226.99
223.3
220.39
211.52
210.74
210.2
208.16
208.53
217.28
218.73
210.87
30.69
35.18
34.75
44.71
108.34
152
156.02
187.85
197.14
203.25
208.59
207.66
203.75
200.25
198.82
199.35
199.78
203.62
206.1
207.48
209.13
210.69
215.47
205.07
199.72
194.95
194.22
193.84
192.43
197.5
204.69
194.83
217.36
219.79
220.89
220.94
216.83
205.33
197.13
189.18
195.86
188.25
192.08
181.4
184.48
202.27
211.62
201.86
207.97
205.98
199.45
188.16
182.86
185.54
199.41
206.43
216.06
219.61
220.81
220.15
217.36
215.1
212.24
211.2
212.13
215.47
216.56
215.06
214.61
216.91
221.3
219.13
223.37
219.35
217.4
216.9
213.62
211.35
212.21
212.47
217.86
222.22
222.87
222.65
221.48
218.98
195.48
189.4
193.56
200.41
200.71
200.11
222.21
226.6
229.24
223.31
215.2
214.52
214.87
215.21
216
211.81
166.59
276.51
248.74
247.4
244.5
241.43
239.49
238.76
238.14
236.32
232.77
232.05
231.58
230.37
226.68
230.52
215.05
223.3
213.69
213.49
213.33
213.16
213.27
215.99
202.54
275.87
254.34
249.04
248.58
244.78
243.67
244.86
243.87
243.32
238.51
238.3
237.12
235.53
231.52
233.11
232.61
226.97
226.16
224.53
223.73
223.32
223.06
226.03
210.14
212.88
286.68
248.46
252.84
252.02
248.52
247.94
243.09
291.26
227.99
233.26
231.22
230.64
230.42
230.79
232.01
229.99
230.72
228.77
227.87
227.59
227.38
215.5
210.74
381.09
337.61
334.4
334.7
334.43
333.85
328.04
242.97
241.18
238.53
238.2
237.07
243.54
229.19
230.85
232.06
230.42
231.47
227.53
226.43
226.14
226.02
228.49
225.37
236.27
288.66
275
281.41
291.29
283.27
243.66
240.98
236.8
233.32
233.02
233.47
232.05
227.35
229.01
231.53
228.77
227.67
225.6
224.27
222.74
221.95
222.56
224.44
226.64
228.74
231.63
233.55
232.95
231.07
229.48
228.74
228.61
228.75
229.76
229.61
228.69
227.6
228.84
231.51
229.6
231.06
228.12
226.45
224.32
218.47
217.74
219.77
224.86
227.56
230.24
231.54
232.18
231.03
229.95
229.24
228.23
227.86
228.91
229.52
229.57
229.44
230.5
231.97
229.44
227.39
224.67
222.11
219.82
217.75
222.42
226.14
226.44
228.43
231.86
232.87
232.65
232.08
231.14
230.3
229.23
227.93
229.21
228.76
228.93
228.25
228.86
230.69
228.17
228.81
227.45
226.93
226.68
226.16
228.36
213.55
213.38
278.47
252.89
253.72
251.87
249.45
250.27
248.86
246.92
240.32
240.32
238.81
237
235.66
235.77
236.36
233.85
234.46
232.2
230.92
230.14
227.84
222.85
220.56
320.36
302.08
300.77
375.78
495.6
325.9
313.85
308.42
254.55
245.35
244.4
242.53
240.37
238.35
237.61
239.08
236.26
236.63
233.09
232.08
231.3
230.58
228.84
223.51
247.93
323.07
287.48
337.28
417.18
297.26
274.3
272.92
253.15
247.65
244.62
242.51
241.51
239.64
238.65
239.2
237.14
237.16
235.21
233.65
232.88
232.06
234.79
224.6
248.38
265.92
258.03
258.14
258.01
254.03
250.75
243.36
239.49
237.99
238.39
238.27
235.85
235.32
234.81
236.96
236.08
237.94
236
234.09
232.79
230.8
230.17
231.32
233.92
236.96
238.28
239.58
239.05
237.76
237.13
236.61
235.92
236.14
237.26
238.05
237.39
236.82
236.28
237.07
236.24
235.83
231.6
229.23
227.11
222.48
221.68
224.12
226.25
230.33
235.06
237.53
237.98
236.88
235.49
234.39
234.02
233.31
234.63
235.22
234.33
235.23
235.87
238.21
236.73
237.2
236.17
235.84
235.57
235.21
237.07
224.62
247.4
294.35
260.36
259.44
257.58
256.34
255.73
254.04
252.11
247.57
245.85
248.46
240.75
219.42
241.4
241.95
238.68
235.66
233.58
232.51
231.92
231.24
234.25
220.54
248.12
316.76
304.32
368.84
520.65
355.38
341.76
338.27
261.77
277.57
280.22
254.2
360.14
243.08
241.49
242.23
238.34
237.53
236.35
235.41
234.87
233.6
234.56
236.2
355.24
320.44
303.2
349.98
506.85
360.45
302.41
257.56
257.88
250.26
250.41
247.93
243.03
228.96
238.42
238.73
236.64
233.72
234.51
233.66
232.69
231.78
233.86
239.2
244.66
246.36
249.07
253.21
255.63
251.12
245.34
244.54
242.78
241.77
241.27
240.06
239.64
238.69
238.63
238.86
236.91
236.74
235.33
234.36
233.69
232.91
234.43
237.84
239.69
261.71
259.98
298.76
302.87
264.25
248.72
238.14
240.02
234.93
234.88
234.67
234.24
233.14
232.54
233.77
232.47
234.88
233.21
231.57
229.42
221.96
222.08
226.97
230.39
232.31
235.93
238.01
240.61
236.21
234.41
233.98
233.66
234.78
236.41
237.36
235.9
235.15
233.9
235.24
234.05
232.66
230.82
227.81
223.66
215.86
215.78
214.53
217.84
227.24
231.8
234.29
234.69
234.69
234.33
233.64
232.79
232.88
234.19
234.16
233.33
233.5
233.24
233.57
232.17
231.08
227.51
222.79
217.45
215.97
224.7
117.83
239.86
245.32
245.12
246.07
246.07
246.62
246.86
245.28
244.18
241.7
240.55
239.02
233.75
232.97
232.65
233.51
231.51
231.2
226.14
222.13
216.87
213.71
225
230.4
240.93
245.01
245.94
247.69
248.1
248.41
248.8
248.07
246.94
244.42
243.95
242.49
241.89
230.02
235.97
232.37
230.99
194.33
202.75
202.04
202.89
204.24
219.15
226.64
242.82
250.87
253
253.54
253.26
253.03
254.13
254.4
251.63
246.43
242.69
238.55
238.87
232.04
233.17
234.25
234.46
229.03
230.2
226.22
220.45
219.99
229.79
237.01
287.58
296.79
281.93
282.25
350.27
295.3
297.95
297.23
296.39
252.67
250.57
246.25
242.98
240.98
240.91
241.05
238.87
238.27
234.87
233.24
232.15
231.27
231.69
222.17
249.84
300.47
264.33
263.96
260.93
253.82
249.53
248.05
245.66
243.76
243.34
242.08
239.69
236.04
236.1
236.86
234.44
236.69
233.45
230.84
227.27
222.21
224.36
229.85
230.82
233.7
235.81
237.77
238.59
236.52
236.2
235.52
235.42
235.82
237.6
237.5
236.03
234.63
233.63
236.01
235.73
236.69
232.34
230.33
224.75
218.95
218.9
219.68
224.82
230.65
232.96
232.96
232.78
235.56
236.81
236.14
235.76
236.32
238.26
238.81
238.6
239.24
238.97
240.43
239.7
240.07
238.3
236.81
236.21
235.7
229.89
218.58
301.42
307.58
300.83
330.79
455.94
391.27
666.51
354
322.71
257.27
253.32
248.69
351.3
234.49
241.02
241.43
239.61
234.23
234.11
232.57
231.4
230.63
231.67
222.97
305.24
293.66
286.06
316.11
432.67
366.96
389.94
346.48
313.03
251.69
250.74
248.77
243.71
241.21
241.03
241.16
240.05
239.07
236.74
232.47
228.97
225.6
226.28
239.71
245.72
254.06
254.17
250.58
250.96
248.78
248.56
247.65
245.24
242.87
242.65
241.8
254.11
225.68
234.33
235.35
232.23
235.15
223.35
218.38
212.63
203.91
217.8
234.66
233.46
244.57
243.84
245.52
244.55
244.34
244.03
242.55
240.26
237.68
236.15
235.8
234.53
230.11
227.73
227.97
220.34
206.73
179.85
105.23
43.14
40.71
116.63
201.32
209.43
261.57
247.02
247.08
246.78
245.24
243.39
240.42
236.6
237.3
239.44
236.49
204.82
188.91
190.88
202.98
200.15
209.77
197.77
152.7
28.4
23.95
17.67
26.2
84.21
185.33
211.27
233.02
235.1
233.17
233.1
232.51
224.99
223.1
236.71
248.21
249.17
247.71
247.15
249.78
249.95
216.48
210.75
205.13
207.8
204.71
204.73
233.26
209.91
233.24
247.08
247.67
248.71
247.39
247.46
242.34
248.8
250.99
251.45
251.08
251.46
252.82
252.2
252.62
253.38
251
240.14
234.44
231.33
224.34
236.26
222.99
227.24
328.59
279.05
261.73
261.67
258.83
259.11
256.69
251.85
249.47
250
249.57
244.6
228.04
227.28
232.38
226.71
232.43
227.84
220.12
205.59
201.7
213.48
206.75
248.92
254.98
255.61
256.51
256.41
256.37
256.01
255.64
254.84
253.9
254.16
253.56
290.38
211.08
215.34
241.88
232.9
240.22
225.46
210.59
209.61
208.76
216.01
226.72
228.02
307.09
257.98
258.89
258.43
257.31
258.2
269.63
253.53
251.78
250.25
249.09
245.97
241.35
237.8
241
234.85
236.56
233.5
223.03
212.4
207.49
218.13
229.73
230.59
304.08
251.84
253.81
253.86
252.37
252.96
250.61
249.94
247.37
246.85
252.89
229.7
229.88
232.67
233.44
227.46
231.65
227.94
220.37
210.92
210.62
214.57
236.49
241.65
247.14
248.96
250.45
249.43
248.58
246.91
246.8
245.99
238.04
236.43
235.9
233.85
226.41
226.72
228.55
223.05
208.36
207.41
207.52
208.25
206.74
206.44
203.65
224.71
238.67
239.11
240.67
239.45
237.51
225.26
221.46
219.3
219.76
225.59
229.24
212.27
214.65
214.46
217.73
213.57
210.69
206.43
201.04
192.83
197.16
202.15
189.34
199.11
209
218.71
224.76
224.59
223.57
220.02
218.88
218.63
219.77
223.92
227.23
222.52
220.14
221.98
231.64
225.49
224.87
218.44
212.19
210.18
210.37
214.26
222.64
307.42
243.71
246.24
350.04
454.89
370.14
360.63
330.99
243.08
241.11
239.43
238.46
235.12
228.45
226.13
227.34
218.93
202.58
192.84
189.13
169.55
155.16
192.01
217.61
230.32
239.52
240.75
241.61
241.89
242.03
242.39
240.66
239.28
236.83
235.41
236.42
231.27
222.27
222.67
218.99
210.82
185.25
179.81
149.37
173.59
179.14
180.04
217.93
236.68
277.46
245.09
246.57
247.24
245.97
245.32
244.53
243.29
240.7
240.54
240.79
237.64
229.99
222.15
219.98
207.82
204.79
215.31
202.43
206.45
198.88
199.76
191.32
270.75
243.11
243.39
244.47
244.91
243.55
242.26
241.34
241.48
241.59
241.36
240.43
239.22
234.36
222.22
229.96
230.7
199.59
201.43
188.71
184.05
162.96
195.84
197.65
208.97
257.81
240.59
241.09
240.32
239.84
239.5
238.84
238.3
232.48
233.18
224.13
211.72
195.46
194.85
200.53
180.5
214.99
190.08
181.09
162.04
154.62
128.53
161.71
166.97
193.97
198.04
212.47
217.62
200.94
193.47
181.43
179.16
188.09
195.57
197.99
195.58
201.95
171.14
198.83
187.07
175.49
98.81
53.8
38.71
29.81
33.51
72.54
91.75
156.6
194.94
201.51
211.12
206.86
192.72
190.69
180.99
174.69
188.34
192.9
192.07
177.47
185.98
196.61
173.5
167.57
128.47
124.33
54.43
55.75
176.52
213.02
229.18
261.24
241.01
243.33
242.25
242.72
240.27
238.12
237.46
235.16
234.88
232.22
228.52
223.58
218.43
217.97
208.06
235.77
232.33
229.63
223.63
221.26
226.66
185.25
224.6
230.56
232.88
235.5
235.71
235.71
235.58
235.18
233.91
228.91
226.58
227.94
228.69
203.16
222.56
232.64
228.24
176.64
173.32
166.27
105.07
35.79
163.5
179.32
213.61
221.94
228.11
228.93
228.6
228.32
227.98
226.99
225.09
217.51
218.82
218.21
216.41
227.7
230.91
233.67
236.48
217.03
210.38
208.1
203.4
159.89
202.01
203.84
220.7
225.22
227.71
228.54
227.66
227.5
227.21
226.58
225.46
224.01
297.49
297.2
223.19
223.66
223.55
224.9
225.05
219.73
216.84
214.71
211.04
208.03
216
219.25
220.41
225.74
228.58
230.2
229.96
229.44
227.74
225.58
222.34
221.49
221.49
220.54
220.18
219.57
219.98
221.84
221.31
224.1
220.32
216.7
211.55
196.98
184.25
199.31
212.07
223
226.11
228.24
230.07
228.73
226.51
223.67
222.33
222.68
226.22
229.85
228.76
226.65
225.14
222.62
221.4
220.2
215.65
210.56
207.39
203.36
203.88
202.3
200.77
206.86
222.4
224.84
226.64
225.25
224.15
222.07
220.23
224
225.93
226.66
225.85
226.19
226.24
226.79
225.56
224.34
224.12
218.96
218.49
220.22
219.29
227.06
325.74
267.87
302.67
317.17
329.92
329.78
326.5
304.57
301.02
301.05
302
280.59
227.41
228.21
229.37
229.2
226.35
222.03
214.19
175.94
162.62
141.28
216.71
214.75
218.97
295.91
302.47
323.83
375.03
332.62
335.11
302.2
297.96
293.45
296.41
247.62
226.66
226.13
224.76
218.79
216.35
223.47
219.25
215.22
212.12
211.49
211.37
220.77
219.63
230.13
228.03
230.24
230.07
232.38
233.21
234.31
234.1
227.93
230.31
228.21
225.55
224.64
224.14
224.62
224.37
221.8
219.32
217.24
216.5
215.77
217.51
221.65
261.6
295.51
295.47
295.56
296.14
320.68
323.06
299.88
299.08
295.95
295.79
295.52
226
223.88
223.9
224.32
222.66
221.37
219.09
212.14
199.18
167.52
211.55
221.54
224.34
228.76
229.86
228.65
228.32
227.83
227.4
226.96
224.95
223.19
224.94
224.59
224.25
223.92
223.56
221.49
219.39
223.67
220.25
211.69
207.74
172.75
161.65
207.09
205.82
211.15
224.09
226.48
227.49
226.14
225.41
205.22
210.98
211.06
220.33
222.68
222.53
221.64
222.55
223.93
223.12
221.56
218
205.91
182.15
161.1
152.33
164.92
159.63
217.65
215.88
219.57
220.35
220.58
220.36
220.19
219.54
219.4
220.81
221.2
220.72
221.3
221.31
222.61
222.28
221.84
219.72
218.75
218.21
215.77
216.22
224.71
226.21
228.25
231.48
234.19
242.67
234.02
232.52
232.4
231.48
230.26
229.78
227.93
226.06
224.31
224.58
225.76
220.89
222.11
212.3
199.06
194.39
161.62
193.04
214.84
260.26
243.27
278.13
303.44
383.12
313.62
309.14
289
263.12
247.32
248.66
227.25
225.8
224.17
223.74
223.97
222.96
220.08
212.86
199.43
194.67
194.55
200.24
220.53
218.78
222.66
255.05
245.77
295.87
245.62
252.41
223.81
223.38
220.81
221.36
221.76
219.43
219.55
219.49
220.23
217.11
227.45
225.81
224.89
224.9
224.69
224.82
209.53
265.34
224.75
224.97
225.74
225.8
225.57
226.12
259.19
226.42
225.01
225.25
225.18
231.81
212.01
212.63
211.88
202.2
207.13
202.9
203.04
202.97
202.97
203.35
207.53
221.29
266.34
225.6
227.5
227.14
226.08
226.49
224.91
223.13
224.66
223.33
234.03
218.43
217.82
220.16
222.17
226.26
228.27
227.11
226.11
226.01
225.66
225.52
225.75
226.73
226
226.67
266.59
302.8
277.3
226.83
226.15
225.81
225.86
226.54
226.8
226.8
227.2
227.39
227.56
227.83
220.32
224.46
221.49
219.12
208.99
209.13
208.45
218.21
219.24
223.52
226.09
226.25
226.15
225.95
225.98
225.77
226.05
226.93
227.31
227.82
229.57
230.02
230.28
229.94
230.95
230.23
229.96
229.93
228.49
226.39
225.8
228.6
230.38
272.01
287.79
326.64
287.89
246.6
232.29
231.29
229.26
229.11
228.05
225.37
224.92
224.92
227.09
227.58
229.74
229.79
229.5
229.18
228.5
228.64
227.51
229.59
240.66
246.39
292.16
330.92
292.4
270.68
233.78
233.23
232.04
231.83
230.49
229.68
228.23
227.18
227.76
230.13
219.08
219.16
219.33
219.25
219.32
219.62
227.89
231.73
236.01
238.93
240.07
240
239.3
239.95
239.02
238.29
236.4
236.65
234.69
232.56
230.83
230.85
230.02
233.11
233.8
233.44
233.15
233.18
232.23
232.06
232.01
235.16
250.48
291.19
291.65
298.06
303.39
290.94
290.67
269.79
243.93
245.34
246.26
239.25
237.71
238.26
237.49
230.03
227.38
224.9
217.79
217.78
216.01
216.33
218.09
301.03
292.97
270.21
297.08
300.49
242.33
241.81
239.98
239.95
240.13
240.97
268.06
241.65
235.69
237.07
241
239.83
235.86
234.56
234.03
233.42
231.92
224.4
243.08
231.75
233.49
237.44
239.9
239.8
238.38
235.94
234.76
234.38
234.36
235.26
235.59
234.44
234.18
235.76
237.13
234.48
232.75
222.39
217.53
216.34
216.45
215.65
216.51
220.17
217.01
216.67
225.36
229.27
227.17
223.84
219.49
218.83
223.18
228.9
231.78
233.58
231.2
234.05
237.44
235.83
236.21
234.65
233.35
233.03
233.35
233.89
233.35
297.93
350.44
290.03
304.59
332.94
298.2
294.09
294.02
284.83
262.73
276.12
248.22
242.87
241.24
243.99
242.36
239
228.56
235.65
234.02
234.29
232.75
230.96
231.15
268.38
345.58
312.19
338.27
355
319.58
314.78
319.97
254.37
249.48
249.08
248.96
246.2
247.36
248.11
249.42
238.24
241.08
241.89
240.86
239.07
237.74
234.68
239.04
248.38
286.78
294.75
296.75
309.08
289.93
311.42
308.2
305.4
269.92
269.6
362.93
245.59
245.55
246.52
245.13
241.7
242.34
242.61
241.98
241.66
241.47
240.11
233.83
490.85
304.9
340.1
379.73
416.76
379.66
357.86
360.8
355.5
279.94
319.15
247.95
246.53
245.95
247.64
245.09
242.36
243.69
244
243.09
242.46
242.24
240.47
230.4
251.67
263.04
306.57
322.63
314.97
313.82
283.46
249.45
247.67
246.57
246.43
246.05
246.04
244.56
245.44
244.65
242.91
245.47
245.99
244.23
243.22
241.9
234.23
240.51
244.65
246.17
248.1
251.62
252.77
250.32
248.43
248.14
247.47
247.42
248.18
248.6
247.58
247.42
247.47
248.09
246.5
245.94
245.99
243.8
242.62
236.2
223.48
224.22
227.63
235.26
238.99
242.28
243.09
242.53
240.85
240.24
240.86
241.65
243.1
244.93
245.83
247.79
250.44
249.96
246.38
246.15
246.77
246.09
245.95
246.26
243.16
244.98
258.07
279.25
298.31
305.85
328.19
313.47
354.31
298.44
264.64
260.73
268.63
260.06
256.44
259.2
260.94
261.43
242.71
251.46
251.69
250.25
249.97
249.9
245.03
233.18
371.76
264.75
273.67
276.21
273.13
271.86
308.14
316.47
269.46
260.9
260.38
260.17
259.12
258.8
322.13
256.64
253.69
249.67
249.78
248.42
248.32
248
245.55
250.3
255.72
348.02
333.61
332.82
352.35
334.46
340.1
332.28
332.4
281.04
320.56
263.6
334.75
252.66
254.98
251.56
248.85
244.61
243.85
242.75
242.41
242.08
237.3
242.06
245.91
248.39
249.97
252.9
253.75
253.06
253.35
252.05
250.07
239.77
246.12
246.32
245.63
245.04
246.15
245
242.44
234.72
234.03
233.52
232.94
233
229.15
232.69
237.83
269.8
252.27
252.68
254.16
250.82
251.53
248.94
246.34
244.7
243.56
243.56
241.6
241.59
242.83
242.19
239.8
247.04
245.87
244.93
244.59
244.27
243.25
243.54
246.89
246.5
247.18
248.89
250.76
246.89
245.08
243.87
243.17
243.28
244.45
245.64
244.94
245.25
246.55
245.93
245.16
244.25
243.02
241.11
239.88
239
237.04
236.38
238.01
242.99
242.1
194.86
242.45
207.61
188.43
240.47
240.42
240.95
242.77
243.69
243.81
245.25
247.72
246.64
245.31
246.34
245.91
245.61
245.8
245.96
243.66
246.5
269.97
298.36
294.06
291.42
293.94
276.96
278.34
285.12
263.1
261.18
263.36
283.03
251.83
252.69
254.49
250.81
243.77
249.44
247.7
246.6
246.2
234.94
244.19
234.17
250.94
282.46
259.54
262.07
262.72
260.92
263.2
262.85
260.6
257.35
255.82
254.16
252.96
252.53
252.94
251.82
249.4
248.53
246.97
246.32
245.78
246.04
245.1
252.05
254.43
304.36
268.23
288.52
343.93
284.26
292.92
282.37
291.78
260.2
278.36
275.42
255.19
255.6
257.57
253.94
251.97
250.59
249.65
248.76
247.97
248.21
248.62
253.42
248.39
266.31
289.39
319.72
339.66
319.81
322.5
320.7
263.22
260.02
256.92
255.29
254.81
256.09
257.73
249.54
251.69
250.66
250.09
249.26
248.68
248.82
247.76
252.41
256.68
292.76
264.52
263.66
259.49
257.34
253.91
252.63
250
249.17
249.11
249.88
247.91
248.23
248.37
246.09
246.32
240.81
240.99
239.63
238.57
238.46
238.75
237.07
237.13
236.73
240.38
242.37
241.95
240.71
238.09
235.45
234.63
235.99
239.5
241.78
241.5
243.95
245.13
244.35
243.47
242.88
242.28
241.47
240.76
240.24
240.09
237.52
237.08
239.72
242.26
244.1
244.55
244.28
242.88
241.67
241.64
242.14
242.78
241.67
241.59
244.09
245.4
241.87
240.23
238.28
238.85
236.99
235.84
236.06
236.62
236
245.33
260.5
252.41
271.91
255.92
267.62
272.1
271.54
271.86
248.75
248.56
248.91
249.16
250.43
250.91
239.31
244.1
239.12
238.65
237.43
237.13
237.25
234.67
226.92
256.45
268.34
271.02
274.3
274.22
273.66
275.08
271.79
266.11
261.69
256.39
250.47
250.3
250.38
250.21
239.7
243.63
236.28
234.89
232.71
231.88
230.86
233.95
236.38
246.15
262.91
249.85
249.81
249.05
249.15
249.55
249.1
247.72
246.69
247.29
245.65
246.16
245.81
261.64
236.06
238.13
232.24
230.77
228.35
228.46
230.83
236.81
240.16
246.57
258.18
266.42
290.47
345.56
272.47
274.22
270.31
262.78
247.36
246.62
247.04
247.18
247.71
246.8
242.01
239.47
237.51
236.47
233.93
232.16
235.56
228.7
230.26
292.73
315.07
293.16
323.53
324.34
317.58
261.91
247.98
246.39
244.96
243.72
242.82
242.5
245.31
242.45
238.42
231.97
234.23
232.5
229.06
226.61
224.44
224.98
221.18
219.18
234.89
236.93
244.77
249.89
242.95
239.46
235.61
232.89
234.83
237.56
237.22
235.97
238.38
239.25
231.51
229.86
237.29
232.68
227.22
226.03
225.15
224.97
206.78
202.5
212.13
217.73
228.78
237.93
232.33
230.23
229.36
231
231.94
233.04
236.48
270.23
252.62
233.92
232.88
224.26
226.58
223.26
215.18
223.19
226.7
226.41
246.56
316.67
367.9
362.19
380.3
464.75
422.33
433.68
436.62
378.58
335.56
494.6
443.3
422.32
310.73
263.36
255.77
237.58
236.09
232.67
230.9
230.76
230.12
233.22
233.15
265.42
267.86
268.91
269.82
299
270.56
277.73
277.69
266.47
266.31
265.96
248.02
248.31
255.09
248.14
243.5
232.14
236.33
234.33
232.52
231.63
232.97
231.57
248.16
266.63
303.02
287.87
288.29
320.15
288.44
350.07
344.72
327.62
316.51
296.87
291.09
290.02
297.85
287.08
245.94
241.44
237.22
234.62
233.54
233.15
233.99
237.4
246.2
312.48
275.29
269.7
276.1
314.67
281.99
296.92
297.52
268.36
267.44
268.64
268.66
265.54
284.76
268.89
264.66
233.37
235.7
233.79
232.64
231.98
232.57
235.15
245.01
248.94
267.83
269.13
269.33
268.4
261.78
255.42
245.75
243.66
241.55
241.33
240.5
242.59
246.35
264.42
236.47
229.88
234.38
229.33
227.42
225.54
225.41
225.98
226.63
228.59
220.12
243.52
251.94
257.99
261.78
229.45
229.9
226.9
228.28
232.21
234.4
234.78
237.55
235.56
232.71
225.23
223.05
224.76
222.14
224.68
224.38
223.14
221.32
222.75
227.04
231.04
225.33
227.76
210.53
178.26
160.03
132.8
143.78
170.3
205.39
219.98
236.59
233.4
207.56
171.54
207.45
204.51
203.25
204.75
214.43
222.85
207.86
254.89
248.61
248.26
247.93
247.4
247.01
246.72
246.29
245.64
244.71
244.74
244.33
245.36
247.17
246.58
243.7
232.66
193.2
181.93
173.8
173.99
200.92
223.89
234.52
253.69
245.67
244.93
244.39
244
243.67
242.2
241.56
241.05
238.82
239.55
240.36
242.43
244.79
252.92
232.47
201.19
187.05
185.63
185.27
185.32
189.66
216.57
212.64
254.91
238.53
237.68
237.31
235.84
235.31
235.27
235.06
234.15
232.62
233.75
234.31
237.57
239.67
237.38
231.65
210.92
207.78
206.53
205.01
205.96
207.93
163.7
229.94
269.37
239.23
238.19
238.57
237.86
238.04
240.22
262.24
240.65
238.12
298.03
294
270.67
295.81
273.83
243.46
193.01
218.95
216.9
214.8
213.6
213.98
163.29
219.89
266.94
231.25
230.23
229.65
228.76
227
224.97
223.35
220.77
220.46
220.34
221.27
224.44
225.61
221.33
221.05
196.97
189.02
189.28
189.84
186.63
187.63
185.69
170.67
131.6
212.88
211.97
215.71
215.86
226.1
178.07
185.73
174.87
176.49
189.54
202.61
197.68
216.41
207.4
196.78
191.67
185.64
170.65
169.96
167.06
172.68
168.32
106.94
152.91
167.59
189.97
197.12
202.82
206.5
196.9
186.19
184.61
189.92
196.85
206.57
215.52
235.02
211.73
208.47
188.23
195.57
185.4
180.29
184.04
186.21
187.08
218.95
265.51
223.7
221.9
221.48
220.94
220.05
219.67
219.49
218.57
217.44
218
218.89
221.43
221.09
224.75
208.34
180.89
148.72
112.56
93.1
94.61
113.39
187.65
202.34
235.31
215.77
214.43
214.1
212.86
211.97
211.93
211.17
210.26
208.09
209.55
211.15
214.14
214.17
236.08
203.6
184.87
186.21
185.49
163.74
100.12
126.3
135.34
204.36
210.24
213.2
212.06
209.58
207.75
207.69
207.6
205.86
204.34
203.17
207.83
211.47
219.16
282.5
257.71
214.68
188.22
177.54
176.2
174.25
176.22
180.96
161.56
224.53
269.44
280.91
212.93
208.19
205.73
203.78
203.05
200.57
198.84
197.56
204.62
231.06
271.63
289.5
244.71
206.06
185.56
150.06
170.9
165.14
164.89
172.36
166.55
236.23
289.25
288.4
288.02
291.94
201.02
198.49
194.58
189.26
185.39
183.08
185.39
199.06
207.66
293.35
264.09
200.23
149.18
169.3
148.04
127.2
105.46
108.84
132.36
154.47
299.78
327.55
333.25
332.64
314.14
290.05
231.11
211.91
202.31
197.14
223.57
330.08
333.25
330.12
297.86
241.42
209.72
118.41
61.03
41.03
38.48
38.63
41.5
51.91
60.15
78.76
123.58
183.28
190.12
185.41
166.45
127.69
106.33
135.72
173.69
241.76
254.11
208.89
203.41
190.12
117.27
43.54
28.6
26.78
26.61
33.21
77.55
195.43
204.98
205.73
204.66
267.02
201.83
201.93
200.17
198.94
196.98
194.87
274.63
278.83
281
299.65
276.25
198.72
183.45
149.55
171.67
174.32
177.56
186.08
185.5
195.08
288.52
289.25
288.47
288.15
286.84
286.19
288.55
288.58
287.17
287.63
295.5
296.13
311.04
311.64
290.39
235.55
203.22
125.2
118.3
103.9
103.63
151.72
184.27
304.86
374.56
359.38
361.47
379.87
389.1
342.91
343.1
331.46
308.62
299.84
307.34
305.41
329.22
255.28
209.17
199.11
191.22
186.92
181.25
180.05
179.65
180.5
190.53
212.95
215.97
220.06
217.07
218.18
217.35
216.87
220.02
218.18
214.73
220.42
222.49
223.09
223.54
214.59
213.82
211.04
199.32
142.98
176.04
169.81
172.54
176.32
186.48
285.23
277.73
283.52
285.6
291.24
291.86
221.44
221.97
213.51
207.34
201.77
203.07
208.2
212.66
219.31
231.77
196.51
181.95
133.12
129.99
127.46
163.14
152.43
153.41
168.41
176.12
206.29
201.07
206.24
205.78
200.16
187.53
186.2
183.01
182.24
190.2
206.72
214.87
209.76
199.03
197.12
168.79
181.41
175.84
126.52
125.85
116.71
139.13
93.32
165.75
165.98
174.45
185.63
190.74
180.43
171.23
168.56
165.73
174.45
191.65
204.23
217.42
216.38
207.33
199.59
185.32
173.97
135.28
88.87
69.41
86.37
167.75
179.7
294.29
214.34
212.24
212.49
209.57
204.63
201.99
200.47
197.65
197.02
198.57
206.79
212.58
212.05
233.14
213.76
186.7
82.86
129.34
166.17
164.34
176.55
179.53
249.69
305.54
308.79
321.19
308.69
208.33
204.62
205.52
203.78
202.64
201.84
203.46
208.98
212.57
209.11
203.37
201.82
179.52
133.79
108.13
80.99
60.05
55.07
161.29
210.61
213.81
216.4
213.9
209.95
206.7
204.25
206.38
204.77
202.08
198.09
201.72
208.55
214.08
211.8
203.4
192.61
184.28
127.37
134.57
162.19
165.51
175.17
169.65
221.24
210.11
211.04
208.41
208.28
207.14
204.73
205.17
203.42
201.92
201.87
203.43
209.45
214.38
210.69
206.62
198.09
190.06
164.04
152.49
166.74
161.81
176.46
151.98
213.52
257.84
296.49
282.2
282.42
216.45
212.43
208.33
205.97
202.13
200.93
207.38
263.21
275.28
278.82
259.56
240.13
195.4
172.18
179.92
177.03
172.06
173.67
178.05
180.49
185.96
192
204.64
207.23
206.39
199.12
193.97
189.41
186.83
187.34
193.56
206.7
216.08
205.36
188.8
186.19
182.3
177.03
178.13
173.39
171.9
174
175.78
177.18
169.7
164.71
176.11
182.06
188.15
181.61
174.16
170.39
165.98
169.66
180.9
194.45
217.58
208.47
196.54
191.75
176.51
189.84
186.93
181.66
184.59
192.57
201.88
217.68
255.66
306.92
268.12
269.97
270.07
269.49
269.89
269.35
266.38
260.96
265.55
282.74
302.45
283.26
237.28
253.07
189.17
193.79
191.47
190.13
190.39
195.37
143.88
220.9
256.35
223.56
219.85
217.69
215.53
213.31
212.75
211.5
210.22
206.92
208.46
213.83
217.07
214.89
211.42
210.95
174.63
135.22
135.54
138.91
176.04
190.19
171.64
212.08
266.45
229.91
228.13
227.02
225.31
222.63
217.82
216.91
214.05
213.53
216.39
225.08
227.43
223.95
216.86
206.61
197.51
175.87
121.68
106.45
181.92
185.91
175.3
222.35
225.04
227.24
224.69
216.03
214.9
213.28
211.91
209.81
208.9
208.37
210.98
223.13
226.79
224.98
218.1
216.3
200.14
188.97
188.17
181.77
143.3
129.95
185.93
213.2
260.08
230.51
226.08
225.01
223.65
221.64
218.99
215.52
211.43
210.79
215.57
223.29
223.63
216.68
214.33
212.06
205.73
201.49
197.55
200.83
199.68
200.14
197.85
211.44
212.29
210.04
217.5
218.6
217.89
216.54
214.63
203.66
200.64
201.53
204.89
226.8
224.84
219.93
215.52
213.14
210.23
189.56
177.53
180.54
175.93
178.82
179.84
182.86
181.87
128.87
187.44
183.28
191.26
184.25
175.29
152.54
139.8
153.27
183.17
214.94
226.48
219.75
208.67
201.42
183.67
175.34
110.62
102.83
108.17
181.72
195.35
204.25
258.9
231.31
229.03
226.9
226.5
226.29
223.56
220.37
217.48
216.48
223.24
229.7
232.53
226.32
220.36
216.33
213.26
166.9
195.76
195.09
177.65
187.11
190.5
212.09
316.84
302.64
300.43
300.88
303.81
295.78
296.53
296.29
285.21
223.24
285.94
294.52
294.35
294.19
287.42
224.21
196.91
194.8
198.56
196.05
195.81
195.87
198.65
221.69
226.68
227.62
226.11
224.93
223.82
221.54
220.05
216.82
215.61
212.53
214.13
218.62
220.41
215.33
213.33
209.69
194.06
177.22
171.51
156.01
141.84
173
192.23
211.62
218.82
216.4
215.21
215.15
213.12
208.21
207.43
207.33
206.4
205.1
212.42
217.61
217.82
211.29
201.3
198.55
188.34
163.42
151
150.47
112.78
139.25
181.19
202.63
219.07
219.23
217.34
216
213.19
208.53
206.75
203.38
198.85
200.31
205.8
215.32
212.31
203.96
200.87
200.14
186.07
131.51
73.46
59.93
69.07
75.59
98.12
173.08
171.28
170.35
185.34
217.89
217.93
212.7
210.36
193.3
185.07
180.88
195.04
215.37
215.86
210.52
177.46
171.44
150.8
168.45
177.14
174.72
165.09
170.48
182.91
182.26
185.65
186.12
185.34
175.72
188.18
183.4
166.23
163.44
161.09
181.65
197.05
267.41
224.14
220.62
218.58
213.67
217.06
175.38
182.91
175.95
177.72
176.89
184.3
208.21
267.48
224.82
222.98
222.48
221.59
220.19
220.46
219.83
218.62
219.65
222.32
225.29
223.32
218.71
215.54
203.53
175.63
154.09
127.33
104.05
92.13
116.3
193.96
204.41
231.65
220.56
219.09
219.64
218.66
218.2
219.59
219.34
220.14
220.6
224.58
227.13
226.46
307.21
221.38
219.24
211.81
150.04
202.02
211.2
206.34
206.45
157.84
218.4
302.44
227.44
225.35
223.28
221.3
220.62
220.2
219.17
218.77
219.22
221.17
224.89
224.13
220.73
219.65
215.31
208.77
192.54
206.76
200.43
196.48
207.14
211.49
210.63
226.88
225.52
223.61
223.43
222.46
222.16
222.97
222.97
223.23
223.36
226.63
229.42
228.4
224.7
224.62
256.13
208
181.98
171.41
185.26
181.95
181.89
190.11
188.37
278.62
226.58
226.4
226.03
223.15
220.65
218.42
215.99
214.24
216.26
220.66
223.81
221.44
216.51
215.05
194.11
181.82
222.45
188.24
186.63
185.16
185.18
186.68
193.6
203.28
200.12
224.35
226.01
225.55
223.99
194.59
202.2
202.79
198.12
204.78
251.1
225.99
221.98
191.36
185.47
191.81
177.6
152.22
138.01
106.97
129.54
132.22
89.13
179.1
177.33
182.95
193.77
195.32
219.75
178.6
179.29
178.73
184.25
222.49
227.41
223.42
191.28
182.55
178.36
181.74
181.94
180.43
180.67
181
185.65
203.41
216.01
222.32
222.93
221.78
223.98
223.68
220.5
219.09
212.72
209.86
206.31
221.41
232.14
225.07
220.12
209.56
198.43
199.63
191.06
210.17
210.42
210.43
210.56
211.04
206.2
266.01
233.24
232.76
231
228.25
225.12
223.73
225.41
224.17
224.61
226.89
227.55
225.6
222.32
218.72
205.76
193.6
186.56
181.51
113.72
100.95
185.12
198.22
200.65
221.89
217.44
215.19
215.09
212.08
211.52
224.96
225.56
226.24
227.93
232.34
232.16
227.9
223.1
217.27
208.69
200.71
196.3
194.78
191.82
94.01
205.04
198.48
196.27
221.29
226.16
224.78
222.41
221.46
220.71
220.75
220.67
216.82
221.42
225.4
225.13
220.39
202.2
193.81
169.01
121.07
126.74
81.43
81.59
84.34
86.29
185.57
201.68
222.58
226.8
224.72
224.17
221.94
214.99
204.78
198.3
199.88
217.63
227.28
227.02
217.62
203.45
208.49
196.51
189.31
110.3
37
52.87
65.62
88.77
172.56
146.22
170.92
187.37
199.35
206.62
215.87
205.46
199.4
192.85
202.98
218.41
223.54
224.71
220.93
201.16
199.11
192.08
189.88
172.74
175.36
175.84
158.14
165.71
200.02
200.83
202.57
198.31
194.62
217.68
218.57
218.15
194.67
194.47
217.33
219.96
226.12
227.98
225.5
220.32
215.64
214.47
206.4
196.6
198.61
197.84
199
204.76
217.18
201.39
265.97
229.73
227.96
226.88
226.3
225.85
225.41
224.78
225.07
226.59
229.07
227.21
225.15
220.23
219.42
212.68
213.04
189.08
215.46
215.43
215.47
215.76
216.24
219.32
238.53
229.9
227.88
227.37
226.9
225.6
226.61
226.38
226.55
228.28
230.91
229.17
226.54
223.66
225.23
206.94
211.7
211.26
185.21
181.12
178.09
185.76
189.58
193.27
331.59
231.5
227.51
225.57
223.95
224.44
225.06
225.35
224.96
226.41
406.3
405.87
360.31
222.11
219.7
218.99
218.52
185.3
181.37
180.87
184.43
205.09
200.18
219.49
245.89
225.53
223.99
223.71
222.79
222.29
222.66
222.77
223.57
225.24
226.16
223.76
220.48
219.08
217.62
211.87
172.56
185.73
183.73
175.67
177.89
177.89
195.4
211.07
218.17
218.32
215.72
215.18
212.21
204.79
203.56
202.8
203.87
214.92
218.85
218.44
215.87
212.21
208.48
202.39
200.45
188.72
175.51
150.11
145.64
147.06
147.19
177.57
190.85
206.09
211.18
216.26
216.38
215.72
214.37
208.79
207.67
193.08
273.71
225.24
221.04
216.55
213.57
216.24
209.01
185.74
179.59
126.16
126.37
139.27
127.66
182.51
144.29
154.32
186.52
188.66
201.18
195.74
187.31
183.18
186.7
202.69
218.88
219.18
214.5
208.87
208.04
206.3
173.1
173.17
180.42
175.17
99.29
108.27
164.51
165.24
219.23
219.58
217.06
216.62
215.86
213.3
212.59
212.32
216.57
220.29
223.32
220.98
218.63
214.96
214.02
213.33
203.96
178.48
161.99
150.9
156.92
181.63
196.94
263.17
297.45
255.93
270.35
305.17
269.7
220.35
220.11
220.59
224.71
310.11
376.51
376.26
355.3
284
253.05
215.37
213.13
134.58
205.17
203.14
205.08
207.88
208.53
201.16
296.39
302.19
305.27
326.13
316.48
224.61
224.1
225.38
226.97
229.12
233.3
227.78
223.9
216.91
211
200.49
185.63
94.57
15.92
15.28
16.23
21.86
89.96
206.73
219.76
222.39
221.77
222.38
221.76
220.81
220.96
221
223.83
227.3
229.02
227.46
225.24
221.97
222.1
218.65
212.66
194.7
205.1
198.02
199.71
205.08
195.7
175.9
248.99
241.14
240.23
237.9
234.74
228.34
225.45
224.4
224.46
228.06
231.11
228.08
222.86
218.26
188.04
191.07
176.67
208.91
209.67
203.3
201.34
202.41
206.49
208.55
208.77
217.97
219.19
220.36
219.41
218.44
215.35
210.14
215.21
211.47
228.24
226.26
219.73
213.1
209.42
203.81
208.76
215.42
213.08
211.27
209.53
203.49
209.21
207.52
209.19
211.79
213.19
213.49
218.27
215.71
213.98
208.57
214.53
212.25
229.7
228.61
225.14
222.7
215.1
218.26
213.69
161.05
158.77
123.26
112.58
108.41
190.07
222.12
211.56
230.45
228.62
227.67
226.33
224.37
223.57
223.42
224.23
226.28
227.11
225.2
223.18
218.29
216.09
189.1
187.79
141.74
120.64
108.29
109.69
109.88
203.78
205.46
226.09
227.39
226.9
226.23
225.09
224.29
224.65
225.5
227.19
237.04
241.59
234.87
228.47
224.99
223.15
221.13
218.3
210.61
210.81
211.06
212.54
217.85
214.17
220.41
259.47
244.5
242.09
240.04
234.89
231.53
230.6
230.63
235.3
240.9
243.26
236.54
227.3
223.92
221.91
218.87
213.64
205.39
188.69
182.42
181.67
181.55
191.18
218.47
224.42
225.45
224.43
223.79
223.83
223.31
223.5
224.73
227.33
233.22
237.5
228.77
226.34
223.45
219.93
226.21
208.86
198.65
195.56
195.3
195.27
203.44
203.93
221.49
242.92
235.08
231.85
230.15
228.26
226.79
225.82
225.34
226.73
228.7
230.71
227.36
224.06
220.71
217.92
211.17
208.78
204.31
201.16
180.09
178.7
181.1
179.57
187.22
206.86
202.26
223.49
217.36
215.04
213.92
208.97
206.77
207.5
208.92
293.79
225.67
219.26
209.92
212.53
211.13
207.89
204.31
204.36
202.31
201.08
201.69
205.74
205.77
208.65
207.26
206.7
207.7
210.88
208.84
207.6
208.11
212.99
220.73
227.07
224.86
221.14
215.06
213.98
213.85
210.67
209.71
209.12
208.37
209.51
212.78
216.6
192.37
235.08
239.72
237.21
235.41
233.93
231.64
231.62
232.81
237.97
244.19
246.9
235.63
229.39
226.15
225.71
224.77
216.97
210.91
208.07
207.7
207.33
215.05
210.05
223.73
264.75
229.99
228.47
228.74
228.3
227.74
227.36
227.57
228.02
229.66
229.83
227.48
225.39
221.93
221.25
229.23
208.01
209.35
207.17
206.49
206.68
208.15
209.25
217.85
267.99
226.9
226.24
226.67
226.1
225.5
225.28
226.34
227.72
229.55
230.66
227.06
224.6
214.04
238.15
218.43
213.39
171.16
203.75
201.98
202.59
206.99
212.19
217.83
222.46
222.7
222.19
222
221.3
220.45
219.77
220.38
221.39
224.66
225.24
222.59
220.79
218.36
216.88
214.88
208.14
204.91
203.78
202.7
202.08
206.45
182.99
250.2
223.65
224.66
223.42
223.86
222.78
221.66
220.27
220.62
220.69
221.71
222.56
219.83
217.06
214.87
213.4
217.06
198.24
200.14
192.47
188.15
186.23
183.57
185.01
184.71
189.15
191.7
195.86
213.1
207.4
206.93
204.29
197.74
178.17
211.55
240.49
213.94
206.53
198.45
195.7
196.33
187.2
186.29
182.51
68.33
37.72
21.62
10.15
7.58
10.25
62.76
149.87
173.44
186.2
164.73
151.45
149.03
179.85
196.05
208.77
209.35
208.42
206.15
203.82
194.72
190.23
63.66
79.47
78.74
51.66
98.45
149.59
208.19
217.83
221.56
219.36
217.55
215.18
213.25
214.42
214.97
218.11
218.79
219.28
214.04
210.23
209.61
208.57
205.05
193.66
191.89
186.77
183.26
183.16
186.91
198.08
193.9
212.29
212.77
211.67
211.32
210.49
208.65
209.7
210.35
211.16
211.78
213.94
211.73
208.6
207.39
206.17
200.24
192.76
183.04
173.46
163.21
162.04
173.06
166.31
207.23
211.35
214.39
213.23
213.24
210.66
212.07
212.85
214.97
216.9
307.42
392.81
377.12
213.96
208.9
206.12
202.1
198.47
199.13
197.53
196.39
196.25
196.37
198.08
231.64
288.42
287.8
301.25
301.16
300.81
300.31
295.65
300.56
300.15
280.33
346.51
330.89
209.52
204.6
199.96
200.19
200.18
166.9
172.74
170.67
168.02
172.27
176.14
187.24
202.85
205.66
205.19
204.03
202.93
201.9
201.63
200.53
201.04
203.14
205.09
202.01
198.66
195.53
190.96
195.28
193
198.09
195.1
192.59
190.63
190.03
192.5
190.54
194.32
194.51
192.69
192.21
191.7
191.19
190.42
193.59
196.17
200.38
202.5
201.05
196.97
194.4
193
193.44
194.79
187.23
186.55
183.45
181.28
180.47
180.76
177.99
186.56
187.22
191.25
191.66
193.68
192.35
191.18
190.23
191.28
216
268.83
202.83
201
197.83
197.68
196.7
196.22
187.13
186.12
186.26
185.47
190.15
194.86
195.04
346.32
304.4
292.89
293.01
297.9
292.55
297.86
287.46
282.14
292.27
423.67
383.89
205.35
200.63
200.2
199.04
194.42
195.35
193.54
192.45
189.51
191.46
195.33
196.36
201.93
204.72
202.22
201.6
200.53
198.87
199.01
199.76
203.79
207.6
207.98
204.43
201.11
198.03
195.65
192.44
190.63
180.35
170.14
166.6
165.84
174.22
187.01
195.22
199.28
201.77
199.8
199.15
197.98
198.58
197.97
198.82
199.51
200.83
202.72
200.93
198.83
197.27
195.89
193.77
193.29
178.32
177.22
169.28
172.14
174.31
184.99
191.29
195.84
198.47
197.78
197.58
196.91
195.2
196.16
195.3
197.57
198.01
197.74
195.9
192.81
189.64
186.5
182.5
179.65
167.93
169.69
164.01
163.54
168.45
168.83
186.9
194.49
198.65
195.34
194.54
194.01
193.61
190.89
190.92
193.7
195.93
197.58
193.01
188.02
184.19
183.23
181.42
177.6
168.97
166.14
161.58
160.18
161.07
165.68
163.13
169.46
179.96
186.11
189.64
190.16
189.66
188.08
189.11
191.29
196.56
198.25
196.08
191.31
186.09
184.07
182.62
181.74
147.05
146.82
86.22
85.57
85.85
122.23
52.59
152.67
156.66
164.2
164.52
184.86
183.57
182
167.89
163.82
259.36
214.61
199.07
195.6
201.2
187.13
184.35
162.7
130.41
69.76
74.58
54.97
126.83
157.1
176.36
275.67
316.35
318.92
330
329.98
322.79
344.8
334.69
299.04
360.2
484.67
455.56
369.88
200.78
199.37
194.88
190.49
190.5
188.32
186.04
185.98
188.88
192.41
197.93
205.92
209.03
206.07
204.49
203.29
203.34
203.28
204.78
209.05
211.87
210.73
206.79
202.99
198.88
196.26
191.82
188.29
182.95
178.86
177.01
172.2
176.4
181.41
189.6
196.06
198.12
196.68
196.74
195.73
194.56
194.73
195.14
196.32
197.46
197.06
195.03
193.21
190.07
188.73
185.27
181.36
150.51
161.99
152.05
149.3
153.53
166.39
176.32
187.98
191.93
192.21
191.5
189.67
187.9
185.91
187.5
189.22
189.48
188.73
185.47
181.6
179.41
176.27
174.24
170.24
150.79
129.47
102.86
90.89
122.12
165.3
151.9
95.2
153.77
165.12
170.93
172.97
167.59
153.63
151.8
152.64
153.25
185.95
178.84
164.55
167.57
163.72
164.89
166.45
117.57
7.36
0.4
0
0.19
0.25
0.31
0.4
4.26
19.01
148.15
163.86
146.32
131.07
105.95
103.48
164.78
179.01
179.21
178.81
171.28
174.09
173.28
168.18
152.18
143.34
126.21
127.91
129.01
133.65
143.03
145.15
155.77
159.41
179.38
185.58
183.54
179.69
177.67
181.57
186.6
191.84
191.11
189.58
187.51
188.14
185.84
185.09
171.71
165.55
162.25
164.45
167.92
185.83
185.54
188.94
214.09
201.65
202.63
202.69
202.31
200.8
200.92
205.62
206.84
206.53
204.5
198.79
194.1
191.32
188
185.58
176.96
170.89
70.81
68.15
65.72
69.81
179.2
188.3
191.31
190.43
191.03
190.93
190.82
191.13
192.58
194.43
196.13
196.73
195.34
192.91
191.18
189.81
185.59
185.45
174.3
171.65
147.55
96.46
101.68
173.02
101.21
183.62
190.7
192.96
195.32
195.46
195.49
195.44
197.16
199.96
201.04
200.27
194.38
192.74
189.24
187.42
182.38
178.6
23.52
160.31
26.77
29.91
30.31
162.27
162.78
170.85
178.53
182.96
184.76
184.83
183.67
182.56
182.11
185.1
187.65
188.53
187.16
184.77
181.11
179.13
174.52
168.8
137.35
151.87
148.56
146.74
154.4
158.01
157.69
159.56
162.77
168.52
170.58
172.02
170.71
169.48
170.13
172.96
181.4
184.77
179.95
173.02
164.56
164.49
162.43
157.42
