271.01
202.87
182.45
180.91
180.2
180.24
161.65
157.77
132.68
149.52
143.99
148.43
154.24
158.24
164.95
176.66
166.41
184.9
183.2
176.64
168.92
167.76
164.6
19.48
0.72
0.72
0.68
0.67
0.67
0.7
0.74
0
81.46
117.83
0
0
0
0
0
0
25.09
183.64
186.81
180.32
175.92
0
0
0
173.67
164.87
163.36
98.59
166.64
178.31
176.46
194
195.62
194.28
194.7
195.3
194.3
194.66
196.4
199.39
200.59
200.67
196.55
192.04
190.34
189.9
188.51
182.48
0.8
42.9
49.56
38.4
34.58
3.4
183.16
189.5
192.48
191.4
191.14
190.63
189.26
188.73
188.74
189.91
190.72
191.17
188.9
184.7
180.43
179.64
178.17
174.08
172.14
168.75
165.43
162.74
167.92
166.93
179.39
195.07
189.58
189.05
189.33
189.21
188.86
187.85
187.38
188.44
189.34
189.58
188.04
184.25
179.89
179.46
177.98
175.52
165.62
164.94
159.46
158.07
159.43
16.53
195.39
177.39
178.91
178.6
179.23
179.41
178.9
179.11
179.78
183.2
187.4
188.66
183.88
179.94
177.28
177.77
175.39
168.56
166.95
164.23
156.33
154.06
158.61
157.57
172.05
177.67
181.38
179.54
180.15
179.27
177.78
175.62
175.68
178.57
180.85
181.96
179.92
175.12
170.96
170.48
168.54
163.51
0
0
0
0
0
0
23.21
139.53
148.69
156.92
163.45
164.07
162.32
158.66
159.87
164.19
170.54
172.3
170.82
167.71
162.86
160.12
159.12
145.65
145.84
144.95
136.97
129.53
20.44
23.56
6.65
9.68
26.93
127.01
152.12
159.94
156.18
153.05
153.03
159.81
21.66
179.84
174.89
171.98
168.33
168.6
168.07
159.36
155.34
12.54
12.26
1.31
0.6
36.49
170.82
183.1
184.88
182.86
182.41
181.24
179.87
176.54
177.04
181.25
183.58
183.97
181.17
177.92
173.06
170.35
163.86
158.67
159
156.34
154.51
154.82
157.97
165.49
173.05
178.94
181.49
178.86
178.64
178.42
178.32
178.54
182.26
188.18
188.73
190.09
186.11
177.72
173.67
172.8
168.15
162.88
155.2
143.6
137.09
135.72
143.37
141.66
193.42
171.16
174.97
171.65
170.93
170.64
169.54
169.45
169.84
171.6
173.03
175.61
170.59
168.71
166.1
164.41
164.63
159.26
152.82
150.8
149.9
148.87
152.7
160.06
163.68
167.34
170.34
168.15
168.23
167.75
165.27
165.27
165.43
167.88
169.73
170.65
168.29
164.11
162.35
161.93
162.16
158.3
154.07
152.79
149.17
144.77
77.71
177.62
194.01
197.17
180.09
176.55
175.71
173.4
169.92
168.86
166.89
171.44
171.71
295.14
172.1
164.51
277.77
246.78
161.86
160.83
165.27
163.64
163.06
162.27
162.65
164.02
164.63
162.79
161.71
164.46
167.53
167.75
166.6
166.02
165.18
167.75
174.46
178.93
173.78
167.31
161.62
161.28
160.74
160.36
164.14
160.99
159.34
156.23
155.28
157.39
152.97
154.71
154.26
154.15
158.15
158.81
157.73
156.87
155.38
158.62
163.13
171.88
170.76
164.72
161.63
162.39
161.6
159.41
158.49
155.03
153.73
154.25
157.04
160.88
167.09
175.39
177.05
172.89
172.43
171.07
168.66
168.59
168.9
170.65
171.92
174.65
170.27
165.68
161.49
160.45
158.51
153.51
152.22
151.59
149.82
150.52
154.13
158.44
164.15
293.05
290.06
266.01
262.12
175.23
173.73
173.11
172.91
176
177.84
178.57
175.31
171.46
167.96
162.6
160.22
156.03
159.13
157.04
154.95
155.03
157.9
160.93
167.48
179.64
185.57
182.28
181.94
179.92
178.86
179.29
177.88
179.7
182.69
265.78
180.89
176.6
173.29
170.47
163.32
159.3
155.58
150.61
147.08
144.17
147.9
153.62
163.29
175.14
180.32
177.58
175.87
173.6
171.72
173.13
172.52
173.53
175.26
179.28
174.29
169.15
163.98
162.72
159.68
152.92
151.59
148.51
143.04
143.16
147.24
153.44
164.41
172.86
178.04
173.46
171.83
173.53
168.78
165.61
164.22
166
170
173.7
172.28
165.29
159.72
158.67
158.42
155.21
155.13
151.99
150.31
30.2
126.33
143.42
120.69
200.02
155.82
159.32
161.99
162.16
159.45
157.29
157.11
163.03
173.26
178.16
176.68
168.76
161.77
160.42
160.28
157.34
162.47
55.21
152.44
150.92
151.66
150.38
139.13
138.6
148.26
152.92
160.27
161.47
159.64
155.53
152.04
55.6
19.07
208.44
177.43
172.07
163.9
163.34
161.65
158.04
159.95
159.54
156.49
154.48
156.52
162.63
181.1
181.2
185.86
183.06
182.84
181.18
180.25
180.38
180.46
180.88
184.96
187.78
180.78
178.73
176.34
173.85
171.28
167.12
168.23
168.15
167.1
167.26
169.84
171.96
179.93
261.08
307.85
246.16
224.38
205.07
191.89
189.7
189.61
204.1
209.31
266.91
212.04
187.95
180.96
179.82
176.88
170.75
169.46
169.81
169.13
169.62
171.21
172.35
177.87
325.12
325.14
237.04
226.82
200.2
192.38
188.82
187.29
188.83
206.39
271.4
210.6
183.72
179.02
177.12
171.99
168.26
167.73
173.64
174.56
176.19
180.75
181.11
186.75
353.07
323.81
311.05
277.19
217.19
262.62
203.56
189.72
200.6
300.49
376.73
427.09
231.57
201.12
209.83
180.57
167.83
171.44
174.64
173.98
174.78
180.71
180.63
183.61
313.58
332.69
331.24
341.38
356.64
200.33
188.11
180.2
180.27
186.26
378.61
243.51
185.45
174.5
171.85
173.69
171.52
177.65
178.53
174.75
174.59
174.91
175.98
180.24
174.82
173.7
174.33
176.64
176.62
174.74
171.86
170.71
172.53
177.66
306.28
292.91
177.52
174.07
173.06
172.03
172.31
172.55
170.88
167.3
164.5
164.79
165.03
161.87
158.89
157.13
160.36
163.39
163.85
163.1
160.68
159.9
161.25
166.68
174.13
173.64
169.38
163.58
163.62
160.95
158.33
157.1
155.72
154.53
154.8
158.63
163.22
172.04
179.98
183.79
182.54
181.03
180.19
178.11
177.28
176.73
177.8
179.51
183.02
180.73
177.19
173.27
171.04
165.66
162.22
164.85
165.89
164.39
165.34
168.61
170.9
174.18
212.44
213.83
207.7
211.48
208.05
193.27
186.26
184.46
185.89
221.65
327.69
326
209.94
180.28
180.35
173.86
171.48
169.79
169.39
167.8
168.05
170.57
172.08
174.49
187.84
189.85
188.21
188.54
186.73
185.12
181.89
181.42
185.29
200.52
342.28
375.75
190.71
179.45
177.83
173.54
170.51
200.83
169.71
168.98
169.72
195.23
214.04
237.04
315.1
308.09
313.36
322.44
336.55
315.17
300.18
178.48
178.86
184.47
375.88
378.52
181.79
270.88
240.51
225.44
198.1
164.36
163.42
162.38
162.79
165.64
168
172.29
335.54
318.63
181.91
180.93
178.18
175.2
173.69
172.32
171.86
173.92
175.6
174.82
172.05
165.59
163.72
161.6
159.94
162.84
161.27
159.88
159.12
159.89
160.82
157.15
158.74
158.52
160.18
162.84
162.94
161.11
159.28
158.83
161.05
167.75
174.23
173.88
169.48
162.71
161.38
161.02
161.26
163.34
162.04
161.01
159.08
158.99
187.7
98.3
102.14
195.32
157.71
161.46
163.61
163.42
163.37
163.02
163.63
171.68
177.08
277.17
176.23
173.54
172.96
169.89
169.15
167.61
168.11
165.25
165.89
169.75
173.89
178.04
198.14
193.75
192.59
189.85
186.74
185.71
184.86
184.25
183.95
185.47
194.37
187.73
185.25
179.27
174.34
171.82
169.04
169.57
168.68
168.5
168.8
170.87
171.72
176.61
245.83
186.8
185.82
341.45
184.78
183.58
182.94
182.19
180.6
182.07
186.11
510.31
184.71
181.56
178.15
172.73
169.33
169.5
169.24
169.22
169.45
170.14
170.87
174.62
206.68
205.46
196.86
186.51
182.22
179.08
176.19
174.27
173.86
176.5
185.49
181.82
174.46
170.81
170.13
163.18
157.49
159.97
158.7
155.84
155.47
157.27
159.29
164.5
172.85
176.26
174.79
174.49
173
171.18
170.89
170.24
169.45
171.08
182.93
178
172.24
169.02
167.34
164.99
162.56
158.65
157.61
157.07
157.61
160.44
161.56
165.9
174.7
177.2
176.82
195.26
195.28
172.43
170.44
168
167.08
168.28
171.41
171.3
169.51
166.2
162.91
162.78
163.4
163.91
162.85
161.98
162
159.49
158.94
156.27
160.1
161.44
164.21
164.88
163.07
160.47
157.45
155.44
156.41
161.79
169.05
169.1
163.89
158.03
156.54
157.15
155.85
63.42
45.39
45.64
51.72
19.84
31.83
27.53
30.41
61.28
129.01
153.44
155.83
155
149.81
133.16
131.53
38.8
163.42
167.05
165.61
162.44
160.36
159.69
158.37
157.95
155.82
154.65
152.39
155.44
159.26
167.75
175.62
179.11
178.35
176.52
173.63
172.37
171.55
170.59
170.22
171.64
179.17
177.98
175.61
171.57
168.76
168.41
166.68
167.87
166.85
166.74
167.31
169.49
169.99
173.14
186.04
190.76
187.68
185.2
181.74
179.4
178.93
177.74
176.73
180.24
213.57
209.6
188.04
178.73
175.31
174.18
172.68
169.92
169.11
168.83
169.33
172.12
172.63
176.9
305.7
340.23
345.07
326.67
324.91
184.84
183.52
180.24
179.98
193.37
327.04
460.88
365.96
186.59
176.69
173.04
171.37
188.83
184.5
175.26
175.26
189.61
193.79
233.58
311.35
335.96
350.54
359.61
354.47
355.25
355.39
340.33
321.42
307.01
324.78
409.95
252.21
193.47
195.32
189.51
182.58
174.42
173.34
172.8
172.63
172.76
174.21
206.08
207.97
205.24
192.12
185.99
183.57
178.18
175.44
173.28
171.91
173.01
184.99
183.45
175.82
170.6
169.33
170.58
170.53
174.63
173.1
172.74
172.83
174.09
178.86
177.79
179.7
180.4
178.87
179.57
178.56
175.9
174.02
172.5
173.48
177.43
190.4
193.74
181.54
175.6
174.63
176.82
176.18
176.9
174.85
173.75
173.09
173.31
172.69
167.22
166.91
157.76
201.12
175.76
174.85
174.04
173.51
173.15
173.72
177.64
185.45
192.65
186.75
181.54
182.52
183.12
179.59
177.84
176.64
175.27
174.89
177.53
183.22
191.56
349.56
417.52
216.89
202.31
194.95
188.86
184.7
182.88
181.36
182.93
203.2
216.9
195.93
183.28
180.79
179.01
174.62
176.56
174.21
173.52
173.87
176.96
179.62
183.1
193.58
203.19
201.31
197.07
191.97
188.59
186.61
184.5
182.73
183.84
194.2
201
192.16
184.1
182.07
180.73
178.05
179.41
178.72
178.38
178.47
178.89
180.57
186.96
199.97
214.88
212.43
207.21
205.88
196.57
194.15
192.58
189.56
191.72
202.27
203.44
196.5
190.17
187.38
184.15
179.68
191.8
189.72
189.29
189.7
191.03
194.55
197.3
207.73
247.04
238.08
228.5
217.64
207
202.78
200.54
197.06
198.31
235.06
244.84
217.62
198.12
195.4
192.57
189.82
195.81
193.05
190.55
191.68
196.94
201.44
216.32
278.87
548.91
477.22
404.43
259.82
216.18
204.78
199.51
194.91
196.41
211.23
216.6
201.96
194.41
191.18
191.04
189.56
212.43
200.24
196.53
195.2
196.2
194.17
189.72
192.85
198.93
203.54
204.11
201.27
197.64
194.98
193.41
194
198.21
206.69
221.19
207.01
198.48
199.52
195.5
196.36
193.09
187.66
185.15
181.43
179.73
131.42
63.06
66.1
177.18
185.72
191.08
191.79
189.4
186.47
181.76
182.07
184.98
201.05
213.26
210.68
204.56
206.74
201.98
201.64
205.95
202.41
199.73
200.5
213.4
220.63
286.93
454.29
630.94
611.36
607.15
648.77
236.8
233.16
228.83
220.81
223.71
369.01
594.19
240.83
221.43
221.83
206.04
199.66
145.09
199.64
199.02
201.94
207.55
213.41
216.6
227.57
238.29
235.07
228.9
228.4
226.85
225.62
221.18
218.92
219.52
229.3
258.77
234.39
233.29
234.33
219.25
211.92
218.33
212.37
210.08
211.33
215.3
220.36
238.49
302.8
303.85
303.31
302.88
287.25
259.62
241.43
237.25
232.64
235.37
264.18
301.49
291.25
241.64
244.99
235.2
216.29
226.19
207.67
206.71
207.99
208.7
216.13
336.39
485.84
660.71
628.37
623.48
610.67
395.01
394.92
394.83
326.78
305.4
306.81
611.7
634.41
199.66
216.91
216.9
209.41
207.21
205.24
204.57
204.4
204.5
205.04
212.14
250.7
251.36
250.21
238.68
226.04
215.94
209.31
205.82
204.28
203.49
208.65
213.99
209.61
204.04
204.8
202.72
201.24
207.83
205.58
205.1
205.26
205.66
206.43
207.78
208.44
212.3
216.02
215.03
210.15
205.01
201.39
198.9
199.23
202.16
218.02
260.85
239.84
217.8
214.17
211.29
208.28
212.34
207.11
204.55
203.53
203.84
204.08
192.09
190.29
196.72
204.07
207.05
205.33
202.39
198.35
194.58
193.69
148.11
207.62
359.9
400.01
349.69
216.65
211.7
208.21
207.21
204.18
202.02
201.19
204.48
214.66
224.98
530.28
669.62
669.87
669.8
829.14
232.72
226.62
210.88
204.01
203.51
234.3
549.85
614.71
225.19
216.17
207.13
204.81
202.63
200.42
199.19
200.34
204.61
211.96
214.42
385.26
507.95
500.86
513.27
500.58
219.05
217.79
213.33
204.66
203.96
226.24
385.45
385.27
348.79
215.25
210.75
207.09
205.16
204.17
203.05
203.96
206.35
212.63
215.49
491.61
950.96
781.9
681.72
681.26
680.66
227.4
224.91
211.43
211.79
224.03
586.31
590.73
480.86
406.08
217
210.26
207.07
205.64
204.8
205.01
207.52
210.01
213.49
238
228.15
218.58
212.47
209.56
206.83
205.67
204.69
202.78
202.28
205.35
207.05
207.76
205.84
204.86
201.99
199.58
155.28
192.82
192.3
191.95
191.9
197.2
197.08
196.98
198.12
198.35
198.92
197.95
197.37
196.45
195.77
193.62
193.89
196.43
198.51
200.83
200.97
200.48
199.76
199.11
203.55
204.79
204.88
205.08
205.57
205.64
201.9
203.05
205.86
207.33
208.17
207.65
206.89
205.91
205.37
205.64
209
224.49
287.17
227.67
214.58
221.49
219.04
218.48
224.45
222.06
220.75
216.89
216.01
214.29
208.47
206.86
221.08
225.07
225.74
222.56
220.97
209.47
208.84
208.77
209.81
221.73
228.43
225.06
224.94
226.41
220.41
216.94
213.99
212.83
212.63
213.45
214.43
270.91
295.76
298.6
300.33
231.39
222.29
214.19
214.6
213.4
210.67
207.09
206.14
207.88
209.1
212.75
214.73
217.43
212.92
209.16
214.72
213.83
214.65
216.28
218.12
223.45
262.31
359.27
355.84
468.56
392.78
475.2
218.52
215.12
213.15
210.01
211.1
213.5
213.46
217.8
219.26
217.37
213.65
208.07
209.18
203.97
201.98
201.67
203.84
205.43
213.61
222.93
223.48
216.73
214.59
213.66
213.71
213.05
212.03
209.15
208.83
210.24
211.08
215.33
216.5
216.14
210.62
201.55
197.48
186.5
181.29
181.35
183.45
197.23
205.21
211.8
216.68
215.73
214.65
212.26
209.24
209.89
208.23
205.74
206.59
209.91
211.41
210.82
213.7
217.28
214.56
205.01
182.34
197.58
196.56
198.61
201
190.76
240.83
270.62
307.01
306.9
307.02
306.86
265.54
222.78
217.23
212.49
208.12
219.18
270.01
242.5
216.59
220.3
215.99
208.3
186.03
185.12
199.51
199.43
199.65
198.04
165.01
204.08
216.11
225.64
229.68
219.88
216.3
209.2
205.46
203.09
205.49
215.49
292.44
275.99
229.96
227.5
216.66
205.98
164.41
156.76
199.32
198.88
199.35
199.61
198.55
196.62
196.95
200.7
202.84
203.77
199.92
196.53
193.57
191.46
143.25
169.71
268.87
285.58
226.56
222.26
211.33
203.81
203.92
200.13
198.98
200.28
184.69
206.21
220.96
339.92
304.14
282.19
281.02
279.35
275.91
309.8
294.62
226.94
217.65
219.86
294.86
315.04
246.96
238.16
211.2
200.67
203.81
201.08
197.88
197.11
188.06
165.01
275.27
281.96
233.42
228.85
224.99
219.55
216.32
214.26
211.83
209.09
207.12
210.33
225
233.46
217.82
219.31
213.58
203.21
133.77
195.74
192.77
193.25
193.3
160.1
215.82
280.63
293.11
263.96
266.55
259.54
228.69
246.44
226.92
212.97
210.69
237.32
296.2
237.41
225.23
224.05
240.54
199.5
216.4
200.37
198.52
198.03
194.13
207.42
207.18
209.66
217.64
222.54
221.93
218.14
215.48
205
203.83
203.04
202.81
205.2
221.77
219.78
223.79
209.75
206.44
204.4
161.92
174.48
197.23
196.84
197.75
195.68
198.6
200.69
224.15
204.77
205.24
203.35
201.62
200.59
199.17
192.6
187.05
196.82
212.95
207.67
206.31
208.2
226.13
202.66
202.24
198.51
196.37
195.6
196.04
196.87
196.47
200.78
221.77
219.81
233.12
247.65
203
201.59
199.69
198.81
198.52
200.39
205.89
207.09
204.9
205.25
204.6
203.78
32.33
156.02
0
185.41
182.15
181.37
177.69
175.79
170.29
176.31
185.38
192.38
184.63
165.55
155.07
135.86
137.81
155.6
185.23
183.16
204.18
202.08
216.82
192.04
144.14
178.64
177.26
177.43
179.11
180.86
181.57
180.91
179.89
185.59
188.13
196.51
193.17
185.98
177.29
177.01
177.6
182.09
190.31
187.89
211.56
206.01
214.66
163.74
149.55
194.93
191.91
194.04
153.78
107.8
211.36
281.08
244.77
239.75
233.26
226.68
220.55
219.35
217.04
212.66
209.88
210.05
212.83
216.7
219.11
218.73
214.2
207.32
106.86
158.41
172.83
172.55
163.88
183.97
211.27
281.04
241.69
233.47
226.34
222
218.04
218.54
219.59
214.68
212.91
215.99
220.61
224.24
220.03
218.58
212.63
208.1
134.88
127.66
207.27
207.17
210.17
192.12
232.67
280.13
275.73
315.93
321.36
336.13
316.04
305.72
285.62
217.94
215.8
216.62
217.65
221.78
235.25
220.61
217.11
213.57
210.16
215.31
168.12
204.92
170.4
231.23
228.53
300.98
307.99
312.53
313.31
327.28
321.15
257.86
217.27
215.35
213.63
218.62
228.21
222.11
215.94
221.43
223.9
210.5
212.89
210.96
209.55
209.17
209.05
208.83
209.24
212.43
229.53
229.93
283.66
297.98
286.53
270.98
210.35
209.61
210.44
236.97
243.86
256.96
301.87
287.68
271.92
212.9
168.44
11.7
140.44
198.79
199.74
199.43
192.84
189.97
198.25
207.96
214.98
210.88
228.49
204.65
196.51
187.15
148.94
197.52
206.06
220
231.33
220.9
225.68
210.49
209.51
209.36
207.94
206.27
210.51
217.55
223.14
230.87
315.97
350.88
380.73
465.49
227.43
225.64
221.41
216.87
213.39
213.91
215.99
220.48
223.42
284.92
219.9
213.06
212.12
210
209.25
209.39
211.24
213.69
216.35
225.81
260.07
238.06
230.73
225.36
222.07
221.9
219.06
216.93
216.02
217.15
217.15
217.73
220.23
217.5
215.97
213.71
212.86
217.21
204.8
209.54
212.44
220.91
222.14
251.04
279.01
254.24
237.57
223.93
220.44
220.39
219.47
218.75
218.41
219.91
223.2
225.22
243.25
222.59
218.19
214.2
99.38
83.75
173.97
176.6
184.37
147.33
241.16
227.11
237.23
229
228.12
226.74
227.37
227.31
225.22
221.23
218.37
225.5
226.04
225.5
230.6
227.32
234.61
213.69
214.6
213.78
211.77
212.01
212.33
229.15
224.63
324.11
325.76
331.57
324.85
246.7
227.49
223.47
220.97
217.22
216.07
222.26
223.11
222.21
223.04
233.32
232.37
221.53
215.78
215.13
211.69
210.08
210.94
212.67
212.57
215.33
216.51
219.11
221.08
220.45
218.7
217.3
216.2
215.69
215.84
228.48
235.27
236.6
233.54
229.24
218.14
216.11
228.73
212.33
208.53
207.1
206.26
206.26
197.3
196.16
206.87
223.89
215.9
215.31
214.88
231.23
208.28
204.65
195.59
222.54
214.11
215.81
219.74
219.02
217.35
215.04
211.74
210.1
208.15
206.66
207.98
227.59
218.85
222.85
228.58
225.35
224.27
222.31
222.63
222.34
221.81
219.73
217.98
218.16
219.6
219.36
222.43
223.47
230.35
234.61
214.33
213.89
211.04
210.5
209.96
214.33
218.25
222.91
228.78
228.58
226.67
223.36
222
221.8
221.26
219.33
217.46
217.88
217.75
218.52
221.88
219.31
217.52
215.95
246.86
232.25
228.32
224.7
247.11
270.96
308.06
391.09
460.65
431
461.18
591.14
475.96
486.32
495.97
445.64
360.99
361.21
356.21
346.13
326.25
333.73
254.7
224.34
225.42
223.86
223
221.52
223.05
229.81
298.18
455.34
410.57
492.25
540.34
570.06
405.29
435.46
380.11
380.23
372.22
372.58
380.66
380.73
386.15
372.96
320.61
269.71
227.02
225.62
223.98
223.5
224
257.84
291.24
406.5
436.24
441.4
476.11
476.54
460.35
420.81
415.18
385.21
254.06
346.02
339.65
259.18
258.1
236.61
242.1
224.1
227.49
225.98
224.16
223.85
215.17
218.91
223.28
224.85
226.32
228.57
229.36
228.32
227
225.8
223.53
221.11
222.05
223.76
225.12
243.21
254.66
226.53
225.23
223.33
220.62
204.53
198.38
196.63
193.96
199.58
165.5
143.82
208.85
209.8
221.76
222.09
218.9
209.25
200.38
193.33
192.77
207.26
217.95
223.23
239.23
236.61
226.15
222.52
215.93
208.27
200.96
200.93
210.89
259.2
231.33
238.34
337.01
245.38
254.93
242.6
235.49
233.52
232.08
230.84
229.03
229.56
239.76
229.06
231.41
259.09
228.6
225.32
227.53
226.5
224.23
224.45
225.77
235.53
250.25
292.22
246.81
243.93
251.37
243.83
241.55
241.67
238.64
235.38
231.31
238.28
239.16
275.22
358.91
354.21
337.92
283.76
244.37
228.96
226.34
227
227.43
232.1
285.47
376.34
406.5
401.53
396.47
446.4
381.29
381.34
381.2
348.33
325.79
321.19
316.03
305.88
321.65
316.69
286.56
271.07
277.31
276.2
260.94
252.38
265.38
301.03
266.81
357.01
412.11
412.07
412.14
432.11
401.65
406.71
406.14
366.06
365.36
360.69
360.89
360.77
346.39
346.75
306.6
268.05
239.47
236.73
235.08
235.07
236.07
238.78
285.71
279.79
286.34
285.68
285.18
285.12
251.87
246.11
243.94
241.08
277.94
285.47
285.71
285.6
285.78
285.72
285.42
240.95
285.3
242.36
239.85
239.6
239.59
241.31
238.9
240.33
285.61
285.99
286.01
285.18
243.45
241.57
240.06
237.78
236.91
239.03
245.31
247.73
272.37
285.12
246.28
240.45
242.97
238.29
235.85
235.65
235.27
234.81
232.21
230.92
232.86
237.94
242.67
242.58
240.86
239.95
233.75
231.33
230.22
238.52
237.03
238.7
243.29
247.57
248.14
241.81
193.44
201.23
232.65
233.1
235.33
236.75
251.59
258.83
332.47
261.37
256.13
250.91
246.6
247.86
246.72
245.91
244.82
244.45
243.84
244.59
245.91
251.82
245.31
240.67
238.67
235.86
233.04
233.97
236.03
241.22
274.2
390.08
382.27
390.28
401.26
425.17
252.2
249.31
246.56
244.78
244.55
255.03
315.98
306.95
371.13
360.43
287.58
251.57
240.04
236.28
231.12
230.34
231.3
238.04
241.54
245.92
249.15
246.76
245.37
243.23
241.68
240.88
240.01
238.58
238.03
238.99
238.73
240.81
343.29
350.01
252.03
244.7
195.91
208.63
226.03
227.79
226.5
255.44
261.15
358.56
368.53
368.5
378.7
408.75
378.66
373.85
373.62
355.96
333.75
313.57
308.29
308.06
342.4
333.16
322.68
263.99
246.1
257.25
224.84
224.01
227.34
235.57
254.25
337.52
377.61
382.31
387.68
368.44
372.14
370.06
343.23
335.33
297.43
294.38
301.63
273.96
307.17
306.43
281.71
266.99
237.1
233.56
224.08
220.54
216.97
218.04
210
221.71
242.55
242.73
292.43
321.78
301.46
240.53
233.87
218.5
216.62
228.64
243.4
267.46
270.65
265.68
276.91
235.21
121.4
171.6
209.54
207.79
206.82
199.44
199.86
201.11
197.23
215.72
230.05
231.01
229.72
206.95
194.11
190.17
189.77
190.37
197.56
207.47
220.05
234.08
245.61
217.26
207.87
201.42
197.25
195.46
206.8
229.7
240.27
395.61
400.82
383.49
383
476.56
451.58
420.68
436.23
386.49
356.07
346.98
320.14
305.31
360.74
361.53
293.78
240.76
203.51
197.01
225.7
225.79
229.24
234.95
357.87
334.57
371.2
376.8
380.39
380.72
376.53
375.69
344.71
338.29
326.99
322.43
322.22
322.5
342.81
319.37
313.94
271.3
213.98
224.68
211.29
211.23
216.88
229.33
256.46
324.39
369.21
356.51
380.37
380.72
379.31
382.21
380.83
250.74
239.24
238.26
237.97
237.92
238.15
238.57
237.66
228.05
237.72
163.38
187.27
188.79
191.16
189.56
192.68
189.13
201.92
208.16
250.39
237.8
237.47
217.25
203.2
188.6
187.39
173.41
236.6
228.11
233.82
235.9
236.05
192.99
200.89
196.47
190.72
188.52
190.61
199.5
222.9
231.91
250.76
243.28
245.28
241.08
238.86
237.64
234.81
231.09
228.69
229.74
230.32
228.19
225.51
228.98
242.64
220.39
186.56
180.99
179.46
181.61
181.78
185.68
200.46
220.42
326.59
256.13
254.59
255.22
245.92
237.31
230.99
229.94
230.51
232.22
233.39
232.08
230.14
245.74
257.43
201.82
195.91
187.36
187.23
185.8
185
181.56
187.47
176.39
169.81
181.79
204.42
220.78
221
196.48
178.5
176.31
184
209.12
221.27
229.6
234.32
238.21
256.76
231.74
230.7
228.88
224.24
222.75
223.72
235.8
258.68
374.1
381.66
381.02
381.42
380.72
379.72
369.41
358.65
333.41
313.12
309.16
289.12
279.26
312.76
309.42
274.06
265.3
252.3
235.5
227.73
227.25
233.63
239.82
293.34
344.89
371.75
371.21
373.44
372.87
367.41
372.48
368.86
358.26
293.71
303.35
300.27
294.71
342.7
360.89
293.14
291.19
243.46
241.18
238.15
237.6
239.25
244.29
265.66
351.89
368.39
386.14
426.31
485.86
386.48
368.04
342.17
321.45
316.23
306.23
306.51
248.35
249.63
286.77
286.17
265.12
243.78
242.16
234.61
232.64
235.06
240.44
246.92
321.54
361.33
371.75
382
426.09
376.63
356.55
321.36
325.9
325.61
315.97
285.89
261.74
305.75
287.49
267.43
256.48
255.09
235.86
231.73
220.15
226.47
242.68
280.28
317.1
321
336.41
341.56
376.27
360.35
333.42
243.39
240.28
238.8
238.57
238.51
237.58
296.05
291.22
286.11
274.39
250.54
240.29
238.62
236.99
235.38
245.16
227.73
229.53
246.72
272.72
283.42
287.85
287.46
271.53
259.43
245.48
256.32
258.35
265.49
265.37
263.86
272.88
275.65
254.14
86.85
85.38
198.64
183.4
178.72
177.62
177.16
178.3
187.07
214.41
229.69
238.71
237.13
221.43
201.98
196.51
184.26
200.7
213.91
221.09
229.73
248.12
247.69
234.48
241.01
85.13
161.75
164.78
164.5
182.35
207.43
229.72
200.28
243.74
244.67
245.15
244.12
242.01
240.89
238.68
236.75
238.78
240.08
240.81
241.2
243.03
244.87
240.9
234.83
215.56
198.6
192.57
195.38
230.55
266.02
331.75
357.12
367.27
372.19
411.82
366.47
386.54
376.25
355.78
340.91
321.41
311.26
291.09
301.71
302.27
276.7
247.75
245.14
241.66
239.6
238.84
238.95
242.74
258.41
370.4
380.22
395.23
400.2
434.54
389.61
408.63
389.24
253.21
249.22
248.45
247.71
246.5
246.06
340
310.73
279.92
252.78
258.23
235.4
235.16
235.81
237.65
292.7
363.51
392.75
387.93
393
396.81
392.25
392.11
376.16
250.97
259.7
325.99
330.3
285.91
253.14
253.59
251.5
246.69
240.49
215.65
198.06
191.11
195.82
218.21
270.01
351.5
375.37
353.36
350.98
244.79
242.5
241.77
239.62
237.76
235.44
235.31
235.22
234.59
233.64
278.16
275.15
229.83
245.84
232.95
225.35
220.92
208.26
207.51
209.76
221.31
236.66
309.61
321.55
345.28
327.48
304.8
280.25
280.03
266.78
282.44
283.36
281.88
290.04
296.25
311.34
265.88
185.52
190.09
190.56
187.28
180.88
176.71
164.45
164.6
186.96
209.92
260.17
267.02
244.64
231.83
215.75
199.7
191.67
213.42
274.17
291.63
285.96
282.23
327.36
228.82
224.14
195.48
185.29
180.48
189.74
232.5
282.82
367.12
402.36
402.34
461.28
586.25
456.96
405.63
401.84
384.67
361.24
362.05
342.09
326.21
340.81
332.25
317.67
285.32
251.44
238.1
223.08
222.74
237.35
244.99
321.47
360.9
396.15
405.65
415.55
430.44
390.16
390.44
405.57
390.59
346.6
342.97
328.37
323.2
375.16
375.86
375.87
305.58
209.14
170.14
159.07
161.02
166.47
207.42
286.69
395.51
363.73
376.23
401.21
381.08
362.36
372.62
332.54
322.07
297.75
345.22
286.97
301.31
303.04
299.26
309.08
261.4
271.76
217.97
206.64
197.19
195.93
199.59
229.51
253.55
291.43
295.32
315.02
255.83
252.91
252.41
252.05
250.66
250.74
272.61
281
269.1
282.73
289.69
289.9
237.6
240.01
201.39
181.03
167.33
162.82
185.73
238.01
351.12
376.18
375.78
375.23
354.09
336.91
325.15
229.52
226.33
253.57
315.8
359.14
316.45
294.2
299.2
302.3
260.19
254.39
246.14
243.55
187.95
184.65
184.15
183.44
202.54
243.68
244.04
246.15
247.22
210.83
208.22
207.04
206.35
207.17
247.06
251.94
213.93
210.13
210.7
242.15
216.97
75.79
185.88
175.31
162.67
149.49
135.02
111.96
145.76
129.61
204.68
229.65
234.36
204.77
214.87
185.53
181.33
179.04
182.46
190.08
190.15
199.51
240.79
241.07
225.34
199.47
181.32
185.59
185.02
186.4
211.96
290.76
361.46
378.6
378.93
394.09
488.4
398.88
379.31
379.21
368.92
352.7
337.79
342.38
323.71
322.45
320.57
317.09
264.9
224.68
216.71
210.93
209.37
206.99
199.47
300.75
332.15
351.85
347.14
372.19
450.36
380.24
352.28
352.08
341.05
317.45
303.48
308.11
288.54
312.27
312.46
302.54
276.93
236.86
223.91
174.72
210.68
180.9
233.26
281.92
343.57
374.82
364.58
374.6
408.33
363.3
368.74
363.3
343.12
323.15
319.03
309.62
304.76
293.75
294.99
295.36
251.96
199.48
202.87
191.52
187.95
186.71
197.27
229
268.06
347.96
362.98
383.03
403.15
383.41
374.38
359.74
344.88
319.89
313.53
308.56
298.31
263.04
281.49
291.93
255.74
237.04
211.24
206.27
202.91
198.49
211.68
239.23
359.98
380.93
378.88
395.15
359.95
384.26
378.88
338.61
323.37
308.6
308.66
293.62
262.86
261.48
262.3
262.43
255.12
185.15
196.91
190.51
180.02
167.5
167.94
175.02
232.42
216.41
276.94
284.12
296.55
276.39
260.43
219.49
240.28
240.61
242.76
243.09
240.73
241.14
240.41
241.74
199.74
55.26
15.99
21.25
146.67
132.64
130.05
142.8
152.78
154.94
166.89
196.14
247.11
279.11
191.81
177.57
168.71
173.3
189.34
202.28
216.18
215.77
220.08
241.94
200.91
169.62
156.39
132.61
115.77
123.52
167.1
214.94
267.03
251.92
360.58
371.41
422.89
390.56
375.15
366.28
353.98
314.74
312.52
306.08
281.35
266.36
272.73
267.1
216.22
211.42
194.34
187.49
176.15
170.78
198.83
291.76
298
347.51
347.97
363.43
388.16
372.75
373.25
353.88
343.87
309.38
344.9
353.41
345.03
281.07
329.19
344.95
263.36
190.95
198.55
189.24
170.61
171.14
209.29
259.37
299.46
406.51
422.42
423.12
440.4
421.49
420.77
373.7
357.79
353.73
357.51
331.9
284.91
284.84
286.9
279.77
259.75
259.46
251.52
249.26
248.07
250.4
265.22
266.16
364.81
379.18
384.02
377.99
403.82
382.66
372.78
362.15
345.87
310.49
311.89
296.46
290.85
272.39
255.37
257.01
252.41
244.21
242.13
238.5
231.36
223.64
241.78
249.82
292.67
288.08
327.13
351.33
220.63
218.98
216.61
209.82
206.04
203.86
241.9
242.33
241.19
240.55
246.29
256.06
249.19
242.37
195.67
169.22
164.5
162.68
162.48
189.11
192.6
229.09
291.33
290.81
295.5
285.49
241.65
204.89
203.27
206.25
244.07
245.42
240.05
200.22
200.4
240.26
240.9
238.93
204.34
193.35
188.99
164.5
155.25
153.3
163.15
185.32
231.15
260.83
300.98
295.69
246.31
214.23
203.96
248.71
252.22
295.21
317.65
323.1
328.14
375.56
308.18
242.43
196.88
195.81
181.67
179.16
203.07
255.93
335.33
380.21
450.76
437.34
452.15
450.09
451.8
418.6
380.28
350.28
418.34
387.99
320.16
319.38
298.99
299.64
254.38
202.11
189.7
204.19
191.3
167.71
218.9
259.53
331.87
383.63
412.52
418.05
427.91
417.89
413.41
392.85
377.85
349.03
335
337.67
319.9
319.23
299.47
299.43
256.85
263.09
243.01
239.37
231.3
240.15
245.82
254.09
319.46
359.59
374.46
404.08
424.86
409.68
395.69
384.97
369.88
343.61
328.21
320.53
304.28
304.17
284.02
288.38
260.12
255.79
253.87
244.88
244.02
244.75
251.26
273.21
344.87
384.91
386.66
396.73
420.24
397.33
402.56
389.53
384.9
364.64
350.79
345.39
314.87
319.31
309.34
294.19
273.45
255.72
248.5
204.25
196.44
196.79
245.1
274.48
348.52
391.69
400.87
414.16
426.96
399.74
399.42
389
387.95
367.7
363.04
332.72
311.93
311.86
291.73
297.02
250.92
165.34
162.79
216.61
199.24
133.21
137.61
179.32
216.25
256.15
270.85
272.44
270.52
264.21
256.28
246.42
237.64
258.2
260.22
262.18
335.34
280.72
280.58
341.07
280.79
250.19
232.71
142.5
133.06
122.48
121.94
124.33
113.56
247.97
248.1
270.32
295.69
315.64
270.38
252.31
252.22
251.95
255.28
262.62
268.4
273.93
288.32
288.91
265.4
250.54
252.68
250.61
250.17
249.24
246.2
257.51
367.76
423.39
449.22
600.63
698.35
598.41
598.11
448.38
423.07
373.1
354.28
339.44
313.5
314.52
304.53
299.15
258.63
259.56
256.41
254.85
255.75
255.7
258.68
311.9
480.79
588.47
615.57
810.64
874.18
755.19
684.65
620.42
424.86
374.97
446.93
339.96
314.32
314.29
304.51
299.42
258.86
259.85
257.22
253.36
252.82
251.71
253.67
289.96
588.53
1233.92
764.53
394.76
439.69
397.94
378.36
377.87
367.75
351.15
338.75
339.16
323.72
319.94
399.73
422.97
361.72
321.4
299.47
292.92
291.13
290.98
304.06
444.21
582.87
2605.90
2605.55
2605.60
2605.64
1962.44
1984.49
1861.45
905.67
1302.51
930.71
652.14
536.67
461.27
436.02
437.49
308.72
277.92
277.45
273.58
228.83
230.04
237.56
287.09
447.81
448.19
448.52
449.13
448.29
448.18
447.94
447.53
447.15
387.02
372.45
352.22
346.7
332.55
332.1
310.59
281.74
284.84
308.04
283.86
275.3
256
250.41
255.18
251.12
304
342.54
387.72
396.83
396.15
382.6
352.47
314.48
314.58
323.75
372.71
325.74
303.76
323.7
317.91
298.33
186.91
157.79
140.48
99.69
76.44
60.81
68.97
93.87
156.4
284.11
224.97
230.79
218.19
215.67
166.69
152.9
154.34
159.11
292.78
280.55
266.14
266.15
265.3
285.66
164.25
152.49
143.14
136.03
134.81
244.76
299.09
446.93
446.96
447.58
447.56
447.4
343.54
446.88
447.18
446.94
446.93
411.15
366.33
307.98
309.15
317.71
324.77
295.41
181.75
173.16
165.14
157.05
156.69
272.12
302.14
392.35
411.67
511.47
572
646.9
596.76
546.95
496.41
485.52
421.13
416.48
362.29
346.63
346.9
312.79
333.06
293.58
281.67
281.32
281.69
281.41
281.34
282.86
332.73
364.74
504.59
509.26
589.21
649.16
569.2
544.37
533.54
509.41
509.64
489.49
439.26
394.36
334.44
304.27
339.07
298.87
293.77
284.42
239.55
222.52
221.59
280.8
282.05
318.85
389.53
404.3
663.45
693.66
518.51
668.58
553.55
493.09
409.12
384.16
343.98
313.91
313.75
293.43
309.12
288.06
282.27
280.43
280.56
276.47
245.99
280.96
284.53
384.73
398.93
438.08
647.65
732.22
517.61
388.65
393.03
448.11
393.2
389.3
359.31
319.95
334.32
314.49
358.66
289.12
196.81
194.21
206.24
180.06
176.11
168.87
168.98
304.57
319.4
347.91
388.71
397.85
393.67
318.37
317.49
317.18
317.45
318.68
318.42
309.63
317.1
315.42
316.44
315.06
252.68
228.71
196.22
186.49
166.14
148.94
112.36
137.21
268.52
322.56
329.32
329.83
329.46
327.35
327.42
326.64
322.12
328.01
328.53
326.76
326.66
325.9
332.02
325.95
286.74
198.85
194.05
189.83
188.62
199.61
300.53
294.18
294.16
292.4
291.77
231.59
231.37
227.54
226.37
224.38
221.43
223.63
221.47
291.55
251.54
225.99
290.77
284.76
214.39
213.6
224.01
238.82
258.67
298.55
310.26
379.85
437.84
485.36
528.12
544.26
491.75
469.5
449.8
597.79
596.94
452.99
452.14
450.26
474.19
447.84
391.22
318.14
305.71
289.55
248.58
213.26
211.54
216.61
259.95
347.99
453.54
467.89
507.43
523.71
515.07
515.86
485.5
471.21
452.11
432.75
381.94
356.43
347.82
325.8
327.22
281.77
277.01
235.62
208.05
194.88
191.42
270.52
311.02
363.45
418.6
443.46
498.69
527.48
468.92
454.17
454.07
448.53
468.41
414.22
378.61
343.56
361.62
332.39
332.19
306.75
285.12
243.31
233.64
221.28
230.65
242.71
296.12
392.79
397.5
412.81
452.18
467.59
456.75
451.61
446.24
414.02
403.16
385.58
341.41
320.58
350.7
326.36
321.01
300.34
311.74
306.64
241.92
210.66
208.31
206.45
223.41
210.37
343.79
362.96
364.4
401.88
375.05
362.3
360.82
349.59
343.28
361.98
362.32
360.61
296.11
294.42
301.57
280.13
235.42
211.24
208.02
193.75
176.29
165.6
90.76
177.3
201.13
294.62
306.17
321.07
315.47
300.37
279.28
218.39
239.24
268.53
298.49
301.27
290.18
300.83
319.66
289.62
216.76
211.49
201.49
191.26
193.1
210.35
289.94
417.43
386.7
404.98
420.64
460.81
420.41
436.31
413.43
413.76
383.46
390.87
377.14
370.18
370.33
340.86
374.43
296.42
292.23
291.73
290.53
292.26
291.68
293.05
294.92
363.87
453.84
498.94
544.03
569.66
549.13
529.59
537.91
464.53
454.32
484.9
449.92
428.88
368.96
358.6
363.54
332.15
295.97
291.04
243.17
208.21
206.92
213.68
326.22
438.33
468.44
512.68
522.47
651.99
621.99
590.91
545.84
521.74
496.43
452.4
437.25
406.73
386.57
381.14
391.14
345.74
288.2
268.29
238.72
227.02
243.83
286.52
301.73
368.36
363.83
408.02
466.39
479.55
447.41
442.61
409.08
379.26
354.17
366.18
360.83
312.6
329.04
328.98
328.9
303.3
316.75
296.45
295.91
295.19
295.45
295.85
302.53
373.35
402.41
415.87
440.52
450.41
440.43
430.69
425.85
400.75
376.55
373.37
368.28
357.65
372.75
358.46
362.13
321.42
229.87
226.18
221.14
214.97
211.51
212
211.88
217.99
225.69
229.31
231.1
230.68
228.63
225.89
223.44
224.05
225.28
228.62
228.2
228.21
225.72
225.2
230.26
226.34
226.69
224.51
216.84
210.9
181.88
177.8
166.89
187.39
220.18
224.83
227.46
231.41
231.86
229.47
229.42
228.15
229.91
234.21
234.66
233.77
233.78
233.98
239.17
236.59
237.29
242.6
220.49
214.96
212.26
225.22
277.77
427.37
471.53
510.85
547.96
646.4
586.82
572.31
548.06
498.24
488.28
453.98
424.9
384.54
393.96
393.87
399.57
328.35
291.6
286.38
290.53
290.37
290.3
286.09
287.58
328.45
367.72
396.82
421.2
450.73
425.43
405.35
390.31
365.57
350.23
350.46
340.59
335.58
336.5
331.76
346.82
306.18
218.3
210.77
183.12
176.61
171.03
200.28
291.61
357.18
268.1
266.96
395.79
415.8
385.62
390.74
395.27
375.2
370.13
351.01
330.93
305.2
330.54
320.46
325.55
290.07
215.79
193
177.09
162.64
150.83
179.65
285.06
347.21
372.04
391.49
391.15
421.3
411.81
407.57
392.77
378.36
373.09
348.4
343.99
313.25
323.89
318.12
313.81
289.86
286.59
285.91
285.43
285.27
284.87
285.86
302.17
323.08
387.96
412.49
417.37
432.33
417.25
402.22
392.33
387.45
387.97
388.8
378.41
357.28
332.24
337.2
327.28
301.67
214.24
211.66
209.1
205.88
201.62
202.78
205.51
222.88
311.04
361
385.74
405.26
213.14
210.72
209.79
208.25
207.83
210.04
211.25
208.79
206.48
207.25
211.28
208.16
212.79
206.69
204
193.94
145.13
116.7
131.45
136.9
192.75
194.53
203.33
205.95
207.11
206.5
206.48
201.85
205
207.94
258.1
265.58
267.74
291.41
334.88
287.13
206.86
198.8
193.67
178.77
159.59
202.54
287.96
368.6
383.26
403.07
380.67
380.59
378.5
380.15
402.02
397.16
377.6
363.6
347.45
328.16
333.45
322.48
322.27
287.04
262.14
261.23
203.46
187.68
172.31
198.94
262.16
298.48
313.19
362.42
436.48
461.93
426.67
436.4
366.29
346.68
331.23
332.3
333.21
316.98
342.29
336.48
337.07
310.69
206.17
200.01
185.78
174.51
162.83
197.97
264.06
336.02
374.16
373.62
378.16
379.16
425.68
376.64
375.87
405.74
373.75
370.64
372.5
342.08
339.74
329.26
334.77
302.39
265.39
216.74
205.4
201.23
193.81
203.48
266.11
327.04
386.78
406.53
411.83
446.43
416.67
426.39
406.66
396.83
379.33
374.43
364.34
332.17
327.41
327.02
322.11
281.37
265.7
265.02
200.31
231.04
197.05
258.53
266.58
303.38
357.92
381.9
407.03
411.8
406.71
396.29
381.2
356.19
351.63
337.62
337.6
316.65
317.7
327.29
332.36
301.35
272.66
266.21
258.56
252.15
229.93
202.86
197.32
265.21
274.8
309.71
339.5
363.14
342.43
321.84
297.89
283.38
278.53
289.15
309.86
313.69
298.18
301.77
317.86
290.92
212.55
205.24
199.43
186.66
171.59
153.13
104.45
171
193.85
206.66
214.83
247.03
261.18
216.02
212.53
210.46
211.07
247.39
396.77
273.17
273.14
265.31
265.59
247.35
213.24
203.69
198.14
190.35
188.37
206.8
250.33
304.51
340.77
340.57
378.54
391.67
379.9
365.47
341.24
341.62
328.25
323.17
316.03
299.01
323.33
323.13
309.82
268.7
220
213.66
208.26
206.59
206.65
210.76
273.15
295.72
329.03
353.39
373.94
378.91
373.79
363.94
353.86
327.77
327.75
326.98
319.02
302.26
380.77
380.2
380.44
294.16
266.1
265.7
219.6
218.18
217.42
265.63
271.16
314.86
344.38
352.51
388.16
397
391.94
372.4
346.91
347.4
336.44
317.09
317.35
297.52
288.76
288.59
283.56
265.05
227.21
223.19
216.06
214.72
215.17
224.91
276.28
298.59
327.94
333.14
367.87
387.11
352.7
346.8
324.69
268.59
269.83
296.35
290.43
272.55
276.59
275.96
271
232.79
228.13
242.16
214.01
213.61
200.59
219.31
269.19
348.3
393.04
380.06
393.63
415.33
354.81
338.29
329.13
328.36
303.16
294.68
344.72
335.91
289.49
289.24
280.17
226.72
196.76
217.57
215.55
208.64
198.03
188.89
213.1
183.98
260.9
276.35
291.62
315.99
305.34
253.55
233.49
225.74
226.04
226.88
232.8
227.71
223.52
227.17
229.25
227.09
154.62
214.84
213.07
211.9
209.65
202.71
208.25
209.91
205.96
215.58
225.67
230.49
230.55
222.89
221.33
219.13
219.24
226.42
263.99
252.3
228.12
244.92
254.43
229.12
264.46
217.73
215.8
214.9
214.55
189.5
268.49
302.88
326.06
358.22
376.7
410.82
373.44
365.01
350.57
336.5
327.98
318.41
292.49
271.08
293.51
288.39
274.08
231.43
224.18
218.47
208.86
203.48
207.58
210.81
267.17
288.99
314.74
345.11
380.66
384.4
379.2
368.43
323.82
303.24
307.76
308.22
292.87
287.21
292.33
287.17
292.1
236.2
214.25
214.92
204.42
184.86
185.87
196.29
226.39
297.61
297.83
297.47
336.74
378.81
351.66
361.7
326.77
346.43
291.41
287.06
262.78
257.4
277.1
267.22
262.02
240.46
117.24
187.01
110.34
132.97
134.45
180.56
228.27
266.83
321.92
326.66
346.82
366.79
321.39
306.64
301.64
295.73
301.08
282.27
287.31
272.19
261.68
261.64
235.65
225.69
215.67
200.52
187.35
179.06
181.79
212.47
230.3
277.92
287.7
332.64
332.8
377.75
372.19
366.27
360.16
340.08
330.79
311.9
302.33
287.4
286.78
297.17
296.85
241.63
233.88
226.67
222.2
215.8
215.16
207.65
200.66
216.09
257.53
287.15
303.36
331.23
301.24
271.02
269.31
253.48
251.85
253.62
300.13
300.64
320.92
339.9
332.4
266.62
223.51
213.5
208.77
204.63
147.78
104.76
104.32
162.18
192.85
248.33
247.31
309.31
290.35
248.06
245.24
244.94
222.14
246.26
248.53
252.47
262.35
282.91
255.37
226.75
215.37
214.03
213.02
200.13
201.38
214.59
227.65
242.41
350.9
351.32
352.22
367.78
352.4
352.04
301.08
281.27
271.55
271.54
271.59
271.33
280.07
276.27
270.69
253.16
227.18
217.82
206.33
189.61
198.71
216.86
266.25
313.27
355.48
364.23
384.99
433
389.65
383.74
368.88
358.16
335.94
373.54
373.48
370.12
314.31
319.74
298.34
254.49
226.41
220.77
218.67
215.01
216.1
219.98
252.16
356
329.01
373.92
379.64
408.86
393.82
383.95
388.64
363.94
349.29
339.47
329.76
313.83
335.94
329.5
282.68
227.57
228.92
222.62
216.58
214.44
216.27
227.15
262.97
363.92
364.49
359.56
374.56
399.52
389.01
384.41
379.98
364.92
364.15
349.78
339.79
336.49
334.41
334.47
323.49
257.15
186.77
215.58
207.61
196.81
186.54
245.12
238.23
326.66
337.43
342.37
347.35
367.04
346.12
335.66
330.21
320.13
325.17
316.87
311.22
286.55
311.7
306.76
286.33
238.91
240.04
230.03
225.33
222.08
209.08
208.98
213.07
223.16
272.99
393.91
432.8
445.26
424.45
395.64
324.56
308.39
301.95
363.08
319.42
301.21
305.32
257.69
255.59
234.67
226.83
221.05
214.22
212.8
201.1
177.93
179.97
195.3
209.12
223.59
249.65
269.97
271.66
234.85
227.91
224.43
224.63
269.85
271.28
242.65
271.31
245.13
242.64
231.6
224.89
219.95
214.48
211.15
211.99
224.17
249.7
341.6
386.67
407.67
457.86
507.61
467.61
433.59
393.5
393.57
363.16
364.62
396.51
339.33
438.75
378.98
288.67
256.46
122.66
214.69
213.01
213.64
214.58
221.55
238.83
306.97
387.18
391.91
392.99
422.96
397.8
392.06
392.22
372.47
382.5
372.48
356.62
326.32
316.05
292.06
247.7
238.32
251.49
215.3
204.98
204.52
209.36
233.07
259.17
350.62
390.37
410.41
429.85
503.56
426.9
426.9
399.74
368.53
334.06
319.94
312.16
293.7
349.9
344.51
303.4
249.84
250.47
110.06
175.85
152.77
159.68
185.79
260.47
321.33
352.33
356.77
387.11
485.97
392.76
382.97
362.78
333.15
314.24
316.56
299.8
285.56
368.46
371.04
286.78
237.31
237.1
224.54
211.18
209.14
210.55
189.3
256.6
290.98
333.98
333.78
348.32
362.82
347.01
326.8
316.27
316.2
251.3
320.19
315.09
250.89
295.36
296.49
270.47
231.8
230.3
214.26
206.41
204.67
195.77
194.56
215.26
221.16
327.22
400.51
415.55
422.83
378.13
304.45
274.73
264.32
253.19
269.3
297.93
280.88
269.22
269.49
270.56
232.56
219.36
79.07
157.46
155.39
132.21
107.55
102.04
149.84
207.62
220.47
245.25
271.07
255.13
231.14
220.55
214.85
215.77
226.52
245
256.31
275.47
252.38
237.25
219.4
222.23
177.12
190.29
182.14
127.03
175.38
267.12
382.79
350.57
354.6
374.27
415.89
390.69
406.43
377.37
359
326.63
385.46
379.63
304.61
411.4
411.27
406.79
268.75
223.87
214.77
210.12
171.03
171.51
224.26
236.78
353.03
374.74
374.66
399.58
459.57
439.56
419.46
394.94
369.42
353.11
373.07
340.94
339.34
354.71
344.1
293.74
290.79
240.04
243.06
206.98
188.36
188.34
245.7
272.8
364.4
365.98
384.89
404.92
439.35
389.24
379.55
369.17
354.69
354.96
351.23
323.25
312.56
348.66
338.59
263.58
220.67
222.23
204.93
193.17
135.3
179.54
212.73
248.69
362.18
352.34
406.44
431.12
500.65
425.35
415.58
420.51
355.65
345.79
326.77
312.2
312.34
362.7
348.18
298.17
257.97
217.68
202.78
180.3
188.44
205.38
220.03
371.23
470.9
410.94
410.72
472.7
471.07
419.36
423.45
387.72
397.17
371.92
357.23
352.78
337.18
357.17
352.26
327.2
245.55
228.22
221.2
215.55
200.51
190.97
188.92
180.87
215.36
268.94
316.48
341.64
380.51
336.88
325.05
310
282.25
290.06
276.54
280.27
278.99
306.4
295.62
290.25
226.55
234.49
214
191.78
177.44
143.33
123.13
95.86
77.37
229.4
246.04
282.58
302.88
307.64
272.61
252.76
250.51
241.89
253.17
260.41
272.92
322.35
303.28
292.71
248.62
224.61
212.73
208.08
206.15
164.88
222.04
291.75
443.88
409
433.52
468.08
662.21
552.66
542.84
463.32
433.4
414.04
483.23
409
407.32
409.35
453.82
331.77
259.37
226.34
219.3
215.06
208.65
211.42
229.43
276.53
392.37
403.43
412.33
427.59
516.75
491.27
486.5
422.37
397.71
381.87
378.25
377.68
367.24
381.98
371.62
331.11
281.65
262.3
221.58
209.64
212.62
214.78
264.93
323.04
379.06
408.87
418.52
433.39
477.87
422.33
407.51
382.24
372.14
372.61
368.62
368.63
348.54
408.16
373.26
307.59
265.42
225.99
218.84
207.56
206.42
202.02
233.91
279.9
378.14
382.13
410.56
241.22
240.43
239.81
239.96
240.19
238.93
375.88
362.28
357.94
358.01
363.37
358.6
322.97
267.02
272.57
216.21
213.96
208.81
212.15
233.21
342.15
393.86
442.38
446.87
452.03
531.6
432.01
432.09
412.03
412.15
385.75
361.63
351.56
345.97
347.33
342.44
291.1
266.03
240.81
229.17
215.36
212.29
211.65
212.78
255.9
262.36
281.52
445.29
445.36
445.06
407.08
395.39
328.82
312.7
301.5
303.3
323.64
314.58
354.79
329.06
322.21
285.75
263.36
213.09
212.31
167.75
162.58
203.1
207.09
190.71
215.36
285.65
380.02
380.77
378.26
376.13
264.02
263.91
264.25
368.57
393.14
392.52
391.36
315.74
314.97
252.51
265.71
214.77
211.28
181.48
213.37
230.26
401.93
425.3
435.35
468.95
483.93
769.08
483.14
448.16
433.68
434.01
400.27
390.05
382.88
388.19
453.53
381.02
346.11
278.42
220.52
206.72
206.14
198.93
208.8
223.8
371.7
407.81
445.7
449
450
564.43
448.46
464.95
455.52
445.94
409.29
447.9
445.89
400.48
445.62
391.03
333.56
275.49
243.71
204.2
194.02
120.09
138.96
209.42
209.4
226.73
228.84
229.2
229.11
229.49
229.12
229.09
228.61
226.99
226.6
335.98
325.7
330.18
415.62
350.8
320.46
202.35
205.57
201.73
191.57
188.85
205.78
250.77
308.36
440.86
501.58
497.62
503.22
566.81
325.47
455.62
450.04
286.54
389.83
407.93
388.93
384.32
446.03
441.8
401.63
288.46
295.31
256.13
246.15
211.19
211.92
255.45
322.4
402.64
428.74
447.81
467.88
572.76
452.22
446.56
446.3
455.42
435.67
410.68
410.64
420.84
416.97
372.03
341.54
305.95
322.71
282.62
262.31
261.77
261.77
261.15
261.73
266.98
308.96
343.81
387.5
398.09
394.19
353.97
328.65
328.83
329.35
374.54
388.43
379.75
436.66
344.51
342.88
311.52
246.41
218.88
212.59
201.23
173.02
144.31
141.1
152.03
157.05
206.4
215.39
336.24
338.13
257.28
211.32
201.18
205.66
276.33
317.13
367.98
375.6
349.2
332.91
279.24
244.88
216.13
210.75
207.36
207.43
250.73
316.68
432.93
516.61
571.35
586.61
1002.28
585.8
556.65
471.11
436.64
426.95
417.25
413.32
466.54
492.07
378.77
352.85
301.98
256.19
256.1
255.32
251.31
255.45
257.04
328.27
443.77
452.26
501.94
570.54
751.11
570.19
486.65
446.53
381.86
377.12
368.37
363.64
409.03
468.14
389.87
364.07
308.01
258.38
257.27
226.17
200.78
201.59
260.18
318.79
409.46
445.44
434.83
448.3
513.22
448.02
434.81
424.92
424.87
418.68
401.5
394.94
413.87
446.17
399.66
348.89
317.41
270.66
270.42
233.26
211.36
245.24
271.47
324.02
445.2
433.79
434.3
434.13
467.59
433.47
418.67
418.21
398.34
383.07
384.39
384.86
420.05
445.39
379.56
338.39
302.34
266.03
261.43
232.23
207.83
217.69
272.69
358.14
433.89
438.41
446.66
456.56
516
430.6
424.48
410.52
413.44
400.5
387
392.17
416.91
456.7
392.23
326.43
286.01
247.3
241.35
186.03
161.65
152.5
186.22
200.17
280.54
281.67
292.22
390.81
400.81
395.85
365.24
300.15
295.83
300.63
296.36
356.52
371.49
376.65
361.06
350.14
255.11
208.07
162.45
127.02
94.93
110.92
143.95
160.94
183.16
274.42
319.69
353.33
342.84
332.04
288.54
277.91
276.35
276.11
276.9
298.42
393.8
364.4
393.99
393.75
278.47
238.5
217.03
232.72
152.84
200.31
265
361.99
444.64
444.04
445.99
444.76
560.61
460.79
455.73
422.18
402.44
388.55
388.17
444.02
444.49
445.31
437.83
351.51
280.51
263.05
260.05
202.76
199.12
205.81
261.55
368.5
419.31
428.14
432.06
445.98
500.75
445.52
441.48
401.89
387.07
372.34
373.92
373.86
389.53
445.62
445.13
389.62
283.3
254.63
212.36
207.52
199.39
210.58
230.38
318.73
419.55
424.4
428.63
452.25
471.96
427.43
417.5
397.34
392.37
362.58
363.35
358.63
443.99
457.85
373.79
327.52
264.28
256.55
238.97
212.6
209.83
216.44
255.38
341.68
422.16
432.09
431.3
431.23
481.34
421.37
416.86
392.08
387.4
362.91
364.35
369.6
414.73
444.85
389.31
352.8
267.85
263.15
210.55
204.54
200.89
204.98
260.42
332.28
438.53
467.45
462.35
447.6
497.72
462.45
462.21
437.87
417.31
407.56
393.32
403.09
466.69
432.6
401.59
351.02
207.84
219.09
217.96
217.27
215.81
211.78
217.94
218.32
214.96
213.37
213.83
214.92
215.88
212.6
208.46
208.49
208.43
209.27
247.04
346.36
381.13
380.52
247.5
219.72
216.41
238.44
214.34
212.54
203.75
188.14
199.97
209.87
206.88
211.54
271.03
276.15
346.83
321.69
311.4
253.43
229.92
229.4
258.58
304.4
410.14
425.75
339.29
322.31
252.87
214.38
209.01
206.26
206.16
212.08
217.61
227.38
270.61
237.24
310.51
376.74
392.04
376.42
346.8
331.05
315.48
296.35
312.47
358.4
413.12
413.64
358.05
352.35
280.98
216.99
211.24
208.27
208.5
210.48
256.11
357.47
482.48
451.8
486.22
526.01
601.2
506.25
466.7
447.53
431.41
417.27
414.14
423.68
473.42
458.18
403.04
371.29
210.65
256
214.92
211.87
210.16
213.65
252.09
347.41
442.38
452.33
451.97
487.13
556.49
467.05
433.07
417.33
401.66
386.51
381.65
391.45
437.2
442.29
392.95
362.01
266.65
253.08
216.11
213.38
206.17
212.55
242.81
336.44
439.5
454.28
459.04
488.19
556.93
478.92
443.72
428.62
412.78
398.18
394.35
404.66
481.54
433.52
383.16
351.97
268.75
231.92
217.94
212.73
208.92
213.96
228.75
329.45
443.76
432.53
462.07
452.02
471.63
436.01
425.16
219.13
214.57
214.21
216.25
223.63
226.4
316.79
220.49
217.18
213.86
257.64
222.91
217.99
217.35
217.02
220.32
223.15
266.14
294.25
380.5
410.81
450.12
401.67
371.09
345.77
323.28
305.25
329.75
390.42
421.14
385.1
351.74
335.11
285.75
163.52
165.15
153.44
161.85
167.36
198.65
203.82
179.52
207.34
294.36
295.82
312.39
298.42
282.98
255.01
215.09
213.17
251.71
347.27
358
354.99
303.69
286.53
248.08
216.67
214.22
203.24
196.98
204.08
223.27
300.81
413.1
412.27
431.3
436.42
485.82
440.86
450.84
435.63
415.47
396.04
387
412.15
497.5
452.33
376.92
316.21
292.25
260.07
222.4
213.95
211.74
212.57
253.15
302.34
428.36
422.76
441.96
445.99
495.77
455.73
460.45
445.16
425.46
281.12
396.03
421.92
506.68
461.27
392.17
326.63
290.11
260.64
224.54
222.41
221.81
224.76
260.55
328.58
447.83
472.1
471.92
467.03
501.95
461.89
447.1
434.01
423.33
412.59
412.99
439.77
498
445.88
410.79
354.12
288.39
228.38
228.34
226.05
219.63
224.98
260.31
340.61
424.21
462.09
486.78
491.95
511.73
491.56
481.32
486.37
442.05
407.26
402.82
438.67
483.45
472.99
418.18
362.37
321.17
260.43
247.88
246.73
239.55
238.64
253.02
326.77
428.61
433.62
433.25
457.28
531.29
456.54
451.07
287.53
253.11
289.34
385.48
431.26
491.37
481.15
401.57
361.34
320.8
257.46
257.38
256.34
255.98
247.35
256.42
262.98
328.72
381.27
443.25
446.52
446.05
445.45
374.19
329.09
307
291.27
315.49
445.03
445.24
445.23
400.67
341.96
249.1
249.26
247.99
247.51
238.39
240.43
243.06
239
247.24
248.39
262.96
302.45
331.96
321.62
260.99
255.84
251.19
248.73
262.04
307.74
363.34
322.39
321.86
326.4
285.95
244.91
250.23
249.51
247.3
249.34
261.01
318.36
499.26
453.58
431.27
476.74
439.98
431.06
430.76
430.63
414.78
404.66
395.28
430.72
481.47
500.95
389.85
338.82
297.58
257.25
256.68
253.02
251.43
253.27
262.07
348.39
445.13
445.22
444.37
452.73
512.44
452.65
447.28
424.39
399.1
383.98
388.71
434.53
462.74
452.53
392.66
367.05
320.3
266.31
260.13
255.93
205.78
199.59
291.67
361.72
466.71
481.43
476.13
470.95
490.22
287.84
286.85
283.31
271.03
265.56
280.85
313.8
465.04
425.75
385.78
330.42
256.55
285.22
263.18
257.23
255.31
255.22
266.03
342.19
443.33
443.35
456.58
461.33
470.98
436
285.25
266.93
265.05
263.95
271.14
287.25
295.43
415.01
350.52
330.03
257.72
258.25
256.96
252.94
248.82
251.31
266.93
322.27
422.73
427.71
422.57
427.6
442.3
426.74
415.86
285.66
286.42
396.3
375.78
416.79
436.52
415.72
350.34
330.91
259.08
253.46
260.1
238.61
230.89
215.84
233.31
209.35
260.02
253.17
270.64
256.23
255.76
254.67
253.53
252.82
252.28
253.48
273.88
342.73
375.11
257.04
252.89
252.14
252.39
265.45
248.69
215.66
157.78
149.36
177.6
213.95
247.71
249.13
286.49
311.83
320.84
315
276.08
251.96
248.59
234.31
260.11
333.33
376.37
308.59
256.58
254.82
281.32
252.28
250.25
244.39
242.47
249.28
284.78
328.19
472.46
447.81
452.27
447.38
471.68
456.65
461.85
461.3
436.8
411.26
411.33
465.22
343.26
424.61
384.9
339.78
256.07
247.37
245.12
239.28
227.25
242.17
248.72
272.51
275.67
281.25
278.19
272.78
267.88
263.48
262.19
262.02
257.16
256.71
263.32
267.03
267.28
258.09
251.98
248.13
245.33
59.68
212.7
59.93
60.4
93.57
37.3
301.8
425.39
388.27
310.43
283.66
270.33
251.72
270.13
251.87
249.8
250.56
350.4
401.09
416.34
376.22
316.63
301.32
281.29
254.09
258.65
241.02
240.56
244.54
275.16
312.92
446.92
445.34
445.13
447.97
462.89
447.74
429.6
424.29
413.46
383.2
393.72
433.79
462.23
412.1
351.81
331.11
279.02
247.56
244.81
238.42
237.74
237.95
242.87
355.43
250.05
441.05
425.08
248.2
245.69
244.98
243.42
241.68
239.61
241.66
248.82
420.38
246.97
240.1
235.38
235.45
231.06
235.53
235.13
231.15
229.32
229.87
231.31
237.07
247.87
266.31
290.87
325.57
340.45
296.78
302.65
291.85
241.32
260.46
281.11
341.65
250.52
244.96
241.1
238.66
236.11
257.47
252.67
195.71
204.95
202.96
208.59
195.28
201.3
225.22
252.74
255.43
255.29
242.55
239.55
234.75
234.58
235.15
303.13
342.55
290.79
269.93
242.57
236.44
232.66
229.84
228.14
214.65
215.29
222.93
251.96
247.51
307.53
312.88
331.01
326.11
344.7
335.49
330.6
311.41
278.77
305.26
401.4
385.36
298.18
247.99
244.37
240.88
234.87
74.98
159.53
191.66
196.72
206.4
223.47
229.46
271.81
266.2
266.14
271.91
288.51
273.21
265.84
265.66
265.16
266.88
309.65
297.7
287.01
286.42
266.75
265.02
230.12
222.76
248.63
200.67
197.59
209.56
229.13
322.31
447.3
449.22
409.34
419.26
443.99
431.12
416.34
381.33
380.88
371.29
456.24
466.08
441.1
400.59
260.92
260.91
275.12
214.8
216.17
209.78
207.78
216.76
223.21
250.57
251.74
401.08
370.84
375.7
410.18
249.29
400.36
400.28
253.47
380.15
410.73
251.6
250.48
390.34
295.65
221.66
210.44
200.83
199.45
195.34
193.57
193.36
202.89
250.25
250.06
213.79
212.8
212.27
210.48
210.02
207.75
206.72
206.21
208.61
215.45
213.35
251.06
207.19
206.68
202.48
194.82
211.89
211.34
192.86
192.16
192.19
194.42
207.13
205.91
201.36
202.31
205.88
205.48
201.93
199
198.69
206.23
214.65
219.2
441.64
218.64
215.26
215.19
211.28
211.35
181.56
201.27
194.52
157.07
135.05
162.69
177.72
171.3
192.46
194.18
201.49
200.98
197.67
195.42
191.96
196.14
208.27
216.98
448.76
291.92
215.94
212.53
201.68
193.82
134.99
151.86
135.02
134.3
134.87
206.1
266.71
421.27
407.69
418.3
408.39
418.21
413.22
433.45
423.42
412.4
408.04
476.92
476.52
435.72
450.49
437.12
354.36
258.13
201.29
205.29
204.09
201.2
209.35
211.04
287.48
427.73
447.56
251.63
250.75
250.95
251.39
251.04
251.12
250.86
415.06
500.19
510.16
495.27
411.21
331.52
310.35
197.85
202.19
192.54
190.29
191.9
198.19
205.94
230.41
230.12
232.47
212.4
505.46
525.56
392.97
428.87
408.88
403.18
413.84
491.79
526.04
420.93
316.45
305.08
195.28
183.88
256.97
193.5
191.9
189.85
196.99
255.36
235.51
330.62
248.41
213.24
211.84
209.79
208.17
207.7
207.2
209.41
212.01
216.56
215.88
211.35
207
355.16
201.47
195.55
180.61
182.76
168.86
168.94
178.22
251.55
325.53
451.66
452.13
451.34
450.81
424.1
422.43
253.3
214.48
213.56
218.4
221.14
220.06
213.5
203.04
199.13
186.13
175.39
177.08
180.1
172.66
136.36
156.41
167.6
178.47
175.54
176.72
183.14
183.09
183.4
183.45
181.11
182.13
189.3
195.42
355.9
410.2
193.01
186.68
183.98
178.35
174.36
184.51
187.32
189.12
162.22
160.21
168.54
173.6
174.68
244.92
185.52
264.1
269.24
185.38
183.71
185.09
192.21
213.51
402.19
437.42
401.55
335.9
311.38
279.37
182.17
174.64
182.4
179.9
179.34
175.9
192.18
206.03
223.46
226
222.91
217.95
214.76
212.19
211.89
212.36
204.53
217.68
223.76
217.69
211.15
200.51
192.44
178.11
154.17
57.83
56.57
54.15
53.56
64.96
136.21
181.04
202.46
205.89
205.21
204.42
204.43
204.73
460.02
460.29
460.44
253.25
515.35
521.41
273.06
240.58
410.85
355.71
295.81
212.45
202.67
215.65
219.04
227.6
282.34
450.64
457.63
527.69
567.36
586.96
646.44
596.41
571.61
521.52
496.11
521.53
697.54
722.13
661.52
466.33
414.11
386.08
330.05
280.53
255.85
242.28
231.2
223.2
260.7
385.85
502.05
507.4
557.2
637.12
617.64
512.46
591.58
536.81
497.17
612.23
688.32
617.61
466.91
461.79
436.87
396
315.77
227.58
227.77
225.7
223.53
227.79
233.33
250.14
332.26
296.65
287.68
272.11
267.09
253.51
244.03
243.15
241.99
267.73
332.26
264.57
241.65
236.3
229.78
222.97
217.21
228.96
228.35
227.4
227.66
228.39
231.26
234.96
237.48
239.93
269.99
270.29
270.19
241.54
240.17
240.71
242.01
270.22
510.06
295.98
255.85
240.38
238.23
236.12
228.71
236.8
234.12
235.27
243.27
215.71
250.76
213.07
214.71
215.66
230.1
237.54
238.15
237.69
237.48
237.73
239.18
242.6
405.65
421.31
405.21
242.47
241.12
238.03
230.19
230.69
230.08
227.15
229.35
228.79
285.34
287.14
495.74
570.25
579.73
575.13
329.06
302.74
298.9
302.57
604.72
645.59
916.28
685.63
579.78
264.82
263.3
240.82
231.09
238.5
237.91
241.17
242.57
243.93
255.26
331.53
705.34
697.08
706.9
707.35
787.2
746.88
860.88
775.24
740.44
790.83
992.73
837.1
711
480.93
472.83
455.7
330.68
241.09
247.31
247.26
244.84
246.92
247.65
386.97
1004.67
922.79
923.24
924.01
1009.77
895.74
860.85
845.69
785.43
711.33
1219.96
1211.06
1000.29
455.69
376.08
247.99
238.06
247.16
237.87
235.72
235.11
238.6
240.02
250.73
263.26
263.55
258.04
256.12
249.64
248.21
247.03
246.82
248.67
263.74
268.76
262.18
249.29
244.95
244.69
241.35
238.05
232.33
231.65
230.62
231.36
237.43
244.22
249.67
258.48
263.21
261
259.22
256.46
251.75
249.67
248.55
250.29
256.42
257.84
255.07
248.5
244.96
245.11
244.76
243.38
239.44
238.62
237.02
234.64
231.51
238.78
238.86
238.98
239.79
245.59
248.97
247.21
245.71
242.18
246.33
250.08
266.91
284.71
284.76
270.08
266.74
249.64
246.41
240.87
241.54
240.21
238.92
250.54
229.66
233.31
229.3
231.94
237.4
240.63
248.26
251.57
244
241.89
241.95
248.27
256.44
277.22
272.17
270.85
249.32
249.85
244.01
241.22
241.03
238.93
238.59
239.55
238.33
243.8
313.38
569.86
996.39
569.8
996.34
570.33
552.72
560.71
552.5
541.5
579.27
996.57
579.17
541.51
313.86
313.98
266.13
265.83
249.52
243.71
243.04
243.85
245.74
248.29
269.17
368.55
374.69
374.61
383.88
383.88
364.86
365.62
365.45
351.45
365.65
375.01
365.27
351.3
284.9
269.43
248.35
242.32
244.17
240.89
240
241.73
244.23
251.02
291.1
317.89
880.26
910.04
938.73
310.58
310.19
880.57
850.35
806.48
900.54
996.88
996.27
960.55
589.39
301.17
248.23
241.03
248.08
246
245.24
244.07
245.64
251.08
255.09
342.3
374.8
318.23
299.69
281.9
268.9
266.15
272.67
320.87
392.57
398.38
305.19
265.36
259.81
257.8
247.15
237.16
247.66
247.12
245.72
243.97
246.46
251.79
255.78
392.26
392.42
366.14
336.52
318.04
291.68
265.69
263.22
262.16
303.69
286.27
264.84
256.65
250.52
247.94
244.87
239.14
243.51
242.01
239.89
238.27
234.55
241.3
241.85
244.49
247.58
251.82
254.2
253.57
252.45
251.95
254.02
258.44
279.44
295.02
267.36
257.35
251.43
251.29
246.31
242.01
244.29
242.59
236.58
230.74
226.35
227.03
226.33
224.18
229.24
276.2
246.03
247.54
246.9
246.09
247.5
251.53
261.32
276.58
278.11
270.87
256.07
253.95
248.09
244.12
238.41
229.66
227.15
227.41
230.56
200.74
357.5
550.39
522.27
495.15
495.41
494.97
494.88
495.01
269.26
316.99
323.14
495.63
494.92
260.5
254.75
254.01
247.59
244.65
246.06
246.93
245.66
246
246.63
249.13
283.3
303
325.98
325.84
326.02
311.21
302.73
302.98
730.79
686.35
736.5
982.24
906.67
770.75
284.12
302.31
302.25
249.54
256
255.49
255.48
249.09
255.4
281.95
421.25
646.23
721.62
790.96
706.01
671.69
655.84
641.09
596.89
610.78
771.35
917.18
956.31
591.13
541.19
491.38
466.23
365.82
262.09
252.89
248.9
248.88
252
257.05
295.11
503.06
590.39
595.04
573.86
522.16
337.5
337.57
522.73
365.31
449.82
585.11
365.81
337.39
326.12
440.38
262.84
256.84
274.32
256.46
253.49
253.68
254.63
264.33
355.56
498.18
553.99
553.11
552.44
557.22
571.56
571.11
551.13
551.71
578.03
588.62
582.25
571.62
500.28
480.06
399.98
336.29
256.59
257.4
255.85
255.29
253.1
254.91
254.93
255.36
256.97
257.81
257.39
257.06
255.96
255.05
255.27
258.3
263.06
269.37
260.98
257.69
255.9
255.84
252.43
251.09
247.54
245.8
239.75
235.71
231.61
234.16
230.51
223.13
244.74
246.96
253.64
254.25
254.35
253.6
252.03
254.26
281.2
261.61
259.28
257.13
255.09
254.55
248.66
244.98
240.57
236.73
234.45
233.01
235.01
247.73
255.05
260.14
262.08
261.48
261.11
261.43
260.68
260.32
337.82
278.15
290.58
338.3
312.75
260.24
256.66
256.1
252.24
247.94
249.28
248.81
247.87
246.5
249.91
255.01
272.79
310.01
570.31
575.09
310
305.44
304.86
313.39
309.87
305.11
309.64
590.28
309.64
280.69
256.16
256
250.05
246.41
247.9
247.79
246.92
244.65
247.47
254.25
292.8
490.55
606.07
536.17
561.14
480.99
540.34
555.46
525.36
460.65
505.51
580.97
515.47
261.38
256.72
256.47
253.21
247.88
245.6
242.4
236.77
233
235.5
245.34
253.39
279.11
283.56
267.15
268.51
273.77
264.68
269.48
271.5
289.79
275.93
284.26
272.43
261.68
490.01
258.65
255.83
251.08
246.28
246.69
242.81
242.76
247.43
265.18
261.63
550.72
591.44
556.02
560.88
530.24
302.56
269.47
271.94
274.62
276.89
309.26
300.47
259.14
255.62
255.19
252.89
251.22
251.44
250.03
245.59
241.79
240.17
245.97
272.11
262.52
257.2
335.29
350.82
261.39
260.98
260.06
260.13
261.89
327.45
328.12
304.12
260.4
256.73
254.49
252.67
249.81
245.68
244.85
241.76
240.33
192.64
234.7
233.94
178.77
240.87
248.14
275.03
256.79
257.17
256.1
254.14
255.68
278.74
397.25
394.16
377.17
310.67
258.41
255.8
251.42
248.97
246.4
244.75
243.87
247.29
217.62
285.72
596.41
595.52
595.14
595.08
579.9
589.62
594.65
594.73
589.54
590.63
596.15
595.55
590.16
544.64
261.49
256.37
251.93
249.69
248.17
245.21
242.49
245.25
249.89
254.82
263.37
271.41
268.98
267.81
476.58
476.54
476.81
476.98
477.09
477.63
478.07
477.57
476.62
475.99
427.89
436
288.85
250.96
251.24
250.54
250.1
251.19
253.28
262.59
477.91
478.17
477.75
477.68
477.62
476.98
476.85
476.54
476.16
476.54
476.49
262.13
258.99
257.07
255.99
251.85
247.06
246.11
244.71
239.85
237.1
240.05
246.71
253.66
258.76
262.41
260.92
258.96
257.58
257.62
257.2
257.68
258.92
261.86
261.79
258.94
257.72
255.88
255.2
251.64
247.81
247.72
247
242.73
240.97
242.46
250.52
256.53
475.69
475.98
475.96
475.97
470.66
475.21
257.09
256.66
257.34
258.26
258.25
257.68
254.47
249.33
247.33
242.41
239.63
208.81
167.29
201.52
189.34
145.34
131.19
7.99
7.87
241.43
242.82
245.31
244.29
242.5
241.68
242.12
245.72
248.21
246.81
244.59
242.54
239.55
240.83
240.76
239.24
235.3
230.1
223.43
216.9
218.07
213.76
212.74
213.96
225.17
238.85
249.95
249.74
247.85
241.88
240.75
240.99
248.55
266.8
254.84
252.9
250.07
247.89
242.66
235.42
232.4
227.94
202.03
147.59
109.33
185.07
4.35
36.25
61.22
199.2
246.66
248.32
247.87
239.81
230.62
233.93
246.23
251
250.82
248.62
241.49
242.64
243.26
237.34
236.65
223.99
180.97
149.96
126.2
232.24
241.34
253.14
256.44
258.36
259.76
260.04
260.07
259.79
259.83
260.43
261.89
262.54
261.78
260.3
257.97
256.88
253.14
246.5
251.79
248.35
245.09
243.58
245.83
251.36
257.35
265.29
272.47
273.53
274
274.4
272.54
270.93
272.23
270.59
272.28
275.01
273.79
270.32
263.76
263.13
257.75
254.43
245.33
250.27
229.16
218.72
198.8
233.44
254.07
260.85
268.63
269.7
273.18
273.41
269.62
270.05
270.86
273.65
275.94
281.19
280.87
270.13
266.87
268.72
263.15
257.38
256.66
254.78
251.02
249.07
248.09
255.26
259.36
260.5
264.58
267.96
270.95
269.39
266.5
263.89
263.39
267.08
268.8
266.89
262.83
259.33
257.89
257.55
255.36
249.41
223.33
241
188.37
151.85
149.33
141.05
125.62
134.18
248.1
251.38
255.74
254.74
254.52
254.14
252.66
254.51
263.66
279.82
264.82
257.4
247.18
248.66
246.15
247.14
271.01
202.87
182.45
180.91
180.2
180.24
161.65
157.77
132.68
149.52
143.99
148.43
154.24
158.24
164.95
176.66
166.41
184.9
183.2
176.64
168.92
167.76
164.6
19.48
