116.18
114.39
69.56
90.13
89.41
90
91.12
91.73
90.69
100.37
105.18
108.85
107.91
106.43
106.54
108.24
121.26
122.2
121.06
118.14
115.16
117.47
117.31
115.07
95.79
93.67
90.59
90.8
91.76
92.58
93.23
92.43
93.92
92.58
96.05
96.77
97.13
94.98
94.88
99.08
101.29
121.71
120.4
118.7
102.94
102.53
111.5
96.89
98.79
96.02
93.31
93.89
96.22
100.68
103.68
125.77
129.93
129.11
129.27
128.96
128.72
128.64
128.74
129.04
130.38
131.19
128.53
124.77
122.28
122.1
120.08
99.15
88.92
87.74
84.58
84.3
87.54
94.1
98.48
122
125.54
125.44
126.07
125.61
125.31
125.18
125.49
127.51
133.32
155.99
155.42
125.38
121.05
121.08
118.16
98.39
94.34
88.83
86.59
85.46
87.84
92.25
98.09
119.18
121.2
121.07
122.35
121.6
120.8
120.79
120.65
121.3
123.08
124.21
122.01
119.76
115.57
112.21
113.66
94.04
89.7
85.78
82.71
82.17
83.42
85.16
100.4
107.93
110.1
110.63
110.81
110.96
110.16
109.57
109.68
110.64
112.75
114.04
111.35
108.93
106.77
100.08
100.53
86.45
85.96
82.4
81.2
82.7
84.19
95.96
109.37
115.58
118.2
117.23
116.56
115.6
113.87
112.52
110.57
102.88
115.66
116.32
112.59
91.52
91.58
88
86.76
82.56
80.38
77.32
72.28
71.56
74.4
76
76.24
77.52
81.84
98.16
100.24
100.65
97.76
81.28
82.4
87.04
102.83
106.74
104.62
101.17
96.34
97.87
91.48
79.36
81.94
76.53
74.52
74.62
74.97
78.19
76.68
76.35
92.07
94.34
96.06
98.51
98.01
95.36
92.17
93.3
103.88
106.07
105.61
104.18
103.11
103.78
101.8
94.46
97.66
96.35
94.41
94.75
97.21
98.99
103.82
114.23
117.91
117.24
117.87
115.88
114.69
114.38
114.51
116.8
118.73
120.79
114.83
110.48
106.34
106.85
105.86
102.77
96.66
93.86
90.77
90.91
90.54
93.71
98.21
110.91
112.84
112.83
112.45
112.15
111.4
111.34
111.57
111.78
114.16
118.34
112.45
110.64
110.87
108.63
106.66
104.59
82.2
78.19
77.08
77.42
80.35
85.37
88.42
109.72
109.93
106.97
111.18
111
110.49
110.51
110.73
111.23
112.63
115.1
112.35
110.38
108.63
108.04
105.28
103.57
92.01
87.54
91.01
90.89
95.82
100.83
107.04
111.3
117.46
114.25
116.99
115.69
113.09
112.45
113.31
115.43
117.04
118.49
115.08
111.73
109.24
108.7
107.12
104.88
99.28
94.8
91.84
90.31
91.12
95.19
107.16
112.39
115.54
114.61
114.32
113.55
112.64
112.06
111.55
111.56
112.6
112.77
111.59
110.18
108.05
106.63
104.74
99.02
86.85
86.04
85.04
83.67
83.34
85.35
85.35
102.35
104.75
104.67
105.47
105.89
104.98
104.71
104.31
105.09
106.82
108.35
106.58
105.05
98.08
96.84
93.85
82.66
86.67
83.7
82.32
81.66
79.97
82.27
81.41
90.11
91.7
91.13
93.88
94.55
92.86
83.92
82.31
84.12
86.39
94.97
93.07
85.86
84.23
85.23
82.94
78.2
80.79
79.5
78
78.96
79.49
84.79
87.78
109.81
112.44
111.26
111.19
110.68
110
109.91
109.95
110.55
114.14
115.82
112.44
109.28
106.32
105.64
98.95
85.57
80.05
77.64
76.7
76.32
78.28
81.84
85.8
108.28
108.64
107.53
107.92
108.11
107.7
109.32
109.87
109.38
116
117
114.13
109.85
106.13
105.39
102.49
100.64
90.41
87.29
88.85
90.19
95.64
101.97
107.8
128.04
123.64
121.69
122.29
120.96
119.7
117.8
116.8
117.24
120.57
123.1
120.21
115.41
109.28
108.35
105.49
103.42
87.33
86.37
86.22
85.64
86.33
88.59
106.09
124.12
125.49
123.05
122.11
120.97
119.91
119.73
119.03
119.87
124.9
128.34
123.26
117.68
111.47
110.68
106.34
85.98
86.22
84.49
83.94
84.3
86.6
88.57
110.24
123.57
128.06
126.7
125.38
125.08
122.49
121.39
118.59
119.7
124.62
128.6
123.05
117.78
111.84
110.3
107.59
106.05
107.2
91.31
88.35
88.15
88.79
89.12
95.15
107.03
108.15
109.42
111.41
111.01
110.19
109.88
108.53
110.48
120.91
129.61
123.59
112.47
109.84
109.75
108.05
106.67
93.42
91.68
90.18
90.6
89.94
90.67
89.22
89.4
90.84
91.44
103.01
109.03
88.2
93.97
93.54
93.9
124.03
129.42
128.99
122.86
120.37
112.57
110.53
93.66
99.78
91.92
91.35
91.88
92.24
116.58
138.82
1345.26
3548.54
2511.17
2510.33
1283.19
1255.24
1180.60
906.2
1255.30
1256.05
1866.02
1255.71
499.35
132.93
129.1
113.73
108.17
95.49
88.72
88.52
87.28
90.66
95.55
122.09
212.13
413.46
297.42
215.47
173.06
164.7
159.52
158.82
157.97
196.88
585.87
296.47
153.33
126.83
123.77
117.03
108.69
106.91
106.62
106.09
106.25
107.63
110.9
117.84
133.73
160.24
141.01
136.31
133.69
129.55
128.85
128.71
129.29
133.99
139.33
136.74
127.62
118.25
117.67
112.57
106.82
84.84
85.8
83.14
84.12
85.5
87.67
109.18
124.72
129.61
126.41
125.71
123.36
122.16
120.74
119.71
120.65
125.41
129.59
125.66
120.3
115.16
114.52
108.44
104.48
95.42
100.16
88.81
99.68
101.2
104.8
109.04
120.21
127.07
125.01
124.99
122.89
120.24
118.52
117.5
117.37
118.77
121.08
118.6
115.52
108.52
102.39
101.98
83.68
87.99
83.28
84.84
81.36
81.77
82.84
84.96
84.84
85.06
87.32
88.04
90.19
87.39
87.01
86.61
86.34
90.6
94.36
93.2
89.16
86.26
87.92
87.36
85.82
85.45
64.01
63.82
63.77
63.78
63.54
63.92
64.75
68.56
80.77
86.04
86.01
85.65
85.69
86.19
87.02
103.11
111.05
111.61
108.69
101.41
95.19
88.11
86.97
87.95
86.27
82.13
82.01
83.9
88.07
94.37
113.3
116.46
114.76
114.51
113.13
111.19
112.24
113.02
112.22
116.21
132.2
128.45
120.8
115.74
116.05
110.83
106.05
93.72
84.8
82.1
81.6
81.8
87.51
97.47
119.13
125.69
124.31
123.16
120.73
118.36
117.56
116.51
115.75
118.73
123.21
120.32
115.18
110.99
111.4
106.09
103.35
96.2
91.26
90.63
90.35
87.48
91.35
110.82
121.18
137.41
133.54
129.97
124.94
117.49
116
115.17
114.45
114.45
119.69
117.26
112.27
106.92
109.01
99.4
86.45
88.12
87.86
87.6
88.74
91.51
100.91
111.42
124.28
127.59
127.08
125.04
124.13
122.03
119.66
118.43
117.62
119.79
126.13
123.89
118.34
114.53
114.59
111.18
107.46
105.04
103.94
101.66
101.7
102.63
106.28
109.73
138.35
129.36
125.22
120.81
117.44
113.39
111.81
110.89
110.1
110.92
112.69
111.48
108.67
100.1
89.11
86.69
83.17
78.92
77.84
76.47
76.61
76.95
77.76
78.85
84.36
88.4
98.43
100.67
100.6
94.17
88.95
87.22
85.79
87.63
104.07
103.34
90.51
87.63
83.93
79.68
78.25
74.52
70.48
69.21
68.81
68.11
68.14
68.27
69.43
69.54
73.5
76.68
85.23
88.98
90.72
89.81
90.9
96.36
101.69
101.58
99.99
97.26
97.74
95.29
91.74
88.22
86.84
77.35
70.12
73.03
87.05
92.11
104.12
106.06
105.26
104.97
104.59
104.02
103.68
103.39
103.36
103.99
115.2
110.18
104.07
101.15
100.39
95.27
90.72
85.32
83.46
82.74
82.98
84.5
87.52
94.2
146.36
178.23
173.92
178.21
179.6
174.68
176.77
173.46
169.26
171.82
1431.31
828.05
156.55
99.47
98.96
94.62
89.29
86.08
85.52
84.08
84.62
86.7
88.13
93.57
116.04
144.8
144.11
145.51
142.39
107.12
115
101.56
101.3
102.29
180.55
142.07
101.89
99.75
100.16
96.31
91.56
86.7
86.03
69.85
69.57
69.55
81.58
92.86
101.34
130.77
120.24
112.69
100.26
98.9
98.22
97.8
96.95
98.46
101.91
101.11
97.26
92.77
93.42
87.73
69.89
64.85
63.83
62.88
63.14
63.79
64.95
78.47
95.66
100.83
99.27
111.18
96.14
94.11
92.57
90.9
89.58
90.6
93.89
92.63
88.84
80.83
85.46
81.25
63.96
69.81
63.44
60.6
60.6
60.24
61.5
62.7
62.16
63.45
82.59
83.69
83.67
82.74
74.88
63.63
63.1
67.95
88.33
87.9
85.48
82.95
80.19
78.64
63.9
68.4
66.8
65
64.2
63.8
64.4
64.8
63.23
63.08
75.3
85.23
86.83
85.16
84.28
66.8
80.4
86.32
91.92
92.06
90.63
88.36
88.41
80.85
69.4
69.2
68.22
63.09
67.2
73.6
70.82
90.72
99.68
117.6
103.69
157.03
155.64
150.75
157.04
157.17
146.2
149.06
251.71
731.09
99.83
93.69
93.84
90.26
86.41
84.55
81.19
74
65.8
67.2
69.4
73.57
98.36
101.51
100.06
99.14
97.88
95.94
95.52
94.55
83.4
96.62
102.09
101.08
96.34
68.6
91.63
87.64
84.92
86.86
85.78
85.24
85.41
86.6
88.97
94.12
141.95
207.16
186.93
171.67
158.38
149.79
150.76
150.48
99.5
101.14
188.27
181.42
103.6
96.11
94.25
89.95
86.44
87.15
85.99
85.46
85.63
86.61
89.62
93.44
160.03
438.35
418.26
356.79
251.97
163.69
168.7
165.3
157.77
161.99
583.17
536.55
159.16
95.96
94.94
91.4
87.45
89.81
88.15
87.94
88.21
89.23
92.65
96.46
159.93
206.49
154.67
170.4
167.99
145.46
104.2
98.5
95.06
98.34
109.53
108.28
99
90.82
91.1
88.61
86.78
77.33
80.26
72.65
71.27
69.99
70.53
81.26
83.65
87.75
88.88
90.21
90.35
89.6
89.21
89.01
89.54
91.54
97.27
96.87
93.06
90.59
91.1
90.05
88.13
77.52
71.71
71.35
71.11
70.87
70.99
71.11
71.29
86.7
86.17
90.8
91.31
90.18
89.28
88.99
89.54
91.09
96.51
97.9
95.81
93.11
93.19
91.23
90.45
91.44
90.59
90.28
90.42
91.4
94.62
103.05
145.03
161.25
154.24
150.3
141.28
136.29
139.56
133.84
124.82
128.4
319.76
348.81
139.53
100.71
98.41
95.6
91.62
90.63
89.45
88.79
88.97
90.4
93.67
103.52
121.78
124.73
121.26
120.35
115.17
107.6
105.64
104.14
101.9
107.05
511.73
395.64
135.02
98.54
98.41
96.11
91.57
89.49
88.42
87.32
87.41
88.55
90.42
95
153.45
132.07
112.77
137.65
131.38
103.28
99.96
98.58
95.23
125.98
219.34
216.74
136.55
95.06
94.07
92.14
88.83
84.61
83.75
82.92
82.99
83.77
86.28
90.48
134.17
105.96
105.82
105.66
100.58
98.16
94.81
93.37
91.81
92.68
101.14
101.96
96.64
91.49
92.77
88.41
85.65
65.3
65.37
64.1
65.02
65.53
67.01
78.14
141.27
99.45
98.67
98.55
94.42
86.42
82.33
70.59
63.85
63.75
85.77
88.7
82.58
72.85
69.39
74
66.5
64.99
66.36
66.62
64
64.48
81.69
82.54
84.38
85.81
106.19
106.41
105.16
87.21
85.15
83.81
84.2
86.56
122.92
130
91.27
87.53
87.27
85.47
83.2
66.25
65.64
64.26
64.18
63.27
63.91
64.41
63.77
66.04
83.58
84.3
83.83
65.84
63.82
60.59
62
78.38
85.52
89.44
88.47
86.96
87.13
84.9
66.85
64.39
62.66
61.14
61.27
63.19
64.55
78.88
94.92
101.01
100.9
99.93
97.25
93.98
92.55
92.18
90.51
90.92
106.01
105.19
92.93
90.82
91.52
87.62
81.05
81.18
76.6
63.6
70.6
80.97
82.44
83.73
143.01
148.66
97.54
98.3
94.53
91.87
91.38
145.15
88.48
88.43
149.57
96.8
91.17
87.31
87.74
84.89
81.3
82.33
81.49
80.57
80.76
81.91
83.91
83.47
177.02
180.84
180.8
180.62
181.6
180.45
154.78
180.35
153.97
153.55
182.09
181.23
148.99
87.26
89.06
85.91
81.94
60.5
63.5
63.5
63.5
68.63
77.86
83.15
88.02
134.21
118.35
91.71
91.11
89.56
126.49
119.7
99.62
98.66
182.72
182.01
89.34
86.28
86.95
84.05
82.41
79.02
61.58
61.4
68.65
79.77
81.91
80.44
87.34
177.54
89.53
89.18
88.64
79.53
78.77
75.21
72.4
73.62
78.31
78.77
72.89
54.36
62.2
63.1
62.6
62
59
58
55
56
58
55
61.76
65.5
83.08
83.45
83.27
81.81
79.56
78.39
78.13
80.77
91.4
97.15
88.65
84.66
85.54
84.53
64.6
57.09
55.07
55.08
54.95
54.95
55.03
53.26
53.2
53.91
55.08
80.27
80.69
79.07
78.64
78.52
78.83
81.09
90.58
100.3
100.37
87.5
88.41
83.13
80.49
74.61
54.99
55
55.02
55.01
58.02
79.19
115.56
92.66
92.37
92.69
93.3
89.43
84.78
84.05
82.89
82.36
88.25
92.05
84
80.77
80.09
77.45
73.11
53.02
50.67
49.88
49.28
51.23
54.96
77.99
89.24
91.16
90.78
91.27
92.13
89.97
86.01
84.73
83.6
83.44
90.2
95.04
89.6
82.56
83.62
80.64
74.59
77.82
76.2
75.06
75.29
77.92
82.31
83.79
159.2
110.61
97.02
92.5
91.57
88.81
87.34
87.46
84.03
82.41
88.12
96.44
88.17
82.19
83.29
78.53
76.33
65.04
60.1
59.9
60.7
63.5
82.83
85.04
99.62
105.55
105.05
103.25
105.53
102.67
107.74
99.35
94.91
92.46
179.91
180.98
174.49
99.53
94.88
87.61
83.29
80.81
79.55
77.63
77.34
79.91
85.59
95.14
106.37
173.93
184.43
192.35
183.71
170.36
162.56
143.62
138.93
139.15
222.85
224.55
218.49
83.23
83.71
80.99
75.36
74.2
61
60.5
59.6
60.9
61
78.35
78.39
81.35
83.3
83.33
82.56
80.18
77.63
74.61
74.25
76.73
96.91
102.02
100.34
99.16
93.6
93.8
82.22
83.63
81.38
80.29
79.89
80.29
80.85
81.17
76.92
81.91
83.48
84.26
82.79
81.13
79.86
75.76
75.19
76.27
84.18
94.14
91.77
86.4
89.68
83.64
82.8
80.35
78.38
77.89
78.11
80.85
86.96
92.94
193.9
240.1
240.71
244.38
245.15
227.04
236.82
199.81
192.84
187.58
259.75
256.14
178.81
82.53
81.98
81.73
80.02
78.33
76.66
75.74
75.57
76.95
80.35
82.46
181.58
186.22
183.68
179.86
176.78
88.05
86.42
84
63.57
81.24
83.44
88.33
84.55
81.94
81.25
78.08
79.48
77.02
73.62
74.28
74.59
75.85
80.59
82.76
84.6
90.03
87.99
87.22
85.66
83.85
82.33
83
82.99
141.06
186.45
204.26
199.77
94.33
92.13
94.36
81.29
80.45
79.38
78.91
79.98
81.78
86.24
92.39
188.12
209.09
204.34
206.98
205.59
200.48
202.92
197.46
182.77
182.33
196.66
200.76
196.97
147.36
111.75
82.24
81.57
79.73
78.8
78.1
78.35
79.18
88.28
96.51
143.54
196.52
196.05
202.02
201.37
193.86
191.32
158.05
145.63
149.2
190.45
194.46
177.36
116.39
110.04
94.91
86.84
81.01
80.28
79.38
79.04
79.12
80.05
79.53
80.17
82.88
87.17
88.15
85.87
82.93
80.66
80.25
79.13
80.48
91.79
104.28
83.46
81.11
81.19
80.79
80.5
80.65
79.18
77.35
76.9
77.02
77.66
75.01
74.86
76.12
76.56
76.76
76.6
76.56
76.43
75.87
75.06
75.56
78.45
85.57
84.15
83.06
83.44
80.72
78.19
80.01
78.01
77.82
77.86
80.8
83.63
93
99.04
199.13
101.19
196.25
145.33
93.78
96.35
95.41
92.42
90.73
88.97
96.77
91.39
85.82
86.95
91.54
80.96
77.38
74.38
73.58
73.74
77.28
80.94
90.8
123.23
200.35
205.32
207.7
202.37
192.25
193.33
126.08
97.42
89.78
91.96
96.55
93.64
91.51
92.36
82.64
79.87
79.8
74.95
73.6
73.81
77.41
82.82
85.58
170.04
228.3
229.8
231.74
229.12
225.3
226.19
211.49
83.4
80.57
82.32
197.41
188.53
102.4
92.4
94.14
87.29
90.4
79.32
79.37
82.8
90.11
92.23
91.02
137
226.01
227.02
230.06
228.75
225.15
227.07
218.57
91.39
83.73
131.44
225.3
218.12
108.36
92.83
95.01
89.81
91.57
83.17
82.52
83.21
83.68
87.41
89.09
103.76
110.39
103.21
95.4
92.64
90.09
86.97
83.32
59.36
59.15
68
88.91
88.25
82.84
90.01
84.64
80.88
84.24
82.89
80.79
80.35
80.74
82.67
82.43
83.65
88.2
91.26
100.6
100
99.4
98.4
92.19
91.85
92.66
98.6
101.4
103.8
99.8
98.2
98.8
99.2
82.74
79.04
0
77.46
77.63
78.19
77.8
78.74
81.03
98.44
104.85
101.05
101.65
94.84
80.63
78.63
78.52
100.84
114.95
115.37
110.44
102.85
99.25
102.85
91.63
89.75
87.71
87.76
90.84
96.07
105.54
221.05
247.72
234
227.68
209.44
125.85
114.59
105.63
98.83
90.52
94.91
102.36
123.23
111.97
104.56
108.45
92.65
89.73
87.25
86.12
87.53
90.65
96.38
113.65
226.96
249.01
233.43
223.97
174.03
154.51
227.03
227.22
219.96
216.6
212
147.44
165.68
126.11
112.21
110.54
104.2
89.37
85.24
83.4
83.93
89.65
98.43
115.91
266.38
304.32
265.99
236.68
225.87
226.44
227.24
225.24
100.75
95.09
95.06
97.6
104.48
101.4
101.6
102.88
89.37
86.97
82.61
80.69
81.09
83.98
91.62
104.01
114.81
140.88
111.98
106.54
225.08
98.53
225.69
225.15
90.09
87.91
225.41
94.76
101.72
98.27
96.33
100.02
86.7
86.32
82.17
81.65
81.26
83.46
104.4
109.61
140.53
271.68
277.77
237.74
235.96
232.07
229.46
92.34
88.06
86.01
87.36
89.16
90.75
88.83
89.35
92.3
85.19
83.71
82.66
81.78
81.58
81.58
81.52
81.16
82.18
83.98
89.85
103.99
104.5
104.8
106.4
102.4
83.25
102
105.2
106.4
94.4
87.23
85.16
85.56
83.7
84.55
83.02
81.9
81.7
81.81
82.47
81.57
81.32
82.68
83.83
90.31
102.87
90.84
90.39
92.45
83.38
83.75
99.89
100.41
101.76
98.39
103.9
103.02
86.85
89.25
86.54
86.02
86.13
88.07
93.71
102.62
134.77
203.03
161.66
135.84
109.76
107.29
104.82
100.49
98.14
91.54
94.82
96.52
96.98
97.11
117.09
118.14
113.64
90.65
88.14
87.25
87.42
89.96
109.75
109.15
171.21
433.57
250.2
221.88
218.84
214.17
213.48
202.47
99.62
94.82
96.21
97.49
100.61
100.95
96.03
107.61
91.34
95.4
91.3
90.31
90.73
93.25
98.56
107.41
233.1
270.3
271.53
269.06
235.01
216.32
215.51
205.29
105.89
99.09
204.22
201.23
200.33
195.29
209.21
201.31
111.82
108.66
110.06
107.18
108.1
111.12
122
149.87
250.4
363.39
270.62
266.08
242.46
208.31
209.27
107.46
127.81
99.74
99.25
98.45
99.01
103.37
102.97
100.66
105.77
116.8
114.85
114.73
115.04
117.08
122.79
117.08
264.02
363.7
271.08
265.88
218.64
210.47
204.78
204.63
147.66
121.51
169.73
147.42
111.41
115.41
160.78
141.45
113.04
105.49
101.44
99.36
98.93
100.06
100.62
99.11
92.57
124.32
129.3
133.92
129.44
104.12
100.84
100.02
98.88
99.96
107.27
110.35
112.71
112.09
109.84
109.05
105.46
115.17
108.74
104.74
104.63
105.88
108.25
106.42
102.33
102.87
107.94
110.14
109.31
107.12
104.6
105.48
102.48
104.6
107.4
108.84
106.63
115.18
115.51
113.95
116.66
110.2
109.84
108.82
109.08
109.71
113.93
115.09
212.99
250.06
237.45
237.33
238.86
229.37
219.63
222.67
210.99
202.9
217.79
213.26
201.47
217.42
222.28
158.75
124.68
120.42
116.08
112.46
111.64
111.35
124.29
103.27
212.57
238.6
246.49
249.4
247.52
243.41
243.09
236.65
216.93
213.94
224.18
214.57
207.74
214.89
221.82
206.24
124.33
108.4
105.2
106
104.4
104.8
107.2
94.82
99.56
127.97
216.5
225.06
217.15
206.89
206.39
133.36
100.33
97.39
134.4
99.11
98.37
101.97
139.71
115.37
107.13
113.2
108.8
107.2
106.4
107.6
120
116.27
151.82
234.17
239.71
240.08
234.37
226.19
218.88
216.75
206.68
203.94
221.38
214.93
204.87
158.45
212.55
150.5
116.8
113.6
107.47
105.8
105.93
108.08
225.83
233.89
249.52
247.38
241.2
248.22
233.62
225.88
214.77
206.33
200.96
200.14
205.37
204.03
122.93
126.86
115.6
114
110.24
101.54
92.11
91
90.43
90.61
91.91
89.96
95.05
114.44
155.11
159.62
145.68
119.55
112.34
90.74
88.88
87.95
116.64
122.91
112.69
115.01
109.6
111.28
95.05
89.03
86.84
86.01
85.76
85.79
86.2
82.85
83.06
85.85
95.12
108.2
108.56
87.26
86.32
85.43
84.06
83.85
106.36
107.83
110
114.82
108.22
109.17
92.47
90.37
88.65
87.55
88.04
88.66
106.06
98.29
100.03
227.71
225.64
224.91
100.87
98.78
97.32
95.21
93.12
90.2
89.99
90.65
90.44
93.51
95.8
109.67
104.27
96.53
80.01
83.16
79.17
80.4
86.89
87.32
91.44
97.06
96.2
95.06
94.69
94.65
94.48
92.79
91.54
89.89
90.23
90.82
90.37
91.59
108.8
108
98.8
101.2
97.2
96.8
94.4
96
102.8
93.64
99.45
230.18
230.88
233.33
231.64
227.38
227.84
225.38
91.36
90.07
89.19
90.13
90.3
89.94
105.76
99.6
80.99
97.95
80.82
79.07
79
80.58
84.84
86.76
97.3
108.16
109.31
108.49
106.79
105.78
105.44
83.74
81.59
99.67
105.42
105.4
105.4
104.42
105.41
91.17
83.27
81.7
78.45
76.56
76.03
75.87
76.48
79.12
81.16
83.34
85.31
83.93
82.54
81.44
78.84
78.06
76.71
76.6
77.68
77.66
79.09
89.79
91.34
83.27
80.35
76.61
73.52
71.65
70.32
70.85
73.11
73.98
78.83
82.53
105.41
105.42
105.4
80.9
77.94
75.84
74
73.81
75.29
76.43
75.29
78.67
82.29
82.56
81.33
69.34
67.19
62.77
61.56
61.99
62.76
65.73
67.75
71.35
92.33
98.36
101.87
100.87
78.79
73.5
71.34
70.79
72.79
101.87
82.51
102.38
102.38
91.71
73.28
55.07
45.73
44.42
42.98
43.51
44.87
46.33
51.64
59.91
77.5
74.73
72.72
72.78
64.77
61.49
60.07
60.18
73.36
90.34
92.34
92.34
92.34
87.91
69.3
77.62
73.13
69.3
69.27
73.31
96.36
120.95
229.63
241.75
241.07
245.37
242.65
238.53
239.14
237
229.93
227.24
231.45
226.17
165.8
226.85
230.8
116.61
112.1
102
73.17
72.02
72.47
72.35
75.78
94.12
121.5
140.81
127.15
132.38
128.9
129.84
143.5
110.93
107.2
90.23
91.84
93.18
118
118.91
102
106
94
68.75
64.62
62.02
64.12
65.98
90.05
96
112.7
130.25
126.78
167.71
167.6
127.68
226.28
148.44
119.42
86.63
84.6
85.57
119.64
119.47
95.09
90.79
90.09
68.81
59.37
42.8
42.23
58.61
90.01
82
106.34
123.25
118.51
120.76
117.18
110.29
103.36
93.62
85.2
86.48
86.93
76.19
74.24
79.93
90.03
90.03
80.92
58.13
52.51
49.33
48.71
48.55
50.75
52.38
56.04
75.25
78.42
81.41
83.54
83.53
78.66
60.14
59.71
60.65
90.12
90.18
77.93
77.85
78.05
77.35
73.12
68.65
76.89
53.12
52.52
52.35
51.81
43.22
83.56
70.05
73.6
74.1
74.56
74.29
73.1
70.11
70.01
71.01
72.51
74.03
74.75
75.81
76.4
74.31
72.89
59.77
69.96
53.01
51.93
50.78
51.97
49.45
69.95
59.32
70.64
70.29
69.34
69.16
52.14
50.5
51.06
54.24
66.56
65.59
67.1
68.89
71.97
70.85
71.22
69.97
69.98
67.2
67.23
69.96
70.5
104.96
160.98
344.65
228.36
369.29
293.31
163.01
143.28
146.54
110.52
102.79
103.61
101.86
100.03
100.82
106.88
98.14
99.96
63.08
56.52
51.99
50.56
53.57
69.9
110.46
174.6
249.02
239.33
246.19
236.67
232.38
237.6
226.13
119.75
114.35
124.84
112.62
108.85
111.25
116.52
107.76
86.82
78.35
71.26
68.9
70.03
70.03
71.46
181.04
238.37
228.95
325.45
388.33
337.54
218.45
248.27
234.6
136.05
112.02
133.7
130.3
112.4
124.45
123.54
121.83
85.49
70.76
63.72
51.4
51.77
52.08
69.08
104.4
204.6
212.15
203.05
216.38
200.18
187.84
194.26
115.21
100.14
92.19
92.1
92.58
91.96
91.96
95.87
91.96
73.12
60.05
70
70.01
70.01
70.01
106.1
186.12
209.14
244.95
249.7
247.07
244.95
240
226.35
216.95
208.29
212.92
230.89
82.91
71
70.47
70.77
74.16
68.35
49.02
44.64
33.93
29.99
28.2
110.23
200.43
221.65
240.48
244.74
243.17
242.75
232.48
233.98
228.71
227.44
233.59
244.59
242.1
234.6
218.05
158.01
135.17
73.18
73.45
69.13
67.66
63.38
63.7
83.02
164.02
230.19
248.18
344.33
380.8
247.98
313.3
248.36
248.57
245.27
241.43
247.9
164.32
156.43
176.53
234.37
225.38
125.03
116.02
73.37
70.78
69.49
71.16
55.33
138.95
249.68
246.44
246.39
249.95
249.83
248.99
249.31
242.65
219.2
198.58
236.4
183.58
156.17
175.29
190.63
182.86
126.41
93.1
104.64
110.22
110.93
110.25
146.37
221.62
249.1
249
246.33
246.49
274.3
240.5
245.5
249.61
248.8
249.19
249.39
248.45
244.62
248.21
244.1
207.67
137.24
67.89
65.53
67.4
52.42
65.53
54.88
95.07
189.88
196.77
190.43
200.2
199.75
218.48
268.98
264.11
215.73
194.55
142.09
104.48
100.22
96.32
107.01
103.36
79.57
73.74
68.87
63.88
61.82
63.49
69.17
108.42
163.75
177.2
199.84
203.77
188.38
153
158.77
125.12
109.27
95.51
100.28
105.76
99.86
105.87
111.25
107.67
96.32
93.08
75.39
72.92
67.73
66.56
67.44
69.23
81.82
99.7
104.02
100.09
98.36
96.95
91.97
89.24
86.13
85.5
89.12
94.81
91.14
82.83
97.87
97.88
87.73
78.22
73.03
69.76
64.01
59.47
58.08
58.67
71.99
79.19
84.17
86.38
89.81
89.23
83.95
79.49
76.64
77.9
85.78
89.75
89.52
94.26
106.78
106.95
95.07
81.86
70.34
64.04
59.25
63.74
86.6
118.93
149.14
218.98
206.9
220.58
218.87
222.1
238.4
241.41
237.38
233.38
246.38
229.21
171.51
202.42
225.66
223.58
172.25
84.53
83.58
80.33
65.13
80.48
95.6
120.11
202.81
191.93
162.43
202.75
202.74
203.07
232
230.76
227.65
227.41
236.6
237.01
225.99
149.54
225.67
225.66
97.44
89.78
87.02
85.06
81.7
81.38
89.11
114.57
158.13
208.51
207.08
167.06
162.67
155.42
159.68
158.65
139.02
123.88
116.03
103.78
95.93
91.19
96.14
94.79
81.1
86.1
78.05
66.95
59.9
63.9
85.27
99.63
152.21
161.88
153.56
154.49
154.06
154.1
209.6
114.62
116.14
109.16
109.94
110.09
103.9
101.48
103.68
99.95
90.24
79.2
59.65
50.67
50.19
50.52
80.67
99.68
112.26
119.4
117.84
121.78
120.04
116.61
111.84
109.08
108.66
101.18
102.58
109.95
105.33
98.4
99.73
100.16
91.41
87.43
84.52
81.76
78.84
66.23
72.14
79.48
86.55
94.12
113.7
93.64
93.95
91.6
88.53
85.85
84.89
87.02
89.81
92.06
87.33
85.45
88.42
93.39
86.27
81.06
70.59
66.65
50.28
48.75
48.02
48.19
63.44
79.89
86.64
89.25
90.33
87.66
85.12
79.43
77.7
79.24
83.33
85.15
85.18
86.38
92.88
99.62
85.94
85.27
79.26
78.08
73.05
73.57
85.81
112.35
142.01
184.58
142.52
143.95
142.17
139.91
140.35
130.39
119.24
114.63
120.66
121.51
117.38
113.86
118.98
119.9
95.92
85.97
80.48
75.53
67.93
76.05
88.64
105.1
131.93
232.6
230.05
242.77
241.03
240.73
245.65
205.84
188.62
136.75
150.23
151.39
136.83
121.34
130.94
120.39
90.79
76.68
71.04
60.22
55.37
56.76
74.18
88.55
114.03
135.9
144.5
198.77
197.94
191.85
147.44
122.99
114.83
107.47
116.35
106.37
97.7
96.46
97.2
96.08
86.2
84.35
79.46
68.47
67.2
69.61
81.64
94.63
117.56
155.33
152.79
179.56
191.61
187.96
142.31
115.42
101.66
96.16
96.86
99.18
97.69
97.59
97.06
95.56
86.18
79.6
71.3
65.56
64.03
66.64
87.87
102.9
159.27
217.27
221.76
230.99
198.45
191.35
132.5
117.21
113.69
147.06
189.34
199.76
103
100.03
103.73
108.37
96.03
93.34
86.48
82.82
61.07
59.26
58.2
58.8
66.6
86.49
91.16
95.15
89.62
88.69
85.99
78.67
71.23
75.39
87.54
72.6
72.2
73
70.6
68.2
63.99
38.21
58.42
58.07
57.98
54.31
54.38
61.76
77.83
83.13
88.46
93.73
94.35
91.96
89.06
86.92
86.14
88.16
94.97
95.53
89.51
87.97
90.96
93.01
87.25
59.42
57.71
52.91
53.7
53.09
76.5
100.79
116.71
152.73
146.36
172.18
163.19
151.22
136.46
115.68
88.31
87.39
101.08
100.58
97.15
95.83
99.59
100.32
90.67
78.22
70.62
65.12
64.5
67.57
85.6
99.02
111.7
159.37
143.78
142.02
140.27
145.35
138.58
138.39
131.95
107.9
111
99.76
97.44
96.02
96.91
95.38
87.6
86.2
79.05
73.12
70.2
71.23
86.52
101.66
114.92
149.34
156.39
192.17
178.11
147.96
146.38
113.59
108.47
100.29
101.81
100.28
98.76
98.57
99.02
99.25
89.07
88.7
85.65
80.46
73.35
67.94
63.99
64.83
72.52
83.95
87.16
88.95
88.65
86.87
83.61
78.73
77.74
78.45
82.68
86.36
83.67
80.34
86.39
91.84
86.6
83.48
79.74
77.59
74.28
74.25
82.51
87.47
89.17
89.09
95.83
95.71
94.25
91.4
89.11
87.68
85.56
85.96
88.74
89.73
87.17
87.5
93.4
99.91
95.29
85.44
78.83
63.96
63.23
60.75
62.03
64.37
76.03
87.08
92.69
92.89
91.98
89.33
86.76
79.52
76.9
78.58
85.18
86.49
81.99
78.11
86.25
92.71
88.28
83.03
77.04
71.38
64.35
60.56
60.58
63
65.98
72.94
80.77
83.05
82.1
79.51
75.69
72.07
69.14
71.39
78.78
85.94
86.48
86.11
89.19
93.72
88.01
80.72
74.26
67.28
65.57
66.39
78.04
89.82
98.5
105.09
105.13
105.83
104.36
100.15
97.57
98.23
95.71
92.46
94.91
95.79
91.09
92.55
93.89
90.08
78.46
82.81
80.02
80.04
80.88
82.18
86
104.21
177.35
185.65
184.3
186.99
187.98
188.79
187.12
126.9
115.39
107.85
108.18
106.3
103.32
102.35
97.63
94.86
87.34
87.43
85.34
80.88
78.36
85
88.61
105.55
109.45
126.34
122.82
125.87
119.22
113.51
110.91
106.99
103.59
97.55
96.69
96.08
93.65
93.34
95.74
95.44
87.42
86.06
79.06
75.67
72.26
73.74
85.25
97.89
110.82
198.4
188.99
179.02
176.02
127.28
113.92
108.85
104.01
99.41
100.78
120.86
99.23
99.2
98.45
98.8
90.65
87.96
81.11
77.37
74.27
75.06
86.16
99
148.95
153.65
151.83
150.86
149.52
108.85
100.7
97.94
91.98
89.26
87.9
88.37
86
77.5
81.27
81.41
76.88
79.44
70.7
69.04
63.98
62.15
63.08
69.52
74.6
84.03
85.91
87.33
85.02
80.5
77.54
75.48
73.7
75.87
75.95
86.03
76.19
75.02
74.64
73.59
73.12
78.13
70.96
69
63.62
62.76
60.51
64.44
73.38
75.8
80.32
83.06
81.83
81.05
79.28
75.8
78.31
77.6
74.37
76.02
75.65
75.65
73.92
80.57
74.99
75.01
69.76
62.25
58.22
61.09
66.84
69.67
76.21
85.64
86.83
87.07
87
82.14
79.37
76.41
74.26
74.65
77.44
85.6
85.57
82.36
85.59
86.96
80.63
81.85
74.55
72.06
69.82
71.33
81.74
96.16
123.54
149.04
137.92
145.68
143.03
115.89
108.98
107.63
103.04
98.46
98.58
97.06
94.26
92.86
91.03
90.49
84
74.33
72.2
67.68
64.88
64.34
85.63
98.67
181.82
211.65
215.53
223.51
213.77
182.3
126.84
117.3
111.92
108.47
110.21
111.93
108.4
106.68
104.82
105.43
96.12
88.2
84.76
79.32
74.9
74.03
86.77
101.68
196.71
225.53
217.86
222.14
180.61
143.77
126.31
115.13
109.96
97.69
102.97
99.77
91.26
88.87
91.47
92.54
82.66
87.04
79.12
73.89
73.78
74.22
83.66
99.22
114.81
127.77
126.67
145.11
133.29
122.03
109.38
103.78
88.48
87.5
89.05
90.55
89.51
94.87
98.18
100.58
93.86
93.16
90.2
89.22
86.84
79.83
86.03
90.11
97.58
102.21
108.63
109.1
108.92
106.19
99.77
97.61
95.73
97.76
100.79
107.29
101.65
94.37
95.26
103.68
98.25
90
86.1
82.79
79.52
77.34
77.03
76.59
79.51
84.81
89
95.4
96.13
95.36
92.73
89.88
86.94
88
92.21
95.73
94
93.53
96.54
103.32
90.61
88.27
85.69
84.67
84.43
83.54
86.36
97.89
784.73
435.39
229.89
224.06
210.22
222.16
120.06
116.25
108.67
99.46
99.13
97.86
95.32
89.47
87.46
88.91
86.73
87.03
84.5
82.9
82.01
83.71
86.19
95.58
229.27
237.45
244.41
262.8
259.08
252.95
2294.13
333.72
128.65
120.92
130.9
124.74
120.01
100.78
98.02
94.06
86.41
86.33
84.05
82.92
81.37
81.68
85.08
94.35
215.29
217.23
211.06
209.84
204.32
197.63
195.28
181.31
113.42
120.02
120.05
120.05
120.28
120.05
89.51
89.79
87.68
86.93
83.26
79.28
77.92
77.34
82.39
122.58
210.18
204.25
197.05
206.07
201.56
197.03
205.96
136.67
109.09
120.03
120.03
106.6
104.64
105.48
96.93
96.53
89.52
84.22
77.88
75.56
69.77
67.67
74.26
84.66
201.57
206.39
190.69
184.85
177.3
169.82
121.82
120.03
95.47
89.76
120.04
120.02
97.32
95.44
87.29
88.12
86
82.58
80.18
77.62
72.07
68.26
69.21
85.77
89.68
127.9
131.66
132.17
130.19
125.89
122.75
89.52
89.31
120.48
127.46
128.33
88.72
89.16
83.92
84.47
82.73
78.25
70.54
67.2
63.6
64.8
62.41
68.39
85.65
88.77
93.94
128.45
100.16
89.93
87.07
84.47
79.72
80.74
87.71
87.57
82.68
82.27
81.09
82.95
78.47
84.7
79.93
78.16
77.75
75.87
84.3
99.44
111.6
136.15
154.04
191.78
198.58
177.45
161.71
130.44
119.33
111.35
110.74
107.23
102.71
102.19
99.29
98.54
91.12
77.99
68.21
63.76
61.94
61.33
76.56
91.17
113.37
134.86
172.83
204.48
207.24
208.37
220.13
161.22
125.47
113.52
110.24
112.65
108.52
101.31
102.64
104.9
90.7
84.86
80.92
78.9
77.48
77.73
83.91
100.14
115.89
188.87
214.61
297.73
347.76
228.16
222.53
161.22
118.41
114.66
115.1
110.75
109.11
106.05
106.4
107.12
93.1
82.91
78
75.32
74.66
74.91
77.95
120.33
191.29
217.04
220.83
219.59
219.61
215.03
223.47
175.57
108.58
103.59
123.82
122.08
97.01
122.04
95.61
120.87
87.95
66.86
59.08
57.82
59.9
55.94
60.32
84.61
129.67
186.92
123.76
109.72
107.28
97.13
93.44
89.43
85.55
78.07
77.27
80.41
71.85
73.99
59.64
65.81
71.08
80.01
69.57
60.97
52.69
50.81
54.21
64.04
75.24
84.83
90.64
95.61
95.33
91.85
90.45
87.28
84.9
87.81
92.25
95.9
90.47
87.94
86.74
92.89
86.9
72.23
62.17
53.74
44.37
42.76
42.48
42.32
58.99
61.54
68.7
75.36
81.36
82.09
73.41
72.19
71.5
73.9
84.69
90.51
88.71
87.36
87.98
87.41
68.4
74.44
69.37
65.64
64.01
63.11
68.17
89.58
119.04
151.23
168.17
178.96
179.91
161.5
164.23
128.85
109.85
103.53
122.58
126.75
122.72
125.62
122.05
101.53
101.65
54.52
52.83
48.08
46.82
46.9
50.98
84.34
141.22
180.46
200.55
206.44
205.52
196.33
198.31
153.49
107.44
83.47
81.19
79.29
66.13
63.28
60.04
64.22
62.86
66.16
56.33
52.75
47.51
46.56
57.04
90.35
159.74
210.42
206.53
210.65
205.41
196.69
194.67
146.67
120.71
109.76
123.41
120.43
109.63
89
88.41
89.16
72.81
57.23
52.21
47.56
46.54
43.23
58.86
65.38
164.01
206.51
205.71
209.38
207.53
194.17
190.59
143.76
89.58
81.02
86.43
87.49
85.59
77.22
70.91
69.47
61.91
50.14
38.18
31.46
27.45
32.94
42.49
58
88.25
89.91
95.36
98.25
93.52
89.45
86.46
83.57
70
57.11
62.77
65.23
49.43
47.19
59.33
58.13
55.98
61.53
53.69
44.57
37.47
35.8
34.5
43.55
53.79
68.53
81.24
87.43
87.98
85.52
75.7
69.09
66.12
62.61
66.78
70.16
70.6
68.74
66.15
69.31
64.55
50.44
46.48
35.66
30.58
26.35
26.27
26.81
39.56
50.41
59.99
60.91
67.88
61.62
58.13
55.28
52.89
53.36
56.39
64.5
64.55
62.1
59.53
69.58
58.79
56.41
51.27
46.7
43.98
42.28
52.89
85.68
106.31
172.53
180.58
169.17
117.09
110.08
108.81
109.42
108.52
102.85
103.59
100.85
98.12
96.91
96.25
93.22
75.84
53.82
49.35
47.15
44.93
42.43
49.57
73.55
93.64
159.31
191.2
162.37
195.54
197.36
199.27
123.01
101.26
98.38
98.37
97.81
96.13
91.67
93.08
94.1
70.05
50.88
46.26
43.43
40.82
40.15
43.73
71.19
100.09
204.52
205.81
204.14
202.51
198.75
198.68
197.65
97.69
89.68
89.45
88.02
84.78
58.92
57.28
56.58
46.04
31.88
25.65
21.98
18.79
17.6
21.35
42.23
59.52
78.47
85.25
86.39
86.93
86.4
81.63
81.1
78.85
58.44
66.18
63.84
56.91
52.72
50.55
50.91
48.44
46.45
41.68
37.05
36.38
35.81
40.16
48.5
63.75
213.98
233.78
278.69
231.59
218.41
215.02
200.83
116.92
93.47
119.79
144.02
118.54
86.31
66.79
77.73
54.47
46.96
39.53
36.22
35.55
33.98
36.4
88.2
123.85
138.32
195.47
159.49
157.77
155.07
141.55
157.26
141.86
138.11
141.77
145.32
49.49
49.13
44.4
47.02
41.49
42.51
24.65
22.79
21.89
20.3
30.25
31.31
32.94
35.96
86.28
87.63
88.3
87.48
86.05
43.28
42.28
40.86
80.94
85.81
45.57
49.19
49.91
51.71
43.28
39.66
34.97
23.26
22.19
32.46
34.06
43.26
54.69
115.18
116.01
119.67
122.11
124.16
135.98
146.67
88.27
85.06
87.4
87.93
86.65
86.81
87.97
88.45
49.25
42.33
35.91
31.62
31.78
31.78
33.21
42.58
47.37
89.32
89.71
89.6
88.88
88.96
89.95
91.18
86.61
86.21
87.69
87.68
86.51
85.29
84.41
85
43.75
42.56
36.53
33.82
32.81
33.05
36.73
44.27
49
55.01
55.34
56.25
57.03
54.51
54.02
53.3
51.78
49.73
50.21
49.52
46.87
46.04
45.79
46.26
43.85
27.16
23.1
21.31
19.09
20.01
22.59
27.26
32.04
46.6
47.09
51.42
53.45
52.45
52.47
49.29
45.36
45.83
46.63
47.96
45.23
45.83
46.6
46.6
45.31
46.37
40.7
36.06
35.31
35.5
40.7
51.13
46.66
60.86
75.97
96.83
79.73
73.18
66.24
60.62
54.49
57.9
64.53
60.71
46.54
50.87
45.56
47.83
46.06
43.4
37.45
37.23
35.26
30.51
30.51
35.25
38.31
45.43
46.48
51.7
50.8
49.89
46.22
46.22
46
43.9
48.7
49.9
47
45.69
43.86
44.38
42.76
40.57
35.53
33.5
32.25
28.29
27.99
27.7
35.43
40.87
43.47
44.48
44.78
45.64
45.4
44.91
42.85
44.22
45.73
58.59
47.82
45.89
45.16
45.37
42.9
40.34
36.75
35.27
33.78
34.15
34.15
42.74
50.58
80.13
82.09
84.54
85.74
84.39
84.16
82.44
80.57
80.3
81.9
82.6
81.69
80.49
82.78
82.97
43.91
44.97
42.06
38.13
36.25
35.87
39.59
59.7
81.69
81.69
80.96
78.03
75.42
66.76
63.77
64.36
63.25
68.42
85.68
86.8
84.65
84.48
86.99
87.35
49.71
53.54
46.68
43.67
43.96
43.39
46.79
61.43
69.41
100.58
108.64
101.87
101.58
100.21
100.37
101.18
102.82
104.85
103.38
105.28
100.49
68.38
73.28
79.11
54.03
56.52
54.1
50.8
51.1
50.2
53.5
59.53
75.42
100.86
105.62
105.82
105.94
105.54
105.26
105.16
102.52
103.6
105.97
133.99
101.45
76.72
82.84
83
53.94
61.01
55.59
52.46
51.98
51.98
54.86
56.36
83.9
98.98
129.82
154.63
129.16
125.62
113.88
97.8
95.13
95.41
98.7
99.83
88.89
87.06
94.72
100.64
57.83
58.98
53.15
51.66
50.17
46.94
46.76
47.27
51.62
76.96
93.24
110.44
127.99
107.02
78.91
75.06
56.8
63.4
61.6
86.52
82.36
72.76
61.42
70.45
58.07
55.3
50.68
48.39
46.39
44.91
45.03
46.38
50.87
56.96
57.5
63.43
63.71
63.71
63.14
62.48
60.27
61.38
62.85
65.43
62.85
63.43
63.71
63.13
58.17
54.37
50.62
48.68
47.19
47.34
51.64
60.64
67.35
145.31
114.72
112.98
113.31
109.85
105.17
80.97
82.8
80.19
81.02
84.56
81.01
76.09
81.77
82.54
61.19
61.16
55.2
52.76
51.87
51.62
54.39
80.29
142.76
199.89
243.72
223.43
241.64
195.91
212.48
217.57
194.87
192.02
198.2
199.72
194.3
143.06
99.16
103.74
81.27
60.95
59.36
57.92
57.38
57.5
59.4
83.26
174.57
227.15
228.2
249.42
224.92
203.35
281.57
245.64
197.92
198.17
223.79
232.94
216.33
151.93
99.77
99.44
85.47
78.26
68
68.87
64.54
63.87
66.65
85.42
105.59
202.62
206.83
307.63
423.98
295.6
295.82
188.33
136.18
118.13
210.66
223.42
211.31
133.35
128.34
141.76
94.1
82.15
76.6
72.47
70.32
68.74
74.58
85.65
121.24
210.86
214.77
209.58
189.12
149.08
116.82
105.93
95.24
92.53
94.87
89.77
85.91
88.85
90.88
94.91
78.27
78.6
74.67
73.86
72.39
70.1
68.87
69.87
72.95
93.91
99.18
96.78
96.18
92.25
87.31
78.69
77.69
76.69
91.18
97.38
93.05
86.91
78.85
82.08
77.56
77.95
73.44
70.82
68.72
64.44
64.34
63.27
69.47
75.5
82.35
91.2
90.89
87.94
86.13
82.29
81.2
69.15
89.1
91.17
90.33
89.15
92.08
93.6
82.04
77.08
71.26
67.04
62.4
63.21
70.33
85.05
89.2
97.41
97.12
98.86
98.83
97.4
99.11
97.57
90.07
87.91
93.2
95.24
87.93
91.01
94.57
94.85
84.5
78.01
73.5
70.79
69.59
69.56
80.6
87.72
98.48
101
102.27
104.31
102.93
101.68
102.43
100.77
93.55
94.52
95.73
94.58
88.56
92.11
96.93
92.95
83.96
80.62
76.03
73.55
76.4
80.2
77.88
92.13
103.95
109.05
116.32
145.71
157.41
157.33
137.88
115.68
109.56
104.22
204.4
207.7
136.48
95.33
97.38
96.81
94.57
82.87
77.79
74.4
71.6
74.62
78.33
88.19
102.64
249.68
217.14
129.25
151.21
115.83
202.87
213.37
99.67
96.72
99.42
98.73
95.6
96.06
95.08
93.82
90.28
84.03
77.4
64.97
62.34
68.97
79.75
88.17
99.59
107.97
109.53
113.6
110.59
105.05
98.25
90.69
87.39
86.4
87.04
86.83
73.78
86.14
87.37
87.51
81.27
71.02
62.37
55.13
53.13
48.69
49.94
60.2
69.68
91.84
84.59
86.36
85.71
83.66
83.56
82.25
80.85
79.41
93.4
95.08
90.81
85.95
86.5
89.05
82.44
78.63
62.61
61.6
60.83
57.94
45.62
62.37
67.04
90.94
88.22
94.37
95.43
94.89
90.54
84.9
81.07
81.28
82.99
87.61
90.54
91.03
93.66
98.33
83.49
80.41
76.39
71.96
68.75
67.14
75.99
85.54
97.07
116.75
118.84
119.11
118.57
116.66
117.15
114.02
99.52
94.05
96.47
96.74
92.76
93.03
92.12
91.94
84.19
79.75
72.25
70
66.5
69
75.25
88.9
106.92
115.42
126.47
119.83
117.18
114.16
115.16
113.55
112.45
104.98
113.18
108.56
99.51
104.92
98.76
91.29
83.45
83.59
79.5
74.73
74.51
77.5
81.5
96.08
203.35
225.33
223.08
232.3
223.37
214.18
241.57
243.2
212.83
212.98
248.35
249.87
206.14
130.72
100.48
94.05
91.97
76.43
67.17
58.08
54.81
63.29
74.5
97.84
322.75
310.75
305.25
312.25
320.5
319
321.25
248.96
237.98
232.73
323.35
212.22
177.79
199.81
165.83
128.69
95.57
74.79
67.18
62.83
64.22
63.29
73.5
96.67
214.31
244.29
235.47
234.61
230.66
220.11
218.01
96.41
92.61
93.05
95.28
95.63
92
92.75
93.44
92.71
79.71
76
67
62.4
60.13
56.43
57.16
61.02
91.47
240.86
247.03
247.71
247.41
246.14
243.01
167.84
93.08
78.5
154.56
241.04
93.86
93.36
78.5
110.8
73.5
56.88
41.86
36.1
33.91
32.02
28.49
28.53
36.25
46.43
58.3
67.29
68.36
67.5
66.91
64.92
62.97
78.11
91.05
102.94
91.5
90.99
90.06
91.83
77.48
70.19
61.38
61.38
59.98
61.38
67.63
115.56
315.82
114.73
113.08
125.21
128.42
112.93
111.45
104.15
94.02
92.76
133.04
158.33
94.19
115.11
144.5
137.35
90.67
69.29
64.68
60.03
54.97
62.82
68.97
92.04
162.14
176.14
170.66
172.8
162.68
107.93
99.82
99.07
99.51
96.08
188.12
193.35
94.78
120.76
113.57
94.98
76.71
74.93
70.39
59.95
59.71
60.33
70.8
92.56
171.18
189.17
178.86
175.62
124.91
104.05
100.17
98.1
96.86
86.63
152.36
160.23
126.69
135.37
128.65
94.25
76.88
73.98
72.27
70.03
67.78
67.78
70.4
80.26
92.08
95.61
95.38
96.82
95.67
96.19
95.25
93.78
86.78
83.5
84.86
84.1
82.05
85.91
82.92
80.62
79.9
71.8
68.28
67.32
67.4
69.21
90.1
128.53
247.84
248.63
248.24
272.68
249.28
247.42
245.91
134.59
101.98
103.71
243.55
243.71
112.42
136.26
137.69
135.92
82.86
87.47
76.4
76.4
78
75.6
73.6
76.8
115.56
95.17
98.01
95.6
87.03
86.15
89.66
101.29
83.55
72.88
79.2
78.7
80
74.79
82.9
75.68
63.91
65.46
59.36
55.87
54.15
51.63
51.88
51.89
55.66
64.35
72.11
74.2
77.16
74.71
74.12
71.52
69.03
75.06
85.06
93.43
89.22
94.37
101.86
97.15
85.82
80.33
78.17
78.17
75.18
77.57
80.7
101.96
246.56
246.88
247.33
247.07
245.6
244.03
245.08
245.94
106.44
98.69
112.54
112.71
106.95
115.24
137.82
118.24
85.67
85.17
84.38
82.06
81.9
84.54
86.43
151.74
249.15
342.55
373.61
385.26
582.26
385.05
582.53
394
247.58
246.6
248.37
248.44
247.34
246.42
243.84
240.95
104.89
85.6
83.91
82.86
82.38
83.69
88.19
104.78
326.65
320.87
112.09
113.97
139.37
113.37
109.33
108.72
107.14
107.27
108.68
108.87
107.96
148.93
240.96
109.86
101.05
93.19
87.82
86.39
86.35
88.33
104.78
240.47
349.26
709.49
662.47
622.16
543.5
474.33
598.31
605.36
249.49
248.16
335.02
388.71
336.48
245.2
245.46
241.2
105.44
90.4
86.14
85.12
85.17
85.95
92.37
101.19
240.74
245.06
241.63
243.44
241.67
237.74
234.96
231.62
226.74
100.79
226.68
230.56
226.85
163.02
103.04
97.85
94.23
94.18
92.79
89.49
88.26
87.47
87.84
88
94.4
98.13
244.32
242.72
241.12
133.2
109.46
98.68
89.8
88.8
98.49
99.9
98.96
98.03
102.24
92.76
85.13
90.99
88.8
71.1
63.42
61.76
63.24
63.45
63.84
63.94
65.94
90.18
100.79
71.43
64.44
65.94
66.44
89.7
92.3
98.24
98.22
98.78
103.42
98
94.58
94.82
92.85
92.59
92.7
94.03
96.91
114.24
280.21
237.61
238.92
244.85
245.96
241.69
240.29
239.24
230.21
229.16
234.5
232.06
228.4
229.29
141.56
134.96
104.77
97.19
94.01
92.93
93.11
94.41
101.36
130.28
335.27
310.07
306.41
315.43
318.45
304.31
315.05
312.73
302.94
186.96
208.23
195.53
193.98
206.19
173.37
146.55
102.53
101.35
94.33
93.71
93.68
95.79
105.15
128.93
279.37
258.45
253.52
254.07
252.18
129.56
115.73
113.87
109.4
110.85
229.29
167.74
169.66
203.53
213.23
187.01
102.68
101.21
93.62
92.82
92.92
93.73
103.84
259.06
273
275.78
271.28
272.86
273.43
268.88
272.28
272.08
267.58
260.36
213.74
210.74
208.93
215.58
214.37
206.04
103.06
97.34
87.69
81.39
80.31
90.28
93.81
100.59
161.77
231.19
182.62
193.6
250.02
117.69
107.29
103
103.95
99.77
99.94
99.47
99.14
101.16
103.25
100.26
92.95
97.78
92.97
86.34
85.8
87.36
88.1
91.23
97.76
107.76
114.77
115.18
115.04
108.63
102.55
96.9
96.5
97.25
115.63
115.13
112.1
112.97
112.55
108.05
98.76
83.02
77.15
74.8
73.15
74.69
75.18
81.5
92.67
99.97
108.01
115.66
117.73
114.05
102.51
85.74
94.55
103.17
104.27
110.97
117.61
130.94
119.79
101.33
92.53
92.44
90.34
89.7
89.31
92.56
105.61
150.94
271.75
268.79
261.56
267.24
273.29
267.38
279.05
279.16
277.88
264.47
273.27
274.77
271.98
246.91
247.88
239.73
175
105.86
99.13
94
94.88
99.63
107.17
137.58
462.88
282.94
263.61
276.67
296.85
140
137.24
131.07
119.3
115.77
129.14
120.15
140.04
170.68
130.88
115.22
106.49
111.72
101.07
96.95
98.1
108.07
115.67
137.97
599.08
745.32
336.5
305.18
426.13
188.44
204.79
158.41
137.32
129.8
131.24
131.77
135.48
207.4
129.53
119.68
115.53
116.73
107.47
103.57
104.54
112.22
117.85
136.32
255.37
260.06
196.65
188.4
202.88
156.39
204.55
188.36
160.99
148.56
250.45
251.08
211.8
264.82
255.27
135.8
115.89
118.75
110.18
104.77
105.01
112.12
123.22
261.1
741.69
487.12
348.48
397.66
268.89
142.03
135.38
131.91
127.98
124.1
123.43
128.09
128.28
131.51
123.23
117.51
113.85
96.09
92.03
87.6
84.09
84.69
87.83
88.43
91.05
93.75
99.4
101.55
101.14
99.01
96.69
95.89
95
96.8
99.96
102.54
105.09
145.88
109.48
101.61
97.65
89.11
80.33
80.44
81.02
81.24
82.3
93.67
99.04
98.43
103.23
99.51
102.89
103.24
102.44
99.45
97.17
99.13
256.67
254
251.02
257.05
112.9
100.35
94.07
94.03
83.87
84.48
88.54
94.1
108.04
120.17
145.56
153.49
149.25
145.06
147.05
123.66
122.25
121.47
112.5
110.11
119.65
119.87
123.17
139.99
127.56
113.43
104.77
100.9
89.29
88.32
93
99.4
106.1
116.46
157.6
144.24
129.31
126.46
121.69
118.89
118.05
118.95
114.42
114.95
115.83
114.09
117.3
130.86
121.93
109.39
101.24
99.26
96.43
93.62
94.13
99.04
107.58
121.69
163.32
154.96
151.7
152.5
147.15
134.24
129.19
130.21
118.98
113.97
122.43
123.22
135.95
155.2
122.88
111.72
100.37
105.66
98.93
96.73
98.75
104.5
115.3
135.33
267.69
239.41
191.17
136.29
130.75
123.83
130.77
130.73
121.2
122.87
133.09
141.55
268.45
268.48
179.81
131.05
113.65
114.46
109.87
108.07
107.93
110.18
121.87
261.44
804.32
396.7
364.29
523.74
588.91
544.52
361.61
244.95
134.18
132.24
253.72
254.35
214.75
150.61
123.76
114.38
104.84
111.53
100.5
96.31
94.74
95.14
99.89
102.06
103.92
125.08
124.78
124.78
125.12
125.01
113.3
109.54
106.75
101.04
115.33
121.64
124.54
127.03
125.01
102.72
96.13
100.71
97.28
95.92
94.74
94.91
97.21
96.57
98.53
124.1
115.93
121.62
123.02
109.66
104.3
101.86
100.1
97.6
102.24
118.5
120.51
126.92
118.74
103.39
99.57
101.08
99.98
98.95
99.63
101.42
108.06
144.05
157.54
229.63
218.87
114.35
110.8
215.28
216.94
151.72
109.16
105.47
116.89
118.04
173.55
241.53
191.62
132.02
112.64
125.08
112.56
104.77
105.05
125.03
125.8
208.91
598.65
336.75
275.49
325.91
396.6
305.59
318.63
291.01
245.14
230.26
256.05
255.49
259.66
261.62
258.28
178.05
131.76
126.14
114.16
101.39
101.28
114.8
130.09
153.3
283.41
189.38
175.16
152.1
158.32
130.76
131.97
130.64
128.79
124.01
130.23
136.84
180.04
224.13
229.4
169.67
130.2
130.06
102.39
100.91
101
102.37
120.4
166.7
227.4
172
184.19
197.16
154.04
144.34
138.91
134.74
128.53
120.49
171.39
190.23
242.87
216.87
220.93
144.56
130.12
130.01
107.34
100.64
100.58
101.7
126.19
121.51
251.06
244.85
261.44
312.67
619.39
296.15
262.36
202.46
129.94
125.27
127.9
131.14
138.15
138.07
122.81
130.24
128.45
108.87
96.34
93.74
91.75
91.71
94.41
97.17
110.15
125.06
120.58
125.04
125.01
127.72
111.29
109.57
108.87
117.91
114.93
119.21
121.75
122.17
112.17
100.5
97.94
98.22
94.1
91.59
89.21
90.03
92.5
93.16
96.48
111.16
114.57
117.37
119.4
115.48
110.97
98.71
99.45
130.17
123.37
121.35
130.17
125.21
130.19
130.17
111.52
101.32
97.2
94.83
95.94
102.25
130.12
124.5
124.59
133.58
228.62
240.31
240.6
247.18
256.02
207.34
122.64
122.76
123.6
192.36
139.62
129.82
127.69
130.14
130.11
112.01
102.71
101.43
101.72
105.43
130.06
122.14
131.86
130.18
130.17
130.32
129.3
130.01
130.08
130.21
115.98
112.32
129.98
121.95
155.78
152.69
130.01
130.04
126.14
126.2
101.96
101.03
101.2
104.82
130.05
120.75
220.45
228.53
225.25
222.61
125.29
130.07
127.83
126.69
124.14
122.41
127.41
130.04
138.26
129.55
143.16
121.7
130.01
130.05
102.39
101.47
101.36
102.77
126.13
127.04
237.94
220.19
228.27
238.7
252.47
259.66
262.57
261.41
249.87
239.21
237.37
242.7
268.72
272.17
212.63
190.31
119.65
125.99
118.53
108.76
106.83
110.67
125.98
128.8
160.08
133.74
151.02
187.32
186.17
204.1
189.22
120.82
121.7
127.8
130.7
132.11
219.75
160.19
124.02
121.68
130.1
110.54
107.78
107.24
106.82
107.43
130.19
120.94
127.02
221.58
288
326.19
316.75
285.53
242.8
202.08
134.83
193.04
270.94
326.81
174.55
130.11
130.03
130.01
114.54
111.63
110.18
109.14
108.13
108.11
110.14
129.97
129.97
129.98
130.03
130.01
130.02
111.32
110.52
109.65
109.92
110.67
129.98
129.94
132.83
129.37
128.92
128.99
128.94
111.54
110.12
107.85
106.74
109.84
119.75
131.72
137.69
229.46
249.1
275.21
281.48
289.98
289.72
284.63
235.71
233.67
227.79
224.98
306.11
281.47
260.39
170.12
129.99
123.72
110.64
109.95
109.95
110.86
119.74
128.19
133.39
135.49
134.98
133.76
132.29
132.32
132.92
131.52
128.3
126.91
130.48
133.7
146.8
133.09
129.1
130
111.99
112.46
110.77
110.28
110.5
111.53
123.91
132.64
138.29
139.08
138.46
138.06
136.37
135.95
136.01
135.26
131.09
130.35
131.51
141.78
147.08
132.75
130.03
130.04
124.84
120.68
115.12
113.45
114.25
120.2
128.41
140.82
164.17
237.61
241.61
243.13
244.31
240.97
242.08
239.96
237.19
196.95
238.13
239.74
246.55
236.57
140.86
130.59
125.09
116.53
111.04
110.29
110.39
111.3
124.43
137.97
158.07
170.05
230.59
241.11
241.57
168.63
158.13
146.51
138.03
135.34
146.27
159.21
156.41
132.46
132.4
132.76
130.02
115.54
110.75
108.8
107.83
108.56
110.41
112.78
113.73
118.44
206.48
224.58
184.94
213.33
130.97
130.03
130
130.6
133.13
135.72
135.1
131.45
130
131.14
111.67
100.55
92.7
82.03
81.02
80.68
88.01
90.97
92.86
100.87
108.66
111.93
114.49
113.34
111.59
111.33
111.02
112.43
128.73
132.65
135.64
131.48
130.32
130.54
110.43
108.84
102.02
101.43
100.7
102.11
112.06
120.13
135.38
137.75
135.54
137.65
135.15
135.54
142.3
139.21
138.22
131.52
134.82
144.07
154.39
137.85
135.99
136.23
131.34
103.63
92.88
87.46
80.94
95.13
112.86
130.33
136.69
137.6
232.76
237.74
237.62
244.74
250.41
247.38
231.23
187.6
225.63
219.56
243.95
160.99
138.53
135.47
125.94
122.89
97.92
91.52
93.1
98.81
130.03
130.04
132.32
186.23
193.77
197.94
211.63
182.87
182.76
137.6
126.33
121.91
122.8
134.83
135.22
132.55
121.39
128.4
111.9
94.59
86.18
81.09
79.82
87.65
103
120.79
124.58
124.55
122.26
123.16
120.87
123.43
127.38
121.22
119.31
119.29
125.15
136.62
310.23
276.87
140.08
133.48
120.59
104.67
93.32
88.11
90.12
93.36
108.2
126.66
130.59
155.93
184.51
192.66
186.1
173.77
166.63
147.65
117.92
116.75
119.82
149.08
157.73
146.22
127.26
124.85
119.43
108.82
98.56
86.78
82.76
90.36
97.63
103.32
113.3
119.06
125.12
130.17
130.5
120.21
116.31
111.22
111.71
112.3
119.88
130.63
125.27
118.88
117.73
119.99
111.41
86.59
55
47.78
45.77
49.72
55.47
54.74
70.12
107.38
118.1
121.14
122.13
119.69
113.85
106.42
108.03
112.19
120.49
129.03
133.87
130.47
125.62
120.49
113.14
111.2
103.14
98.76
98.24
103.72
116.93
127.82
165.34
157.74
156.93
176.31
186.95
160.81
159.21
146.79
134.42
138.97
137.29
153.67
200.03
141.25
165.77
126.84
120.68
105.21
91.14
83.3
78.82
92.71
110.1
129.72
170.36
181.22
154.49
153.59
150.47
152.12
183.54
182.37
144.23
131.02
145.24
161.07
182.19
133.68
128.22
123.68
120.1
110.81
102.1
96.79
96.84
103.4
112.64
127.66
162.59
145.25
143.86
142.2
139.97
136
135.4
134.85
137.7
129.79
135.31
143.21
141.85
131.14
127.37
122.87
114.78
97.62
85.01
78.71
80.3
90.36
109.29
123.52
152.14
137.52
137.18
138.77
136.92
132.73
132.82
131.57
129.66
130.36
139.28
191.41
224.35
187.39
146.54
136.23
112.66
112.69
99.86
96.6
98.2
101.94
120.55
131.8
193.17
250.77
205.54
215.48
216.96
203.29
131.48
129.63
127.96
129.42
132.73
135.43
132.54
130.08
123
118.8
110.63
110.34
97.16
92.82
90.03
92.16
94.82
121.77
124.06
129.77
131.03
134.07
132.66
131.05
129.26
129.45
129.75
132.55
154.25
182.92
143.87
128.03
121.35
115.79
113.2
92.54
55.53
41.1
50.74
49.44
45.25
36.1
41.57
78.21
88.75
111.23
111.94
110.21
98.78
86.56
89.94
92.19
124.06
127.36
125.28
124.92
115.51
109.29
94.26
101.93
81.57
64.35
68.64
64.56
82.48
125.97
135.58
138.82
138.31
138.31
136.97
133.65
135.35
132.66
129.02
128.55
137.05
137.6
136.77
132.64
129.24
121.58
113.65
111.67
104.19
86.91
100.59
101.66
110.9
126.11
139.58
129.77
129.05
128.87
129.33
128.86
129.19
128.41
126.53
125.83
126.97
128.67
129.23
129.74
131.01
122.26
115.22
113.86
113.21
111.85
111.19
113.95
118.35
130.94
141.58
145.68
145.2
144.08
141.3
137.91
137.97
139.3
140.05
145.95
147.37
157.18
143.37
137.07
140.01
140
120.58
113.01
107.83
105.49
102.69
111.87
119.86
127.35
169.01
150.6
140.72
141.1
139.13
136.76
137.8
137.89
137.02
140.89
150.85
151.5
142.03
132.1
128.8
117.34
112.19
109.7
106.55
106.61
104.17
109.7
120.61
128.2
141.12
148.86
147.56
146.23
141.27
139.23
140.35
137.8
134.34
143.77
145.4
146.42
138.24
128.55
128.81
120.81
113.65
109.78
103.92
98.83
96.01
96.12
103.61
101.42
117.54
118.3
121.65
123.85
123.58
122.78
119.41
117.58
119.81
125.14
132.31
138.6
142.65
127.76
113.59
111.97
105.96
105.52
94.86
89.62
83.09
83.04
87.91
84.08
95.95
119.47
125.34
125.3
121.49
114.55
112.91
112.64
117.13
123.36
133.71
135.9
134.37
130.04
119.44
115.17
110.35
106.11
94.73
90.89
86.9
94.3
111.42
122.16
133.5
137.17
136.34
135.34
134.23
133.04
135.34
131.19
137.27
146.18
160.24
156.51
141.26
132.45
131.33
120.14
112.29
103.31
93.85
90.26
92.67
94.31
111.46
125.25
150.04
148.49
148.19
148.98
182.24
148.97
145.11
147.58
144.24
154.84
229.19
225.06
158.02
140.04
141.22
141.18
125.2
103.72
92.15
88.98
86.86
96.69
130.01
130.68
140.73
183.78
180.5
221.83
225.18
145.09
145.02
145.06
145.01
150.33
233.06
226.99
145.05
138.4
134.67
130.28
119.58
102.14
93.73
89.74
83.99
100.59
129.84
130.1
139.87
143.22
143.46
144.13
142.04
140.1
139.2
139.25
139.43
147.79
245.44
177.08
141.27
136.17
133.49
126.26
119.99
96.84
88.4
83.02
79.8
93.38
104.21
135.55
144.55
144.3
144.4
147.51
170.76
139.99
136.03
131.23
132.97
139.8
145.69
143.13
133.54
125.25
125.58
116.24
109.5
98.11
86.44
73.93
63.79
67.87
88.21
98.16
125.96
130.03
127.43
128.03
126.31
115.85
113.23
112.6
116.33
123.04
134.31
131.43
122.16
117.07
116.74
106.64
99.88
71.74
48.95
49.63
49.33
49.96
48.77
57.72
62.73
82.79
94.28
103.75
107.41
102.7
88.12
85.66
92.53
104.61
129.41
129.63
124.94
119.93
119.12
111.54
103.17
95.78
83.42
75.8
79.18
87.99
121.3
135.84
159.74
154.35
143
139.77
138.96
139.1
139.69
140.45
143.03
153.62
198.84
182.17
149.33
143.98
141.28
136.54
125.78
127.69
121.42
125.6
125.4
122.53
133.5
140
232.66
237.41
237.6
239
242.21
240.95
235.89
230.86
223.15
228.22
249.75
241.48
236.35
202.38
169.29
138.9
134.38
130.7
127.5
121.58
121.62
125.3
134.3
142.05
229.53
235.18
235.34
238.14
268.06
256.83
229.35
222.99
150.46
177.89
274.53
261.56
256.67
197.82
144.97
139.91
137.5
119.75
113.78
111.27
111.2
127
132.9
137.21
147.05
234.71
229.96
237.38
273.28
203.01
220.81
199.31
150.78
157.8
252.83
214.54
146.94
147.91
142.63
138.07
126.45
115.68
111.58
97.23
102.35
112.48
124.54
134.33
150.85
152.96
188.8
198.24
145.76
142.45
140.27
140.01
141.49
147.81
164.69
147.65
141.59
142.43
137.46
136.46
120.17
116.34
111.05
106.01
99.19
100.78
108.28
112.32
116.47
191.37
223.54
225.47
250.78
121.53
119.63
120
125.57
130.75
133.36
130.87
127.46
120.02
104.55
102.72
97.19
37.33
45.17
49.69
63.23
58.72
58.71
101
109.53
112.37
117.94
124.16
125.66
124.69
124.38
124.61
127.29
131.61
137.13
141.07
132.41
129.17
128.3
124.53
114.36
112.58
108.32
103.17
104.56
111.81
122.03
132.5
152.29
220.78
147.38
226.24
252.61
143.52
143.08
142.94
145.47
151.35
277.29
257.09
143.92
138.47
195.86
141.62
131.58
118.13
112.36
102.58
106.19
112.45
125.03
138.9
189.07
140.52
140.72
140.99
169.46
149.6
153.6
153.15
148.72
152.49
236.84
220.52
142.08
150
148.47
159.26
131.99
128.45
115.89
111.42
111.17
115.24
126.67
132.31
163.05
150.22
141.56
140.53
140.18
139.17
139.3
139.56
141.57
149.09
149.95
143.45
138.39
134.62
138.65
130.65
123.86
117.75
112.58
109.78
109.97
115.04
125.7
136.23
183.71
152.12
145.79
148.94
165.23
149.21
149
149.41
163.04
225.71
294.22
255.32
147
149.87
141.25
139.46
130.18
115.09
106.07
100.29
101.8
108.22
122.66
132.22
145.93
144.61
146.92
143.07
140.31
138.29
136.11
135.59
137.2
140.62
140.22
137.23
134.39
131.68
131.92
133.97
122.33
110.96
101.26
96.79
95.8
96.03
97.39
100.06
118.82
122.76
130.1
121.49
121.04
120.22
118.21
119.1
124.85
138.48
376.66
131.52
124.44
118.45
116.83
111.64
107.67
99.94
80.87
77.66
76.64
79.59
88.22
85.04
93.73
96.12
110.23
115.25
125.09
122.62
120.54
119.95
122.26
129.86
158.75
147.26
139.52
126.35
124.42
117.75
108.05
106.7
99.92
95.27
96.53
102.43
121.59
136.73
210.06
212.74
197.5
215.27
213.63
154.12
156.65
154.09
158.82
185.32
415.84
319.47
148.83
145.75
141.15
137.49
134.39
126.36
113.57
117.17
117.99
119.96
135.49
139.89
230.98
237.9
234.45
236.22
234.66
229.17
225.5
223.16
231.86
251.22
289
232.73
168.25
143.82
140.05
137.58
135.68
113.97
96.71
83.95
87.61
94.7
122.83
135.84
144.38
252.93
141.37
143.72
149.93
141.82
142.86
143.08
144.98
167.54
253.42
148.8
141.28
135.16
132.35
124.38
118.02
121.16
109.68
100.06
100.84
109.78
121.35
130.86
144.44
144.87
143.71
143.67
141.74
140.81
142.08
142.12
143.74
155.23
256.1
251.56
148.25
141.9
139.67
136.48
119.9
121.88
108.99
103.1
102.66
108.36
121.47
140.01
204.25
159.41
146.78
160.98
263.03
153.74
141.6
137.35
142.52
147.39
255.36
143.38
132.5
125.84
122.08
120.05
112.04
110.97
104
100.87
98.7
98.29
99.04
97.24
105.61
107.16
124.5
126.51
127.86
129.72
115.17
125.06
120.7
140.02
205.32
150.46
119.85
116.13
114.14
109.96
106.53
109.31
100.45
88.75
83.26
86.58
92
89.53
98.23
100.07
133.95
119.43
123.25
124.04
119.14
115.41
120.17
134.64
135.86
135.85
133.12
120.2
119.78
110.89
104.79
103.98
98.86
91.9
92.62
100.43
110.57
123.13
180.55
255.34
186.53
148.29
147.63
141.48
137.92
138.2
147.27
161.75
163.33
150
137.01
132.41
128.44
120.64
110.69
109.48
101.07
96.2
100.17
104.06
113.26
150.66
141.25
255.3
253.26
255.03
252.27
162.43
142.68
143.06
151.87
166.29
220.01
157.27
140.06
133.31
129.19
126.38
115.54
110.51
100.62
93.91
94.94
100.5
110.07
125.5
244.16
262.59
258.02
258.13
253.91
127.56
126.3
180
138.44
251.92
264.72
258.15
135.2
134.51
130.62
130.62
118.2
118.8
106.41
97.4
97.79
103.97
117.56
127.73
245.85
269.52
287.41
289.15
286.82
152.54
176.8
149.9
157.79
259.74
269.25
263.61
147.62
136.24
133.07
132.68
128.67
114.58
105.47
99.1
92.17
97.64
109.32
140.8
139.2
141.82
139.23
141.52
233.84
134.11
130.46
130.18
131.55
138.15
139.74
134.13
121.79
116.73
115.99
116.88
110.95
107.19
98.3
89.33
84.12
83.92
92.38
98.21
105.88
111.56
117.62
119.63
120.56
117.87
116.06
117.82
127.13
137.72
144.26
138.45
126.07
118.38
117.57
111.45
103.53
102.93
86.89
77.36
72.78
74.2
81.39
83.08
92.44
101.27
109.01
111.31
116.14
115.57
114.26
115.68
119.55
129.62
174.47
188.73
142.09
134.04
127.54
125.9
109.23
108.87
100.29
93.05
96.69
100.73
111.9
126.88
185.8
219.35
219.71
220.99
222.32
161.74
151.59
147.27
153.01
171.87
169.82
147.87
132.78
128.61
128.04
119.1
110.52
119.77
115.77
127.49
127.49
116.29
120.2
126.15
176.1
155.97
148.25
146.43
144.29
138.82
140.08
141.23
166.39
212
263.47
258.62
143.14
130.08
134.12
128.22
111.53
111.05
101.25
94.06
91.99
100.58
110.27
121.24
146.18
140.06
138.79
138.39
135.37
133.98
132.86
131.32
140.04
140.01
137.92
131.62
122.43
119.51
121.49
112.02
107.73
104.67
91.08
83.45
86.86
96.27
111.04
120.3
138.7
140.62
133.24
134.18
133.77
129.19
129.21
129.06
128.36
140.13
138.28
130.28
128.02
123.21
122.77
113.39
106.81
103.47
90.42
79.15
82.07
92.86
110.39
118.56
138.98
143.43
138.31
137.8
133.74
131.62
129.93
129.21
129.96
131.06
131.76
129.85
121.87
118.22
118.55
112.17
106.88
108.46
97.14
84.02
83.02
83.53
92.64
95.87
108.1
130.08
130.03
130.63
131.53
130.13
120.75
121.13
131.23
137.3
142.96
138.57
132.9
119.47
118.34
115.02
108.85
108.98
97.46
90.32
83.54
88.01
95.84
98.77
104.89
109.26
130.58
130.61
130.67
130.67
119.87
130.83
124.94
137.83
140.58
139.73
136.54
133.16
130.69
130.58
112.24
117.31
109.04
105.6
104.83
110.47
120.7
130.76
194.46
208.14
203.66
207.23
205.06
193.61
197.08
151.71
169.63
190.69
214.81
205.17
181.16
145.95
137.56
132.79
121.45
123.41
119.14
114.29
114.07
119.35
126.4
136.79
257.96
297.41
298.74
300.55
302.33
298.18
293.73
291.8
278.63
292.66
300.48
293.76
251.62
154.14
251.54
176.01
131.98
130.16
123.4
121.27
121.59
121.39
125.73
134.58
258.81
308.79
289.4
303.35
307.02
289.2
280.75
273.84
301.03
338.51
336.14
304.43
156.81
145.58
145.99
136.51
124.63
125.32
123.48
121.41
121.53
123.04
126.26
137.5
184.84
269.2
245.94
206.64
285.28
250.04
249.93
195.78
288.58
309.25
306.41
245.52
168.57
150.16
150.46
140.16
126.65
122.12
119.27
118.03
117.94
118.61
122.41
128.48
158.47
164.07
156.76
158.2
153.8
149.89
148.57
148.05
150.71
149.7
146.76
142.56
137.5
131.86
137.16
132.26
121.48
121.2
117.45
110.73
109.29
109.58
111.94
112.3
116.9
126.93
133.57
135.23
138.1
134.58
124.97
125.72
128.85
154
171.22
162.09
129.7
125.63
124.2
119.12
117.85
118.04
104.88
99.82
91.93
92.73
99.65
90.59
105.74
109.12
116.52
118.33
119.25
118.52
118.71
119.47
122.52
125.14
125.24
120.2
118.34
117.32
118.49
116.4
114.28
107.92
99.54
92.45
82.82
83.65
94.55
88.73
99.83
100.05
105.11
111
115.96
113.9
112.54
113.03
117.51
119.91
121.59
120.74
118.48
117.86
118.58
116.19
113.93
115.95
109.66
103.76
101.92
94.41
90.88
89.95
92.09
110.44
114.19
118.03
118.5
118.4
117.38
118.06
120.46
123.79
125.71
125.06
123.38
121.06
121.81
118.83
117.62
112.34
106.61
97.96
98.86
100.4
106.02
111.41
135.7
138.67
141.05
145.11
147.56
145.34
141.19
141.56
146.23
154.54
156.55
150.43
143.34
135.78
135.77
128.99
121.03
117.91
110.43
108.54
104.67
105.83
105.81
107.4
130.64
134.36
135.09
142
145.93
140.61
135.9
135.74
137.27
145.51
148.09
149.45
136.97
130.46
130.24
124.31
118.38
104.57
101.79
100.93
100.93
103.41
105.85
99.29
120.4
127.8
130.51
133.71
134.62
130.83
128
127.12
128.19
134.39
135.33
131.72
124
116.6
113.4
107.6
104.6
116.21
107.93
100.64
99.75
99.16
100.87
101
120.06
125.36
127.42
130.59
133.64
131.71
130.78
132.19
135.28
143.15
153.95
150.19
134.15
128.13
126.1
121.78
119.03
118.94
106.89
102.44
101
99.44
102.58
97.6
105.33
120.29
122.17
125.85
128.27
125.98
125.46
126.7
130.52
135.95
139.47
134.73
130.06
125.27
123.73
121.88
116.22
