120.58
117.3
109.76
84.24
80.36
45.74
45.52
45.82
29.55
65.37
75.59
83.72
98.57
90.06
83.8
83.8
92.53
112.9
123.57
115.96
130.36
142.37
146.33
139.76
135.73
130.51
118.19
109.02
108.05
122.08
129.69
161.62
157.82
157.67
157.74
158.71
158.94
161.17
157.97
159.23
169.53
180.43
173.04
157.97
161.17
162.74
172.67
159.01
135.33
130.26
111.98
111.98
123.7
127.5
130.19
147.42
150.03
154.81
157.34
159.06
158.16
155.63
147.64
147.64
147.57
154.28
154.95
147.57
146.9
149.88
150.4
139.14
138.86
135.13
109.98
107.22
110.5
124.98
123.71
150.35
156.32
179.9
184.3
194.52
185.42
184.9
171.47
168.85
180.94
209.15
187.13
180.57
150.2
144.6
150.05
149.98
128.08
123.83
123.75
123.75
124.13
124.8
138.38
157.42
160.48
185.93
195.18
197.72
195.18
169.51
168.54
165.85
166.15
195.78
170.4
166.67
153.24
150.4
150.77
150.25
117.48
113
103.53
102.56
102.41
102.48
81.73
95.84
127.86
128.31
130.25
133.46
128.16
128.08
128.01
128.01
136.59
166.3
166.3
137.34
128.08
127.93
129.87
128.16
102.86
91.96
84.42
80.54
80.09
74.57
64.94
75.69
95.17
114.8
142.79
148.99
142.64
118.98
113.16
112.86
115.47
143.16
153.76
150.78
131.74
130.25
149.21
128.23
117.49
113.01
107.78
108.23
98.98
107.78
147.79
162.5
198.4
203.77
234.67
239.75
236.17
238.71
191.08
192.28
228.93
247.74
239.68
207.36
156
150.7
156.23
143.69
131.07
123.76
123.83
123.61
123.83
130.03
157.8
172.8
243.49
232.44
223.33
238.86
227.96
211.54
210.65
211.69
226.25
258.57
250.88
173.1
151.3
138.69
151.38
151.3
131.92
124.53
123.48
122.51
123.34
123.93
148.2
167.76
223.53
223.75
238.16
243.68
238.68
236.29
238.53
234.28
247.64
257.5
258.32
205.68
153.72
149.02
150.44
153.35
135.52
130.96
124.32
123.57
123.79
130.74
135.89
193.98
232.65
232.58
232.5
238.85
232.65
232.73
207.19
206.37
232.35
272.3
244.67
226.61
162.17
152.99
147.01
144.47
140.08
132.77
132.32
132.24
132.39
132.77
147.62
206.47
232.9
232.9
239.62
253.36
251.34
236.26
166.89
165.77
173.39
211.77
196.53
165.62
164.13
149.64
149.79
149.79
156.06
152.78
135.53
135.38
134.18
133.66
133.36
139.19
161.66
170.55
194.74
195.49
192.95
178.24
156.96
156.96
194.89
198.1
197.95
191.53
180.03
144.04
160.84
151.21
150.43
150.88
143.12
138.41
128.41
127.96
109.45
106.39
126.62
143.86
162.45
166.93
162.6
174.4
155.21
154.69
162.6
184.85
188.73
186.05
185.67
179.03
180.15
172.38
158.2
157.75
131.55
129.9
126.92
130.05
150.88
219.04
232.93
254.06
280.64
299.6
298.4
299.52
284.37
232.78
283.55
299.97
299.75
244.43
180.52
175.29
192.09
160.74
165.6
161.49
151.56
151.11
162.46
165.37
160.45
314.77
266.39
276.1
286.32
293.12
288.42
273.71
240.93
186.2
196.28
269.23
284.53
256.09
196.51
183.59
207.78
169.18
161.27
160.97
150.82
146.49
144.1
149.47
148.73
231.68
314.55
285.28
290.66
314.4
303.65
307.61
287.45
231.9
232.57
285.58
303.65
218.83
189.42
175.31
205.62
166.2
164.08
152.5
144.51
143.99
144.14
146.23
155.87
260.57
262.96
232.86
232.86
249.44
232.72
232.86
219.57
213.07
232.49
254.67
276.55
232.42
210.68
175.96
176.18
161.47
163.15
160.76
149.41
145.98
143.89
150.83
160.91
267.46
294.35
274.04
274.86
289.94
281.13
281.58
224.46
224.75
268.29
306.44
298.38
243.94
183.69
175.25
201.9
196.83
187.87
165.54
145.08
144.86
141.27
141.2
133.81
142.39
157.92
187.72
188.02
196.38
187.87
187.42
160.69
159.94
162.63
209.89
223.63
187.79
163.67
149.26
161.29
148.29
155.75
139.48
130.44
129.17
120.59
113.79
82.66
109.31
127.98
136.12
133.5
155.23
139.1
136.04
130.37
129.17
134.47
164.04
187.26
163.97
149.41
137.61
136.56
134.47
139.63
131.64
124.02
117.97
117
116.11
122.6
254.98
284.78
261.7
281.57
306.8
288.06
287.24
285.52
232.96
284.4
288.66
312.1
247.22
181.74
164.64
168.3
156.87
143.44
141.34
137.98
130.52
130.59
132.98
140.3
232.74
234.31
232.59
239.16
248.27
232.74
232.81
232.81
232.51
230.8
232.74
242.37
178.01
157.47
156.35
153.37
150.98
129.75
121.01
114.74
117.13
117.95
118.03
138.41
173.94
182.45
178.5
174.77
189.02
174.62
177.3
159.01
153.71
156.77
190.89
188.8
159.68
153.64
145.2
153.19
150.05
147.09
133.21
130.07
127.16
129.92
130.15
148.73
214.55
232.68
232.61
233.65
233.65
232.83
232.68
232.76
232.68
232.24
232.83
243.73
232.68
171.42
158.88
158.88
149.4
143.93
135.42
135.13
133.71
135.28
135.35
146.54
212.72
232.12
232.2
232.27
234.14
232.57
224.44
175.49
158.55
158.7
232.12
232.57
168.7
149.97
146.47
149.82
149.38
132.59
126.62
121.02
113.19
112.97
112.74
112.67
119.38
130.13
141.62
146.39
148.63
143.56
141.02
131.62
130.57
133.19
162.66
148.56
139.01
137.36
136.17
138.93
130.28
102.31
111.93
96.41
91.49
96.63
76.34
61.34
76.11
116.04
118.95
124.39
136.26
130.66
116.33
116.18
116.41
116.26
146.48
146.78
148.5
129.92
136.03
159.84
130.29
130.06
123.2
116.18
113.35
113.27
113.27
130.21
211.4
223.86
214.31
208.64
247.52
200.81
202.15
195.36
196.18
200.43
249.53
250.58
192.37
163.57
161.26
163.05
158.79
141.09
131.69
133.85
129.15
129.82
130.35
135.79
230.25
247.86
236.59
235.85
274.2
247.11
241.89
235.7
232.64
222.64
234.05
266.14
236.89
180.41
155.71
155.86
155.34
141.62
133.41
131.39
129.75
129.9
132.36
146.84
249.51
232.72
235.7
236.3
244.73
232.64
232.72
232.42
204.59
162.43
199.74
237.72
232.34
163.7
150.27
150.35
155.79
155.14
155.06
150.66
141.78
149.62
153.12
147.98
232.45
223.05
219.46
218.87
233.49
229.09
225.81
206.33
184.39
167.9
208.12
243.72
184.24
163.57
156.63
158.27
155.74
151.28
145.53
133.22
132.54
130.83
131.87
157.55
224.27
335.99
314.35
287.25
335.69
263.75
250.61
201.58
195.53
196.58
264.64
299.79
267.03
163.67
162.7
161.05
164.04
168.59
141.35
140.98
136.8
133.14
131.05
121.28
138.29
176.13
187.62
212.77
211.8
201.58
184.71
168.29
160.98
163.82
167.1
193.44
174.64
160.61
158.14
162.17
160.98
136
128.09
116.44
101.52
97.78
86.96
53.59
53.59
116.3
137.57
151.53
168.77
169.44
152.87
139.58
138.61
147.72
174.37
181.46
175.86
159.96
155.93
166.46
162.35
141.45
127.04
112.94
112.04
105.1
112.79
142.64
193.63
237.67
255.58
261.03
299.17
272.53
269.61
254.16
232.67
201.17
244.38
271.41
244.53
162.35
158.39
156.38
151
121.97
103.53
103.53
102.63
103.01
109.28
135.4
165.56
188.77
188.47
197.2
220.57
195.41
188.62
194.14
172.35
162.35
182.2
195.34
175.78
140.85
141.89
143.24
139.73
132.32
125.08
124.78
123.51
125.23
125.3
129.78
173.36
211.94
214.26
222.76
232.39
217.54
218.51
214.56
194.78
188.44
200.75
223.81
183.36
159.78
143.73
147.09
141.72
117.75
111.7
96.93
89.99
97.67
113.87
128.04
173.71
186.55
209.15
214
223.33
214.38
206.99
194.98
179.31
175.73
188.04
232.66
195.2
208.63
155.65
150.8
142.82
117.58
109.97
103.4
99.82
109.82
114.52
132.2
195.09
206.58
210.84
231.05
237.69
226.06
195.47
174.95
151.08
150.93
186.14
220.31
185.99
163.76
151.45
151.45
151.45
150.03
127.05
123.47
123.17
123.17
88.93
81.62
117.65
133.25
170.03
203.15
209.87
168.91
155.26
136.68
136.16
137.65
165.63
194.72
187.34
148.47
136.45
138.32
132.57
124.53
104.68
103.49
77.52
80.06
77
53.72
55.29
82.45
116.1
131.1
151.32
146.77
127.29
116.32
116.1
116.25
137.52
165.72
177.36
160.42
151.17
161.99
141.25
130.8
114.38
112.22
111.92
114.83
123.64
131.55
175.49
175.64
168.48
223.1
233.02
213.18
190.94
172.06
166.76
167.44
190.57
239.07
197.13
166.47
141.62
141.1
151.47
133.19
121.84
115.8
116.85
120.2
124.83
140.95
177.81
189.3
177.88
194.52
223.1
187.65
181.61
159.3
158.7
146.47
174.45
194.67
192.73
156.69
150.12
154.97
152.14
141.56
134.77
131.94
130.82
130.82
132.98
139.85
168.58
177.83
180.89
192.23
212.53
184.02
182.53
173.35
168.2
155.89
164.1
195.37
196.63
165.67
160.44
158.28
149.47
153.65
141.26
138.8
139.25
140.89
149.25
157.6
298.94
214.99
217.75
290.06
314.39
292.45
223.2
212.38
190.36
158.42
173.57
243.35
242.3
167.83
149.84
149.32
163.65
146.97
135.55
127.64
125.4
131.3
137.27
145.18
199.67
204.52
215.65
215.57
255.13
225.35
189.45
164.52
157.05
150.93
157.13
215.72
173.47
158.62
150.93
157.42
163.62
170.93
125.33
128.09
137.79
140.78
141.3
128.46
132.27
156.38
168.7
168.55
172.13
168.55
150.11
141.53
136.9
131.6
148.17
182.95
167.8
152.2
153.17
156.53
146
131.58
104.94
101.13
69.86
66.87
67.62
46.72
46.72
105.08
123.44
141.36
149.87
136.51
120.76
120.53
117.62
120.31
134.34
162.11
177.78
158.52
145.39
155.84
131.65
134.94
115.46
105.08
103.29
103.44
111.5
139.79
159.05
174.27
172.48
189.87
214.65
190.84
192.03
181.66
172.03
165.99
168.45
218.23
191.06
155.91
151.06
137.7
149.64
122.02
121.72
118.22
107.92
109.19
125.98
146.28
162.18
190.83
181.51
208.37
221.36
181.06
180.91
172.18
164.19
166.88
174.19
213.97
213
157.77
147.25
137.32
141.5
147.19
128.01
122.26
117.78
118.75
123.75
150.48
167.27
190.63
180.78
184.21
191.38
208.55
197.72
179.74
152.79
150.33
163.91
209.97
191.08
161.9
148.91
150.85
153.69
141.37
132.04
128.76
128.83
128.98
129.13
145.48
170.48
176.75
183.25
190.86
205.87
181.23
184.59
179.67
167.42
167.27
167.72
192.88
191.01
162.57
161.15
157.42
156.68
145.77
135.62
132.03
130.76
134.57
135.69
156.51
214.06
237.27
236.9
243.99
271.16
225.63
208.39
203.16
179.8
167.93
182.94
251.97
211.45
172.26
163.31
172.41
167.49
210.03
160.69
142.71
140.09
141.29
138.08
126.06
138.38
160.69
187.19
210.4
233.17
212.04
196
182.64
149.87
149.95
182.86
225.4
209.88
158.31
156.89
156.81
156.89
141.76
136.09
131.68
121.53
103.54
95.92
63
71.74
87.56
141.16
147.28
156.61
156.24
136.16
129.52
115.86
119.14
136.23
172.81
182.22
166.24
162.51
165.94
150.49
143.62
139.89
135.64
135.34
135.49
139.82
136.91
223.2
227.46
239.32
258.81
288.44
254.33
236.86
209.84
210.14
180.28
200.96
287.55
286.05
224.54
180.5
176.1
163.41
223.91
171.59
158.9
155.54
151.29
158.45
168.83
209.13
312.95
335.56
371.84
381.02
317.65
280.41
222.04
184.43
172.33
189.2
380.72
345.12
200.25
168.75
170.39
179.35
169.66
155.55
147.19
137.79
139.58
153.09
175.85
276.92
261.62
294.16
261.92
334.24
269.6
278.26
233.4
232.95
187.27
194.29
291.92
262.89
231.61
181.83
183.32
186.75
184.18
172.76
170.15
169.63
169.85
172.84
180.3
291.87
448.29
447.99
512.62
448.37
344.56
330.83
274.56
210.9
198.51
223.81
484.34
596.35
328.51
262.99
243.59
263.66
190.97
172.76
168.95
163.42
169.7
172.08
167.6
202.62
246.52
275.93
276.01
292.13
246.37
224.42
220.69
187.09
187.24
186.94
231.36
224.72
188.73
159.02
175.82
221.43
209.94
166.56
163.87
147.6
149.16
143.42
142.82
143.19
177.16
204.78
210.01
210.08
210.01
195.68
186.05
160.66
154.76
175.59
291.54
290.27
196.5
173.88
200.08
199.04
140.52
136.04
131.78
124.02
114.38
100.2
56.37
64.73
127.82
132
147.76
172.55
152.39
131.93
121.48
121.03
121.4
141.64
187.25
195.69
166.65
172.55
172.77
141.79
135.89
131.56
130.73
119.31
116.18
119.09
140.59
179.49
183.75
258.86
300
345.09
292.38
267.29
218.84
195.39
185.31
177.92
292.16
276.93
185.76
160.97
151.27
150.3
170.16
150.98
150.08
148.29
150.16
152.17
151.43
197.92
305.69
345.1
345.55
405.77
344.95
344.95
276.59
198.67
179.56
183.97
345.17
345.47
209.57
172.92
172.62
173
141.12
135.3
128.13
134.85
135.07
135.6
146.94
175.15
222.98
242.98
278.43
303.28
277.98
253.5
240
202.76
182.83
179.55
265.82
264.47
185.07
167.68
167.31
154.4
148.06
138.14
135.23
135.15
134.63
135.3
150
200.45
222.32
228.44
249.71
257.17
223.36
240.01
227.39
210.45
178.21
160.45
237.02
270.6
187.54
167.54
159.78
160.08
140.78
138.69
124.43
119.58
136.75
138.54
156.61
192.44
166.24
165.64
179.23
217.52
165.71
165.19
158.55
142.35
158.62
149.29
165.34
165.49
197.81
168.33
167.58
167.73
141.75
132.42
132.42
132.2
132.2
132.27
132.5
132.72
141.83
160.41
160.79
191.99
159.44
159.37
149.81
143.62
141.6
141.45
162.88
165.64
161.09
151.31
149.59
145.56
116.08
109.96
104.73
103.02
95.25
86.52
31.28
31.2
78.98
115.86
142.06
142.36
142.28
135.26
115.86
104.43
114.51
135.19
153.33
168.86
149.07
148.55
142.58
141.83
134.59
131.01
118.02
118.54
114.21
132.35
152.96
165.5
177.37
207.23
221.93
230.44
221.71
222.08
190.73
175.87
165.35
165.42
190.95
210.66
183.64
161.32
160.35
159.9
135.19
121.23
103.09
90.25
103.77
130.27
140.64
150.87
135.49
142.81
146.09
151.1
140.79
143.18
140.57
131.39
129.97
130.12
140.72
145.65
160.2
140.64
130.57
141.09
131.03
130.73
130.73
130.95
131.25
133.72
142.97
178.59
176.65
170.15
184.78
206.29
184.63
171.49
171.05
177.99
151.04
162.61
196.43
212.63
197.92
164.7
159.85
148.42
146.26
138.87
130.81
125.96
131.03
140.29
160.75
172.92
184.57
189.87
190.54
221.38
185.31
189.35
182.78
178.3
156.34
154.4
173.07
201.96
172.92
160.3
153.06
148.28
142.56
135.17
124.57
122.93
126.58
135.69
160.02
168.6
184.65
191.67
191.44
202.19
175.17
174.58
170.1
153.3
150.54
150.69
171.81
172.49
180.1
160.02
164.2
150.54
150.32
133.82
127.26
127.26
125.84
103.15
99.86
125.69
137.63
160.69
160.92
160.84
159.13
143.6
132.85
131.51
128.23
141.29
166.44
178.98
144.05
141.51
141.06
139.27
111.6
76.74
76.44
75.17
51.13
46.65
30.98
30.9
76.21
115.4
118.02
141.16
134.89
121.6
94.8
81.29
79.13
123.39
172.66
180.94
158.55
141.61
141.01
134.36
103.76
75.32
76.44
76.51
76.81
103.61
127.05
149.37
149.59
154.89
158.85
171.09
162.73
158.33
149.52
143.62
131.83
134.14
149.82
168.03
155.04
140.63
134.89
130.56
138.63
117.73
118.25
116.31
120.71
120.79
143.03
168.19
190.29
183.42
215.74
242.69
215.37
204.17
177.6
168.34
148.56
147.66
164.61
203.95
182.97
161.62
148.33
151.62
148.61
141.44
134.5
133.38
136.96
141.29
148.91
160.48
168.98
149.21
149.73
188.32
160.18
170.03
146.22
145.55
142.49
136.52
146.29
178.76
168.09
146.29
145.92
143.16
125.33
114.65
106.07
107.71
109.05
115.85
140.93
146.23
168.17
168.25
186.38
223.56
182.43
182.73
174.29
182.5
146.9
156.9
168.54
209.75
164.44
149.51
146.3
140.33
138.19
116.47
113.26
113.48
117.81
124.38
141.63
164.99
168.58
169.25
173.88
176.79
166.94
157.45
138.64
149.39
143.42
142.07
164.7
168.35
158.05
154.39
144.39
153.72
127.37
103.55
97.2
83.39
93.17
115.05
68.54
108.03
141.55
143.04
161.11
175.82
148.42
141.78
142.75
127.59
119.75
120.2
142.82
159.69
139.98
127.22
142.6
126.99
76.14
60.32
30.98
30.98
31.28
31.13
19.11
19.11
30.75
45.01
80.77
120.11
102.72
76.36
60.02
42.1
37.92
32.7
77.41
98.09
117.57
120.86
121
103.31
76.81
66.74
58.82
59.79
60.02
92.12
130.78
167.88
168.41
173.26
177.59
206.25
174.23
171.99
169.82
162.96
153.33
142.28
138.1
138.32
159.97
138.62
131.9
131.23
147.42
140.03
132.64
130.7
122.49
141.45
145.1
179.29
198.1
198.03
222.06
230.49
209.74
198.55
192.28
168.54
156.97
151.75
148.24
147.12
160.93
154.66
150.33
152.12
126.73
117.85
116.06
112.17
116.28
121.06
137.55
137.03
160.84
156.06
159.64
165.09
155.91
155.39
145.83
135.98
136.36
131.28
130.68
123.37
141.66
135.46
132.92
121.88
138.66
130.98
120.53
118.44
121.28
131.2
141.58
165.53
183.14
179.19
175.31
225.76
186.28
177.17
165.38
162.55
153.52
145.75
148.29
160.83
169.64
159.93
157.77
147.47
138.44
127.02
122.47
121.87
124.78
134.33
140.9
169.71
198.21
198.14
216.2
279.41
219.26
205.98
170
162.47
157.17
156.8
147.77
159.03
165.6
162.62
159.71
157.47
153.74
139.41
127.32
126.87
127.17
126.12
117.32
123.81
145.83
150
160.75
171.42
160.97
143.21
132.09
128.21
127.09
126.87
123.73
127.02
142.62
141.57
141.05
126.72
108.26
100.88
93.12
93.57
93.49
92.97
72.45
76.48
96.1
112.14
135.8
163.63
158.03
134.45
121.77
114.53
101.7
108.94
131.84
141.39
152.59
152.36
173.03
143.33
130.72
116.7
107.44
112
108.12
132.74
150.05
189.97
306.89
340.31
233.02
374.26
315.17
207.73
200.26
190.34
166.09
160.12
165.12
165.12
172.36
165.49
159.97
154.53
148.87
135.66
135.96
136.41
138.57
143.72
181.56
212.08
273.57
238.87
238.12
310.58
238.79
251.11
174.92
165.44
165.36
164.99
165.22
165.44
227.3
211.48
186.56
165.29
135.86
128.32
127.65
127.94
127.87
134.36
148.47
156.91
161.54
165.64
173.03
181.84
169.75
161.54
171.39
165.04
161.16
153.18
148.32
143.84
165.12
153.7
152.8
157.43
132.87
117.35
113.24
111
118.47
130.71
152.13
165.42
209.01
224.32
250.97
275.3
212.75
196.92
169.38
165.2
158.18
157.96
154.3
157.13
183.63
165.42
157.58
157.73
146.14
136.14
126.59
113.23
121.59
143.6
171.82
189.06
228.02
250.86
260.19
272.73
263.1
201.37
168.98
165.62
165.02
151.14
164.95
156.89
165.4
165.02
165.17
165.02
156.44
137.93
142.11
141.89
138.75
128.38
127.41
142.11
166.52
187.64
191
208.76
197.42
168.46
150.02
145.62
139.35
142.56
148.98
172.86
185.77
168.53
158.23
149.5
135.68
119.86
119.41
119.41
119.64
97.25
76.35
76.35
108.37
135.16
148.3
171.51
158.52
135.16
119.86
116.43
97.7
104.41
119.86
169.34
173
187.26
201.36
150.98
134.64
123.52
120.01
120.01
123.52
138
156.36
194.79
206.21
205.84
207.03
243.53
208.3
206.21
201.59
174.2
155.99
155.91
156.88
156.43
165.61
165.61
158.22
157.7
154.78
145.6
145.3
144.63
145.68
145.75
214.93
233.67
234.64
252.47
259.49
272.7
258.74
249.86
221.95
212.32
201.65
175.83
168.59
179.04
260.83
223.37
177.17
165.53
152.47
135.82
123.36
125.3
130
142.24
160.45
165.67
208.73
248.29
257.62
313.51
256.27
243.36
251.79
219.18
181.5
168.81
165.3
171.2
165.67
165.52
165.3
164.18
148.29
134.93
128.14
130.6
126.27
137.46
152.09
157.84
165.6
173.81
178.58
209.48
161.87
164.78
157.91
157.47
155.45
156.94
157.17
157.84
165.97
165.52
158.06
149.33
149.33
122.02
120.67
120.3
120.3
120.45
85.6
82.91
112.46
140.15
140.9
169.93
156.94
127.17
120.67
97.09
90.52
92.54
103.66
124.03
152.24
153.36
152.47
138.96
154.18
138.36
120.6
120.15
118.43
109.55
103.21
112.24
144.11
173.88
189.41
233.96
205
163.88
139.03
133.96
129.55
128.81
134.63
168.21
168.51
188.44
168.06
122.24
102.01
86.49
75.14
66.41
61.26
60.52
31.19
31.19
90.44
134.69
134.91
198.94
172.9
134.39
119.54
77.76
76.79
90.66
104.62
134.77
155.29
199.09
172.82
134.99
89.4
67.46
56.86
58.28
43.73
32.09
19.03
30.67
62.08
90.81
103.65
170.29
158.05
96.26
76.19
59.47
58.5
73.8
77.61
92.9
135.74
187.45
187.6
134.77
137.9
122.38
125.96
123.8
137.38
138.65
157.97
201.78
264.83
275.95
293.34
411.61
362.73
290.57
241.03
207
167.82
162.3
162.3
162.45
192.52
186.4
165.36
165.14
142.29
130.8
130.06
119.24
130.58
131.32
158.63
165.35
224.59
271.15
296.23
373.75
314.58
270.93
222.95
195.57
165.42
164.98
164.83
165.2
164.75
164.6
164.53
159.75
160.66
153.72
151.86
149.02
152.98
160.81
216.78
338.41
411.17
586.98
411.84
536.76
411.69
411.76
411.54
411.47
322.07
267.07
241.03
257.67
336.32
411.47
330.35
216.63
145.76
133.45
128.89
122.33
133.07
145.76
152.85
165.69
244.65
278.09
336.45
374.44
286.67
284.58
232.11
224.73
172.03
165.54
165.09
156.66
165.32
167.48
160.24
160.02
158.15
145.84
145.91
145.91
145.02
138.6
140.91
146.14
168.53
179.42
235.92
242.19
224.58
168.53
158.6
147.18
145.99
145.99
146.14
148.52
168
168.08
173.23
148.82
137.56
131.14
131.06
130.69
130.69
125.91
98.37
104.94
134.8
146.81
179.65
210.85
179.8
157.78
145.1
138.53
134.65
135.02
150.02
163.53
189.58
194.06
186.97
166.44
131.51
105.84
105.61
105.69
105.84
135.32
165.17
228.17
374.31
374.68
392.97
746.83
417.97
374.53
356.32
289.97
261.83
191.22
182.12
173.76
168.98
208.99
168.53
165.1
165.3
150.3
150.22
150.22
150.37
151.64
172.91
238.88
290.82
316.64
374.03
374.55
374.17
321.26
283.58
238.95
196.42
173.06
171.94
165.07
173.43
208.8
192.83
178.36
148.38
136.21
135.32
134.87
139.35
150.32
164.13
222.05
213.39
238.92
239.29
353.49
292.21
239.29
239.07
196.6
170.17
165.17
161.59
165.02
169.95
170.7
165.47
163.98
133.83
126.96
130.62
124.42
129.27
139.5
163.91
189.21
239.36
239.44
276.68
354.68
239.36
239.29
220.85
189.06
163.46
152.93
165.1
158.16
169.95
176.37
165.62
165.17
150.33
148.54
137.79
142.04
145.33
147.94
165.71
261.17
374.33
374.4
374.55
434.94
371.79
344.85
298.72
214.89
181.38
179.66
175.63
185.11
248.56
259.6
214.45
175.33
148.69
138.68
138.24
129.65
138.09
138.16
138.46
145.85
171.38
198.47
198.47
216.69
196.08
176.08
168.24
148.76
145.85
145.93
145.85
146
168.69
189.67
203.7
152.42
134.51
126.52
100.02
98.16
98.16
98.01
76.44
78.53
109.35
130.85
167.95
193.48
190.42
134.51
131.15
126.6
126.3
130.93
134.44
138.62
164.07
173.55
184.07
161.83
126.6
121.37
120.33
110.18
120.25
120.92
162.5
195.35
200.94
213.04
226.7
237.45
226.55
206.17
191.84
165.56
165.19
165.26
165.11
165.26
194.52
192.73
165.41
164.97
138.69
115.78
101.3
100.85
100.85
76.59
74.8
100.85
119.81
113.24
130.63
179.97
125.78
96.37
90.62
87.78
84.5
85.32
91.37
101
148.62
187.74
187.66
148.85
126.52
83.53
82.93
83.45
76.66
130.63
164.52
202.89
374.13
374.65
375.92
484.68
394.35
374.72
371.29
253.8
185.05
174
169.3
169.15
189.82
198.63
185.79
165.42
121.82
121.67
108.76
106.52
115.85
121.82
148.25
179.38
196.47
208.64
224.76
239.02
224.16
208.86
191.25
169.08
152.35
154.3
146.83
133.99
139.96
165.04
165.04
135.48
124.37
91.3
83.39
83.54
98.47
126.24
157.44
164.83
224.26
226.65
227.77
238.59
220.45
179.84
164.61
164.09
138.63
148.56
147.96
148.26
162.52
164.61
168.57
148.19
142.36
138.63
138.11
126.76
128.33
137.14
126.84
147.14
148.56
166.92
168.49
170.88
168.12
141.39
146.1
146.1
153.41
147.81
146.02
142.51
142.29
147.81
164.98
148.34
130.93
108.69
95.47
91.15
92.04
82.78
76.22
76.59
125.71
131.38
149.22
195.28
149.15
138.62
130.93
130.93
130.48
131.31
138.1
138.62
134.96
148.77
195.35
131.46
126.3
115.26
99.28
99.95
94.73
121.53
156.84
195.28
229.39
279.86
296.8
374.66
296.95
266.27
257.46
186.84
172.29
164.45
160.94
159.37
164.3
163.63
134.44
134.52
134.06
123.69
118.31
116.45
116.37
131.97
150.56
208.48
231.47
239.09
239.46
244.39
239.39
239.09
238.94
188.33
162.13
152.35
150.86
150.63
176.09
183.7
187.88
150.41
130.47
120.4
109.65
110.17
116.89
129.88
158.91
167.8
186.75
189.29
228.4
239
193.32
205.41
163.62
161.15
155.55
155.48
155.48
155.63
144.13
156
163.62
133.09
117.71
107.93
110.47
92.63
94.35
126.52
134.58
221.39
247.73
239.52
239.22
249.45
239.22
239.15
239
237.73
183.62
164.43
164.28
162.94
159.51
167.72
153.61
147.42
108.01
83.45
69.27
64.86
76.28
96.14
102.78
155.33
171.15
173.76
188.84
227.06
173.76
164.81
149.95
143.83
139.65
138.61
130.55
132.71
139.58
140.03
130.55
127.86
121.74
80.46
77.33
76.73
76.51
76.88
112.33
122.19
149.21
183.69
195.04
225.12
196.68
180.63
149.13
134.43
122.04
125.99
136.89
140.18
148.83
151.75
148.54
148.39
91.93
76.11
71.04
65.22
65.07
65.29
63.8
67.08
97.08
120.8
138.12
164.23
139.83
120.51
102.52
102.23
97.23
97.52
107.52
112.67
122.97
128.34
126.55
112.22
83.12
76.33
72.6
75.81
65.59
80.36
136.33
226.61
239.67
257.58
286.08
373.98
280.49
241.24
222.21
217.96
172.37
177.51
165.5
165.28
165.05
180.35
172.81
136.4
126.77
124.45
122.59
122.51
123.04
132.36
165.57
199.44
253.46
242.79
253.53
374.41
243.16
242.94
242.94
212.2
182.65
178.33
169.15
153.4
164.75
173.25
164.52
147.58
122.6
114.39
102.6
102.6
102.83
105.89
164.91
173.87
245.73
296.69
373.93
374.22
262.67
261.99
242.74
208.27
166.93
165.14
165.36
165.06
155.88
155.66
164.91
138.05
126.19
107.98
102.53
105.59
105.74
120.14
135.07
187.67
200.88
230.73
240.81
242
236.85
220.88
206.18
178.65
165.51
154.09
150.14
133.87
155.96
155.66
155.36
142.45
123.8
120.96
103.65
102.01
108.65
122.98
154.69
169.99
224.83
242.37
270.72
298.11
270.35
222.22
188.87
169.91
164.54
165.36
155.88
155.81
151.33
153.35
152
142.3
126.48
126.41
108.8
99.25
95.44
94.92
94.02
99.32
140.66
160.66
172.23
191.85
153.12
132.38
126.78
127.83
132.15
132.38
129.32
132.53
126.78
154.47
154.91
131.56
115.12
85.8
76.7
76.33
76.55
69.54
76.7
95.13
115.8
134.9
160.41
165.34
151.83
126.84
123.18
121.09
108.26
112.14
121.47
132.73
154.44
154.89
190.26
146.24
95.43
79.98
79.91
72.6
66.93
66.11
143.25
169.74
251.81
374.25
411.18
523.47
411.55
280.24
251.29
235.47
172.58
170.04
171.98
169.44
169.44
165.56
165.19
138.03
122.27
116.38
114.96
103.4
115.63
116.16
164.87
187.55
296.32
337.65
287.89
595.78
287.37
287.82
240.89
220.53
193.52
191.95
165.62
187.7
174.57
193.3
164.87
142.19
145.46
120.92
101.38
100.78
102.72
126.81
164.48
195.52
226.32
240.42
256.31
326.73
261.76
240.42
214.61
187.83
165.38
165.08
164.41
133.97
164.93
165.16
165.01
141.96
104.88
81.68
72.88
72.51
69.08
65.27
64.6
72.73
102.42
112.04
127.41
151.5
150.68
122.86
102.87
102.64
102.72
102.87
105.18
108.76
108.91
117.34
175.23
121.67
103.68
76.68
72.8
72.87
72.95
76.45
79.66
125.09
132.1
149.78
153.73
162.68
154.33
153.06
149.4
130.68
125.16
134.56
130.61
125.01
124.86
115.91
125.09
102.93
90.93
78.39
74.52
69.37
66.98
65.12
83.24
99.5
112.33
125.83
146.79
165.37
140.75
123.07
122.63
108.9
108.68
113.9
120.84
122.33
122.55
117.18
122.85
108.45
73.02
57.06
37.59
37.14
37.29
34.09
27
37.67
62.95
83.91
109.79
134.85
133.06
110.16
87.04
70.33
69.66
72.42
82.79
84.13
105.76
108.9
134.85
83.46
84.06
67.13
61.09
61.01
72.57
82.19
143.13
165.13
205.11
219.8
255.38
411.12
337.05
255.01
219.51
182.14
165.36
165.21
165.06
164.98
164.84
164.09
153.35
143.06
82.63
63.39
61.6
60.55
61.82
82.63
96.95
162.72
196.8
212.24
224.32
418.07
287.86
302.85
185.69
187.93
163.02
162.95
162.8
162.65
162.72
156.76
140.42
118.65
101.86
76.36
62.56
58.53
58.83
83.07
110.58
187.68
249.72
300.58
261.58
326.6
300.58
300.87
261.06
181.49
163.15
163
162.85
162.78
162.85
162.63
162.78
144.58
100.42
82.45
72.91
53.01
55.91
76.19
95.35
154.77
231.41
255.71
459.46
523.21
305.74
333.47
196.3
177.14
162.9
162.6
162.52
162.6
156.04
152.61
154.7
142.25
119.37
105.13
84.55
82.84
83.51
105.73
144.13
160.01
183.94
200.87
224.58
224.8
208.4
163.66
130.63
135.85
136.08
131.01
117.66
117.29
117.36
118.03
138.91
121.31
75.98
72.77
72.62
70.24
65.47
69.72
72.55
72.85
98.79
146.89
159.79
157.03
143.98
122.58
101.7
99.17
98.27
94.99
95.07
98.42
100.88
102.52
102.82
100.66
64.95
46.23
23.27
22.52
22.52
22.52
22.74
24.61
54.74
73.08
90.16
123.49
112.23
72.63
62.86
37.88
51.08
55.7
72.48
72.93
73.01
90.45
122.74
73.01
50.11
22.89
22.74
22.67
22.37
21.4
23.04
50.11
50.41
87.92
109.84
149.22
142.58
100.75
87.4
76.51
76.21
76.44
87.55
87.77
90.83
112.53
111.41
76.66
50.34
28.41
22.22
22.15
22.3
50.04
127.22
165.17
221.03
253.02
277.11
373.9
282.4
254.36
227.81
201.57
171.66
165.17
164.95
159.58
152.95
148.02
156.9
149.81
103.28
74.87
68.98
64.65
68.9
80.76
142.58
277.25
332.44
374.35
373.97
399.7
343.25
335.12
329.83
226.55
206.86
188.96
179.49
173.9
181.73
179.27
195.38
156.67
105.13
75.38
67.33
63.08
65.17
76.2
101.7
187.23
184.99
185.29
233.68
244.79
185.29
174.63
171.94
171.79
165.16
162.77
164.64
156.66
143.46
147.86
156.81
150.47
63.45
57.04
44.81
43.24
45.18
58.08
82.31
179.17
228.15
235.98
253.13
287.13
240.6
208.09
180.81
163.36
163.81
162.24
162.24
162.24
161.87
161.87
165
160.08
103.64
76.57
65.46
64.87
50.92
45.48
65.16
147.63
186.17
216
293.61
332.53
224.65
189.31
165.22
169.1
143.08
143.15
148.67
151.73
151.5
156.65
166.12
158.81
57.99
50.24
42.94
42.79
42.64
28.25
28.33
28.1
43.09
104.96
203.5
215.58
196.94
122.62
80.36
80.06
80.06
89.68
97.43
135.37
134.33
139.92
224.37
156.91
70.96
63.66
57.25
59.56
52.7
64.63
82.22
164.81
220.27
224.23
244.8
283.19
250.09
249.94
221.99
177.34
171.08
165.19
154.23
154.3
155.42
154.08
154.01
142.68
125.17
105.78
52.71
52.71
63.81
78.65
149.39
227.52
222.38
251.67
260.84
368.71
287.61
276.65
225.06
206.13
181.3
164.68
165.27
153.87
164.53
158.94
173.18
146.11
153.65
105.64
74.77
65.38
50.62
67.99
157.3
241.55
300.22
360.38
362.91
448.05
377.9
323.55
357.25
346.07
275.76
204.79
215.83
198.01
187.27
182.5
185.93
156.93
131.28
76.34
50.55
50.25
42.79
50.25
53.08
124.8
164.83
203.9
195.92
224.03
209.34
194.13
167.52
142.24
143.06
142.62
149.1
143.44
161.18
153.72
157.3
143.73
142.56
84.92
80.15
80.08
80.3
85.52
124.59
143.98
158.89
199.75
195.12
212.87
164.85
155.08
148.45
143.9
173.43
162.62
150.09
153.97
134.95
119.82
129.88
144.57
90.29
77.1
65.61
65.46
65.54
65.46
65.54
122.65
144.05
210.18
224.87
258.72
219.73
196.02
179.39
151.58
148.3
127.5
147.41
146.29
137.94
127.35
150.24
138.68
65.24
64.94
50.18
43.24
40.56
34.74
50.32
64.94
65.24
97
127.86
179.83
134.57
119.66
90.44
77.09
96.92
102.66
116.23
130.17
127.86
125.33
156.94
135.02
65.46
65.31
65.31
65.31
65.24
69.11
162.08
277.2
352.72
353.09
352.94
353.02
352.94
352.94
240.59
224.86
188.92
192.43
187.13
169.24
171.92
163.65
157.09
149.63
123.02
96.63
72.99
71.13
72.47
90.89
130.85
202.2
214.88
251.04
268.63
326.12
277.06
240.6
253.12
236.05
208.02
196.31
183.71
157.09
167.83
161.05
151.05
151.58
130.68
105.19
75.82
71.34
71.42
105.11
139.7
220.59
266.36
310.79
356.12
523.11
289.25
266.81
241.32
225.06
214.63
211.5
187.42
155.73
154.69
153.87
154.84
130.83
104.75
44.58
43.17
43.17
43.24
51.59
116.08
221.43
225.9
242.98
277.94
390.9
254.39
240.74
224.56
201.23
178.86
165.07
150.16
153.66
149.04
145.91
142.92
141.66
76.09
50.68
50.16
50.08
50.23
57.39
105.46
150.4
224.48
224.7
237.82
254.07
232.08
226.64
181.03
149.88
131.02
137.88
133.03
124.46
125.13
125.13
153.9
153.9
114.92
111.64
85.93
76.62
72.44
72.44
79.97
90.55
125.43
125.36
152.71
187.96
150.18
131.39
125.73
125.8
124.17
125.28
125.43
125.28
108.51
125.43
125.51
106.87
78.26
45.09
37.86
31.98
27.65
25.72
31.68
37.57
65.37
89.89
125.37
149
134.46
93.47
90.26
89.89
76.77
83.26
101.3
99.51
93.92
99.06
125.74
95.11
121.12
105.77
89.74
77.29
76.25
97.79
156.08
182.47
255.51
290.02
296.81
457.51
271.69
261.48
255.21
192.98
165.25
157.12
153.92
151.91
154.22
141.92
135.58
134.32
164.4
150.39
141.97
125.57
119.98
141.97
166.86
240.04
278.12
292.28
410.78
596.56
522.71
306.59
261.5
240.41
200.99
187.2
164.03
147.48
151.43
155.83
165.37
151.95
125.42
108.74
87.81
80.21
72.91
76.34
120.88
201.69
243.39
267.67
306.4
373.58
306.4
286.89
240.49
209.13
181.28
165.49
149.48
149.7
153.8
147.62
165.27
154.77
156.69
122.58
84.15
69.48
63.38
76.11
145.89
286.87
304.74
403.79
404.38
522.12
404.01
403.86
310.4
373.1
198.39
191.99
168.98
163.47
156.09
153.56
155.8
136.81
140.4
115.24
82.63
76.53
72.66
82.56
171.59
198.31
239.41
266.5
341.69
483.87
323.67
240.3
213.65
200.17
187.37
184.54
164.96
164.59
154.99
153.5
154.84
156.48
108.39
79.88
76.15
61.41
59.11
58.44
63.87
90.15
138.24
164.52
202.26
202.48
201.81
154.39
134.07
120.82
117.1
105.41
105.86
107.79
103.62
100.79
130.87
98.78
72.66
39.38
24.79
22.56
22.41
14.96
25.09
38.42
57.4
79.81
122.47
142.13
127.53
87.7
72.51
71.17
71.25
74.38
73.93
78.4
81.97
100.81
156.72
85.69
78.92
75.12
60.3
50.55
64.92
65.07
111.97
164.39
276.81
373.14
513.71
595.67
522.42
373.29
373.22
262.73
260.58
192.38
184.04
165.06
147.34
144.21
145.7
134.75
122.03
100.59
104.54
80.04
80.04
81.98
186.81
187.63
246.75
253.08
340.64
435.49
303.56
297.53
241.16
240.2
228.65
215.62
186.21
169.76
164.55
158.29
164.62
142.88
130.29
97.31
98.5
79.81
85.1
107.73
150.62
240.41
282.47
373.01
297.74
392
303.32
271.38
267.73
235.49
215.17
179.95
165.14
153.89
159.33
156.8
156.72
148.24
121.53
95.11
97.64
76.58
79.86
80.3
165.52
219.03
256.61
373.01
446.69
522.31
372.12
296.8
488.67
261
228.11
193.06
185.32
167.45
164.85
153.98
162.02
143.56
115.06
82.24
80.23
74.94
76.14
80.23
159.57
193.43
249.62
311.84
371.82
345.1
340.34
283.7
243.44
189.04
184.35
184.12
164.77
157.56
153.54
153.31
157.26
156.66
130.61
119
102.41
82.09
78.52
76.51
76.66
105.53
171.1
261.3
286.68
228.48
204.96
173.11
172.66
169.61
164.7
161.43
164.55
157.85
137.68
138.13
138.35
135.67
76.52
72.58
55.53
28.14
16.97
18.61
8.04
37.74
72.72
85.82
116.86
151.4
140.76
89.99
72.95
72.8
72.72
72.8
80.17
88.13
102.13
85.97
134.36
94.76
89.4
81.06
65.35
56.79
57.46
72.87
131.6
185.05
253.98
329.68
390.19
483.98
389.97
355.06
312.26
245.56
179.39
169.42
164.88
161.45
154.9
153.86
154.01
149.32
89.85
76
76.15
76.52
89.77
107.19
167.34
193.54
238.5
272.82
306.02
410.46
298.95
240.44
239.92
213.27
187.21
165.25
165.03
159.75
153.2
135.4
152.82
132.28
104.44
85.08
77.57
72.43
72.43
72.58
148.95
177.02
176.27
272.97
304.23
445.29
338.1
272.45
198.75
208.58
182.9
177.24
155.88
152.15
158.56
151.41
149.03
143.3
130.92
81.35
73.83
55.82
58.95
70.56
126.9
130.77
191.28
217.93
240.33
298.83
252.76
249.41
231.92
189.94
174.54
158.46
153.55
152.73
155.85
153.84
160.1
134.87
114.83
73.6
72.26
59.46
59.46
70.55
121.53
185.83
224.23
226.32
257.35
343.46
241.87
232.35
185.98
182.11
160.68
160.16
146.91
142.82
137.38
133.81
137.38
137.68
128.97
98.09
82.09
76.43
75.98
72.19
76.58
82.31
114.01
138.28
151.37
179.65
156.36
138.05
113.72
111.41
105.53
105.53
110.81
105.9
109.55
107.84
137.46
105.08
71.02
37
18.91
18.61
0.37
0.22
18.76
18.91
54.79
81.22
134.59
167.2
155.81
106.23
77.57
75.04
70.57
76.6
77.94
85.61
85.68
85.91
122.38
81.96
77.5
52.63
37.59
30.52
30.07
67.3
156.93
191.17
239.63
273.58
276.78
424.62
304.99
290.48
267.55
240
214.32
187.08
165.04
164.59
161.69
153.43
144.72
134.59
121.87
130.8
117.11
87.55
107.8
112.19
127.01
163.19
195.42
212.99
238.97
281.48
221.55
216.57
191.55
203.84
174.65
163.56
181.2
152.99
147.55
152.17
153.58
153.58
96.34
74.3
66.26
58.97
59.56
76.61
96.71
124.56
185.46
186.06
203.78
249.56
171.76
185.76
185.98
169.01
149.8
148.31
134.61
134.16
124.86
124.41
110.86
77.8
81.39
65.76
59.2
50.34
52.5
71.19
143.2
185.43
210.37
201.44
196
256.4
199.95
213.5
220.95
210.9
202.78
188.03
178.8
144.4
126.52
110.96
150.2
110.51
82.38
76.27
55.71
55.71
59.36
70.91
126.47
143.82
225.9
231.64
271.71
304.18
230.59
198.94
179.95
164.75
163.78
156.71
125.95
125.05
133.02
130.49
147.03
115.15
103.53
76.94
65.17
40.59
40.29
40.67
38.36
66.51
81.85
115.82
165.12
175.48
175.63
118.57
105.32
97.94
81.85
86.55
95.11
84.46
81.71
85.13
81.71
81.63
71.5
59.95
21.82
19.36
19.07
18.69
18.99
19.29
64.2
72.69
102.03
148.35
111.34
89.74
66.8
62.86
58.98
65.09
72.46
76.41
76.34
78.35
122.73
77.68
63.15
37.83
33.89
32.55
37.39
46.17
54.74
153.57
182.61
200.71
205.33
229.61
201.31
194.23
186.26
169.13
162.8
138.37
134.65
124.6
118.64
98.9
107.32
76.63
93.74
76.1
71.11
60.31
63.51
76.69
117.79
141.25
183.91
187.34
208.33
240.2
235.21
213.1
187.11
166.26
148.25
144
153.53
133.21
146.68
142.14
142.88
104.46
76.75
49.43
37.67
34.32
35.14
48.91
77.19
138.31
149.77
162.43
186.77
193.47
186.99
179.18
160.57
164.81
155.43
148.06
89.55
77.42
77.05
77.34
130.57
87.39
76.99
70.81
60.01
49.29
54.2
71.11
133.43
147.72
178.77
224.26
220.17
253.22
209
199.77
192.25
166.41
160.9
160.3
164.62
161.05
110.72
126.13
146.38
76.24
77.95
72.59
60.01
49.59
63.43
66.04
119.57
144.29
159.25
187.17
208.32
240.19
191.49
182.63
157.02
131.41
110.56
113.91
101.26
82.57
110.93
110.49
124.63
82.57
111.68
103.04
78.62
76.46
70.95
70.88
49.06
77.65
92.62
155.9
143.62
168.04
143.32
152.41
108.48
111.68
83.39
81.6
111.68
97.76
108.63
112.42
124.49
79.37
70.21
26.8
19.13
18.91
18.76
18.76
11.09
18.69
20.33
74.82
134.09
133.94
122.62
89.86
76.24
65.44
62.69
64.92
79.14
79.07
78.47
79.29
125.6
71.33
65.29
33.8
31.27
30.9
26.65
38.57
78.99
79.37
162.31
215.24
216.88
261.03
222.83
207.94
193.13
186.95
153.3
145.93
153.52
138.85
142.5
134.76
141.24
122.25
128.7
97.49
96.52
94.14
89.45
97.27
145.38
165.04
187.98
239.89
223.66
294.34
215.39
195.06
190.22
167.05
167.43
167.2
163.11
163.11
145.31
145.01
144.49
135.33
89.77
89.54
88.8
82.32
89.39
89.92
92
124.48
157.78
156.29
169.63
192.94
173.2
173.72
170.44
155.84
153.98
142.58
139.9
110.85
144.52
154.2
151.45
136.4
107.7
77.98
76.12
71.05
65.02
82.67
124.83
136.37
167.06
204.97
212.35
224.86
191.57
194.32
185.68
165.05
154.18
151.49
162.44
161.92
146.43
151.72
164.98
136.9
118.87
87.96
76.57
72.84
76.19
91.84
121.18
110.98
179.87
202.07
209.66
229.62
186.65
176.74
154.18
148.74
144.12
142.63
141.36
133.4
110.83
137.64
142.56
107.85
76.57
46.63
33.59
30.54
24.43
23.01
30.46
64.65
107.63
145.46
168.4
194.54
174.73
137.94
107.92
107.77
97.42
97.12
113.51
107.77
82.23
89
107.7
72.69
56.75
19.36
18.62
16.91
15.27
14.97
5.14
6.11
39.69
62.41
109.4
149.32
134.65
92.87
60.84
66.65
59.95
60.77
78.64
78.72
77.9
82.44
107.69
68.74
56
19.21
19.07
19.14
18.99
19.07
88.55
138.37
187.67
224.16
249.63
299.08
250.83
240.18
224.69
208.67
187.15
178.36
164.59
152.74
149.39
144.7
153.56
110.89
76.31
75.12
74.67
74.53
74.6
75.05
115.47
134.31
162.08
165.21
201.76
299
239.81
194.02
171.98
166.03
158.06
144.81
138.85
124.04
140.86
142.65
154.04
110.63
89.38
76.29
70.41
51.95
68.4
76.58
153.46
164.4
162.1
215.53
201.02
302.09
237.49
206.23
198.12
177.5
153.32
149.97
142.3
142.3
153.32
146.1
144.76
130.62
81.64
76.2
58.64
47.93
59.16
77.92
76.35
142.51
152.04
177.11
177.26
200.78
170.19
169.82
157.47
148.69
144.67
145.41
148.09
139.16
141.17
139.31
124.35
82.01
76.43
74.72
74.57
62.59
74.87
77.92
154.42
167.3
159.78
223.04
287.19
355.06
203.09
201.23
185.31
161.87
175.26
157.47
157.03
148.17
152.56
155.24
152.64
90.72
78.22
58.42
45.32
34.9
33.86
11.24
11.31
47.18
58.35
85.44
130.76
145.64
112.15
99.13
62.36
58.57
58.12
52.24
58.05
58.12
60.5
68.1
70.33
36.54
18.83
18.68
8.04
7.22
7
3.57
2.23
2.31
18.98
33.79
76.14
91.32
89.68
64.9
28.58
25.16
25.23
26.27
63.86
64.15
66.68
69.66
91.76
43.31
42.57
18.68
18.61
15.41
7.22
18.9
49.72
77.62
152.57
153.31
164.85
190.3
181.82
164.7
154.58
153.24
151.97
151.45
145.13
119.3
122.35
113.05
134.34
81.64
132.27
122.74
106.89
81.43
106.74
124.68
151.55
164.5
160.92
175.29
183.55
226.72
189.13
165.54
167.55
163.16
151.47
156.76
152.44
153.33
142.02
155.94
157.43
143.06
109.41
75.99
74.58
67.43
74.65
78
90.28
110.67
133.52
157.94
204.68
221.65
193.36
172.45
157.04
147.89
127.57
107.55
106.66
99.73
122.81
164.63
144.91
98.69
147.83
127.81
107.04
106.59
106.97
142.7
168.23
186.54
206.04
249.44
295.59
335.19
267.75
264.25
265.07
222.79
218.25
187.43
162.2
157.29
172.32
155.95
142.92
124.76
110.18
97.82
105.41
100.2
105.19
96.93
130.28
130.87
162.29
223.11
316.76
596.15
316.39
247.9
222.89
167.5
156.56
167.05
164.6
146.95
167.65
178
163.18
149.93
92.39
82.86
81.22
78.46
78.76
77.35
81.96
107.57
133.55
153.58
171.89
215.52
172.26
150.53
142.78
137.8
137.35
137.2
136.98
125.81
137.87
142.41
118.96
105.11
83.99
70.07
65
60.39
58.53
56.74
44.83
49.96
70.96
88.98
122.34
156.07
134.55
93
86.3
78.85
78.85
85.33
92.56
96.13
97.62
134.33
118.54
79.52
62.62
60.39
50.56
50.19
54.13
60.46
124.57
162.47
187.64
240.43
297.92
424.06
299.04
247.81
228.74
164.34
153.54
144.23
148.25
141.92
135.97
142.82
130.46
124.05
141.34
119.74
111.55
119.67
119.37
130.69
164.2
171.05
231.74
247.45
298.83
745.33
371.96
321.1
247.38
196.89
171.57
163.53
163.45
147.22
166.58
167.1
166.36
157.2
127.68
105.48
102.28
105.18
105.63
109.8
125
154.13
201.8
239.2
275.7
401.67
275.55
247.91
231.67
201.5
160.46
177.37
159.79
142.88
145.26
149.13
146.16
124.85
135.7
130.85
130.41
112.24
126.83
142.62
173.01
206
231.92
247.78
377.74
745.06
358.53
282.26
232.29
226.41
195.43
168.99
159.38
140.01
167.94
170.7
165.04
137.33
126.5
106.03
103.57
98.8
103.79
122.41
155.62
180.26
233.65
255.46
301.85
504.3
298.8
255.39
231.56
170.88
180.56
166.19
163.36
159.64
159.49
159.64
155.99
135.44
170.28
153.46
147.8
142.29
140.57
142.88
125.46
137.52
169.91
187.04
215.26
267.38
205.2
171.92
167.45
153.38
144.3
141.62
143.33
148.02
147.13
165.07
160.45
117.57
82.33
78.91
76.08
65.36
67
64.76
75.63
79.21
101.39
134.44
152.08
175.16
174.94
151.34
126.85
103.99
106.38
119.33
135.33
137.72
151.49
174.64
152.68
119.7
99.16
78.83
76.38
76.15
76.53
99.53
150.15
215.66
239.92
257.94
316.08
484.76
298.51
283.02
247.74
238.88
215.21
171.29
164.44
161.31
179.03
179.25
161.91
134.66
137.5
132.81
104.15
110.18
126.93
134.37
155.14
171.82
200.25
236.21
274.85
379.89
299.26
275
208.74
233.01
213.21
190.43
187.52
161.84
168.84
169.73
164.22
152.98
142.93
133.32
127.37
124.69
128.93
142.18
164.37
184.99
307.89
428.93
602.9
1414.97
1117.06
694.24
373.02
298.96
254.51
231.88
194.66
171.44
189.75
193.4
168.61
153.42
144.99
132.64
132.79
128.17
127.73
132.56
161.96
169.93
226.79
242.13
280.46
494.6
274.73
274.95
215.26
208.04
208.63
192.85
181.09
161.59
171.04
172.31
163.97
148.94
135.61
119.74
104.26
82.36
98.52
105.74
146.03
164.5
224
229.81
255.2
301.74
252.15
220.28
184.61
164.43
164.35
162.19
138.66
132.55
164.87
157.65
148.12
146.26
123.24
105.6
105.67
105.6
105.37
105.15
122.57
139.33
153.85
179.69
187.66
204.19
187.96
166.88
142.31
142.38
137.32
136.72
136.72
137.24
153.4
142.68
153.93
142.68
79.43
76.08
69.75
49.43
25.31
19.43
49.88
75.26
98.94
134.52
141.29
166.98
150.9
134.59
112.26
105.11
105.49
112.63
131.54
135.26
150.23
149.63
140.77
105.04
110.85
105.19
102.81
104.59
101.69
106.45
170.77
264.5
262.49
261.15
372.74
559.15
372.22
373.19
286.83
265.84
215.44
203.31
182.61
161.77
201.07
187
151.42
134.45
134.14
130.34
123.35
113.89
123.05
133.69
138.46
191.9
185.58
231.73
247.36
353.21
247.66
247.58
231.88
215.43
187.14
186.4
163.02
160.71
191.83
162.28
139.13
133.54
118.49
97.43
97.28
95.94
96.98
111.94
160.47
197.98
193.96
231.55
260.58
366.94
249.34
247.78
187.04
161.89
157.05
160.32
161.96
156.9
207.96
172.16
145.73
141.27
144.31
132.77
126.3
121.91
125.11
136.94
169.54
203.33
201.62
225.14
252.97
379.57
260.86
239.95
231.46
215.98
182.71
175.12
162.92
164.63
232.21
187.33
161.5
153.76
132.77
120.72
95.04
81.2
94.89
126.08
156.37
169.91
207.65
218.44
240.24
371.53
239.95
201.54
153.99
144.31
143.86
144.46
156.37
161.87
171.03
159.2
147.73
144.09
137.69
108.07
78.44
76.29
76.06
74.13
84.47
95.04
129.95
153.69
171.25
187.33
171.33
160.53
147.81
141.11
121.24
138.21
140.74
143.27
163.36
155.7
146.25
112.08
83.42
59.39
67.79
65.64
65.04
67.79
46.51
65.12
76.58
100.91
142.58
175.11
151.52
111.92
88.78
86.25
94.73
113.12
130.75
140.8
165.28
135.59
134.62
95.18
114.83
106.05
95.33
94.66
76.28
117.43
152.56
182.47
187.46
222.14
247.22
404.16
249.15
223.7
191.25
192.89
173.62
172.72
171.76
172.95
191.03
159.78
148.98
140.28
111.32
94.28
94.65
94.13
82.82
101.87
136.1
161.11
207.02
217.74
247.5
359.27
247.58
247.65
231.58
199.58
181.94
177.25
166.46
168.32
186.41
158.43
135.95
123.3
134.35
128.77
118.94
113.36
118.42
139.26
165.84
187.5
269.89
286.64
322.59
467.22
298.77
281.36
284.86
269.67
190.85
177.08
172.31
177.52
226.57
169.78
155.04
141.79
140.08
127.58
129.29
128.55
130.48
134.28
163.23
177.45
202.98
199.48
282.55
401.64
282.1
242.2
195.68
171.34
174.32
165.91
165.84
186.01
182.88
166.21
157.65
149.76
140.92
122.9
126.7
125.95
130.5
150.67
180.97
213.5
286.67
323.22
327.39
595.75
323.82
248.11
242.68
216.77
202.33
191.39
186.47
186.85
255.93
170.17
151.71
141.44
97.37
87.02
106
81.81
81.51
112.63
134.66
156.25
144.64
164.81
178.29
217.67
172.18
164.74
129.6
111.81
120
109.58
126.33
148.36
164.66
163.92
160.27
97.29
77.56
68.26
60.74
51.66
50.62
52.18
50.76
62.67
68.63
119.17
148.27
173.73
174.7
119.54
100.04
97.14
94.53
97.21
124.38
158.54
175.37
153.63
137.85
88.28
97.43
81.58
81.21
81.36
81.43
123.26
164.35
174.62
202.68
206.11
256.5
415.42
271.83
247.27
187.28
177.97
187.35
174.85
174.32
178.12
179.98
165.76
160.63
140.08
133.22
128.6
117.52
123.92
130.39
128.23
152.64
186.06
187.33
221.41
277.9
469.02
283.48
247.24
191.87
186.21
199.75
192.53
186.73
195.59
218.96
165.44
140.14
136.2
133.07
110.15
105.53
109.85
112.53
109.03
164.1
183.45
222.23
224.98
272.02
380.6
269.04
244.33
221.85
205.04
196.18
187.47
186.88
215.08
185.02
180.4
169.91
153.01
138.73
118.86
112.68
112.76
126.45
143.42
162.99
181.45
230.65
223.35
226.55
334.77
234.96
222.24
205.42
200.5
181.38
188.82
192.39
284.83
286.76
182.72
163.96
143.94
136.69
111.91
108.71
110.12
110.42
101.19
152.09
193.83
255.29
298
251.57
384.24
257.15
237.88
231.86
193.39
180.89
161.84
162.88
175.97
194.95
166.6
141.3
124.71
150.83
140.33
133.49
134.01
133.71
120.39
106.55
116.45
148.96
169.35
190.19
214.59
173.82
165.04
164.07
164.74
148.82
149.49
164.44
171.66
173.45
162.28
152.24
159.08
100.95
81.46
78.11
76.4
76.1
76.4
78.93
76.1
111.74
138.29
171.47
192.82
181.59
152.88
134.28
122.45
118.36
121.71
160.46
186.13
187.32
171.99
164.85
137.77
134.13
113
112.18
113.97
114.19
133.01
170.21
214.1
219.75
231.51
247.8
429.02
276.52
247.35
213.88
189.7
180.7
187.32
192.75
218.12
231.95
178.76
165.45
152.35
119.6
118.71
111.79
115.58
130.24
125.77
153.66
201.34
247.46
247.46
260.55
357.24
256.68
231.91
220.61
216.81
187.28
186.02
182.9
243.89
218.37
177.24
156.71
147.79
134.15
130.21
111.84
115.93
120.24
118.98
171.48
236.02
235.95
239.29
267.85
407.42
268.22
247.47
232.3
218.7
191.63
197.06
200.25
231.63
246.95
179.36
158.91
150.21
120.31
120.16
112.13
110.79
118.6
120.46
167.52
208.35
228.64
212.96
235.63
318.39
213.85
238.24
188.05
183.96
164.62
167.23
180.54
227.68
228.12
168.79
152.5
140.76
126.28
109.62
99.51
99.51
111.85
124.13
171.72
196.86
234.64
246.61
277.92
349.47
227.95
187.19
163.62
164.88
167.56
167.48
168.9
212.33
174.25
164.36
152.16
151.72
138.85
134.24
124.65
107.09
106.5
113.42
136.92
148.3
148.74
164.43
182.43
212.92
187.04
161.76
145.1
127.62
127.32
127.47
150.9
202.59
187.27
184.29
185.26
159.97
106.27
87.9
76.45
75.11
74.88
82.69
82.62
76
108.87
136.9
153.93
172.6
164.34
137.28
132.96
131.62
122.4
135.42
147.09
190.52
190.59
160.33
150.96
113.18
84.03
89.83
83.59
83.59
83.73
113.63
161.67
224.8
324.23
312.4
504.86
743.71
329.51
306.97
294.78
225.25
194.76
194.02
205.84
247.48
223.39
170.22
149.84
141.51
115.1
98.67
95.32
95.84
98.15
114.73
161.87
221.79
231.91
231.61
237.56
365.74
234.21
247.08
234.88
191.24
172.2
168.71
169.23
224.92
213.69
160.6
155.32
135.1
83.94
74.28
74.05
66.69
66.69
66.84
110.93
111.75
156.14
167.44
170.86
167.66
171.08
175.02
154.65
164.84
152.72
164.98
217.03
209.52
204.99
171.38
164.46
157.4
81.93
74.05
73.75
66.47
66.54
66.84
143.64
184.01
194.12
210.55
228.55
298.73
230.4
214.27
186.99
178.81
166.17
163.86
168.84
222
189.66
144.01
134.35
125.05
141.64
118.74
104.46
95.54
113.09
125.5
168.26
209.15
210.93
211.97
230.27
291.46
204.91
202.61
153.83
147.51
143.87
144.24
151.68
202.16
202.68
154.8
149.45
147.81
135.1
99.48
91.45
98.81
98.22
91.3
91.23
128.63
150.64
159.85
190.49
204.54
164.02
139.04
135.24
145.06
137.33
145.21
160.75
171.53
153.68
145.13
128.92
110.34
76.35
55.83
55.53
52.04
52.04
50.03
50.25
58.06
78.73
91.14
135.15
169.72
162.21
112.85
86.01
85.86
85.86
86.16
134.11
169.5
161.17
134.63
134.19
87.87
82.22
76.05
60.29
60.36
61.18
82.22
152.99
205.26
221.31
223.1
209.94
257
209.42
210.91
198.27
171.36
152.47
153.22
163.85
210.24
189.79
151.28
134.41
110.55
98.5
79.55
76.5
76.35
76.13
120.96
147.12
199.76
204.29
208.9
214.18
303.84
210.24
194.33
169.5
166.53
154.48
153.96
159.99
196.64
175.82
135.08
130.4
110.55
104.91
82.9
74.87
75.1
85.58
91.38
154.95
204.55
201.95
222.76
236.67
277.04
231.39
209.6
186.41
175.4
159.41
157.11
164.99
220.09
187.3
139.79
137.93
126.85
93.7
79.43
75.26
73.62
79.87
90.88
168.44
206.07
217.82
231.66
250.62
338.75
250.03
238.57
231.51
213.36
182.35
172.24
205.7
338.45
205.4
163.98
141.15
111.78
124.86
88.72
82.03
82.33
97.94
124.42
168.15
188.3
186.66
188
191.8
210.46
187.11
172.53
156.32
148.07
148.22
147.32
144.2
183.61
186.51
159.67
141.37
145.24
127.24
106.2
93.33
91.55
89.76
91.99
92.51
111.92
128.73
151.12
155.5
174.99
154.31
141.52
134.83
112.74
113.04
109.92
134.75
208.97
155.65
141.6
141.75
110.06
90.66
77.57
73.85
60.24
56.6
63.66
62.55
73.93
91.78
123.76
153.43
185.71
164.96
133.87
112.08
103.97
106.13
119.44
158.04
223.79
213.3
140.27
137.22
114.91
125.99
93.56
79.73
82.55
86.72
112.6
178.87
228.4
215.38
213.82
220.59
315.19
231.9
208.99
193.44
178.57
171.36
171.06
207.65
231.45
211.81
169.2
149.04
137
126.29
96.91
86.13
86.2
93.86
125.4
158.42
212.56
219.41
225.06
229
298.47
221.34
212.64
195.46
186.76
171.96
171.58
217.1
247.15
188.99
160.06
152.84
141.39
122.26
117.87
114.67
118.02
119.06
132.97
205.33
235.52
224.07
214.18
230.84
340.68
231.13
222.73
202.58
185.77
178.48
172.46
187.18
293.38
221.46
162.49
153.27
130.51
132.97
105.01
102.18
94.37
111.78
130
171.05
206.67
206.82
208.16
231.28
311.16
231.36
208.97
196.33
190.23
175.95
181.98
208.38
232.18
206.74
167.25
143.31
136.32
125.53
111.32
98.31
91.91
94.14
122.48
204.28
234.47
216.99
219.75
243.54
335.9
222.94
214.91
195.06
179.07
172.75
175.28
186.58
235.96
193.42
162.41
148.28
151.7
153.19
131.55
122.03
112.14
111.55
118.39
119.65
147.24
153.93
180.85
195.87
239.75
186.21
152.52
121.29
140.62
135.27
143.37
174.38
216.99
171.63
146.65
136.46
145.23
111.62
100.54
89.01
79.42
85.67
86.26
93.55
100.39
118.76
135.34
184.42
216.24
171.18
141.59
126.56
118.98
117.42
122.62
190.96
253.65
185.83
151.55
157.13
135.26
93.18
85.74
73.99
74.29
78.82
91.76
154
203.9
227.47
252.46
231.86
325.04
222.79
234.84
209.33
189.62
187.32
186.05
217.21
286.96
204.5
163.82
140.32
131.55
144.26
140.77
135.79
133.33
134.75
144.56
194.09
258.49
282.28
258.11
236.92
338.8
227.25
250.68
252.69
208.14
187.32
192.23
241.98
276.18
208.37
178.25
164.34
154.45
132.81
122.18
115.48
103.29
114
129.61
200.11
261.61
266.59
278.19
281.09
367.5
236.25
235.36
237.88
227.47
208.29
211.41
239.97
290.16
226.88
183.15
162.41
141.51
143.89
132.74
132.36
125.23
132.59
148.5
166.65
250.53
276.4
277
252.76
353.07
310.68
229.11
249.63
218.55
193.94
209.11
268.89
328.98
239.97
179.58
165.23
149.32
133.56
110.36
99.65
96.75
99.43
125.6
164.79
206.73
207.55
207.11
241.31
305.49
224.43
230.9
189.56
162.56
157.51
158.77
201.08
222.65
163.16
147.54
139.43
134.75
93.77
99.35
94.37
94.29
94.37
94.96
104.04
94.44
147.76
190.6
224.36
238.79
228.52
183.09
146.8
141.14
140.7
166.65
234.32
231.8
152.67
131.92
140.7
107.9
93.27
72.89
62.33
61.43
59.58
55.11
60.54
68.13
93.12
98.85
135.66
175.82
151.21
129.79
103.98
104.28
134.03
177.54
233.32
177.98
136.7
134.1
134.92
111.71
119.97
108.07
100.63
100.33
95.28
133.95
176.12
302.71
298.4
287.98
303.16
388.39
300.33
299.59
298.92
249.53
270.43
373
446.63
373.37
208.55
176.87
169.21
156.19
94.42
73.74
54.69
58.63
76.04
85.87
148
205.44
227.17
239.3
262.51
331.12
247.56
255.59
216.38
224.19
224.94
292.8
354.85
264.07
199.93
164.81
148.07
96.06
88.97
62.84
52.19
52.49
60.01
88.82
134.16
153.75
190.9
191.79
218
253.88
209.88
205.12
185.46
165.36
196.03
228.05
283.67
206.68
144.44
125.38
125.75
127.39
104.71
89
78.94
88.7
88.92
93.91
76.63
94.95
131
141.2
144.93
153.71
139.42
124.97
130.33
132.04
135.92
190.13
210.24
183.8
195.79
144.55
130.78
129.36
101.41
76.02
68.95
68.65
71.11
102.46
158.23
186.52
213.55
231.87
248.32
253.61
210.94
215.41
182.13
169.84
170.21
254.28
266.41
221.14
190.76
144.52
144.67
134.55
148.47
130.75
117.05
111.24
101.19
101.49
94.41
141.4
147.06
167.01
222.78
238.27
211.17
166.94
140.88
136.04
154.43
248.02
254.13
200.67
159.19
137.53
149.66
137.08
104.94
86.25
82.38
76.34
76.19
63.09
62.04
61.82
88.78
126.25
136.6
171.46
143
119.84
94.14
94.37
135.26
223.82
254.2
232.75
158.94
149.63
150.9
133.54
125.5
94.29
89
86.32
86.4
126.1
199.09
248.39
241.54
242.96
259.64
359.74
269.25
236.4
204.08
202.36
207.65
389.68
364.81
248.25
197.23
149.11
141.81
137.34
103.9
101.52
92.43
90.57
93.55
121.33
145.39
199.31
237.52
230.22
251.97
290.33
227.76
216.74
206.16
201.77
202.81
332.78
329.88
249.88
187.1
147.99
147.77
141.29
145.64
135.14
135.81
132.68
134.17
141.54
198.46
222.97
232.65
230.87
249.34
290.46
227.81
223.34
207.92
211.12
214.63
373.08
385.37
256.49
224.09
163.82
155.4
135.88
132.1
100.8
90.22
90
93.8
123.83
169.5
222.39
227.09
238.71
245.19
253.54
244.22
238.04
218.07
215.84
260.84
350.47
359.33
223.29
202.2
170.69
156.01
143.49
154.15
153.7
141.63
136.57
143.49
162.57
201.31
255.18
260.09
269.03
275.81
298.17
260.69
266.95
224.41
208.31
217.4
447.84
388.09
216.43
223.36
172.63
178.74
161.9
191.18
167.41
167.26
156.91
154.15
153.85
135.37
141.41
156.61
178.14
228.21
247.58
227.01
167.26
153.85
152.81
169.12
247.8
248.47
196.77
157.05
156.98
172.33
141.86
135.57
134.6
133.93
129.98
127.29
115.74
101.66
90.48
102.7
114.25
135.57
169.25
135.19
130.65
128.86
128.56
134.37
190.72
219.78
206.29
164.71
164.93
205.1
147.79
134.37
112.31
86.83
78.11
82.13
112.54
181.62
223.66
238.56
244.45
254.81
262.56
246.39
203.83
208.08
196.75
219.86
448.29
412.29
301.39
211.44
165.38
165.45
146.67
190.94
160.84
153.99
151.53
154.36
162.93
217.84
298.89
299.11
283.02
372.94
483.8
373.46
373.46
400.28
325.64
335.62
1490.13
596.59
484.69
259.11
200.48
201.59
184.98
164.32
153.82
144.67
141.02
146.97
154.79
260.29
377.41
374.06
377.49
447.33
448.14
379.42
327.23
301.39
305.49
335.49
724.97
653.64
373.09
252.77
212.94
199.46
177.87
216.31
176.56
153.48
140.98
146.49
186.46
187.95
298.63
260.3
259.25
325.72
361.15
313.74
254.86
247.27
241.98
259.7
521.56
622.04
371.57
262.23
208.27
210.35
207.97
220.05
169.52
162.97
155.83
160.67
170.64
235.53
373.13
409.59
394.11
446.95
446.58
366.88
335.47
256.59
251.38
250.19
504.62
524.12
313.52
277.28
251.16
256.29
234.71
307.42
219.6
167.14
157.99
153.52
166.77
161.56
167.44
244.53
260.61
287.1
291.71
260.76
249.15
200.18
191.03
258.6
361.96
372.75
372.98
291.94
261.13
302.36
276.38
159.73
148.86
134.28
129.14
119.39
111.95
90.51
90.58
130.85
153.11
211.61
282.32
224.86
159.51
142.76
146.04
192.48
303.83
288.72
277.18
222.63
192.7
223
197.02
148.94
137.77
134.5
134.35
134.5
134.35
227.32
341.87
307.85
316.71
367.47
375.58
351.32
321.47
259.25
255.38
283.29
487.9
490.95
260.07
269.82
213.1
202.53
179.53
200.58
171.47
160.67
155.61
154.86
168.04
222.69
338.91
314.19
335.56
352.53
392.74
344.27
335.86
294.68
260.81
298.78
548.79
539.64
271.68
259.17
212.56
219.49
201.77
207.78
159.02
145.62
135.42
135.87
148.67
223.56
322.65
299.87
302.63
331.74
374.02
323.47
301.81
262.2
262.5
318.04
502.37
469.69
318.19
255.2
220.29
212.62
189.69
158.76
135.62
135.54
130.26
129.29
144.62
211.09
298.03
270.34
265.05
290.66
352.58
290.73
268.33
210.94
216.82
300.48
521.47
372.9
275.18
237.14
208.19
200.89
175.73
191.23
156.56
153.8
150.16
152.98
164.82
212.74
295.7
295.63
295.18
325.24
407.84
314.15
286.03
259.09
237.66
309.84
558.22
562.76
345.26
298.08
260.88
212.81
186.84
174.86
158.57
142.57
140.48
140.19
139.59
124.64
137.73
143.91
186.25
204.7
210.35
199.64
186.02
149.93
153.43
253.81
343.03
320.41
260.36
193.76
191.53
195.92
183.05
134.49
117.44
109.85
96.53
89.31
76.51
65.42
66.76
90.58
112.68
149.6
179.07
149.15
113.13
96.46
98.02
160.69
195.52
197.6
187.63
165.23
164.93
180.11
136.05
136.94
131.21
121.02
118.78
119.3
134.56
205.04
281.48
285.27
278.2
301.95
386.2
319.29
296.66
261.38
248.06
298.15
562.96
537.06
298.08
225.29
205.12
203.33
168.65
145.32
153.35
148.81
136.61
137.5
150.08
205.44
275.45
262.66
268.46
297.55
360.58
289.59
275.75
220.54
229.32
311.91
536.47
479.4
262.14
245.99
189.96
173.81
152.83
154.62
133.63
129.54
127.53
126.57
135.27
182.45
200.75
242.42
259.23
260.87
312.66
260.95
260.72
262.88
265.78
328.88
493.24
446.52
264.59
242.79
189.44
181.78
148.22
148.59
135.94
145.31
136.09
145.31
146.58
190.48
220.39
250.6
253.58
259.68
282.67
256.03
260.42
259.75
250.23
337.28
484.09
372.18
249.41
231.25
187.21
180.51
153.57
148.16
128.59
112.29
109.99
111.85
130.75
188.87
223.62
233.74
231.88
258.37
283.15
254.43
234.48
220.72
205.76
217.96
360.02
271.4
207.84
187.45
151.06
149.72
138.34
98.75
98.53
82.38
77.76
76.5
73.75
71.07
98.45
131.12
163.94
164.68
190.95
146.97
140.8
113.11
128.81
153.89
241.63
215.58
130.38
85.8
81.93
97.71
82.3
112.34
78.84
78.1
76.01
60.97
60.82
29.33
41.24
88.22
125.59
130.81
148.3
138.03
128.05
122.17
116.59
139.89
180.76
186.57
178.68
151.43
151.28
154.18
127.75
120.61
104.3
90.38
76.61
78.17
114.87
169.37
251.56
312.01
318.27
356.23
500.51
319.31
309.33
306.73
314.17
333.3
1007.88
517.64
311.94
214.19
186.72
163.64
152.25
134
111.97
107.43
106.9
111.97
112.19
182.84
224.01
303.89
298.45
298.31
325.4
297.86
297.86
298.01
298.16
304.19
495.88
447.05
247.46
190.88
186.56
186.34
149.86
135.14
121.22
112.13
111.69
111.91
129.33
171.62
227.02
237.22
239.83
248.09
282.34
247.72
247.27
244.14
239.38
266.93
389.93
275.34
231.64
196.72
186.37
162.39
146.53
124.41
114.36
111.83
98.2
111.83
119.57
162.91
211.75
227.31
223.88
224.11
263.79
236.76
236.09
236.39
228.35
261.26
372.05
284.86
209.89
180.63
150.69
169.46
134.99
138.38
137.11
132.42
115.44
124.97
135.55
189.62
270.2
292.54
268.26
298.57
304.09
270.65
261.04
224.02
223.65
261.26
344.45
292.09
212.78
201.16
185.37
180.83
158.04
235.49
161.17
141.8
138.15
137.93
138
133.68
141.5
186.56
198.26
212.55
237.88
210.99
190.81
175.39
180.75
254.04
299.77
276.23
208.01
197.36
190.14
212.18
186.64
150.91
138.18
125.97
119.35
106.84
101.63
77.95
82.2
126.79
139.97
174.22
187.77
165.73
146.89
143.32
148.31
162.53
231.17
235.72
220.38
186.28
177.12
190.75
163.94
137.59
129.1
124.48
123.22
123.52
132.97
207.35
311.95
371.96
448.13
707.96
664.04
596.14
774.97
664.04
563.01
1341.25
1489.11
996.84
595.69
275.84
216.51
187.32
182.93
199.8
148.73
140.1
134.51
136.38
172.33
244.99
302.16
521.38
460.86
476.35
447.54
374.21
424.46
372.58
368.86
495.63
699.22
659.1
373.1
240.52
232.4
211.26
208.51
226.48
207.11
186.93
156.17
157.88
201.82
246.43
484.68
521.91
580.97
582.46
632.43
531.97
595.05
510.15
486.32
708.17
1080.47
744.44
512.9
283.67
252.24
233.03
209.27
233.05
201.55
164.83
152.46
154.1
209.59
237.75
447.64
447.93
429.84
461.19
484.88
469.83
484.8
447.86
460.52
559.06
1245.41
1101.14
484.88
301.88
233.5
228.21
219.5
245.28
205.43
185.09
177.27
177.12
214.51
260.92
603.25
755.04
633.56
606.08
639.82
521.46
516.03
428.73
446.98
521.76
870.05
777.02
514.09
323.11
261.59
261.74
235
324.75
282
253.99
239.02
187.63
186.06
181.44
196.94
242.89
265.61
307.92
350.15
280.73
240.14
199.47
211.83
283.34
558.41
466.72
295.55
245.2
227.7
272.39
222.26
191.76
171.43
148.42
137.77
134.27
126.68
102.1
104.56
124.89
137.25
158.92
202.71
155.42
151.47
140.23
144.62
163.69
372.65
374.74
335.72
225.95
194
326.33
233.02
186.77
171.73
152.81
144.85
145.14
186.48
253.72
707.18
2234.80
1941.68
2348.29
4495.44
2324.02
2889.10
2323.57
2516.30
5101.19
5148.92
4822.89
3629.64
406.09
277.78
310.17
223.86
409.62
287.29
247.71
246
246
288.71
460.15
1116.51
1481.48
1484.83
1473.37
2780.44
1340.78
1484.91
1112.41
743.35
2976.43
0
7425.87
2233.09
1849.06
447.57
447.5
305.52
245.97
245.52
194.78
188.46
189.87
232.5
218.14
293.28
313.15
312.85
312.93
346.7
313.08
313.15
313.08
313.15
313.22
744.67
744.3
312.78
255.27
267.32
245.82
200.51
227.25
198.91
178.3
151.08
148.62
172.5
226.95
446.99
520.18
409.49
409.42
438.95
336.22
371.48
334.44
325.14
521.07
1487.50
836.1
439.55
658.46
284.15
280.88
218.03
227.14
171.27
156.46
124.92
116.29
152.74
183.24
298.41
298.71
277.06
259.88
287.4
244.55
238.67
209.66
212.63
237.11
325.2
275.87
245.67
180.79
181.76
219.18
197.75
299.08
226.25
167.17
141.21
138.53
133.32
103.41
123.06
156.01
190.68
223.64
233.17
232.65
212.11
178.86
203.11
304.07
462.98
446.91
264.34
210.33
220.44
265.01
228.48
178.71
136.75
127.97
127.52
120.3
109.22
79.46
97.17
117.85
148.72
200.95
262.41
184.96
152.74
142.99
143.44
179.08
245.81
283.31
232.5
223.72
210.77
258.31
224.39
143.29
130.79
127.52
127.37
112.04
111.9
104.98
111.75
156.01
211.81
254.52
255.04
224.31
178.11
155.57
149.47
184.81
254.22
223.94
164.72
135.18
130.27
139.13
137.79
127.86
123.33
117.97
102.5
75.87
69.92
34.14
49.24
96.1
118.64
137.76
153.15
130.1
116.19
108.08
108
119.61
144.01
148.99
151.67
127.94
130.24
145.72
128.31
134.04
121.32
108.08
101.01
88.96
77.66
37.64
52.14
77.58
115.44
155.76
190.49
155.91
138.35
107.93
108.38
138.2
190.64
208.42
217.27
151.15
139.69
201.58
151.74
146.91
125.41
112.02
109.64
107.93
100.57
85.99
140.81
184.62
229.25
256.84
275.74
275.51
268.15
230.59
246.21
300.95
533.55
316.2
258.85
171.75
165.28
171.08
148.17
112.74
104.34
77.72
54.88
51.31
52.95
39.04
69.83
112.15
129.25
139.81
122.04
140.11
119.88
112.15
112.15
137.81
165.25
170.23
144.35
133.94
98.54
112.3
102.55
164.13
119.51
108.13
101.74
86.94
82.25
69.54
85.9
108.5
134.68
153.94
162.94
153.5
160.79
141.08
162.94
153.72
239.54
220.73
167.03
141.3
133.27
171.64
139.22
136.45
127.82
127.15
111.91
107.97
78.74
37.25
50.34
82.31
112.73
140.53
182.1
151.61
137.41
134.51
135.33
139.79
178.53
164.92
156.6
143.36
163.44
178.46
142.77
134.51
124.03
111.68
101.57
104.47
93.84
77.55
87
138.16
188.57
215.11
223.44
220.02
188.35
164.18
163.81
209.24
286.2
268.87
212.59
145.07
137.78
179.13
163.96
147.21
137.32
126.76
107.64
73.64
57.35
6.03
4.24
1.34
39.72
65.98
94.25
108.01
107.86
84.36
101.09
138.21
190.43
193.33
192.22
178.9
164.32
195.94
149.59
