190
184.18
163.78
165.2
160.4
155.1
151.14
141.22
20
20
20
20
20
190
190
190
190.33
183.57
184.75
20
20
33.46
51.94
24.74
31.17
60.99
61.01
60.99
40.72
20
20
20
20
20
156.66
157.33
20
20
20
20
20
20
20
20
20
20
20
20
20
92.78
86.16
86.67
78.57
77.82
53.87
76.28
75.1
121.08
144.39
148.56
145.8
190
190
190
200
157.5
20
20
20
190
180
175
170
170
170
170
170
20
20
30
30
30
160.06
162.27
157.29
141.37
143.12
145.54
152.82
154.49
143.66
137.75
132.45
146.02
146.44
55.08
79.96
74.25
59.13
66.69
45.25
20
180
200
195
166.15
167.5
162.78
185
20
60.82
62.04
75.59
74.75
77.45
85.22
98.83
98.83
136.31
130.34
119.14
139.88
130.91
158.52
165
165
116.44
118
116.28
141.06
180
180
180
144.55
149
136.01
128.54
137.57
127.15
123.37
180
180
180
170
160
160
160
160
20
20
43.56
62.8
68.98
71.94
71.94
89.92
89.92
89.92
89.84
97.99
91.68
92.69
91.63
82.88
72.7
82.38
36.13
20
160
160
20
20
20
20
32.8
58.19
68.25
69.76
79.32
92.16
96.21
96.21
100.39
190
40.45
103.11
85.26
85.49
98.72
180
180
170
141.02
130.91
116.11
116.56
116.15
128.92
180
190
190
190
190
190
190
190
190
190
50
190
187.76
166.81
168.76
166.02
163.76
158.62
170
170
170
148.97
148.14
153.86
185.97
247.67
300
250
240
220
210
210
210
50
50
350
250
200
180
180
175
170
20
20
20
20
20
20
37.12
119.62
209.38
227.34
222.14
118.09
94.44
101.96
94.27
113.44
193.79
50
250
200
200
200
203.51
200
175
175
30
30
30
30
30
250
267.75
50
50
50
50
50
50
50
50
50
215
50
50
40
30
29.56
38.06
175
123.51
122.35
175
175
175
185
185
50
50
185
185
185
50
50
50
185
185
50
50
50
50
40
154.03
152.77
145.62
157.18
159.72
153.92
152.11
157.71
162.17
165.82
167.56
170.18
170.18
167.1
160.97
165.56
177.99
188.61
188.7
195
185
180
180
175
180
180
180
180
180
180
180
260
350.39
301.42
301
300.14
300
300
300
300
267.84
297.04
284.84
206.03
158.29
176.66
159.74
146.72
180
180
180
180
180
180
190
300
420
320.99
292.55
280
250
250
240.24
222.29
310.58
363.79
306.95
250
200
190
190
190
152.35
154.14
160.22
160.22
160.22
165.55
200
350
425
400
107.07
75
300
260
250
275
265.15
75
75
75
75
75
50
50
50
50
50
50
50
50
54.39
170.9
237.06
165.52
115.84
105.78
101.33
75
75
95.59
202.29
143.51
109.25
107.9
114.66
118.26
115.28
82.33
50
50
50
50
50
200
220
400
400
400
350
280
240
210
210
210
75
350
75
75
210
215
200
190
185
185
185
185
185
185
185
200
200
200
200
200
200
200
200
200
210
210
210
65
65
65
50
50
50
180
50
50
50
50
50
70
70
70
72.57
96.44
96.35
97.62
102.03
96.79
88.8
73.9
99.98
72.83
70
70
50
50
50
50
68.9
70.92
67.16
63.7
75.77
92.03
167.68
185.56
182.27
146.3
143.95
142.13
139.8
129.22
133.91
140.24
123.88
138.31
137.19
120.1
101.99
96.67
46.71
30
30
30
30
30
30
240
245
240
230
215
215
210
212.42
215
230
230
215
205
201.66
213.75
213.75
30
50
50
50
50
50
77.56
78.93
77.25
70
106.72
160.29
117.61
140.57
131.25
121.79
117.52
118.22
124.36
137.28
137.61
110.42
110.29
113.83
117.4
63.48
50
50
50
50
55.14
74.28
116.33
88.16
87.43
90.99
54.96
50
50
50
50
50
210
210
150.38
145.24
151.94
151.89
140.13
50
50
50
50
50
55.28
78.89
73.8
96.12
91.95
92.82
96.6
105.53
108.94
108.94
108.9
90.57
93.62
105.98
95.84
81.89
90.68
82.21
78.64
60.89
30
30
30
30
30
30
185
185
30
30
30
30
25
190
30
30
30
30
30
30
30
30
30
30
30
30
30
30
30
180
180
180
180
180
180
180
180
30
30
30
30
30
30
30
30
180
180
180
180
180
180
180
180
190
220
220
200
220
251.42
190
50
50
50
50
70
70
180
50
180
180
180
180
180
180
180
180
180
190
50
300.04
304.71
321.21
50
50
70
73.99
91.42
90.54
89.98
70
60
50
180
180
180
180
180
180
180
180
180
200
300
70
70
228.35
260
70
230
230
230
70
70
300
250
230
200
190
190
185
185
185
185
185
185
210
152.34
178.53
70
70
70
70
230
230
230
250
300
300
256.52
234.02
204.07
190.43
190
200
200
200
200
200
200
220
700
100
100
80
80
80
80
300
300
80
80
628
80
188.69
187.1
146.2
155.04
114.53
131.95
147.09
100.72
67.62
56.73
51.5
97.98
136.35
110
115.53
112.24
110.54
116.85
118.1
160.24
93.45
91
154.38
71.5
200
200
200
200
176.06
165.79
161.91
161.05
156.91
157.58
155.45
165.01
191.23
198.35
200.7
206.8
212.54
213.55
217.05
170.69
190.77
260.58
255.28
234.1
232.33
214.33
219.26
224.29
20
20
20
20
20
20
350
1000
1600
1300
1000
900
450
400
400
402.48
903.78
50
1000
30
299.39
224.65
200
180
40
193.32
210.03
210.04
210.03
191.54
275
816.36
1400
50
50
50
50
275
275
50
50
240.19
232.25
125.04
219.19
193.9
200.46
182.65
186.84
190
147.4
40
45.22
78.57
88.07
104.81
126.4
138.28
168.88
141.73
135.85
129.66
132.48
129.9
117.75
145.64
145.66
118.41
125.86
132.5
122.03
107.6
103.1
95.98
102.09
112.01
123.22
190
40
350
250
240
240
240
173.57
240
240
240
300
350
300
250
240
240
230
210
200
200
200
40
40
40
40
350
50
50
50
132.52
103.9
127.95
107.69
50
54.36
109.14
188.56
175.88
169.2
165.42
161.01
40
40
40
40
40
40
40
40
50
50
50
50
50
50
50
50
50
50
50
50
50
200
195.99
181.3
166.36
61.04
113.83
200
200
200
10
210
210
204.75
184.45
168.8
195.75
200
200
20
34.65
83.79
100.46
88.08
91.09
108.98
113.85
101.31
81.19
20
20
20
20
20
20
10
10
30
30
216.6
167.01
164.73
163.85
163.45
163.36
165.79
171.85
184.4
164.08
161.65
160.42
156.17
150.59
144.92
151.94
167.6
155.08
152.54
148.49
147.85
291.82
40
40
40
46.39
76.81
93.16
102.16
96.19
49.27
55.58
67.12
69.16
49.13
30
30
30
20
20
20
20
20
10
49.53
73.07
104.23
105.52
111.73
93.94
89.2
95.06
83.33
84.52
88.75
88.58
113.54
102.63
91.35
110.27
106.31
82.73
10
10
143.23
10
10
10
0
253.5
117.38
121.01
30
30
64.01
67.31
97.34
80.66
83.79
93.63
200
50
30
200
200
150.35
151.02
149.15
147.83
147.55
150.17
153.65
200
210
220
171.72
170.83
197.6
162.77
159.5
163.88
210
210
40
40
50
10
20
20
20
20
195
195
195
195
195
195
195
20
20
20
20
20
20
20
20
49.53
47.8
20
20
44.3
61.13
126.12
62.7
170
170
170
170
170
170
0
5.09
20.09
38.06
43.09
48.94
42.1
24.74
21.81
31.26
33.1
40.77
82.63
38.79
30
30
190
190
185
185
113.84
113.84
89.79
81.73
120.18
161.23
117.39
115.27
109.85
100.2
126.7
138.7
101.98
111.35
105.46
107.48
106.07
134.33
106.47
52.07
30
30
10
180
180
180
180
174.65
153.63
159.63
169.37
167.19
169.09
168.52
155.94
154.53
156.72
153.8
154.35
158.52
127.01
112.13
75.66
77.24
61.36
65.7
30.83
30.41
28.57
28.6
33.86
45.5
54.17
30
81.64
89.17
30
38.13
88.79
95.11
71.47
121.87
111.18
106.83
123.76
131.23
132.9
126.25
127.08
127.91
159.32
174.19
167.95
168.9
177.67
183.8
192.42
183.98
193.98
190.79
187.67
182.26
159.69
171.4
166
157.94
210
219.12
275.25
225.96
224.43
197.6
186.65
195
195
195
30
30
30
81.59
126.27
155.88
247.79
91.55
83.38
82.92
30
30
30
220
220
250
290
274.84
238.29
216.89
210.97
210.62
213.01
210
205
205
205
205
210
210
215
30
30
30
30
10
10
10
215
230
250
230
209.69
181.88
177.22
177.48
183.21
190
190
190
190
190
190
200
200
200
200
200
200
20
20
20
20
20
230
230
220
220
210
210.33
210.4
203.24
196.83
198.44
202.32
210
244.93
350
550
550
450
50
50
50
50
50
50
50
450
350
250
240
210
210
30
210
210
30
30
30
240
400
600
420
350
306.86
302.28
317.56
228.89
213.99
240
267.75
453.8
272.28
254.06
220
220
30
210
40
170.56
210
175.3
123.02
63.92
60
60
60
60
68.96
161.9
167.92
167.92
72.98
114.29
114.44
120.59
86.26
90.88
163.31
115.56
121.88
171.99
170.72
40
40
58.14
140.41
143.72
151.08
305.13
291.84
249.69
237.07
225.49
250
40
40
40
213.56
291.36
231.58
171.39
193.51
178.28
172.12
220
220
220
220
220
230
248.96
407.39
40
40
40
40
97.53
178.68
145.13
179.78
188.18
40
465
340
240
240
40
40
220
220
220
220
220
220
175.8
161.5
162.25
50
50
50
50
109.58
144.94
40
40
40
40
50
230
184.64
181.76
179.55
175.36
165.71
164.66
161.18
155.36
149.47
133.43
141.59
157.33
165.39
176.3
175.57
170.27
159.31
151.68
50
50
50
50
50
225
230
175.76
225
215
215
215
215
215
225
235
70
270
70
211.84
70
101.25
112.56
104.62
137.85
148.04
145.06
159.91
163.96
166.63
149.83
114.2
112.39
132.27
200
200
200
40
40
40
105.92
207.55
206.07
76.6
91.96
115.94
145.08
181.13
220
40
220
50
250
230
220
200
200
174.73
172.38
220
220
220
225
181.4
176.65
133.48
115.13
119.18
127.31
129.81
136.14
136.08
230
230
207.97
219.8
204.28
213.42
222.63
194.61
181.96
225
225
220
220
220
225
230
250
285
265
255
245
215.91
209.97
206.94
230
187.07
183.35
221.73
197.68
168.6
179.07
176.3
172.77
50
50
50
50
50
50
50
250
60
60
255
245
235
230
221.48
191.74
196.09
208.55
222.27
226.81
183.43
178
176.45
174.11
30
30
30
162.56
30
30
30
30
50
220
220
220
220
220
220
220
220
220
240
240
230
220
220
220
210
210
210
200
200
200
192.19
155.79
200
210
210
210
210
210
210
210
210
220
230
230
225
225
225
210
164.09
161.22
158.04
210
210
215
230
50
60
70
240
240
225
207.25
203
196.31
192.07
197.14
199.59
201.86
204.13
208.08
205.88
197.09
204.61
183.75
185.96
179.35
185.34
180.31
50
85.37
102.61
121.35
133.8
122.1
116.7
122.64
141.94
151.52
151.52
225
245
235
177.72
225
220
215
210
210
210
210
210
220
250
300
300
70
70
50
50
50
207.26
175.68
172.96
177.6
199.86
209.31
200.17
190.38
183.53
181.73
195.47
168.7
163.54
163.52
166.55
173.21
50
300
300
300
70
50
50
75.83
110.5
93.39
90.33
83.07
73.74
50
50
220
210
210
207.9
195.47
193.83
193.83
193.83
215.9
250
50
95.13
142.78
118.24
134.61
118.72
108.39
109.68
125.71
148.65
151.27
151.27
152.91
177.01
182.28
182.28
178.62
50
50
210
210
210
210
215
65
70
82.3
129.26
120.82
142.76
130.04
118.39
84.57
113.68
155.38
80.46
70
171.14
167.96
60
99.82
79.49
20
59.77
83.83
100.7
95.55
123.13
126.03
125.55
128.79
113.66
107.26
99.07
96.23
101.23
132.78
136.47
136.34
130.04
195.72
190.41
179.06
109.8
92.68
69.14
180
20
20
65.14
82.75
86.95
90.61
111.12
130.9
189.09
240
240
240
240
240
240
240
60
260
250
60
79.26
135.43
85.84
150.17
135.36
152.43
187.8
193.51
240
295
310
310
270
250
240
50
60.28
103.59
94.6
104.82
82.7
129.92
204.72
230
40
220
220
220
220
220
220
230
240
295
310
310
270
250
240
198.11
193.56
192.04
50
93.73
81.64
115.03
50
40
230
220
220
220
220
220
40
40
95.38
159.02
149.29
132.99
145.97
127.75
133.61
140.01
131.88
144.81
127.37
142.46
125.18
120.23
50
240
240
230
187.56
202.68
202.25
202.25
211.44
220.63
40
50
237.91
192.23
151.92
153.7
144.72
118.31
127.36
112.67
119.5
153.46
153.48
100.87
40
30
30
30
50
50
50
50
47.71
39.78
94.62
93.67
56.44
55.7
89.11
88.32
75.76
59.49
49.88
57.41
49.33
50.01
48.46
50
230
208.52
188.27
184.21
200
150
150
150
150
150
150
150
175
25
25
10
10
10
10
10
10
25
40
40
240
250
40
40
10
184.74
185.2
185.39
235
250
260
285
900
290
265
260
206.09
60
60
60
60
60
60
50
50
260
255
245
225
225
225
225
225
240
250
285
310
60
110.39
143.91
122.71
114.58
128.81
113.45
108.8
110.12
118.49
115.6
132.55
143.05
195.21
177.34
240
240
240
240
240
240
250
50
60
65.56
108.26
127.17
59.53
50
193.94
40
40
40
40
40
30
30
30
30
10
10
10
10
10
10
30
40
50
250
250
250
240
207.49
195.29
195
208.18
218.52
220.3
222.37
216.64
214.94
209.65
209.47
216.83
220
220
220
30
220
228.32
222.03
234.83
232.45
240.79
250.05
250.05
244.47
248.75
250
250
250
250
50
250
250
250
250
211.02
205.01
204.05
203.7
204.4
195.74
188.31
185.1
188.36
192.43
194.07
190.54
185.1
183.47
181.83
173.83
63.74
30
30
163.4
163.4
163.4
165.82
166.04
183.25
10
10
10
10
10
10
40
50
50
50
50
30
30
30
30
36.01
40.03
42.69
26.68
40.76
49.53
57
57
220
30
220
220
220
220
230
265
300
280
280
50
260
255
250
250
194.72
194.46
50
50
50
50
40
230
220
220
220
220
220
40
57.83
94.85
102.89
114.72
137.01
155.12
153.36
158.37
131.31
123.1
100.28
91.76
60
60
238.56
231.08
225.38
230
30
30
30
30
30
40
72.69
137.72
122.39
113.2
128.17
166.08
165.69
174.9
165.35
146.72
128.53
227.48
226.24
227.69
212.39
241.38
240
240
77.33
65.38
55.44
56.36
56.09
55.43
71.67
103.85
107.21
113.71
127.29
116.01
106.83
61.88
60.8
74.53
70.2
69.81
69.63
85.58
103.9
240
240
35.72
20
30
40
46.67
75.63
95.61
107.03
123.96
119.5
99.11
114.92
117.26
116.1
133.06
137.22
143.57
132.5
130.23
144.03
142.3
128.67
137.09
117.01
111.5
200
200
201.66
201.85
201.85
201.57
201.36
208.14
204.74
211.39
216.28
208.47
206.95
205.93
199.75
192.35
213.06
220
60
60
60
220
220
210
174.81
172.2
170.75
169.14
169.74
92.16
20.97
38.82
40.37
101.17
68.42
60
60
60
40
40
40
60
181.73
210
210
210
210
210
200
40
40
168.08
40
50
180.49
230
240
240
240
240
250
250
250
230
230
230
230
230
230
230
220
220
200
200
200
200
200
200
210
143.1
172.94
250
250
136.1
123.92
110.45
121.67
117.12
115.97
94.6
143.71
139.6
134.94
230
210.35
186.53
192.12
30
200
200
200
200
200
70
70
210
215
215
210
197.16
70
70
70
77.14
150.12
165.35
165.35
192.29
103.11
82.25
89.44
80.63
84.72
89.75
95.21
95.21
97.03
118.88
140.23
145.24
149.35
149
155.8
149.87
82.58
56.94
110.23
157.01
185.29
186.73
195
195
201.76
202.45
200.3
200
200
200
200
181.39
185.64
188.71
195.69
200
1
18.26
61.76
68.06
74.25
66.33
54.52
47.64
67.8
90.99
188.54
181.94
182.25
30
30
30
200
200
200
200
200
210
210
210
184.4
184.05
182.93
40
40
40
46.64
86.13
81.25
47.6
49.23
43.48
87.47
57.76
89.6
88.21
88.25
88.58
88.04
89.74
1
1
1
1
108.76
119.94
1
1
1
1
1
200
200
220
182.85
220
182.39
181.39
40
40
225
225
225
225
225
225
225
178.96
180.3
180.94
40
225
225
225
225
225
225
40
40
40
40
40
40
40
40
40
40
89.2
83.26
138.43
160.63
154.44
162.78
252.3
165.44
165.44
165.44
99.35
70
70
250
250
250
250
247.11
226.63
229.27
215.29
198.48
200.19
202.55
217.44
218
279.34
309.13
307.46
295.44
305.42
296.92
278.48
259.11
251.36
258.14
276.75
276.75
276.75
278.98
284.83
269.61
236.14
245
240
240
240
240
245
255
280
80
80
80
70
60
60
60
60
60
60
127.53
165.27
189.83
152.13
255
245
220
217.48
215.28
212.5
208.21
214.64
237.67
309.91
365.31
350
330
80
80
87.96
123.61
126.51
84.36
113.94
130.39
123.04
117.88
150.41
171.11
89.93
220
220
179.67
179.7
179.71
220
230
240
240
240
240
195.83
179.65
70
70
70
70
70
70
70
70
70
230
220
200
200
200
200
200
200
200
200
200
200
200
191.46
70
70
70
70
70
70
70
70
200
200
200
200
60
60
60
60
60
60
106.88
126.33
110.85
122.23
122.23
122.23
186.97
237.11
141.44
60
60
70
250
70
70
70
70
60
95.34
111.48
105.11
145.9
160.11
160.11
250
280
70
70
70
70
70
280
227.52
220.64
215.28
209.95
208.88
211.92
270
270
250
230
80.59
119
136.72
124.7
132.4
174.19
170.45
275
300
300
300
300
290
285
275
265
248.01
238.57
230.26
224.9
239.32
262.62
247.67
225.94
192.63
187.76
240
240
240
240
350
350
350
350
350
350
350
350
350
289.03
237.8
252.6
285.07
254.95
240.78
244.17
240.7
223.69
242.27
240.74
240
240
240
240
275
350
350
350
350
350
350
350
350
250
250
244.13
218.87
204.39
204.12
234.65
250
245
240
230
230
230
230
230
228.81
255.54
276.75
350
350
350
250
50
50
64.74
93.03
137.44
161.51
116.98
110.03
114.54
113.98
73.21
20
200
200
20
20
19.31
41.96
64.49
73.84
59.47
67.97
68.16
76.2
81.54
98.43
143.77
144.34
130.27
40
190.49
192.14
111.78
61.09
40
30
210
210
210
210
210
40
70
70
70
70
70
101.07
93.99
70
70
70
230
230
192.55
70
210
210
200
245
245
245
245
244
244
243
100
100
100
104.54
82.73
78.51
68.32
58.15
32.03
37.71
78.7
83.08
79.45
54.12
56.13
45.16
252
248
100
178.87
110
110
110
120
130
130
130
130
130
130
130
130
120
120
120
193.24
193.19
120
120
262
259
230
230
230
230
230
230
240
260
100
100
233.81
230.58
100
100
100
100
100
136.16
151.87
151.87
151.87
136.89
121.39
90
180.8
180.42
180.32
180.67
181.41
182.75
230
100
100
100
280
285
270
250
245
100
107.24
130.91
130.73
122.7
125.49
137.18
149.75
125.11
88.65
90
90
90
230
230
230
230
245
245
250
250
245
245
235
235
100
100
100
100
100
100
90
90
70
70
70
67.53
52.8
54.44
14.95
68.16
77.93
72.11
80.67
69.32
112.11
30
25
-5
12.4
119.47
136.66
90
225
225
225
225
225
225
225
225
225
90
225
270
309.18
245.05
233.94
231.17
285
280
260
255
194.25
227.77
239.1
236.97
236.34
228.3
239.53
230.7
260
255
255
255
255
255
340
70
295
295
300
300
280
130
130
265
130
125
130
140
140
140
260
255
255
250
250
250
250
255
260
265
275
275
280
110
100
110
265
90
100
100
100
100
255
255
255
255
250
177.43
177.07
176.99
177.33
177.87
255
260
265
270
270
270
265
265
260
115
115
115
115
115
115
115
115
115
90
80
80
80
80
80
110
135.23
213.17
213.32
216.33
145
130
125
140.07
148.05
148.05
148.05
144.97
141.17
105.2
105
133.99
165.97
151.82
113.16
103.99
89.95
95.76
40
60
90
200
210
210
210
210
110
100
90
100
100
100
100
161.29
171.66
100
157.78
1
1
26.86
17.42
4.17
4.04
3.58
3.37
38.32
88.73
90
121.42
122.87
112.79
106.49
108.05
110.92
117.49
144.86
147.75
152.11
171.19
138.72
210
220
210
200
195
195
90
90
260
285
290
285
285
275
255.96
248.59
240.47
222.67
221
218.91
218.37
210.15
250
250
230
205
200
190
190
195
90
90
90
90
88
157.91
184.65
223.82
270
265
260
255
230.61
188.83
178.45
178.25
250
250
220
205
200
200
200
134.45
139.67
194.51
270
270
300
300
553.36
100
154.31
136.16
132.57
136.15
142.36
139.73
148.96
255
255
187.38
156.34
147.11
90
90
90
90
90
250
250
270
100
100
222.89
260
100
100
100
260
265
255
255
100
100
100
90
207.66
113.92
104.19
93.15
94.82
148.33
181.95
214.51
212.71
225.59
228.82
218.42
208.56
200.97
195.41
188.87
102.77
112.35
90.42
87.12
65.37
62.05
59.94
60.95
60
50
10
10
10
10
10
200
50
50
50
50
50
50
50
50
50
50
51.09
48.43
43.88
39.99
82.14
60.78
45
160
150
140
140
5
5
40
60
60
184.58
170.68
143.94
144.22
137.34
135.05
135.02
193.57
189.15
189.17
192.5
192.39
192.66
192.17
195
195
50
50
50
80
90
100
111.16
184.61
241.21
234.58
100
100
100
100
100
119.36
139.56
139.22
168.59
187.7
184.18
80
95
220
215
210
210
225
255
330
320
310
246.45
100
100
100
100
146.16
138.04
141.38
153.52
150.09
163.38
169.33
100
95
90
90
90
90
90
90
149.82
151.92
168.24
161.38
155.22
158.69
169.16
159.77
155.07
167.16
169.16
150.37
159.77
159.77
159.77
132.05
100
100
210
190
180
150
150
150
170
180
210
220
230
240
230
210
210
210
70
80
80
80
99.33
112.54
240
220
230
90
154.67
153.48
220
157.64
90
100
100
100
100
100
100
100
260
260
260
260
260
260
250
250
250
250
240
90
80
80
70
70
80
90
280
280
280
280
280
280
280
280
280
280
280
280
280
280
270
260
190
190
170
160
150
140
140
150
180
200
200
200
200
200
200
200
200
210
210
210
210
80
80
60
230
230
230
230
230
230
90
120
110
110
110
110
122.33
168.35
188.16
194.45
167.72
162.69
187.7
175.55
158.9
150.52
145.48
144.63
207.31
206.28
211.1
210.25
207.88
206.98
100
150.07
174.66
180.95
184.94
213.88
220.38
210.46
206.38
190.4
193.76
240
240
230
230
90
158.48
157.05
90
123.83
155.24
135.07
90
90
90
100
164.12
137.42
166.67
175.13
194.71
349.35
250.02
226.56
217.01
231.52
233.24
226.42
228.97
222.44
228.4
228.96
212.77
197.93
204.31
211.84
210.62
204.67
217.35
246.17
284.24
290
290
370
290
380
250
250
250
250
250
240
240
240
240
235.43
194.26
175.97
173.43
171.49
172.15
176.42
90
105.68
125.54
127.97
131.97
133.05
130.01
110.72
125.82
121.03
109.63
103.41
109.4
93.91
93.86
97.8
110.08
115.38
209.74
213.38
173.73
173.12
142.6
144.21
210.2
220
220
220
220
220
177.24
180.82
178.32
175.56
159.02
183.63
178.06
150.72
143.77
131.35
134.45
163.72
90
71.84
57.79
60.64
7.92
10.11
10.73
7.09
7.02
21.6
53.95
70.33
59.6
40.04
23.12
55.07
140
205.78
176.34
176.34
176.34
208.35
220
190
80
80
80
75
75
70
80
80
100.66
147.6
152.3
154.58
151.77
80
80
80
80
85
89.18
113.98
108.34
102.95
100.16
111.78
93.75
90
90
88.09
76.21
68.43
90
100
100
100
100
100
100
100
100
100
100
100
250
250
250
240
230
230
220
220
220
220
220
220
240
280
100
100
100
100
134.37
193.98
189.78
114.16
100
260
260
260
260
260
260
250
220
220
90
90
90
91.61
107.2
141.1
151.52
144.26
143.05
144.03
156.28
147.59
152.76
158.81
158.19
157.31
158.8
144.34
176.66
245
245
240
220
220
220
220
220
220
240
100
107.99
145.6
145.72
178.85
179.89
181.22
149.93
139.92
141.23
169.17
192.45
190.82
185.83
181.79
90
189.17
193.6
250
250
245
245
250
250
255
255
260
260
260
255
255
255
255
189.13
260
260
245
255
255
260
260
250
90
90
250
250
188.22
250
250
250
260
260
260
100
100
100
100
100
100
192.28
100
100
190.19
193.94
260
90
90
90
90
102.65
177.48
194.19
186.83
189.88
190.71
212.68
201.58
186.59
166.48
138.08
120.94
118.96
132
136.26
129.53
100
250
265
250
260
250
250
250
250
260
270
270
100
100
320
330
300
280.32
255.96
249.54
223.69
270
270
100
100
270
270
260
240
90
90
90
90
90
90
100
175.8
190.81
220.66
284.5
216.45
193.95
168.02
111.56
100
100
270
260
260
260
260
260
209.59
209.51
206.25
205.96
206.49
205.04
253.87
270
250
250
250
245.19
232.53
240.9
239.77
265
265
265
265
100
100
240
240
240
260
250
250
250
250
185.77
179.12
100
100
100
100
100
100
100
100
100
260
100
255
255
250
240
240
240
200
200
200
200
200
200
210
220
220
220
214.38
208.4
207.03
203.99
189.15
187.47
220
220
220
184.42
182.69
220
210
200
190
190
190
190
190
190
190
200
210
210
210
100
100
100
100
100
100
100
100
210
210
210
191.88
186.22
250
250
250
240
240
220
180
500
320
340
305.05
400
320
320
316.28
296.3
223.53
205.85
270
260
260
260
90
90
90
90
90
90
96.65
114.31
118.96
126.23
154.36
178.33
163.48
221.8
156.76
100
100
208.2
100
270
260
195.88
260
260
260
250
200
200
200
200
167.22
220
220
100
100
100
157.32
173.35
188.25
196.04
189.27
211.72
198.98
170.62
157.32
155.81
111.89
100
185.42
180.72
200
200
190
190
190
200
220
250
300
280
100
100
100
100
105.43
110.92
112.78
101.37
100
250
250
250
250
240
180
180
180
180
145
180
220
245
250
250
250
207.64
260
100
100
100
100
230
230
230
220
220
220
220
180
180
145
145
145
145
145
145
190
190
190
190
190
190
190
190
190
90
90
90
90
90
90
90
90
90
90
90
51.77
39.82
69.73
90
90
90
90
90
90
90
90
90
66.97
76.21
112.16
107.93
108.08
113.26
90
225
90
90
90
90
210
90
90
90
90
90
90
90
90
380
370
285
90
90
90
183.5
235
235
235
230
110
110
110
110
110
110
110
110
110
110
110
110
110
390
380
250
250
250
250
240
240
240
240
240
200
200
200
200
200
200
220
250
317.01
353.97
697.15
777.46
752.22
430.8
120
120
110
110
250
250
250
233.37
227.72
227.7
204.5
186.21
189.26
190.39
197.02
210
210
260
350
304.93
316.53
428.68
331.73
345.9
318.28
224.71
220.99
209.93
192.33
188.32
188.48
194.13
196.31
195.68
202.85
100
179.67
177.54
100
210
110
110
110
307
110
450
355
110
335
110
110
110
220
188.76
220
220
220
220
190
190
190
190
190
190
190
100
110
151.53
168.35
190.76
188.85
161.18
160.68
160.68
136.1
110
110
110
220
220
220
220
190
190
190
180
180
180
180
190
110
120.76
164.46
155.62
160.03
164.73
168.67
167.61
162.07
170.15
168.24
165.93
165.03
179.99
220
181.37
110
110
100
200
200
210
110
155.26
163.35
176.4
194.09
232.53
234.14
327.81
327.09
215.43
110
110
250
241.4
238.71
238.65
219.41
209.31
188.77
185.97
185.47
195.36
200
210
220
320.65
291.62
313.43
341.03
344.3
342.29
337.59
343.87
247.36
230.52
210.74
219.89
221.23
218.19
205.94
205.05
211.23
214.37
206.84
179.13
208.25
230
230
240
260
350
400.77
408.4
370.92
110
110
110
300
280
200.47
250
250
250
240
240
240
230
230
230
230
230
181.21
250
350
320
370
370
374.07
383.39
390.47
370
290
275
270
227.04
208.68
214
213.39
211.73
225.44
216.11
191.75
190.61
185.73
184.35
180.22
245.61
300
320
320
370
370
289.2
280.9
275.69
120
120
193.44
191.28
230
230
230
230
230
200
200
200
200
200
200
200
200
200
105
120
120
131.25
148.55
118.58
110
110
120
200
192.6
185.91
186.02
187.08
187.08
193
178.22
178.41
180.08
176.69
176.48
178.55
179.83
180.22
190.57
193.47
199.76
198.64
215.79
110
110
110
110
183.26
200
200
200
186.96
197.06
185.54
186.33
181.2
221.53
230
230
230
280
280
270
280
280
280
280
280
250
250
250
250
250
240
230
230
230
200
200
200
200
200
210
220
141.05
141.05
141.05
155.15
169.25
260
260
260
260
250
250
240
230
220
220
220
210
100
100
200
200
200
210
179.1
110
132.05
145.85
149.53
146.99
150.54
153.05
155.69
164.17
154.79
120
240
110
128.34
140.72
140.72
149.88
220
200
200
200
90
136.94
126.63
136.37
141.78
142.55
146.46
147.75
143.78
120
120
120
120
120
110
240
226.66
202.19
203.4
194.53
200
167.18
200
200
200
90
112.56
126.67
141.34
141.38
140.96
149.35
151.79
141.47
142.99
135.37
138.85
146.04
149.47
154.14
161.96
167.05
100
100
100
90
90
80
50
190
210
210
210
210
220
220
220
210
210
173.01
175.19
210
210
210
100
100
100
100
102.58
94.12
61.92
51.98
58.31
58.29
62.07
68.2
68.75
69.82
125.12
130.46
94.54
94.16
93.91
96.37
101.32
120.88
125.53
118.46
107.18
105
105
105
100
90
90
90
90
90
100
125.28
132.28
128.49
138.61
137.21
136.11
132.37
135.76
133.93
130.18
110
110
105
105
105
105
105
90
70
40
5
5
45
95
120
110
121.46
134.76
140.9
170.89
170.71
172.55
130.81
100
100
100
100
90
90
90
90
159.17
180
170
170
170
40
90
100
100
100
100
100
135.33
148.06
135.73
143.37
136.37
115.63
100
100
90
90
90
90
90
60
10
20
20
20
90
90
100
100
132.22
170.75
186.15
100
100
100
100
100
169.84
230
230
230
230
220
200
190
150
150
150
150
200
100
100
100
100
213.51
210
100
100
100
100
210
210
200
180
180
200
170
200
200
160
160
160
160
160
195
200
200
90
90
90
145.88
200
185
200
210
155.56
150.09
200
200
200
200
175
170
160
160
160
160
160
160
160
180
200
200
151.2
133.3
190
180
180
200
200
200
200
200
198.9
182.12
120.96
75.46
56.17
49.62
47.1
64.75
133.21
165.09
166.3
171.37
184.59
184.59
215.1
199.87
188.52
201.62
186.68
187.26
196.4
199.82
199.81
216.78
220
190
160
160
160
160
160
160
160
200
225
225
225
225
225
225
193.04
196.88
218.41
225
225
210
210
210
210
200
200
200
200
200
200
200
200
220
100
230
230
230
230
230
230
220
210
210
210
194.95
171.47
202.62
210
210
210
210
200
200
200
200
210
220
90
100
100
100
100
174.08
100
100
100
100
220
220
220
220
220
210
210
200
195
175
150
195
205
225
235
240
250
240
240
240
250
235
230
225
220
220
210
210
210
200
200
195
190
180
170
165
165
180
190
200
200
200
200
200
200
200
200
200
200
200
200
200
200
200
200
200
200
190
190
160
150
160
190
200
200
70
70
70
70
70
70
70
70
70
70
200
200
200
190
190
70
70
70
60
190
220
230
240
240
100
240
240
230
167.87
100
100
220
90
200
200
200
200
80
80
75
70
70
80
90
95
174.74
184.85
197.26
271.43
115
115
115
110
100
100
100
95
95
95
95
90
170
170
170
170
160
180
190
200
105
133.84
135.55
146.78
143.73
149.04
137.46
138.22
129.84
122.43
100
95
159.67
160.09
160.3
90
75
60
50
50
55
55
80
80
95
105
120
120
120
280
280
170.47
167.98
176.37
90
85
80
80
80
75
151.25
84.13
130.09
139.56
140.82
142.51
212.83
228.24
235
240
245
245
230.34
221.25
218.59
197.93
90
90
90
128.44
136.42
138.05
70
60
160.23
160.25
123.06
117.12
118.17
87.68
80
90
100
100
100
100
100
100
100
100
90
90
210
210
198.4
191.26
195.03
186.43
90
90
90
80
80
80
80
90
100
100
100
100
100
100
100
100
90
90
90
90
90
90
167.33
160.37
210
80
75
70
70
80
90
100
130
120
147.91
165.79
155.95
130
120
110
100
285
204.47
218.67
285
215.69
198.4
196.98
160
160
160
160
160
160
170
200
200
220
220
110
110
110
110
110
124.74
176.78
172.34
168.77
190
190
190
190
200
145.95
70
70
70
70
100.51
168.97
144.03
134.89
139.53
149.41
192.39
192.41
185.94
181.6
175.12
161.28
158.34
158.15
163.95
166.34
154.1
133.92
104.58
81.33
69.48
73.22
61.7
104.49
220
230
110
110
134.87
161.83
161.62
180.61
110
110
110
100
100
100
230
213.14
208.02
208.46
210
210
205
205
70
75
90
100
120
125
125
150
120
119.29
136.12
128.32
129.23
112.39
108.41
101.84
97.64
99.23
90
80
60
40
30
20
10
30
40
60
70
97.05
109.76
108.91
113.42
92.49
92.55
76.59
77.58
80
80
80
210
220
80
70
50
140
140
140
140
140
140
140
140
180
190
190
190
190
190
190
190
190
190
190
190
190
190
190
190
175
160
160
160
185
218.01
211.45
217.23
222.19
219.39
217.83
216.42
211.13
217.23
218.2
216.26
213.61
212.12
207.68
193.97
198.37
194.71
138.96
50
40
40
40
40
60
80
230
240
250
250
250
250
250
100
100
90
90
90
230
220
220
220
210
140
140
140
140
140
140
157.04
170
210
240
229.31
187.91
237.63
240
240
100
100
100
100
100
230
230
230
220
180
180
180
180
180
190
200
200
220
250
250
300
117.85
129.88
142.21
114.37
116.77
118.8
124.8
126.76
220
210
200
182.95
154.86
122.07
169.19
190
190
210
220
240
250
110
110
110
110
110
100
90
90
90
159.47
220
220
220
220
210
190
190
190
190
190
190
190
200
210
210
210
210
210
210
210
210
210
210
210
146.02
142.9
210
200
200
180
160
150
150
150
150
150
160
170
80
80
180
180
180
180
180
165.36
155.12
174.46
187.77
200
200
200
180
158.06
155.13
155.11
155.13
171.59
156.66
188.58
217.27
238.38
240
225.34
219.3
235.43
228.23
224.64
220.83
211.8
204.65
198.84
209.76
206.52
227.84
220
200
200
200
200
200
200
200
210
230
300
350
420
650
410
410
330
250
240
240
240
230
230
230
220
210
200
200
200
200
200
200
210
230
110
229.3
445.17
806.48
110
430
330
240
240
220
240
230
230
230
220
210
200
200
200
200
200
200
230
250
270
290
250.49
238.53
219.06
239.43
338.91
110
184.32
260
240
230
230
230
220
210
220
220
220
220
230
230
240
250
320
310
558.35
1330
480
340
290
250
240
240
240
240
240
250
240
230
220
220
220
220
220
220
220
220
220
235
240
245
240
235
230
230
230
235
235
230
230
235
235
230
207.03
204.7
204.47
169.2
143.96
142.63
143.6
160.39
152.88
155.93
201.89
207.67
192.72
183.54
183.54
207.1
161.04
90.38
235
235
171.31
175.12
168.4
203.5
175.64
160.24
158.59
159.24
179.93
168.67
208.11
280
110
129.21
136.19
138.38
136.58
132.53
131.3
145.83
139.26
134.03
130.8
142.03
142.43
168.73
134.71
125.72
219.64
171.9
168.72
159.93
161.96
218.96
235
235
110
110
110
110
110
110
110
110
110
110
105
105
105
250
174.31
235
220
210
70
70
70
220
230
250
270
300
300
300
310
370
360
290
263.49
291.12
263.56
250
250
250
240
230
170
170
170
90
90
90
210
100
100
100
100
100
100
139.39
138.44
105.13
125.45
134.53
100
100
90
90
90
90
60
60
60
60
60
60
90
131.65
144.6
156.5
153.91
177.48
162.75
90
90
90
90
220
220
200
200
200
200
190
190
90
147.14
143.31
141.9
142.23
190
200
200
90
112.69
126.2
117.28
119.34
110.7
111.93
119.02
119.24
158.44
158.1
162.44
147.27
133.75
106.31
170
170
170
170
170
170
40
50
80
80
88.23
129.75
140
87.35
75
75
75
93.85
122.66
120.4
122.05
126.62
112.61
116.62
200
200
200
200
70
144.38
70
100
100
100
100
100
100
100
100
100
100
250
240
220
210
210
200
148.59
138.48
127.96
123.85
124.16
126.26
134.97
240
250
250
100
184.65
183.91
250
250
250
240
240
240
220.2
213.74
233.11
232.6
202.3
206.55
195.49
137.66
135.59
135.31
190
190
230
250
300
350
350
350
350
350
350
250
90
90
90
90
235
235
225
144.93
70
70
126.25
126.13
70
70
70
100
148.44
183.65
159
119.8
113.22
113.65
112.07
104.85
104.09
116.22
129.75
169.5
245
240
235
220
215
205
205
205
205
215
70
100
100
100
100
245
240
235
230
168.19
152.28
188.8
195.76
190.73
208.77
205.54
202.93
198.2
154.87
133.57
180
180
180
180
200
144.34
210
85
90
158.2
153.29
215
215
200
200
205.55
206.66
203.77
204.06
216.8
215
210
200
170
160
160
30
70
60.85
63.19
83.19
72.64
70
80
80
210
210
203.81
195.55
207.41
210
220
220
90
80
80
70
190
190
190
200
210
230
240
250
250
250
250
100
100
102.73
134.04
130.61
151.97
146.88
161.41
155.95
100
220
200
190
190
190
190
190
70
90
250
300
300
320
320
283.71
283.6
310
230
230
230
220
220
221.03
210.25
210
200
190
145.98
144.1
143.1
70
70
90
90
90
90
90
90
90
172.63
90
90
90
90
220
220
220
210
210
200
200
142.79
200
200
200
210
240
240
240
240
240
240
240
320
320
90
90
90
90
90
90
90
90
80
70
70
200
200
200
210
240
240
177.6
245
245
240
240
235
230
90
90
90
230
235
235
230
220
210
210
200
138.77
138.27
137.95
200
185
185
210
235
100
100
100
80
70
70
65.19
74.88
85
85
90
85
80
70
70
70
70
70
70
70
50
50
60
220
230
230
240
210
70
70
210
80
90
100
230
230
90
70
70
70
200
200
200
200
230
240
240
240
240
240
240
240
240
240
240
240
240
240
100
90
90
80
80
80
80
80
80
70
230
206.21
200.22
192.81
187.87
195.06
191.23
193.84
169.85
164.79
230
230
230
240
90
163.83
80
80
200
200
194.41
175.88
173.66
178.96
216.7
234.69
225.6
195.14
187.82
197.57
214.81
206.77
214.48
209.02
193.59
222.69
225
221.52
208.79
216.4
207.85
225.57
75
65
65
65
65
87.23
134.33
121.69
130.43
111.51
111.4
106.31
106.83
104.12
96.32
98.17
111.32
104.5
230
230
90
90
85
80
75
75
75
75
75
75
85
137.25
143.64
127.24
140.83
154.97
140.22
90
85
85
85
230
230
230
230
230
230
220
200
200
200
200
200
210
220
164.84
170.55
240
260
228.86
229.11
217.8
210.42
208.41
206.43
211.76
216.07
209.54
209.06
203.66
200.79
190.6
65
65
65
65
65
75
230
230
90
90
90
90
87
93.58
100.48
91.27
90
90
90
202.44
194.44
167.74
90
90
80
50
50
52.41
67.77
92.83
129.04
97.89
90
90
90
90
90
90
90
230
250
240
240
270
270
230
200
200
230
70
70
70
70
70
172.62
460
450
440
455
90
90
90
90
90
98.66
151.84
114.77
90
90
90
240
80
80
70
70
70
70
70
240
90
90
90
90
90
90
90
90
90
90
295
310
300
305
300
240
235
220
215
193.07
175.91
176.93
195.75
240
350
370
370
360
360
350
240
240
240
240
245
240
250
350
320
230
220
225
225
225
225
225
230
240
340
288.49
110
110
350
330
100
100
95
95
95
95
100
100
235
235
231.17
158.68
225
225
225
225
225
230
230
235
240
245
245
240
240
240
240
240
240
240
100
100
112.76
127.69
122.17
83.61
75
75
70
70
70
60
60
203.27
200.71
199.3
196.6
203.13
203.13
198.05
209.46
230
235
235
245
245
240
230
215
220
220
220
220
80
60
117.91
156.26
144.69
138.88
145.36
169.78
155.46
140.81
147.44
142.65
146.6
149.32
151.68
172.64
171.9
95
95
90
65
65
65
65
65
65
95
100
95
95
95
95
95
235
235
195.81
195.81
235
226.24
216.87
207.83
192.54
193.56
156.07
210
205
200
55
65
65
85
230
90
90
90
90
90
90
90
90
92.27
98.5
106.24
137.93
230
230
225
150.81
70
60
60
50
60
70
80
230
230
230
230
230
230
230
220
220
90
90
90
230
230
230
220
220
60
40
20
30
50
60
260
195.83
306.67
350
350
230
230
230
220
220
220
220
220
230
156.08
80
80
60
190
190
125.65
121.81
122.39
70
70
80
80
80
80
80
80
80
70
70
70
80
220
220
220
210
210
131.88
190
112.02
35
35
35
40
35
10
10
45
55
65
55
50
50
50
50
65
147.4
225
225
215
210
195
170
170
160
40
50
62.63
70.29
129.24
124.77
123.61
160.48
90
80
80
80
230
230
230
230
275.15
217.8
224.3
210
60
50
30
10
10
10
50
100
90
100
100
290
100
100
220
177.99
168.03
173.31
209.64
205.91
204.33
216.46
220
210
200
140
1
1
1
1
35.22
116.48
136.34
100.66
97.04
80
80
80
80
80
80
75
75
91.76
135.2
148.51
142.94
200
150
190
180
35
40
45
60
114.68
153.87
125
120
125
125
136.62
142.81
138.55
140.93
109.74
80
220
285
285
215
210
200
170
170
170
170
170
170
70
210
210
210
210
210
210
210
80
80
200
200
200
200
200
180
180
170
175
170
165
160
155
155
170
185
220
235
235
271.08
230
220
210
220
200
220
270
1547.64
200
190
190
175
20
5
1
130
130
145
145
140
55
70
100
100
260
180
170
170
180
230
260
250
210
200
190
180
30
165
160
155
165
185
215
149.99
148.9
145.78
151.55
150.77
475
515
450
300
215
215
230
570
530
210
200
180
195
50
112.57
112.62
120.16
65
115
138.63
150.58
152.37
150.63
140.87
167.79
144.7
145.48
146.12
140.86
131.59
150.39
155.5
441.52
80
70
60
200
180
165
155
180
205
215
255
220
80
220
220
220
220
220
220
80
80
90
225
105
105
225
205
60
50
190
123.49
50
60
100
110
123.66
135.64
139.06
128.47
118.08
126.27
114.31
113.91
118.38
122.07
152.89
154.68
140.31
100
148.41
200
60
50
50
50
60
70
110.14
119.74
124.84
130.25
131.49
128.54
131.95
131.83
135.59
101.43
103.87
92.95
90
100
100
100
80
70
60
190
190
190
190
132.82
60
60
70
100
110
110
80.96
124.9
114.8
124.31
108.63
70
149.53
88.14
104.8
93.82
102.94
102.04
170
125.68
117.85
116.23
116.25
123.8
180
190
200
200
200
172.18
158.75
177.49
172.13
172.43
171.14
182.62
195.97
81
107.75
103.11
100.5
98.01
72.99
131.58
130.98
60
60
70
80
113.46
171.1
141.93
185.51
136.42
122.69
118.12
119.3
130.4
129.53
157.88
250
100
100
230
230
210
210
210
210
210
210
220
230
330
100
100
340
100
122.54
136.64
131.38
122.22
140.63
158.02
230
330
100
213.12
199.77
220
80
80
80
80
80
80
101.17
176.53
154.12
106.95
100
100
100
100
100
230
230
240
300
290
90
90
220
220
210
210
210
210
210
210
330
240
240
240
240
230
230
230
230
212.31
211.39
254.47
274.65
243.14
230
225
220
220
210
210
210
210
210
210
220
350
335
330
320
230
220
220
220
220
220
220
230
220
80
80
70
70
60
50
50
40
180
182.31
162.88
173.98
185.24
220.66
223.76
225.66
227.91
223.36
138.46
139.37
141.92
230
230
220
220
220
220
136.14
158.22
156.49
131.07
65.7
66.01
30
40
40
40
71.9
95.98
95.8
84.15
70.49
71.06
87.66
117.53
152.32
156.68
136.52
111.36
117.38
70
70
200
40
40
40
126.51
210
220
230
230
203.5
198.62
189.36
177.31
177.32
185.6
190.62
195.02
199.16
202.92
230
220
80
70
60
60.31
47.18
40
40
40
65
70
80
80
80
80
147.56
205.54
184.3
178.32
183.89
189.87
187.36
179.12
176.92
167.89
210
210
200
153.98
149.67
140.71
133.39
150.66
167.76
193.21
70
70
70
70
70
70
70
70
70
70
215
215
70
70
70
65
195
130
160
140
145
175
140
83.38
97.95
93.36
90.82
91.65
101.61
90.47
93.93
91.92
121.07
71.65
86.67
100
90
80
220
210
200
162.5
164.81
169.1
168.26
164.63
160.48
171.57
200.55
207.24
208.71
208.19
201.37
183.41
167.72
181.53
186.32
201.49
197.83
195.8
185.3
205
205
200
190
50
175
175
35
35
35
180
195
200
235
270
295
270
65
65
65
210
240
245
210
210
210
200
190
180
170
170
160
133.95
119.58
128.07
119.04
103.77
180
190
190
180
170
170
180
190
210
210
187.09
155.86
141.4
166.66
180
160
130
130
140
170
190
210
240
220
220
188.12
175.21
148.05
148.42
175.74
195
208.15
227.56
230
230
80
220
203.28
184.31
173.98
177.72
193.28
202.99
204.26
204.79
181.6
213.97
217.3
201.25
210.98
201.27
199.56
209.81
205.58
212.37
213.69
229.14
167.45
207.06
199.1
183.53
186.1
181.66
42
40.53
133.7
134.97
205
187.15
189.02
203.71
207.19
209.07
183.5
177.95
173.62
230
230
230
223.59
228.87
228.86
209.56
199.52
180.93
182.14
167.21
70
70
70
70
70
215
245
237.49
229.11
231.45
221.79
221.22
217.62
215.88
212.37
236.01
255.18
266.99
265.74
236.86
220.53
211.17
80
70
75
215
190
190
190
184.75
214.82
241.52
262.51
260.7
253.42
224.8
215.04
210.19
213.98
207.94
218.82
236.21
255.4
240
95
90
85
80
80
80
75
75
75
75
75
80
225
225
230
225
220
220
220
80
75
285
150.47
126.81
111.53
107.69
113.07
113.72
73.58
60
60
50
50
60
63.47
88.12
88.92
90.67
91.09
99.26
104.31
108.98
112.2
111.84
122.54
175.83
153.34
159.44
153.95
154.61
220
210
210
70
210
210
210
200
213.85
231.72
232.44
233.29
209.52
213.73
213.01
207.39
198.44
208.64
235.74
260
250
228.02
219.55
215.65
215.01
192.08
150.47
220
220
220
220
220
240
250
250
240
240
240
240
240
240
240
250
280
260
240
230
230
230
152.13
202.92
202.48
200.93
220
220
230
240
240
250
260
250
250
100
100
100
100
100
350
330
100
100
100
121.67
123.2
85
225
220
220
220
225
235
240
90
95.52
124.31
121.28
126.95
142.26
152.96
100.37
90
90
90
90
90
90
90
80
220
220
176.24
174.5
192.32
207.74
223.74
249.17
260
255
255
255
250
245
245
245
255
265
260
234.51
206.62
200.49
200.7
198.08
159.07
90
85
85
85
85
90
90
90
90
90
90
96.26
111.09
118.91
120.62
142.57
155.12
90
90
90
90
90
85
85
80
80
80
80
80
80
80
80
85
90
90
96.3
132.76
148.09
114.71
90
90
90
90
90
90
240
230
230
225
225
225
225
235
235
295
270
265
260
256.28
216.51
192.43
196.96
90
280
335
285
265
250
250
240
235
220
220
220
220
90
95
105
300
300
300
300
300
300
300
300
300
300
300
300
105
245
240
235
225
230
225
220
220
220
230
235
90
135.28
130.02
130.02
131.1
109.3
90
240
240
90
90
90
240
235
230.31
196.13
155.24
164.57
148.69
170.38
170.92
174.71
220
230
240
240
240
240
240
166.76
167.32
191.27
217.45
224.72
214.4
212.38
205.21
206
200.96
199.23
202.69
194.27
190.45
189.93
183.82
184.23
190.56
205.06
227.64
224.68
216.31
208.02
200.2
200.75
197.47
198.04
207.49
240
250
240
240
230
230
230
230
90
90
230
157.29
157.66
158.97
159.68
90
240
240
240
240
240
240
240
100
100
100
100
100
100
100
90
90
90
210
220
220
220
220
220
220
220
230
230
265.84
193.62
191.3
191.41
195.01
221.52
286.91
201.53
178.9
166.76
166.35
181.4
184.27
207.12
194.1
178.6
182.75
174.39
159.18
194.18
205.9
208.03
224.42
228.08
226.29
206.08
181.4
184.26
177.69
300
300
300
288.7
189.58
211.7
223.27
193.86
230
225
225
225
225
230
240
270
285
260
255
250
245
245
245
245
231.49
216.89
206.55
175.84
198.01
100
95
90
93.3
103.41
122.99
142.73
136.05
143.97
250
250
250
250
250
250
243.17
275.58
241.36
240
250
330
250
240
240
240
230
90
230
220
220
220
220
220
230
90
260
90
250
250
210.91
212.19
216.02
225.24
272.67
280.23
189.34
240
240
90
90
90
80
80
80
80
80
80
100
240
240
189.28
171.04
167.02
186.47
192
188.33
196.35
215.53
168.33
165.49
90
90
93.57
103.9
96.7
83.97
80
80
80
80
80
80
90
90
90
90
90
90
90
90
220
220
220
220
220
220
201.88
197.25
205.53
217.65
188.77
205.57
185.02
176.94
203.29
215
215
215
220
225
85
80
80
80
85
210
270
166.31
163.38
90
90
85
85
220
220
215
215
215
205
95
420
290
255
250
250
250
250
255
275
325
188.69
139.23
128.72
126.19
130.22
118.43
105.46
87.95
75
79.53
77.27
80.13
85.05
102.77
121.73
140.62
119.39
105
100
100
245
245
250
255
189.57
110
100
95
95
90
85
215
215
215
215
215
215
105
115
141.56
146.15
139.86
115
182.63
184
292.82
293.85
323.06
285.21
234.26
225.12
218.62
216.38
212.99
211.71
185.62
146.43
145.52
220
142.85
147.02
230
100
260
100
250
250
100
250
184.58
100
100
100
100
100
240
240
230
230
210
210
210
210
210
220
90
280
295
275
275
265
250
240
240
240
250
270
250
171.54
235
230
230
80
80
80
80
80
80
80
80
80
80
90
230
230
163.87
90
230
230
250
270
250
230
230
220
220
220
220
215
215
142.71
142.2
75
75
75
75
80
85
85
85
85
85
89.95
119.34
131.81
116.63
110.58
105.16
93.86
85
220
220
194.71
178.57
174.43
148.22
151.45
167.12
244.23
266.94
235.94
247.72
234.14
206
211.91
206.37
223.91
273.09
301.05
261.08
224.43
235
235
225
225
225
225
220
220
225
230
250
280
280
260
265
250
105
105
105
105
105
420
340
260
240
240
230
230
156.9
85
80
80
85
90
250
320
260
260
265
250
250
250
105
330
370
750
320
260
240
240
230
231.85
100
225
225
154.24
155.58
164.12
172.36
385
640
552.67
710
710
595
640
575
545
850
1295
760.31
526.45
245
245
235
233.21
227.43
85
225
225
225
230
270
280
300
290
275
265
255
255
250
255
285
265
255
245
240
235
90
90
90
90
85
154.19
154.69
156.48
225
230
230
235
95
95
95
95
95
105
110
110
212.63
100
95
95
90
90
220
220
220
220
220
220
151.59
90
220
220
235
235
235
235
235
245
250
270
270
240
235
235
230
90
85
80
80
80
85
85
95
115
115
115
115
115
265
275
285
115
115
660
360
115
240
240
235
90
90
90
90
90
90
90
180.06
420
440
330
320
300
290
290
300
310
460
450
360
270
161.98
161.98
121.17
50
170
225
225
225
225
85
85
85
125.28
127.55
125.98
128.23
134.05
132.82
138.45
143.12
148.42
162.33
216.18
265
250
105
95
90
208.7
190.96
213.82
209.15
208.7
213.19
217.35
348.64
375.71
331.46
333.47
309.09
110
188.56
237.58
217.83
152.26
179.96
137.53
130.75
129.94
135.26
136.79
115.29
90
85
85
85
225
90
105
305
295
285
229.5
195.06
110
110
110
110
110
110
110
110
255
250
245
235
240
235
80
80
80
80
80
90
90
90
250
250
250
250
250
250
250
100
100
100
100
100
239
236.45
235
240
90
90
60
60
190
194.66
202.93
211.79
236.26
236.76
240
240
210
210
220
147.43
149
136
135.21
250
90
90
185.97
160
140
140
152.99
172.59
178.08
122.58
196.88
220
230
213
209.78
200.63
189.5
188.37
187.41
185.21
176.33
157.05
162.2
160.1
163.52
162.92
209
160.7
35
15
10
146.46
143.32
148.93
172.11
165.25
162.61
164.99
163.96
161.67
157.89
156.93
151.9
176.11
172.78
170.38
164.15
165.4
165.47
161.6
177.13
190
190
190
190
80
80
90
90
90
95
167.16
230
230
225
225
220
245
245
240
230
240
240
95
90
80
80
80
80
80
80
90
90
95
255
234.46
226.13
218.95
214.11
210.62
242.27
242.89
240.41
226.25
218.09
211.23
235.43
235
197.19
194.58
194.93
194.6
194.9
210
220
90
100.09
97.02
81.72
101.7
251.96
218.11
222.79
237.81
272.72
275.42
189.36
182.41
165.55
90
90
90
80
170
179.63
184.93
183.87
183.18
182.28
195.84
200.14
204.23
205.92
216.82
211.27
221.01
222.97
223.68
245
275
270
95
95
95
90
81.37
68.64
70
70
70
70
40
40
180
70
80
230
177.65
230
230
230
230
230
260
260
250
230
230
240
240
200
200
200
200
200
200
200
200
220
220
230
231.72
234.22
230.62
230
230
234.86
267.68
269.05
250.83
215.77
206.4
213.81
224.62
180
182.76
180.2
181.2
187.21
154.64
130
130
0.37
0.62
6.71
-2.65
-22.6
-73.13
-95.66
-99.81
-19.23
-13.08
-20.56
-30.14
-30.54
-34.04
-16.05
-46.62
