170
170
170
170
170
170
170
0
-70
-70
170
170
170
170
0
170
270
661.94
691.99
680.62
206.79
80
80
80
-70
-30.81
-33.99
-27.24
-19.3
170
275.17
627.45
625.05
200.02
306.17
333.69
753.16
85
85
85
85
85
85
124.99
115.45
102.2
64.11
0
130
130
130
130
130
402.9
482.05
85
747.98
85
85
85
718.85
720
720
280
761.25
769.77
774.29
538.07
485.93
466.66
378.3
262.13
150
5
5
5
60
65
5
85
85
85
85
85
770.74
728.94
728.97
85
85
785.91
750
756.4
750
85
219.05
30
85
85
55
121.19
190
190
150
155
731.34
870.91
539.02
351.47
286.12
150
150
150
35
85
85
70.8
61.66
9.15
83.74
72.34
11.57
150
5
5
5
5
20
85
786.32
785.51
805.61
805.65
775.04
779.99
777.24
789.68
887.56
817.81
816.69
785.89
230
764.67
230
170
849.56
830.34
819.67
819.52
830.42
853.32
814.62
870.39
906.64
890.75
839.88
839.44
834.23
850
850
850
874.38
876.6
853.25
850
830
820
819.15
812.67
780.4
800
800
800
800
810.75
815.93
824.86
842.71
827.95
830.31
832.47
822.33
820.61
819.53
829.2
840.64
861.4
843.72
809.06
791.76
795.49
593.58
510.59
753.47
750
750
750
761.08
772.81
800
825
814.64
800
789.39
764.22
753.88
748.88
753.66
773.35
810.64
849.05
812.66
758.13
738.18
742.6
741.02
443.05
710.62
693.37
693.66
697.62
723.24
741.17
748.97
807.21
819.46
813.94
819.29
807.3
790.05
777.41
771.08
793.65
825.49
812.74
796.05
778.57
775
775
770.69
760.33
645.48
698.63
691.75
717.02
736.88
735.35
732.05
90
90
607.34
90
90
90
90
90
90
90
90
90
77.88
68.07
67.99
68.34
76.61
-70.47
-71.02
-72.19
-73.36
-71.7
-70
-70
-70
69.62
90
79.67
63.92
85.54
90
90
90
90
90
90
72.32
52.67
51.89
49.36
55.56
65.92
170
170
170
170
210
80
80
80
80
80
80
80
80
489.64
480.19
533.38
711.11
705.66
533.72
480.18
482.3
583.65
566.87
422.7
280.45
170
170
70
70
70
118.92
160.39
160.71
214.13
219.87
167.98
211.9
223.15
79.64
107.88
344.84
307.54
230.39
184.47
147.26
153.5
50.19
65.21
70
60
60
60
70
68.95
89.34
181.61
154.54
144.68
145.23
141.14
150.43
129.66
157.05
150.2
80
80
80
80
80
80
70
70
55
40
40
40
40
55
60
153.99
144.7
225.27
174.53
141.54
340
80
395.6
424.78
460.37
419.06
350
300
80
80
80
40
20
10
5
5
20
40
80
80
119.96
129
121.51
127.36
142.1
161.16
80
300
340
340
300
275
275
250
200
175
160
170
150
150.81
173.38
221.66
264.7
288.57
365.77
373.57
382.05
372.17
350.85
353.21
373.9
396.31
442.88
426.66
360.38
334.27
320.61
315.78
248.78
284.13
280
280
280
280
280
280
80
80
350
310
310
250
210
190
190
80
80
80
74.08
60.31
60
66.68
65.37
46.75
160
160
160
160
166.9
282.71
425.68
440.11
439.8
425.7
421.27
416.12
444.27
439.67
447.07
441.27
451.09
90
90
90
85.09
90
90
70
30
20
20
20
30
364.26
386.13
390.87
380.86
380.95
370.28
348.5
347.32
358.18
370
384.45
393.33
384.96
361.61
367.67
366.02
366.83
366.83
343.14
349.12
350
350
350
370
410
425
425
363.15
363.04
425
90
400
90
90
90
90
90
90
90
352.37
354.99
336.37
330
330
330
330
330
330
350
85
85
85
85
85
85
350
350
350
350
341.03
336.27
85
85
85
85
85
300
85
85
300
85
85
90
359.73
364.74
90
90
90
90
90
90
90
90
90
90
90
90
85
85
85
77.43
66.1
60.24
64.56
67.37
66.72
70.63
73.19
70.88
90
90
90
90
90
90
90
90
90
300
290
280
280
280
280
225
85
85
85
84.67
82.64
72
86.9
89.18
90
90
90
200
185
185
170
318.27
305.1
308.32
311.09
303.23
300.82
285
275
263.48
274.93
273.41
77.28
93.44
50
133.34
90
90
90
90
292.17
90
286.14
286.97
292.56
311.72
315.97
306.08
300.25
77.37
73.61
77.72
76.22
155
25
25
25
10
35
70
90
90
90
90
90
90
85.9
84.04
88.01
90
90
90
90
302.92
301.49
304.6
298.72
315.78
85
309.78
309.28
314.05
319.36
325
345.63
350.18
341.35
339.52
336.43
90
90
90
90
90
90
90
90
340.94
90
90
332.23
300
288.8
288.59
288.44
288.19
293.66
319.48
351.64
336.26
322.83
316.67
317.77
314.26
90
90
90
90
361.48
346.12
312.94
313.18
313.94
312.98
301.45
250
220
230
350
350
85
85
85
85
85
85
440
400.03
350.3
337.75
350
400
85
400
380
370
85
85
85
85
85
300
300
250
250
275
275
300
300
300
85
40
25
25
25
85
85
85
85
15
10
10
5
32.89
13.3
0
0
0
0
1.18
1.74
150
160
195
151.74
210
150
150
161.57
230.08
310
310
310
310
305.88
85
85
10
10
10
160
160
180
320
350
350
350
350
348.63
324.22
348.63
349.26
349.56
323.64
90
350
350
300.18
300.29
302.83
350
300
300
300
300
300
310
340
340
347.28
341.3
341.04
341.33
340
340
340
340
90
346.47
347.21
340
340
340
340
330
330
330
330
330
330
400
400
400
400
400
400
400
90
214.36
174.39
90
90
90
400
400
400
400
400
330
334.17
332.19
330
332.28
336.67
332.58
220
630
630
515.76
503.52
491.9
90
90
90
90
90
90
386.39
210.94
206.48
217.47
171.57
152.43
270
220
200
209.62
218.1
210.39
400
430
414.3
385.38
394.1
400
380
380
90
90
90
90
90
90
90
90
90
90
90
340
341.26
365.43
368.69
368.69
333.84
336.27
321.69
350.4
364.48
364.09
357.34
356.13
355
355
358.63
360
90
90
90
330
90
90
60
50
30
10
10
-30
-30
-30
10
180
200
210
210
80
50
80
80
67.4
75.69
63.37
73.67
80
80
310
230
270
319.44
322.86
326.37
340
350
351.49
350
350
350
80
80
175.87
208.97
236.43
200.22
265.76
80
80
80
80
80
80
85
310
310
310
310
310
340
352.24
357.93
357.75
366.87
363.61
365.87
371.61
366.91
368.36
368.91
388.82
394.8
408.24
378.37
358.45
358.45
327.43
340
340
367.76
368.15
368.15
342.96
354.32
378.46
380
380
380
380
380
360
360
85
85
85
85
85
85
85
85
360
355
350
350
349.56
353.65
359.23
366.31
384.87
402.49
400.83
400
400
384.81
381.03
90
214.47
232.65
180.57
90
90
355
360
364.89
345.33
365
360
360
360
360.96
370
380
400
400.56
400
400
392.49
370
365
348.12
95
95
95
385.5
95
176.85
230.72
198.77
202.97
300
300
300
300
95
95
95
115
115
115
445
445
430
430
425
430
115
115
115
115
115
115
115
95
370
370
365
365
365
370
376.72
379.7
387.65
373.07
375.11
95
85
85
85
85
85
95
388.87
385.27
379.86
375
370
360
365
365
365
365
365
375.19
385
450
470
470
465
465
455
450
445
440
445
465
480
460
450
377.16
375.88
430
385
380
377.66
381.86
386.06
388.14
390.6
404.29
588.65
422.1
418.3
415
415
400
390
383.34
375
420.72
420
523.29
385
387.25
378.02
365
380
375
370.3
375
380
385
390
415
427.31
422.59
427.02
410
400
483.9
400
370
363.41
95
95
95
95
95
95
95
90
90
377.06
379.26
385.2
386.67
90
90
90
90
90
90
90
90
90
90
90
90
90
90
90
90
90
90
90
90
90
90
90
90
90
90
90
90
90
400.01
390
90
90
90
90
90
387.89
373.03
360
361.03
362.65
362.06
350
90
206.22
195.31
198.44
300
325.55
358.97
365.69
90
359.52
350
350
350
350
350
334.97
90
350
90
90
90
270
270
350
340
250
240
240
250
340
340
340
340
350
350
350
340
340
340
90
90
90
90
90
90
315.98
315.57
336.73
350
350
350
350
350
370
392.33
90
90
90
90
90
374.87
373.6
370.18
90
90
90
90
90
90
372.17
359.12
336.4
322.59
330.05
337.21
357.21
373.88
371.07
375.42
394.52
90
90
90
90
90
90
90
116.82
145.78
172.62
190.28
103.85
90
90
90
85
85
85
85
90
90
85
85
85
85
382.26
377.11
110
110
110
95
110
125.37
222.51
313.74
310.82
283.74
321.81
321.81
85
85
85
85
85
420
440
370.28
377.08
371.22
365.02
363.83
384.68
387.74
387.29
380.83
374.72
379.59
375.53
364.62
366.07
425
425
333.43
337.31
341.6
335.95
343
346.97
349.13
351.99
359.3
100
100
100
100
100
100
60.06
46.63
40
352.59
100
420
410
100
100
90.87
99.2
90
85
85
85
85
95
95
94.17
88.82
87.08
85.69
91.5
250
250
250
350
354.89
369.03
363.26
357.95
95
95
95
75
70
1
1
1
1
1
20
75
20
75
85
85
1
1
1
11.07
41.71
175.72
189.49
97.36
83.68
90
79.52
45.96
21.73
21.05
28.61
30
85
65.57
120.75
354.32
370.27
375.11
374.14
105
367.45
368.21
365
105
105
379.11
105
105
105
105
90
336.32
335.53
335.46
90
90
105
105
105
385.74
400
400
400
368.37
377.13
379.47
372.13
367.52
375.39
392.49
346.05
350
331.33
300.14
170
90
90
90
90
335
335
105
105
105
105
105
105
105
105
105
88.07
76.33
81.68
98.28
90
90
90
90
90
80
80
80
80
80
90
90
90
90
90
90
272.99
318.65
90
340
340
340
340
366.22
364.8
357.79
352.23
90
90
120
120
120
120
120
120
120
120
120
181.32
346.89
343.7
339.66
329.9
330.69
289.91
293.07
315.13
120
120
116.17
68.52
29.37
65.34
110
-15
-15
-15
-15
180
180
320
320
304.75
297.41
296.87
291.29
285.77
285.65
285.87
330
120
120
115.14
107.73
118.09
120
115.38
115
160
173.65
192.84
206.12
204.59
220.27
278.37
300.45
305.64
310.45
310.36
309.84
305.92
300.06
300.02
301.58
110
110
110
110
110
110
110
100
100
100
100
100
100
90.79
103.15
108.02
83.31
71.7
63.37
70.69
66.92
70.98
70.51
71.53
63.3
74.57
91.82
86.07
79.26
103.53
230
90
93.12
35.74
170
180
180
180
320.18
120
120
120
120
120
320.46
330
330
330
120
130
130
120
120
330
330
307.12
307.49
307.11
100
100
324.45
212.54
214.66
179.05
149.56
114.5
81.91
90.87
81.7
88.05
133.07
205.21
232.88
254.59
334.6
130
130
130
323.49
323.68
323.41
321.36
323.2
326.89
328.87
130
130
334.55
130
130
130
130
130
130
130
130
172.32
190.94
147.89
130
130
130
130
100
100
100
100
100
100
110
120
120
120
120
120
120
120
120
165.2
167.76
157.87
122.16
120
120
120
120
110
120
300
300
300
300
300
300
300.23
140
135
120
115
115
135
125
115
115
140
135
120
125
130
115
120
286.75
279.08
281.28
281.53
289.39
290
115
115
110
115
115
125
120
93.39
72.65
69.96
56.67
63.18
140
130
125
120
115
198.67
270
105
105
256.36
105
295
218.82
199.22
196.46
200.71
188.19
163.47
161.16
148.4
140
140
130.26
131.83
136.14
181.61
141.93
140
305
290
280
267.39
263.37
276.25
285.92
287.53
120
120
120
120
141.02
158.46
140.46
144.16
186.86
128.75
101.59
99.89
95.45
125
125
130
120
115
115.84
105
105
105
105
125
130
140
140
140
140
286.55
276.45
280.83
286.98
266.51
274.54
290
290
305
290
288
275
276
230
229.68
223.59
229.08
235.22
235.78
260
285
295
140
140
140
140
140
140
177.91
215.97
229.49
235.82
273.04
140
140
270
240
290
280
270
250
250
265.69
130
120
120
110
110
120
130
110
182.35
233.62
250.62
254.31
264.41
270.67
261.18
127.26
120
85
107
116
115
103
109
102
101
109
139
140
135
137.27
131.44
126.16
106.82
106.54
106.84
114.96
116.13
128.24
125.27
129.34
131.37
132.38
260
105
87.78
118.73
120.75
125.51
110
110
110
220
95
105
105
105
95
19
110
120
22
105
115
105
110
75
122
121
120
113
119
112
116
124
144
145
145
146
146
150.46
174.77
157.66
155.14
179.18
199.97
270.26
242.86
260.56
266.61
222.67
235
230
230
245
255
265
298.87
239.81
279.33
276.98
270.53
261.61
254.1
253.81
207.73
189.95
290
300
185.91
330
295
310
305
260
210
206.94
198.96
200.68
208.62
240
305
330
335
330
320
325
143
255.35
251.32
143
143
310
143
142
266.71
325
280
250
240
128
235
245
255
270
250
310
310
310
310
310
310
310
310
310
144
310
145
310
270
310
310
300.45
200.14
186.9
187.43
187.65
187.75
220
264
144
143
144
144
144
144
144
144
143
134
143
143
143
270
265
252.88
195.88
248.2
218.71
210.08
208.47
210.35
215
225
225
230
250
250
250
260
220
116
195.45
118
120
136
265
250
230
209
117
189.65
190.34
190.34
185.13
120
120
102.77
72.81
69.08
79.6
79.75
78.72
64.56
-2.39
-12.83
-5
-12.82
-18.67
-25.65
4.94
0
0
0.4
0.11
-14.62
-15.07
-1.1
-6.66
-7.44
1.27
196.84
285
280
280
280
280
280
280
120
118
112
108
137.34
161.27
154.3
211.36
193.62
216.15
199.83
237
235
240
245
229
143
143.46
143
141
142
141
140.94
135.93
117.24
116.89
116
108
233
243
253.85
247.56
251.04
232.77
200.38
200
200
200
200
126
143
143
143
179.51
214.13
217.44
201.59
201.74
194.34
172.93
142.64
142.11
147.43
157.66
250
250
240
240
195
180
175
175
175
185.53
221.53
238.76
263.05
142
185.19
217.78
250.14
247.33
245.36
142
142
142
165.73
180.34
208.1
133
138
135
120
120
120
120
120
124
141
144
221.89
275.75
181.64
144
144
142
136
130
129
129
129
130
117
250
250
250
72
170
150
27
27
105
60
40
30
52.89
101.23
97.61
110.83
116.2
54.6
36
165
180
270
270
290
295
285
260
310
195
195
130
160
190
135
110
140
26.75
57.67
69.33
79.42
77.98
0
0
16.17
140
35
58
252.43
267.73
269.86
210
230
230
230
230
235.03
239.17
144
143
274.42
143
144
143
143
143
143
143
143
143
143
143
143
259.14
248.28
230
235
230
220
225
204.41
255
130
115
305
295
295
290
260.29
265
120
120
120
120
120
120
125
130
130
130
200.09
204.03
199.14
198.97
125
135
135
140
311.81
159.72
171.13
186.72
243.66
140
140
140
140
140
140
101.43
210.17
195.1
65.9
122.2
140
149.47
140
140
180
239.46
255.03
280.59
289.2
287.84
288.09
293.4
290.5
286.2
282.99
276.76
270
270.27
270
270.3
282.02
284.32
270
135
235
225
205
205
210
245
310
306.09
318.79
318.84
323.65
285.37
326.36
151.27
200.42
175.05
140.59
150.81
142.27
121.17
108.97
135.25
123.12
119.05
100
105
105
220
220
245
220.4
198.85
187.92
174.61
247.72
241.22
162.79
201.55
210.36
127.85
119
275
119
119
119
119
285
260
240
240
240
240
240
207.24
240.18
261.39
227.74
251.27
257.66
256.74
245.73
233.4
222.44
214.08
129
129
290
129
129
247.76
129
270
243.41
234.63
235.12
215.85
236.03
235.14
128
128
128
128
128
128
128
295
295
295
295
295
295
295
295
295
295
270
240
240
240
240
250
270
295
295
295
281.28
271.51
264.31
254.79
251.35
236.72
285
275
275
280
285
295
284.35
283.49
270
245
240
130
130
210.62
260
135
135
305
299.73
286.8
270.77
258.9
256.84
229.51
235.02
231.5
246.05
257.19
278.09
271.43
271.36
275
255
235
230
220
225
230
239
250
264
282.53
245.66
251.34
250.25
244.89
238.11
240
187.09
141
141
221.27
240
240
210.09
211.05
181.18
141
136
136
133
134
128
121
126
219.76
220
220
220
118
77.31
88.64
154.22
129.37
220
186.17
40
136
135
134
134
138
128
126
124
100
92
100
110
120
125
125
130
108.57
70
50
45
55
79.17
86.88
92.54
70
90
140
100
97.13
99.11
96.27
100.85
25
10
10
10
10
30
30.3
53.61
29.48
23.32
24.7
26.67
8.95
8.58
10
10
50
60
55
10
70
57.81
57
53.87
59
53
68
115
125
230
224.11
208.94
170.32
73.38
58
43.93
63.34
147.53
199.73
202.98
222.54
232.02
224.09
230.08
140
75
85
85
85
142.6
140
140
162.2
168.85
171.45
177.31
142.09
140
197.93
235.03
141.71
140
140
140
140
140
275
250
265
260
260
260
265
270
280
135
135
135
135
135
295
295
285
275
275
270
270
270
280
280
275
260
250
245
240
245
207.89
135
140
135
135
135
140
140
290
290
290
260
140
241.88
240.04
239.63
140
140
140
130
124
121
120
120
123
131
148.58
155.85
172.01
263.16
263.2
259.81
250.75
242.64
234.33
216.86
209.74
210.95
215.99
218.03
229.08
227.56
219.64
205.82
56.06
31.5
31.07
18.16
12
12
4
16.17
84.38
126.16
169.34
210
179.79
230
200
200
170
195.85
210
191.68
132
122
119
183.06
128
110
85
35
31.87
28.77
-6.35
16.75
5
76.19
112.08
141.13
105.17
29
52
61
74
96.04
180.66
185.8
128.19
124
118
112
196.17
207.61
207.19
210.48
210.82
215.74
260
260
280.62
270.85
274.25
275.64
261.66
261.63
260.71
260
250
250
250
250
141
164.52
182.34
145.28
102
101
92
85
230
255
320
290
290
246.93
245.67
247
142
142
140
124
122
138
186.37
201.19
220.32
221.14
206.5
188.62
112
101
92
85
93
240
142
142
265
265
265
265
254.53
252.76
252.76
240.83
272.99
276.9
276.68
275.81
265
265
251.94
255.67
65.54
200
-23
-23
-23
-9
165
40
35.95
122.43
109.28
112
56.51
4.65
-0.14
-21.6
-28.3
110.85
117
125
38
40
175
135
125
120
115
110
98
125
135
175.75
189.84
199.51
209.03
194.58
221.23
176.69
183.36
130
130
130
130
134.6
162.74
120.58
74.91
108.65
110
110
215
216.94
217.68
218.43
220.94
217.05
233.29
241.75
244.94
241.06
215.68
115
115
115
74.37
110
110
104.4
115
115
170
170
241
109
111
114
207.78
117
118
118
223.06
254
258
119
117
115
113
114
117
122
100
127
98
99
123
82
255
114
113
113
114
114
120
175.16
217.9
192.31
197.17
197.9
181.19
175.17
185.42
197.79
213.46
226.4
254
205.69
256.76
264.44
253.98
135
260
242.54
235.96
238.87
240.23
241.22
251.17
302.69
305.3
305.81
314.12
308.88
325
320
134
130
111.48
121.71
117
119
126
255.99
280
276.92
115
206.54
225
225
230
235
250
276.21
271.7
275.39
291.06
130
176.44
152.82
130
245
255
265
125
243.16
246.56
120
120
120
118
118
213.9
213.9
120
123
132
126
209.91
196.7
195.13
223.47
221.73
222.59
128.64
44.55
44.55
99.43
92.86
109.17
106.95
130.48
244.88
183.17
225
220
230.54
231.83
232.63
240.74
256.62
133
270
270
270
268.32
260
255.68
290
240
143.39
178.03
191.65
191.44
176.85
182.36
237.17
229.74
210
212.83
205.27
200.81
200.92
131
131
133
133
132
132
236.72
232.66
230.07
225.91
222.24
222.24
227.92
131
130
131
132
210
210
134
203.77
204.26
220
221.54
134
134
136
139
139
139
235.46
230.06
229.95
225.06
219.88
219.71
224.72
230.28
235.74
141
142
142
120
120
148.96
156.91
140.66
139
140
140
219.66
240.6
144
280.26
282.81
144
144
124
125.98
158.73
158
143.33
245.91
251.41
255.55
249.57
244.41
239.93
235
230
230
230
235
163.17
198.61
218.77
209.15
221.54
260.49
222.44
217.59
209.38
170.12
163.53
149.87
216.23
214.87
215.22
255
255
250
255
142
230
225
235
141
145
122
181.97
192.98
225.49
235.55
240.3
267.78
136
127
126
238.14
273.47
273.47
137
253.74
249.31
235.68
228.05
220
125
225
125
220.47
135
138
138
168.04
204.47
204.47
162.61
178.35
188.19
168.3
163.21
183.13
177.25
131.96
118.91
65
135
135
230.25
134
134
135
135
138
145
125
165.53
187.68
212.74
231.86
233.23
248.38
219.93
220.04
178.39
169.19
238.98
200.86
130
215.74
236.61
135
212.21
132
129
124
120
109
115
120
133.36
180.26
203.38
163.43
120.91
99.94
70
117
123
215
220
215
220
130
134
131
128
122
111
105
90
78
78
82
93
113
210
210.13
209.43
204.79
197.78
196.6
196.52
200.08
199.9
200
200
200
205.33
200
190
185
170
155
85
107
142
144
144
280
144
145
145
145
144
160.99
233.66
216.59
202.29
171.49
186.79
230
220
200
190
185
170
155
165
185
220
255
339.32
146
280
280
144
84
73.21
184.33
185.18
186.92
146.93
145.2
149.59
133
121
200
89
89
85
85
85
92
104
140
142
142
142
142
142
142
270
270
143
252.69
245.89
233.66
216.15
220.6
215.5
223.89
151.94
82
82
82
82
200
114
147
147
147
147
147
147
280
275
275
147
148
260
255
250
142
125
225
220
205
200
199.28
189.53
195.34
220.11
254.25
270.03
248.08
276.14
270.87
235.38
300
167.62
186.43
169.14
172.65
184.24
178.46
149.8
235
240
230
216.2
201.76
202.13
199.68
200.8
197.99
198.52
193.35
220.03
224.57
226.73
224.73
210.73
208.04
207.36
205.16
216.12
216.88
215.25
206.63
205.34
214.3
210.29
206.98
235
225
220
215
185
180
185
195
220
168.39
190.87
195.24
188.18
195.91
189.56
184.79
182.72
166.59
98
98
99
120.73
143.57
136.84
95
101
101
82.69
100
104
101
148
190.79
199.65
204.91
218.38
205.95
203.58
184.7
172.29
176.57
191.43
197.16
139.53
124
126
245
200
230
230
220
220
215
230
235
275
295
290
290
148
146
290
145
146
146
145
146
265
260
260
250
245
230
220
220
220
220
167.91
235.26
285
285
285
285
280
275
275
275
144
142
138
131
126
119
120
119
235
240
230
220
210
170
170
190
195
210
230
240
240
235
230
230
230
230
235
235
98
99
100
245
235
195
180
180
180
180
93
115
116
122
128
129
130
128
126
120
118
118
117
116
100
92
220
210
195
190
180
165
160
160
160
57
85
93
106.33
142.21
105
190
185
180
180
91
93
94
92
159.76
91
95
92
91
82
72
19
12
10
16
31
63
86
154.46
163.11
96
92
220
83
85
88
89
89
89
95
104
220
222
176.11
176.01
171.25
123.16
52
106
144
144
310
320
229.56
148
223.89
148
172.75
174.63
185.98
206.27
170.34
170.39
130
147.13
135.04
190.85
175.02
161.49
154.16
109.69
166.12
247
292.52
353.85
356.99
379.98
505.14
382.77
404.09
417.05
349.66
288.04
279.56
272.71
244.11
212.25
207.49
210
210
223
208
198
192
173
224
237
306
347
353
425
510
416.52
374.7
362.32
238.75
317
150
318
226.7
137
136
127
49
23
58.8
93.97
68.51
29.88
67.48
129.15
182.96
149.6
156.82
146.99
171.03
185.9
189.85
192.49
182.22
176.08
173.79
177.1
150
137
136
200
99
38
24
20
3
1
-9
79.29
145.96
179.98
133
272
272
267
255
253
248
109
129
268
69.22
122.61
113.8
98.35
45
215
58
43
40
19
20
28
53
233
182.2
116
253
233
212.65
176.05
140.84
188.78
68
215
61
62
67
170
170
180
180
160
160
160
160
160
160
47
63.16
105.2
128.32
71
180
180
180
45
110.29
178.4
173.05
170.32
160.05
148.15
161.92
157.89
160
180
160
160
160
160
158.42
155.1
80.05
177.14
170
170
160
-29
160
160
270
302.72
188.99
184.49
185.64
170.2
197.53
87
87
84
83
83
80
81
169.47
209.78
291.38
326.59
261.16
263.81
200.15
200.15
263.01
219.79
162.98
278
258.49
224.28
213.76
221.06
219.81
176.55
182.41
188.13
185.69
175.53
175
200
219.95
226.94
239.81
240
235
235
235
231.7
228.61
228.03
227.45
227.55
228.05
226.86
222.33
222.29
209.52
185
178.62
159.95
156.8
154.55
185
106
150
145
425
441.88
562.91
434.57
435.67
431.13
290
248.7
225.79
261.12
232.53
215.68
197.39
194.37
190
180
172.31
171.5
160.4
158.58
171.97
127.43
255
290.44
199.13
181.17
181.17
181.17
184.98
178.14
163.85
149.87
143.61
146.02
144.58
153.45
136.29
134.14
101
175
175
175
175
175
170
170
180
169.47
180
205
205
205
110
118.53
134.98
116.83
80
80
76
103
106
111
200
110
196.45
196.45
196.45
195.54
90
192.81
191
100
100
110
275
238.22
159.56
100
275
253.61
239.85
241.35
248.16
113
116
119
114
210
210
107
103
104
11
195
335
297.78
385
470
151
450
423.68
420.2
300
255.73
250.89
250.89
240
240
141
139
225
160
215
209.33
213.13
210.23
215
133
255
632.69
500
513.63
731.98
525.98
520.69
140
140
168.15
172.76
140
140
140
140
119
200
109
109
108
107
106
103
100
144
138
303.52
330.51
356.69
621.58
560.68
534.71
224.72
198.55
189.53
245
240
235
235
129
121
132.5
172.93
171.93
95
190
195
182.08
208.08
162.16
161.4
173.52
156.61
154.35
167.46
193.07
168.02
115
215
210
280
280
215
225
200
220
98
91
81
47
50.05
132.44
132.67
79.49
96.87
172.09
181.93
184.05
156.97
163.17
139.83
139.57
142.11
134.84
95.63
68.1
83.8
92.7
96
5
1.03
2.18
3.75
3.57
4.92
5
-19
69
100
79
111
109
101
50
50
50
73
71
107.3
103.32
136.79
215
63
98
88
70
36
7
6
26
30
91.37
130.85
154.72
178.34
177.09
171.24
170.5
149.8
149.8
210
210
210
210
210
210
210
205
200
185
165
165
215
200
139
206.86
230
240
240
240
260
268.05
270.21
270.02
267.78
262.92
243.28
226.1
213.47
108
104
125.23
131.06
110.51
110.54
205
91
37
153
152.8
154.04
154.84
162.42
156.26
157.02
161.19
162.51
189.76
182.9
194.71
196.04
175.78
175.78
167.63
157.29
157.16
105
100
96
96
103.87
169.18
179.72
126.5
122
161.13
160.57
157.28
161.74
157.44
151.93
123
249
248
248
250
249
251
243
235
235
235
230
230
115
129
295
455
440
475.44
518.12
444.43
328.37
322.7
312.17
293.86
298.16
298.58
315
241.58
236.52
233.9
223.05
235
230
210
205
205
230
245
270
305.24
302.36
311.73
308.8
140
140
141
141
135
127
126
245.66
190.33
203.46
205
200
255
260
265
260
260
260
270
275
275
237.04
232.09
222.87
279.06
285
280
214.71
207.8
189.52
190.22
275
275
270
265
265
270
260
255
250
245
245
250
265
257.35
228.9
202.32
215.96
216.78
207.12
212.05
208.78
202.27
211.25
202.7
206.36
223.02
246.43
290
265
225
225
186.67
225
225
175
123
136
406.54
400
400
400
400
395
390
360
350
139
289.24
253.46
226.51
215.47
218.03
221.73
191.11
250.13
210.98
206.17
197.21
177.69
265
244.9
262.86
281.77
341.06
345.27
324.67
317.91
346.26
365
325
315
295
290
268.84
248.21
257.34
252.85
268.26
227.65
197.6
194.91
252.64
210
260
375
405
390
450
460
420
440
375
355
345
350
335
295
280
280
290
224.35
255.32
265
220
220
220
220
270
144
147
156
150
151
150
154
147
172.91
171.31
167.59
176.61
176.53
174.02
176.47
168.13
148.31
110.56
195
186.94
183.3
226
232
115
148
245.02
246.03
259.79
271.12
270.31
239.81
136
284
164.12
149.19
157.17
129.3
116.74
103.48
108
97
185.8
108
101
95
86
162.52
230
235
245
120
125
136
112
111
107
105
107
109
112
109
107
74
108
105
83
80
70
40
55
11
71
50
86
89
107
108
121.57
95.59
99.07
104.32
109.85
77
83
83
245
215
260
250
190
238.25
169.85
162.29
170.58
192.42
189.67
275
140
150.71
186.34
193.77
204
290
147
149
147
148
147
140
133
130
138
118
204.23
182.47
172.78
166.69
167.46
193.84
220.99
255.53
285
290
290
290
282.85
271.72
249.97
250.2
218.78
217.49
140
131
133
129
225
260
232.2
182.62
190.58
197.33
183.25
187.05
224.59
280
280
220.17
220.22
221.07
290
290
285
214.28
142.21
167.37
161.59
173.71
178.5
260
260
365
228.55
206.19
182.4
182.9
162.51
173.58
133
161
152
155
155
155
309
242.31
235
235.52
243.67
250.37
243.58
230
230
230
250
220
250
240
230
225
225
235
255
162.6
152.64
155
155
155
155
218.97
213.1
207.35
204.76
201.49
197.24
154.89
170.42
163.58
182.92
117
228.9
199.42
194.96
98.75
98.61
162.63
29
83
104
116
138.61
149.13
149.82
130.48
105.5
73
72
73
68
73
73
54
195
195
195.48
181.58
159.14
159.29
133.4
58.2
144.48
27
70
94
101
195
111
180
180
180
180
180
175.64
172.39
180
180
184.95
180
180
170
165
165
138.53
166.39
121
139
143
220
450.48
154
360
220
220
220
220
295.99
295.71
220
220
210
208.59
195
102
172
172
171
167
181
216
146
290
901.68
951.74
1096.93
927.54
892.95
842.6
851.77
756.01
756.33
750.49
646.84
211.84
203.4
210
200
200
182.28
180
180
180
180
127
216.33
217.87
214.92
219.72
219.76
219.16
218.34
219.62
221.31
222.66
224.88
224.31
222.47
216.86
235
235
235
200
190
190
190
190
98
127
235
235
234.53
891.46
1095.46
709.44
705.32
650.24
595.14
407.83
385
360
310
225
220
221.78
215
265
255
245
232.83
183.7
193.1
263.04
155
161
265
265
253.86
246.39
237.39
232.6
238.87
231.21
255.03
232.45
224.93
199.76
265
254.99
230.85
230
220
205
185
180
180
190
195
245
245
155
280
156
151
245
134
245
245
245
245
231.88
225.95
221.13
220.36
205.35
195
190
180
180
180
180
189.3
195.44
201.7
215.76
229.39
215.12
208.78
197.21
121
122
123
137
135
136
135
140
131
127
123
115
200
200
200
210.85
140
142.47
385.81
550.28
1425
741.26
686.82
556.91
446.91
329.6
140
295.73
278.68
250
228.95
229.1
224.22
210
205
205
198.94
182.41
189.69
223.03
273.07
300
300
1095
1180
720
765
825
140
211.38
187.11
217.34
197.05
184.69
140
233.76
220
219
212.19
191.47
178.1
176.63
199.54
250
300
249.7
1146
140
1526
1241
1131
1132
239.54
239.01
239.03
237.73
236.89
233.6
233.65
334.7
230
205
196.04
190
180.44
180
195
215
159
265
156
715
1525
775
835
760
265
265
270
270
322.94
241.69
225.11
228.06
220
200.31
220
220
220
220
220
225
162
161
239.6
241.67
162
162
161
160
160
162
162
162
162
217.79
235
245
240
210
90
90
90
85
175
180
153.52
157.97
159.75
201.47
223.22
221.28
206.54
125
125
205
220
220
240
250
240
210.91
205
230
210
210
190
190
190
190
190
169.44
184.81
189.7
196.62
132.55
145.62
148.52
102.16
69.35
69
133
132
250
250
265
240
255
245
196.75
168
148.18
175.84
177.1
245
310
325
335
490
360
375
345
280
275
280
280
275
270
275
285
270
247
188.09
179.72
175.21
209.01
218.51
265
119
352
372
141
145
145
497
147
150
149
150
150
309
144
273
275
265
247
187.44
179.97
174.53
166.28
90
96
322
352
148
289
148
148
242.5
241.63
148
148
166.28
198.09
140
136
216.64
221.38
206.71
109
215
210
200
185
205
235
255
269.47
279.41
281.02
286.77
275
300
310
238.77
237.51
231.56
229.55
223.8
216.68
222.14
248.32
246.66
246.94
223.24
223.24
223.24
223.24
205.02
240
250
239.91
246.23
265
265
265
265
265
260
250
240
240
240
235
230
230
220
245.18
240.76
240.96
245.38
237.2
207.72
212.66
211.75
212.69
258.66
265
265
265
145
140
145
145
265
265
145
244.41
234.51
238.24
230
228.33
223.92
218.82
210
210
210
210
210
217.98
231.5
234.78
242.97
241.65
239.25
230.83
230.74
241.59
243.93
244.74
245.7
244.67
245.64
248.31
230
237.91
241.14
234.15
224.34
221.33
225.15
211.23
258.5
275
290
305
332.03
298.44
291.9
288.52
275.48
262.05
267.38
268.01
260.15
239.89
246.48
251.27
222.47
241.03
225.99
215.91
210
210
230
260
290
520
150
149
930
610
291.53
291.53
291.53
284.3
380
320
320
280
270
262.64
250
250.68
240.02
249.15
249.15
239.65
230
260
300
355
515
540
690
590
585
540
485
355
293.66
306.02
306.02
305.52
300.09
306.97
280.27
252.3
242.2
232.15
230
230
240
260
292.86
365
710
805
1248.4
863.62
788.72
750
735
620
585
320
420
280
285.95
283.15
263.68
270
255
245
240
240
250
280
350
480
835
905
1130
905
820
740
675
540
495
350
330
290
290
289.1
268.85
260.85
260
260
240
220
220
230
240
275
310
315
325
320
315
295
275.2
274.54
279.16
280.59
275.84
278.54
284.9
285.31
274.88
285
280
270
255
235
235
245
255
250.79
290
295
300
300
295
295
144
142
142
144
273.38
274.83
276.7
296.39
270.41
269.48
259.91
255.84
252.39
252.95
246.86
275.96
320.19
430
505
690
1855.03
1486.03
667.13
676.69
473.97
350.7
343.61
350
410
321.09
320.69
316.47
290.04
268.45
265.9
277.24
270.87
266.64
270.04
294.29
311.67
805
835
1070
1275
1545
1330
1310
405
379.48
384.58
378.31
368.17
364.91
358.09
354.97
340.35
260
242.37
240
230
230
250.21
279.2
305.96
405
585
705
850
775
735
675
390
152
152
234.19
258.57
253.78
283.26
280
260
215
175
160
150
150
190
305
338.86
156
246.93
251.97
242.97
234.9
256.83
250.76
233.07
203.62
202.79
156.16
146
139
127.65
122.78
85.19
66.87
52.92
51.46
63.66
59.22
56.81
61.56
28
76.3
148.29
180.07
160.61
210.76
106.76
63.6
107.93
127
116
111
86
58
140
140
43.72
82
48
42
33
33
13
7
44
118
150.74
186.75
198.17
189.01
168.44
134.2
128
131
134
134
136
140
280
155
133
125
54
39
106
94
200
156.45
200
210
127
135
136
130
235
230
225
230
240
245
240
240
255
265
240
290
261.63
208.68
205.47
203.53
255.34
265
120
156
156
159
159
159
158
158
155
155
155
156
156
295
320
310
280
280
231.71
209.16
204.96
206.64
237.72
248.24
322.2
155
155
155
231.28
250.57
177.75
340
330
155
263.57
258.42
253.61
249.01
296.16
295.18
238.39
215.31
206.34
197.88
195.71
211.4
238.22
249.2
299.04
323.37
161
221.89
272.66
267.91
213.32
211.11
174.69
198.48
207.33
212.61
161
253.26
256.78
254.16
213.23
133
123
117
118
115
120
147
128
162
160
160
160
160
350
326.06
278.43
160
160
159
253.69
251.7
254.38
220.56
194.18
235
106
215
210
210
215
295
315
270
290
197.96
221.28
213.04
214.34
118.52
104.86
92.08
118
88
225
225
107
122
191.37
94
180.05
14
9
9
160
199
208.75
239
104
198.61
223.01
185.5
66.31
100
84
98
105
94
188.54
236.53
238.57
234.63
228.99
215
165
150
-22
-12
150
-16
210
74
95
230
190.52
188.66
177.86
173.64
174.1
230
230
101
230
230
230
230
230
215
215
210
210
95
102
225
162
158
315
330
340
159
340
340
159
156
158
195.15
182.73
193.3
197.67
190.43
139.05
225
225
220
220
225
230
235
315
345
345
360
380
380
370
159
159
187.29
175.44
180.09
174.5
182.83
172.76
118.51
96.03
29.95
74.96
47.92
64.62
95
102
141.22
162.22
175.96
150.99
234.19
238.73
201.72
155.42
191.99
175.38
179.42
222.27
236.3
225.32
267.51
267.51
267.51
273.46
195.25
195
195
195
200
210
230
151
152
290
293.57
293.53
260.85
254.16
194.19
240.87
228.88
243.66
233.99
244.59
233.66
260
230
195
244
239
239
239
240
242
255
152
149
337
343
149
150
167.15
172.94
183.84
154.13
290
187.98
215.02
237.56
286
272
247
265
260
177
176
176
177
260
266
278
295.12
279.99
268.02
262.62
235.79
228.86
221
220
238
234
225
221
222
219
218
160
123
121
121
26
42
-21
120
121
121
120
250
240
220
200
200
235
260
255
250
270
250
250
118
220
220
161.99
190.84
191.32
196.7
245
235.48
255.11
263.37
266.59
273.84
301.25
289.76
289.47
246.56
170.53
172
174.61
229.61
250
273.8
241.3
240
128
122
123
122
123
123
143
168
168
168
166
166
171.63
210.86
224.97
209.73
239.87
259.64
201.88
260
250
240
232.59
230
79
31
70.91
125
125
81
161
247.83
213.19
168.54
168
171.5
217.36
226.14
210.98
161
155
160
127
107
165
274.71
227.02
128
171
124
124
123
134
200
271
208.83
168
167
295
294
281
278.38
272.88
288.02
287
256.07
249.44
249.32
261.9
257.17
246.7
151
263
268
265.95
262.48
262.48
262.95
270.67
292.77
168
166
167
276.06
166
250.81
271.81
262.86
243.33
243.33
245.77
254
274
150
148
133
146
220
200
200
200
200
225
238.49
239.35
254.38
286.64
300
230
220
200
200
200
240
253.29
248.05
248.71
249.71
244.24
226.12
69
205
160
160
160
170
170.93
225.16
231.81
236.46
250.09
258.94
263.49
262.78
273.18
268.93
265.69
255.88
255.88
259.89
265.65
265.87
244.34
237.6
234.51
231.47
229.67
229.64
219.17
237.32
285.01
319.8
304.83
312.28
325.83
308.38
281.76
304.14
309.99
306.99
300.42
274.65
250.44
176
176
146
136
112
146
142
136
136
136
295
310
325
256.96
216.22
216.22
216.22
213.55
224.32
265.88
257.61
258.97
259.03
256.28
256.17
265.8
262.59
275
270
240
240
240
240
240
250
260
290
285.95
280.05
287.21
295
278.3
272.17
278.06
291.61
290
290
290
285
295
285
265
265
137
136
136
135
133
248
271
275.76
290.63
300.23
290.75
290.73
290.73
290.7
290.08
291
285
164
160
165
291
284
267
248.41
215.96
232.44
230.57
230.45
232.35
251.24
247.05
278.06
295
295
295
295
282.75
274.57
254.39
246.95
223.2
222.98
251.03
274.76
280
275
240
210
130
85
125
127
129
130
132
134
240
255
206.41
213.64
220.91
187.12
141
140
142
147
250
240
240
235
235
235
230
230
220
220
130
130
136
138
139
140
139
138
136
135
135
135
136
137
235
245
250
250
235
230
170
190
190
190
190
281.74
227.47
177.46
216.12
256.3
255.59
253.41
252.13
253.61
252.87
254.98
253.97
255.18
325
169
217.44
214.62
151
146
285
254.97
251.01
253.59
255.7
253.23
304.18
310.23
287.84
255.47
252.55
251.46
251.58
251.76
264.59
276.79
268.06
257.24
255.88
275.42
293.29
287.24
260.34
221.15
215.42
215.7
215.72
135
215.98
294
292
239.2
215.09
249.07
231.48
233.85
221.57
332
216.24
221.57
243.51
266.43
272.69
277.68
283.61
283.61
224.95
221.22
238.61
128.15
165
160
160
220
275
244.93
249.75
246.98
247
245.25
243.48
244.36
244.46
202.95
225.67
243.31
243.17
315
281.14
237.2
254.47
250.24
225
225
225
225
225
235
260
280
280
253.2
251
213.45
219.85
211.9
221.78
226.28
162.49
265
270
275
280
161
237.61
228.83
140
130
230
225
225
235
250
245.99
263.89
274.21
268.39
263.89
275
222.91
245
240
244.22
252.42
254.34
272.19
155
265
155
155
265
260
260
255
255
210
220
180
200
218.13
215.66
180
180
180
-5
10.9
16.14
133.48
150
251.75
283.09
252.36
267.9
260.45
253.43
260
255
250
260
255
268.15
266.4
247.88
246.81
245.81
250
265
255.87
254.36
257.94
257.4
253.26
249.55
254.83
246.19
187.47
114
82
190
210
170
170
170
190
255
280
160
159
194.62
193.13
184.2
189.13
158
181.88
195.12
193.06
177.73
201.04
244.68
238.94
230
211.31
250
260
270
270
250
245
238.38
320.1
242.99
242.52
239.58
214.05
201.49
195.77
211.84
216.72
207.5
224.19
232.18
232.59
209.66
205.6
195.84
183.7
260
143
143
223.17
143
260
159
315
165
164
280
240.85
280
270
160
275
275
310
314
290.09
275.97
164
153
149
290
270
250
245
250
149
161
325
147
270
268.54
239.56
237.75
231.06
229.66
228.98
228.87
228.98
244.41
244.41
238.01
280
213.16
218.24
235.86
214.53
212.29
213.7
198.51
87
112.77
182.36
182.66
192.97
216.06
215.17
195.08
146.15
183.21
161.48
169.44
207.49
134
217.82
213.12
176.51
140.62
126
101
99
98
98
97
98
230
225
230
245
250
131
209.5
117
116
225
235
241.78
248.85
275
260
260
249.75
244.59
252.45
248.92
268.88
270
215.69
200.27
239.34
325
325
325
325
320
315
315
160
160
158
166
169
170
325
305
295
270
260
254.65
254.43
225.67
250.29
250
335
325
325
286.43
310
300
171
167
166
262.88
226.54
172
265.22
303.45
176
175
158
280
149
255
255
250
144
145
131
267.1
269.93
266.1
266.63
315
315
295
258.99
166.2
162
164
174
300
295
275
260
260
255
250
250
250
240
245
299
315
335.24
311.31
314
301
180
203.15
270.2
252.53
237.49
212.58
240.91
350
340
300
275
240
255
250
250
250
245
260
265
156
154
256.79
264.22
254.32
250.19
244.96
231.64
224.59
226.76
233.3
242.1
249.36
242.76
234.5
154
230.73
238.32
240
240
240
240
260
259.76
238.59
238.57
257.14
264.02
269.34
266.7
259.16
253.96
249.57
247.36
245.5
273.78
291.76
280.39
247.06
241.93
239.8
240
137
136
135
240
240
240
240
138
139
143
111
149
136
135
136
137
139
275
290
175
161
157
148
121
151
151
151
260
270
320
340
320
320
320
320
172
171
170
315
283.87
253.13
268.51
303.59
291.89
242.2
243.39
241.57
239.47
243.16
240
240
240
250
180
191
305
305
305
295
189
295
330
325
325
320
187
196
193
179
148
142
240
240
240
240
240
240
276.21
300.34
194
190
318.12
292.58
269.4
265.43
265
265
311.88
307.5
282.89
283.09
276.25
259.83
254
259.43
215
185
185
10
10
106
154
216.19
259.37
257.72
256.89
254.65
230.88
203.43
214.35
214.67
173
259.93
270.74
309.1
222.73
230.88
244.34
237.46
283.41
225.58
199.91
185
185
130
99
185.12
202.33
199.47
187.05
169.27
166.42
163.23
160.76
155.29
132.44
150.55
206.51
250.07
124.3
58
47
10
-49
-54
-58
185
185
185
225
188.87
235
236.03
239.09
163
157
120
46
38
21
89
134
161
265
187.9
216.16
230.41
-40
-40
-40
-40
-40
-40
-40
185
142
132
255
134
113
139
140
140
270
229.19
264.32
264.32
258.54
280
275
270
280.04
253.21
249.23
242.09
243.38
260.38
271.11
345.68
176.01
258.63
266.65
182.5
176
176
176
207.6
195.43
209.88
230.01
283.48
185.76
257.53
196.91
156
275
273.82
266.36
266.36
266.36
268.43
290
165
191
185
305
185
182
181
177
175
254.42
256.39
280.8
297.96
298.24
284.98
270.71
270.69
260
260
260
260
256.76
258.09
173
365
355
355
355.16
372.44
362.21
355
335
330
325
176
360
415
287.49
284.41
288.56
279.11
268.1
266.18
265.09
265.09
265.09
265.56
260.54
198
332.59
321.97
310.79
289.35
180
200
197
226.08
229.9
242.62
286.74
305.45
201
257.49
260.06
264.14
295
295
295
295
295
295
175
206.79
291.5
299.49
296.84
286.98
200
199
174
170
164
164
242.6
267.48
237.75
140
165.36
161.34
174
172
171
170
170
172
176
177
180
180
180
180
183.1
181.44
179
180
286
288.62
292.09
310.81
292
284
279
276
178
173
172
172
172
172
176
181
176.87
175.59
174
175
170
170
170
169.79
170.8
179.1
181.47
188.71
170.27
164.07
130.39
123.74
89.51
43.88
51.78
165.22
105
174
176
302.5
306.62
303.23
303.33
300.13
285.92
283.45
279.54
277.22
261
247.71
302.43
315.62
228.31
273.66
265
260
266.39
269.79
265.6
175
175
185
195
212
330
325
307.66
315
311.74
310.02
316.25
278.74
345
345
345
345
229.85
255.95
178
81
126
55
70
67
95
141
285
340
350
340
335
209
210
285.57
310
310
310
315
360
360
325
310
300
290
270
270
270
270
270
268.61
292.27
342.23
340.81
403.6
501.96
502.02
388.27
378.1
294.31
286.73
310
315
345
344.41
316.65
310
305
295
280
280
280
280
280
300
305
320
560
510
510
600
432.49
415.4
274.18
276.86
231.39
239.37
290.98
260.14
265.27
233.49
183.1
170
138
121
201
193
192
186
270
287
282.77
295.71
298.72
300.24
295.58
269.99
270
270
270
280
300
192
178
280
280
280
240
190
185
180
180
220
220
230
240
240
290
290
280
240
250
270
290
330
330
320
320
320
320
320
190
190
190
190
190
190
195
240.83
299.17
281.97
265.94
199
199
350
350
345
210
355
207
216.21
224.47
125.8
190
190
172
132
116
117
119
159
195.12
208.66
224.32
226.61
225
235.89
242.95
219.82
190
190
190
352
354
353
349
344
300
275.49
280.07
221.17
206.96
211.57
202.77
267.05
280.19
311.37
303.83
300.47
296.08
294.38
299.95
299.69
302.72
299.87
307.86
397.34
370
320
304.97
295.21
291.26
287.01
260
260
165
260
260
285
184
195
190
440
450
475
430
400
390
322.28
322.21
398.94
468.42
485
200
340
335
325
277.67
266.47
262.9
261.88
283.52
280
261.29
253.21
239.19
239.24
248.41
248.41
280.34
276.11
248.41
270.51
274.85
305
202.24
258.25
244.14
210.48
181.02
167
285
185
185
39.25
185
-9
139
168
166
170
290.31
282.84
290.13
290.1
294.38
254.26
298.3
257.76
254
149
177
154
149
149
171
202
192
192
182
190
177
181
179
250.34
256
211
190
190
190
190
204
247.66
250.99
240
24
21
-26
-55
36
185
185
185
215
195
265
279.38
224.39
205.66
194
189
226.89
276.36
311.53
294.38
307.32
303.95
294.74
304.41
273.66
259.7
284.78
298.8
302.75
310
300
270
300
270
295
279.5
281.17
279.84
278.77
286.24
186
280.59
277.2
275.76
287.88
305.66
302.56
291.82
280.65
278
270.21
265.82
184
179
178
177
178
180
182
231.69
289.86
292.66
295.47
291.16
288.75
280.53
320
290
290.27
331.57
411.55
295.34
280
270
260
280
275
275
280
172
176
190
200.06
232.41
247.84
243.38
243.38
286.27
295
295
294.43
284.69
248.03
277.57
297.35
298.48
254.23
217.17
251.48
219.42
173.37
173
172
172
176
190
198
210.65
240.52
256.81
282.46
279.72
276.56
272.15
269.74
271.66
292.86
297.36
269.25
263.83
246.47
203.43
222.66
204.69
178.57
130
127
126
125
127
180
185
188
183
189
185
250.93
182
175
185
186
198
189
177
176
157
150
270
63.89
-12.58
-23.59
-26.22
-25.63
-24.59
-28.24
-20.99
-23.61
26.38
72.08
153
96
200
210
185
310
285.36
286.64
284.67
284.97
285
285
210
46
51
105
119
119
109
123
151.95
249.01
235.77
232.38
257.19
252.58
285.56
287.02
288.72
292.74
320
209.12
230.5
238.79
225.04
127.58
181.51
180
163
163
163
280
182
280
212
214
210
206
251.54
285.88
304.23
291.65
292.19
294.87
319.57
207
245.24
232.96
122.97
135
130
178
290
290
290
290
192
206
214
355
314.44
298.65
298.65
298.65
283.1
283.16
284.09
353.05
344.86
326.66
331.32
303.26
313.44
296.52
287.79
305
275
275
275
275
315
280
370
310
308.88
308.86
309.95
310
310
310
308.75
310.96
523.35
530
310
200
280
280
280
189
270
270
270
270
270
290
399.89
337.72
323.4
310
307.55
304.38
303.45
303.29
307.26
309.51
310
310
310
269.2
250.98
280.64
279.63
166
111
102
95
95
95
104
125
176
187
189
189
271
240
240
246
273
315.34
313.83
303
290
280
280
240
183
184
37
36
31.31
21.17
-1.32
114.94
178.47
157
170
183
178
179
179
277
286
294
295
291
280
276
273
271
264.72
255.94
255.77
177
259.33
194
197
209
285.93
284.95
295
295
295
295
282.33
283.94
292.69
298.91
294.75
340
340
340
318.75
283.51
263.02
253.82
253.32
255.31
270
294
297
253.05
290.3
286.6
299.05
297.8
296.64
298.99
299.46
320.25
307.8
299.2
301.9
295
295
295
288
270
180
180
180
180
180
230
290.96
273.87
249.91
234.06
229.45
202.86
193
295.15
295.1
313.43
295.12
295
295
295
295
325
335
295
251.85
197.11
231.35
239.58
235
249
260
273.06
275.87
275.93
277.18
277.9
276.41
276.99
321.36
322.3
288.52
290.9
279.05
285
279
320
320
207
255
170
195
235
170
286.22
285.13
295.66
300
193
295
221.34
254.59
270.21
268.65
269.14
290.08
291.25
297.35
302.91
290.6
305.4
307.95
265.98
246.57
223.16
204.83
204.5
209.71
228.09
227.57
238.6
266.41
261.04
271.64
273.84
278.63
265.78
267.84
280.23
284.95
280.51
275.45
191
174
168
136
118
-70
-70
-70
-70
-70
-70
187
186
190
192
192
237
166
168
177
189.54
263.11
283
283
194
263
252
240
223
226.5
214.36
200.24
199.23
222.05
174
166
203
303.69
280.62
280.11
279
277.65
277.44
277.98
279.98
295
300.73
290
281.46
281.7
271.52
248.79
180.02
157
155
156
157
158
157
156
196
375
380
385
395
380
375
375
375
395
425
420
191
215.08
191.03
169
157
280
230
230
230
230
220
298.68
287.84
289.71
289.87
282.76
277.05
283.86
280.76
280.26
271.12
273.85
200
257.4
272.25
278.16
262.07
271.07
280.32
220
220
215
215
217.77
240
255
410
410
398.36
398.99
400.59
362.7
361.86
362.1
362.47
363.6
449.73
449.82
380
313.14
263.97
255.37
235
235
235
235
235
235
250
260
337
320
203
214.96
252.02
274.16
191
189
190
196
415.1
366
321.81
214.06
212.57
194.4
179.55
150
140
100
10
130
130
130
140
150
180
190
170
150
150
250
150
170
269.68
219.13
180.83
118.95
78.27
66.42
61.28
-65
-75
180
180
190
205
200
200
220
226.99
219.13
230.22
235
235
145
36.3
119.55
143.69
128.14
143.47
159.56
174.48
153.06
148.62
233.68
230
220
220
220
255
250
278.11
268.92
266.84
188
270.59
167.96
228.93
252.01
269.41
271.82
271.74
267.58
263.56
259.8
256.77
236.29
245.47
221
203.65
201.34
202.07
207.31
235.98
256.87
266.4
274.79
275.38
273.54
269.59
271.43
266.82
267.73
269.25
270.83
270.58
266.77
264.63
261.93
257.57
177
144
90
139
139
137
135
232.14
247.55
192
265.35
265.08
265.79
264.92
265.01
265.06
266.88
268.8
270.24
269.82
272.62
268.72
264.79
256.66
248.43
215.48
210.24
210.52
207.31
210.02
210.66
243.66
258.24
366.08
276
274
272
271
339
381
302
274
379.52
416.09
410.52
370.13
230.66
241.29
126.38
137.56
123
112.45
69.52
79.85
89.95
125.89
175
193
272
269
270
269
194.72
222.93
223.7
234.24
241.11
236.36
235.21
192.2
245.18
148.57
111.45
4.67
185
185
185.11
185.21
188.42
184.46
181.55
189.32
229.69
261.22
196.57
227.1
213.49
147.24
250
290.44
276.73
284.35
286.19
283.43
271.49
266.69
266.12
265.02
250.06
220
195
210
240
164
133
143
151.47
218.34
102.61
236.76
190.33
78.98
60.12
87.93
108.94
141.37
257.46
227.54
179.91
134
140
116
180
180
-26
-44
-12
17.41
179.22
193
280.84
299.22
300
300
300
300
195
195
195
195
196.03
237.52
252.67
247.65
252.15
190.08
235
201.92
192.98
215
230
250
272.22
268.95
271.04
350
337.99
371.82
376.43
337.23
331.81
326.44
391.64
486.4
486.21
416.32
191
258.37
251.12
250
235
230
225
225
235
245
275
318.5
370.8
370
370
370
345
355
355
320
380.67
450.2
334.33
366.14
271.62
269.66
261.18
239.68
250
240
240
235
240
137
199.92
244.61
203.42
216.72
218.7
213.38
209.32
210.11
219.31
219.31
194.8
274.09
267.16
259.53
255.69
253.94
297
295.49
220
166.58
140.54
136.83
139.8
-57.65
181.46
187.43
294.52
198
365
375
350
290.13
310
184
259.58
189
310
260
245.14
240
230
230
182.67
179.63
179.08
179.37
99.63
114.11
180
240
285
288.07
298.12
331.22
305.85
262.69
255.03
236.83
280
290
290
245
255
250
210
190
180
180
180
180
180
180
180
0
0
0
0
-4.2
0
0
0
0
0
295
295
165
0
0
0
0
111.84
4.96
4.64
180
180
230
306.4
249.25
251.25
271.42
208.16
220.5
201.24
206.36
211.67
236.37
236.37
236.37
231.82
231.82
247.57
243.52
231.92
217.29
196.78
210
210
210
207.25
227.32
259.59
300
290
320
305
300
300
300
300
299.97
299.44
309.68
265.77
257.57
250.41
246.2
239.77
213.06
153.55
190
185
74.56
74.79
106.43
200.57
185.84
254.31
227.16
253.14
227.16
208.21
228.15
242.59
250.36
253.15
252.76
248.49
244.84
240.28
237.8
228.76
208.15
136.89
129
126
236
241
249
231
242
249.54
244.3
244.26
243.23
241.64
241.36
242.57
244.65
245.25
207.79
228.45
238.09
233.37
225.69
200.98
134.07
134
122
119
139.51
154.47
173.34
187.68
175
238.31
250.66
234.65
238.98
233.62
236.6
231.68
234.27
236.66
236.25
232.61
227.87
206.44
206.44
204.46
176.84
149.21
124
195.06
185.54
185.47
192.86
192.32
127
240
140
148.21
198.26
196.58
207.59
240.22
217.02
225.19
232.78
229.67
150
141
100
115.08
83.37
66.99
33.54
1.52
32.49
34
10
-1
175
201.98
193.32
222.88
235.98
226.05
224.22
227.08
221.91
225
142
140
140
135
131
129
117
172
172
172
172
175
177
177
235
235.94
236.88
240
270
268.64
243.2
245.1
248.01
268.06
269.56
250
250
245
245
155
133
116
125
126
126
131
138
141
168
247.5
249.49
249.71
248.18
241.94
239.77
239.57
241.39
249.48
255.13
244.18
238.74
229.65
223.82
159.49
116
96
61.16
66.5
24.36
-3.91
-6
-8.12
4.57
19.51
26.56
28.16
-0.83
-7.85
2.6
7.39
15.87
-27.8
-25.36
-31.08
6.53
-2.75
7.68
20.47
6.84
141.52
-16
-68
-48.4
-41.67
-49.55
-43.49
-46.75
-25.26
-22.76
0.61
37.36
1.97
-37.63
-56.48
-64
14
149.96
140.3
142.23
136.17
139.91
122.95
91.89
79.73
-11.9
-23
-70
-25
-19
-17
-16
200
215
250
108
139.5
92.25
2.27
53
96
113
112
97
98
142.4
157.47
185
36
-12.97
-39.9
-40.99
-38.43
-28.39
-14.86
-14.86
22.04
143.52
89
108
99
67.21
60.34
70.85
26.29
100.57
91.02
82.32
56.89
57
57.86
3.27
-11.02
38.48
188
198
212
238
238
257
260
280
232.89
236.26
228.77
201.67
202.42
230.48
135
158.75
173.5
169.21
152.58
148.5
146.39
101.23
205
194
204
207
216
260
253
87
195.27
212.47
211.6
214.52
214.52
128
131
143.38
204.56
227.1
225.28
219.32
200.4
229.54
229.53
185.89
126
119.98
142.06
142.38
145.66
150.52
140.44
201.47
208.91
206.86
214.72
226.25
207.62
204.85
220.4
222.06
228.93
231.11
229.97
228.11
218.65
214.48
211.24
139
121
200
92
85
200
125
121
129
138
144
217.49
219.13
215.84
211.74
211.58
215.02
221.44
226.75
220.79
164.32
133
131
128
129
245
240
240
220
123
127
114
108
140.65
151.69
173.13
180.44
183.52
225
225
225
245
249.41
240.75
239.38
225.08
225
225
225
