180
182.76
180.2
181.2
187.21
154.64
130
130
0.37
0.62
6.71
-2.65
-22.6
-73.13
-95.66
-99.81
-19.23
-13.08
-20.56
-30.14
-30.54
-34.04
-16.05
-46.62
-126.26
-160.4
-134.46
-284.32
45.84
-82.94
138.1
148.17
100
100
100
100
100
110.5
189.15
196.87
179.15
100
700
100
100
100
265
250
240
240
240
240
240
110
110
390
430
435.38
342.04
294.34
288.78
280
280
300
275.19
420
320
110
110
151.44
159.85
163.93
170.74
235
235
235
235
235
240
280
355
400
415
350
320
295
280
280
350
350
340
275
260
255
176.26
240
105
100
100
100
100
100
100
100
100
245
105
105
105
105
105
115
265
115
270
115
105
105
105
100
230
220
220
215
70
65
50
50
215
215
235
240
240
235
225
225
235
250
245
245
240
240
240
240
230
230
230
230
230
230
179.35
280
100
100
100
100
100
270
270
100
100
100
100
100
104.81
132.87
136.43
144.12
131.93
105.03
90
90
90
87.84
84.64
91.19
105
105
105
105
105
265
105
119.69
141.94
168.6
145.87
111.57
115.59
125.04
135.22
142.11
90
90
90
90
90
90
100
100
100
270
241.76
210.23
189.99
200.65
232.61
100
100
100
100
100
100
250
245
240
240
240
235
235
235
240
250
260
260
260
260
250
250
250
250
250
260
260
250
250
100
100
100
100
95
95
95
95
95
100
100
250
235.84
213.41
194.5
181.5
196.87
214.92
219.3
215.32
250
250
250
100
240
100
100
100
100
95
90
90
90
90
90
95
95
240
240
245
240
240
240
245
250
100
100
100
100
100
100
100
235
203.96
178.09
178.65
174.5
169.74
167.03
158.04
156.45
161.72
172.06
168.72
220.23
235
235
230
235
285
105
141.75
146.45
148.99
149.48
139.91
162.36
160.68
230
159.88
230
230
240
250
250
250
250
250
250
250
250
250
250
255
250
105
100
100
100
95
235
230
230
230
230
235
100
100
100
245
235.04
192.88
189.61
197.96
209.9
207.99
245
250
245
245
240
240
240
235
235
90
230
161.1
230
95
240
310
255
250
250
245
222.07
198.8
190.75
217.02
255
265
250
245
100
100
240
235
95
90
90
230
230
95
100
100
100
100
100
100
100
132.13
141.6
153.1
106.34
100
100
100
100
95
95
90
235
230
225
199.12
184.93
186.87
215.47
327.69
195.54
198.86
197.85
177.15
178.51
208.92
245
245
245
115
105
105
100
100
100
95
90
90
225
225
225
225
225
215
240
240
240
240
240
240
240
240
95
95
95
171.44
240
230
230
230
210
139.3
45
45
35
40
65
10
210
220
90
117.24
133.91
142.19
136.98
125.56
140.97
141.95
137.27
133.29
129.45
112.81
112.42
85
80
128.92
60
60
60
68.97
96.56
122.95
107.88
145.99
134.35
138.26
139.18
150.23
150.3
100
100
240
240
240
240
240
219.24
204.04
175.77
159.14
156.44
190.93
205.28
200.52
228.15
110
168.53
158.95
143.21
143.18
141.86
150.21
168.01
175.31
169.12
105
105
105
100
100
100
95
109.42
111.97
113.19
96.4
96.05
102.4
93.23
173.99
137.73
175.68
250
250
250
206.83
208.79
220.71
214.59
222.5
231.03
220.57
250
239.57
208.83
194.59
90
80
80
80
80
210
220
260
270
255.51
225.45
237.91
225.89
223.64
218.22
216.7
206.69
270
138.71
125.6
131.35
172.22
168.65
230
142.92
168.68
178.58
168.89
157.94
150
230
260
120
120
120
120
120
120
400
400
400
400
400
400
100
100
100
100
240
192.05
182.12
165.87
60
60
70
90
100
96.25
110.5
126.69
144.86
100
100
213.24
187.5
194.19
100
100
100
90
90
90
83.94
69.81
22.33
28.71
30
170
170
230
230
240
240
240
240
240
240
240
240
260
220.49
228.7
170
174.78
176.2
180.34
90
100.11
92.81
75.98
79.76
87.32
125.95
133.89
217.43
205.76
196.42
188.29
155.87
128.01
118.6
118.94
112.52
103.26
108.79
102.59
250
216.27
196.56
201.52
186.52
181.57
173.82
170.06
180
210
202.13
217.66
90
96.32
123.03
119.25
111.41
117.55
126.28
140.13
120.39
140.44
100
111.85
119.43
114.42
91.2
92.53
63.46
1
1
20
40
150.6
226.32
236.05
227.27
270
100
100
117
118.1
123.65
115.27
80.39
70.99
68.23
77.39
92.42
105
107.81
135.47
220
220
204
202.26
202.1
208.82
284.31
270
260
100
250
250
250
250
250
100
100
100
250
250
250
240
240
240
220
80
90.24
103.1
82.05
81.23
96.79
69.24
75.52
80.13
94.27
100
162.47
159.12
133.08
147.42
161.75
149.62
141.15
153.24
149.13
121.96
121.29
90
90
90
90
90
90
90
90
80
80
80
93.89
111.62
108.73
106.33
106.26
108.95
112.34
100
100
100
100
220
220
220
100
100.51
100.88
99.84
99.86
99.98
100
210
220
220
230
230
225.1
194.91
206.53
230
230
240
240
230
210.7
191.15
173.39
166.15
164.78
171.64
173.77
131.83
70
80.79
82.09
104.86
113.77
113.95
113.57
114.19
119.1
123.83
123.3
117.5
117.67
173.41
231.64
217.88
217.84
230
225
174.83
162.81
149.11
142.35
171.3
200
210
210
230.83
212.57
202.48
199.3
189.21
190.83
191.68
188.05
177.79
173.03
185.06
166.38
235
220.71
180.76
184.37
172.58
148.49
132.76
135.72
157.72
151.19
158.44
168.5
184.12
178.63
172.42
175.85
176.95
175.79
181.08
195
195
195
195
195
180.37
163.92
178.46
169.1
162.34
70
60
60
60
65
65
75
75
95
95
98.11
115.64
95.05
110.53
141.23
143.51
131.79
131.54
95
90
90
90
85
180
180
172.01
178.39
180
180
190
195
210
210
200
90
85
88.69
115.28
110.07
116.65
177.44
163.65
178.83
179.22
174.05
195
70
70
180
180
170
109.01
150
160
40
60
50
88.41
95.57
83.16
80
80
82.68
95.29
105.48
112.88
118.53
123.04
118.43
113.63
113.63
118.43
140.49
129.04
126.29
125.78
125.37
130.78
132.55
142.43
143.52
150.7
158.72
160
160
160
160
60
60
200
200
200
200
70
190
180
162.88
164.22
158.87
157.33
160.26
169.83
170.96
180.21
179.32
179.17
177.15
165.24
161.41
210
210
80
95.78
110.99
146.44
107.96
105.53
106.82
131.01
122.78
133.34
174.54
142.36
135.63
138.68
155.43
171.33
210
90
90
92.32
102.1
108.06
105.08
106.72
103.99
103.49
105.72
118.39
118.39
94.15
80
200
200
210
200
200
200
200
210
220
245
245
240
187.74
170.72
163.78
230
230
230
230
180.18
173.06
175.44
186.49
199.03
198.84
192.33
200
142.8
70
70
144.1
70
75
207.6
100
100
181.05
100
149.01
168.85
154.77
145.8
151.04
195.59
193.14
167.47
220
217.73
190.64
186.76
162.1
172.25
170.05
171.39
172.61
176.67
187.26
208.76
197.69
201.51
201.16
179.4
167.18
152.81
151
151
215
220
220
215
148.66
80
70
65
70
65
60
60
60
65
65
70
75
75
195
195
195
195
70
70
75
85
80
75
70
70
70
65
170
170
170
170
170
170
170
170
170
170
180
190
190
60
86.75
118.84
108.23
125.8
128.43
113.08
111.56
111.89
117.59
114.9
70
60
60
60
70
70
80
270
240
215.76
161.79
160.39
199.7
220
220
220
220
220
230
112.24
220
80
80
89.72
133.88
200
200
200
210
90
90
100
100
100
204.48
191.51
217.41
228.39
220
220
220
203.19
206.94
202.49
195.84
193.24
187.6
203.76
75
75
210
210
75
75
80
245
100
100
100
160.09
100
106.96
129.41
126.02
136.84
139.57
235
225
220
220
220
215
180
180
180
180
180
180
210
259.81
300
250
240
100
100
100
90
90
90
240
240
230
220
220
75
75
75
70
137.46
180
180
180
215
240
100
230
230
90
85
85
80
80
80
85
85
220
220
215
215
139.57
137.89
132.74
130.43
129.36
180
180
180
205
210
144.01
75
75
75
80.68
115.1
190
190
199.73
198.39
190
75
75
190
190
172.23
159.46
159.4
109.68
142.91
145.98
158.45
136.7
158.52
159.19
136.36
147.42
142.97
126.01
123.93
132.51
133.89
166.94
184.11
189.05
190
190
190
190
195
195
195
195
195
195
250
230
230
230
230
230
90
90
90
210
181.84
176.72
183.55
169.79
80
80
70
195
137.2
195
195
195
195
195
210
225
228.25
180.26
183.24
181.34
85
110.61
132.2
151.06
204.56
194.14
200.27
199.91
150.4
75
97.78
90.5
184.15
167.56
174.41
169.48
164.99
156.01
155.18
176.23
179.85
174.74
160.97
171.33
174.45
176.64
80
80
87.14
117.99
134.75
158.01
142.4
128.24
144.25
107.72
121.32
68.06
92.21
100.77
102.41
121.6
110.18
123.89
126.88
122.45
125.31
112.16
90
90
90
90
90
100
100
235
188.92
170.12
167.43
161.58
70
70
200
137.43
139.69
136.14
70
180.08
100
100
100
100
100
91.92
101.08
95.67
94.95
100.64
140.28
160.45
88.01
80
80
210
70
210
200
200
200
200
200
200
70
80
80
210
210
173.92
171.94
174.69
174.76
189.79
200.08
189.11
187.04
184.39
183.78
183.85
207.53
205
205
200
200
187.17
173.21
169.54
174.79
180.2
180.59
180.54
184.05
155.31
179.86
180.31
184.35
182.07
220
80
75
75
75
70
200
169.87
163.31
154.06
184.71
190
210
220
90
90
90
90
90
90
90
90
149.72
90
90
90
99.89
136.39
119.3
114.77
60
60
180
180
180
190
220
100
90
90
90
210
80
89.29
103.37
106.93
109.02
112.38
125.32
125.32
125.32
106.66
108.31
111.09
105.94
80.17
80.78
85.5
85.5
92.83
101.39
114.88
116.04
134.77
137.41
135.37
134.89
131.8
130.83
133.92
136.67
124.12
126.65
116.25
111.21
117.22
130.3
120.37
81.03
60
60
60
60
175
177.29
168.82
179.47
195
80
80
80
80
99.32
107.58
105.54
115.92
119.02
120.33
120.3
120.24
125.14
125.14
135.01
175
60
60
60
65
75
85
85
80
80
80
195
169.6
160.35
138.71
195
195
145.19
80
80
79.94
97.83
92.78
70.81
76.42
76.66
74.1
71.75
72.29
66.61
75.62
85
102.74
100.55
104.6
108.37
107.22
104.77
60
200
162.28
149.07
171.88
162.02
164.15
171.5
169.93
174.81
141.51
145.84
145.78
124.46
130.67
127.64
121.11
126.18
128.27
130.61
131.97
130.67
133.84
130.39
127.16
168.93
200
75
96.47
89.41
88.37
84.68
60
60
45
165
165
165
163.28
182.53
166.38
168.8
173.53
182.73
184.25
156.22
151.05
170.13
165.98
163.14
170.78
173.16
169.26
169.98
205
200
195
205
200
200
200
60
65
92.77
109.29
115.81
109.43
110.6
111.19
110.31
109.22
108.73
109.54
110.01
110.58
112.04
142
148.15
89.89
75
65
149.12
167.76
170
157.46
148.5
156.84
210
225
230
90
80
80
75
215
215
215
215
225
115
265
105
105
90
70
79.02
129.64
134.53
134.78
136.53
140.03
137.1
182.34
216.05
178.11
140.75
149.71
149.71
75
75
75
75
83.73
108.73
161.99
75
75
75
75
104.15
131.88
134.12
134.16
136.6
130.94
80
80
230
80
80
80
75
75
75
76.62
83.96
82.61
75
76.33
84.18
84.51
83.52
75
93.2
101.34
70
70
108.4
131.73
119.25
117.69
95.91
70
70
175
170.28
156.33
157.42
151.98
131.25
163.8
70
70
70
70
70
70
131.49
128.57
200
200
200
200
127.28
70
200
200
200
200
75
129.11
123.05
80
84.1
112.64
120.83
127.52
104.53
115.94
119.45
119.45
105.03
105.03
105.03
105.03
96.28
87.95
106.07
106.31
113.84
108.46
101.87
80
220
210
210
210
210
210
80
70
70
200
200
190
195
195
195
195
195
119.46
103.97
97.81
109.98
106.56
125.1
140.18
131.95
116.87
130.1
115.44
111.68
110.8
105.22
132.55
114.67
116.13
122.71
110.4
55
55
50
122.02
124.2
50
119.89
113.55
143.12
111.78
112.08
114.33
112.43
114.83
115.03
105.21
92.7
94.03
96.83
107.19
101.94
100.94
105.24
65.08
122.77
156.33
158
160.6
163.34
166.14
167.99
144.55
146.18
143.31
143.15
140.88
139.33
138.76
137.53
136.01
135.35
152
156.05
160.06
140.67
139.57
135.28
131.92
170
60
60
62.83
80.91
89.68
97.33
110.89
120.54
120.54
120.54
142.41
139.19
200
200
200
200
80
200
200
200
200
70
70
129.79
60
60
60
60
60
180
180
190
70
70
70
70
190
190
190
190
190
190
190
190
180
180
180
180
180
180
180
180
180
60
126.02
60
60
60
60
60
60
60
60
60
75.26
110.76
147.46
190
190
180
180
60
60
60
60
60
60
80
80
105
105
105
105
80
143.04
80
80
80
80
95
80
210
200
200
190
170
190
127.49
60
60
60
94.11
90.22
105
105
105
105
90
90
108.58
110.49
109.42
114.76
103.31
90
90
90
80
60
170
190
190
190
190
190
80
80
80
105
260
400
90
90
90
90
90
90
90
90
60
60
60
60
60
60
60
60
60
60
60
60
60
103.18
113.6
115.2
109.38
108.95
110.78
105.96
94.8
60
60
180
180
180
134.42
130.7
175
175
60
60
60
60
60
60
60
73.92
101.15
101.15
96.33
91.51
91.51
96.33
82.9
60
60
60
60
60
60
60
60
60
60
60
60
60
60
60
180
169.89
133.37
128.3
125.39
175
175
175
175
175
175
180
180
180
180
180
195
60
60
50
50
50
185
40
45
50
65
55
50
110.24
122.51
131
112.2
112.61
45
62.94
91.12
132.51
210
195
195
190
45
45
45
190
190
190
40
117.32
220
195
182.77
143.57
137.88
141.3
133.99
45
55
60
195
195
220
195
195
195
195
195
195
270
270
220
85
80
80
146.46
210
210
210
210
70
70
70
70
204.48
182.29
152.93
144.07
25
55
55
55
60
60
65
100
75
200
200
200
195
195
195
65
60
60
73.09
80.15
96.37
200
200
195
60
55
175
175
175
190
80
80
80
80
75
70
70
65
65
65
65
65
65
65
90
280
275
60
81.48
80.49
94.16
97.11
175
195
210
90
90
90
90
90
80
80
80
80
81.4
81.89
97.15
88.89
79.32
82.12
88.21
90.4
69.46
60
55
55
55
175
180
130.69
185
230
250
90
92.06
101.2
92.44
77.19
73.64
92.94
94.25
82.91
98.92
180
180
180
195
195
195
195
195
195
60
60
60
65
65
65
65
82.1
81.04
84.81
89.11
94.05
92.69
91.16
106.8
195
65
65
60
126.63
195
195
195
195
154.75
142.69
100
110
110
110
110
110
119.57
130.64
131.13
106.74
108.27
108.69
110.55
100
415
230
235
200
195
195
200
230
275
310
520
540
100
100
100
103.98
107.6
108.17
103.62
102.44
101.39
101.53
101.54
103.88
100
90
70
65
65
65
65
195
215
250
207.62
75
330
320
205
205
205
200
200
200
200
75
85
100
240
220
240
160
158.48
160.12
160.73
173.23
110
110
110
390
380
380
310
265.04
210.23
134.26
130.36
190.48
171.48
240
198.52
319.38
186.36
179.43
210
210
70
70
70
230
270
300
350
380
310.34
346.69
261.61
110
80
80
80
110
129.49
122.27
110
110
110
95
205
220
215
215
215
215
215
225
245
250
344.1
331.92
232.52
235.98
209.15
202.09
198.76
190.43
240.79
255
265
245
70
55
93.8
88.39
75.98
80.08
83.23
81.67
50
50
55
60
60
60
60
60.8
83.04
88.15
93.71
101.94
108.52
130.88
80
80
80
60
60
60
55
55
60
65
205
305
280
310
360
485
355
345
270
235
240
240
235
230
270
275
230
200
210
210
210
210
210
210
240
400
400
152.02
131.56
121.81
121.81
121.81
121.81
111.06
100
100
100
100
100
260
207.16
195.09
155.23
145.21
210
210
220
225
225
245
330
325
325
325
315
267.76
266.36
164.12
230
240
235
230
240
260
235
230
195
133.55
132.72
133.2
135.7
143.36
100
260
295
295
350
440
293.03
239.51
233.02
215.78
230
230
100
100
100
230
230
230
180
180
180
180
180
190
190
300
90
90
302.01
403.37
340
270
200
136.53
134.71
200
200
70
70
70
70
65
60
65
50
50
50
50
50
55
85
90
90
90
90
225
220
90
90
90
90
90
60
205
200
195
150
150
150
150
150
150
150
150
170
190
60
210
80
60
50
50
50
80
80
80
70
200
200
200
160
160
50
50
50
60
70
80
90.39
97
84.38
98.88
102.39
111.36
111.93
109.29
109.4
107.05
106.02
120.5
182.37
250
240
210
180
170
170
170
170
180
200
300
80
330
330
200
200
200
193.22
200
200
175.6
174.1
171.62
168.07
172.35
168.87
158.18
170
70
60
60
60
90
90
90
90
90
99.2
104.71
107.53
310
310
270
270
223.53
217.19
270
280
290
290
270
185
35
35
35
40
50
75
325
105
105
105
105
330
315
310
270
105
105
105
105
105
105
105
50
180
180
160
160
160
160
180
250
200
200
200
198.74
186.42
181.22
174.24
179.46
169.18
160.53
160.48
156.64
155.79
156.72
156.25
143.94
155.46
170
133.06
122.69
115.47
95.84
88.13
72.27
65.28
75.38
96.84
96.85
78.48
75.32
82.23
83.61
80.71
87.71
109.46
108.77
102.18
104.39
103.7
86.51
30
10
10
10
10
10
10
10
25
40
50
170
170
170
170
163.68
140.17
141.99
146.85
148.69
143.21
147.31
140.4
137.04
127
101.38
83.86
83.86
98.61
128.98
139.22
146.73
160.96
172.92
174.64
186.37
183.41
177.64
175.51
128.35
30
30
170
166.67
154.82
166.26
165.34
156.91
146.32
150
150
150
30
30
113.18
136.26
138.73
126.24
114.27
118.93
116.96
122.16
124.15
122.09
120.58
120.13
190
116.71
50
50
81.33
87.13
0.11
120
130
130
130
130
0
10
58.32
77.9
102.87
110.99
106.29
99.65
95.24
92.39
93.5
97.57
98.34
100.62
99.83
122.04
116.8
76.86
60
135
135
135
135
150
60
90
130
132.5
112.64
111.14
104.6
100.39
130
230
230
120
120
90
90
130
130
80
50
40
40
40
40
170
60
240
240
80
210
210
65
200
165
165
165
165
165
165
60
60
165
155
140
140
140
140
140
140
150
160
160
170
180
220
180
170
170
170
170
170
170
170
113.38
170
170
40
35
20
20
20
20
20
20
20
25
35
40
40
180
175
175
100.73
100.37
104.27
170.76
158.54
128.6
125.11
149.31
125.23
99.88
97.82
150
150
150
150
55
170
195
75
70
195
171.3
172.35
162.25
151.22
50
170
170
170
170
190
170
170
150
150
100.42
99.84
104.05
112.82
60
250
270
270
220
200
190
220
240
190
190
220
220
220
80
220
220
200
195
55
20
20
20
70
75
75
80
250
80
80
80
80
80
80
80
80
80
225
225
80
80
80
150
25
20
20
5
5
5
150
150
160
160
40
40
40
40
40
45.46
51.15
51.45
52.67
46.97
47.54
45.79
30
140
140
140
140
140
140
150
50
50
170
170
170
170
170
160
40
40
40
40
40
40
40
40
40
140
140
140
140
140
140
155
30
195
200
200
195
155
155
155
150
150
160
160
160
160
195
195
155
140
140
82.61
76.28
120
120
130
140
91.28
30
40
60
40
40
40
40
67.46
73.47
73.49
72.18
98.17
108.77
50
107.78
160
150
150
10
15
30
190
290
221.64
290
330
420
350
330
260
260
230
230
230
230
230
90
80
190
190
150
150
150
150
150
205
290
225.37
91.96
96.59
95.64
96.86
97.86
101.31
120.84
182.91
250
245
245
245
258.42
244.88
220.21
153.83
120.86
119.72
117.05
119.29
119.29
125.29
158.14
254.56
205.49
231.13
147.67
143.34
139.76
137.86
118.83
117.88
219.85
230
230
85
235
230
220
165
35
30
30
30
165
124.25
90
97.07
115.54
90
231.79
90
196.16
265
90
90
90
109.85
117.27
110.38
111.07
113.97
102.35
20
20
20
20
20
30
85.18
110.68
117.76
117.8
117.71
108.84
103.19
124.36
123.88
127.6
160
160
50
50
160
160
160
160
150
145
135
130
130
20
25
140
150
150
150
150
150
150
150
108.97
45
45
40
40
40
40
40
40
35
25
20
15
15
125
125
15
20
35
40
40
40
35
30
25
25
30
37.48
53
47.73
40
40
40
145
135
135
135
135
135
96.24
30
30
35
40
40
40
35
30
30
30
30
35
35
73.92
75.59
80.81
81.44
77.58
30
102.37
101.91
102.47
35
160
220
240
240
270
321.19
173.55
240
240
200
160
160
160
160
160
160
151.86
126.99
132.45
135.16
125.82
119.01
112.45
108.8
219.19
230
195
180
180
180
180
177.16
170.89
167.87
167.63
167.26
146.49
133.57
142.4
122.88
140.71
114.63
123.58
139.48
145
90.85
145
155
165
200
290
290
290
292.12
225.58
238.8
242.61
236.49
203.4
220.97
218.05
169.18
213.46
211.2
162.65
158.84
150.8
150
140
140
140
165
195
240
90
90
90
90
90
335
183.33
167.97
162.62
154.84
157.81
151.26
116.49
45
175
175
170
141.72
123.39
112.4
77.1
127.12
150
160
128.28
128.04
133.93
150.2
155.51
157.8
143.03
170
170
170
170
170
170
170
170
170
160
30
30
20
3
2
4
10
16
40
50
141.38
131.26
102.31
96.56
50
50
50
55.96
79.91
93.49
111.31
200
180
155
155
155
155
155
155
190
290
300
290
370
360
360
382.46
420.44
300
300
290
258.76
224.45
219.63
222.71
216.69
207.46
165
175
170
165
165
175
190
245
260
270
337
349
354
600
410
290
270
270
240
200
190
190
190
190
180
170
160
160
160
170
250
280
280
290
334
335
285
305
280
254
190
250
230
200
245
245
205
185
155
155
150
135
140
160
170
185
75
75
210
220
205
195
190
185
185
149.97
143.63
144.98
156.02
155.03
154.14
141.71
170
160
150
100.97
96.8
165
180
198.73
245
244.35
228.16
221
194.49
171.31
166.24
152.73
142.57
135.23
126.58
117.11
143.27
180
180
180
40
42.66
71.25
60.72
50.98
56.87
73.72
71.57
74.66
80.23
50
50
50
45
40
40
40
45
45
40
40
40
62.25
82.78
35
170
165
160
150
150
160
160
170
190
185
220
215
180
175
170
170
170
175
180
180
215
270
175
175
170
107.63
106.84
170
175
205
323.78
342.99
342.66
400
384.91
320.93
261.25
232.87
260
205
245
85
205
195
195
190.35
181.33
205
180
175
175
175
185
205
265.32
290.82
336.13
371.32
965.13
457.11
448.41
490.87
310
285
290
265
245
205
205
200
195
180
165.06
146.1
144.5
145.13
149.92
172.05
193.92
227.72
230
227.95
210.46
210.71
215.3
220
220
205
183.77
164.57
158.67
165.56
151.03
153.1
145.86
185
170
150.9
147.59
130.7
133.52
171.6
215.22
230.26
236.18
240.13
267.62
275
275
240
220
220
240
177.94
175.42
179.88
176.9
165.27
175.95
176.27
165.43
158.59
146.81
129.54
112.13
173.3
245
285
285
100
217.15
187.06
149.31
115.06
118.26
200
200
200
200
195
195
190
190
160
160
160
160
160
160
160
180
195
205.98
205.94
195.69
163.12
137.83
143.42
145.17
157.54
180.36
185.88
180.88
167.76
170.68
164.92
150.06
175
175
175
175
132.5
119.45
135.3
136.3
168.97
175
210
225
210
180
187.1
168.32
167.89
183.37
193.59
192.63
182.44
202.19
225
180
190
134.88
129.06
129.12
128.86
157.93
235
290
330
345
400
500
400
375
330
320
275
270
270
245
225
225
220
200
160
160
160
160
160
165
185
260
300
285
335.43
345.08
324.51
297.83
302.8
299.43
206.89
232.08
196.13
100
100
210
210
191.77
162.17
160
160
160
160
165
195
370
399
375
375
425
370.93
410.21
330
320
280
310
290
275
275
270
250
230
195
190
175
165
170
185
200
280
290
295
335.93
277.9
280
290
100
154.11
126.98
120.62
112.96
117.3
128.85
112.1
101.75
65
10
150
150
150
150
150
210
116.91
123.07
129.36
134.76
147.26
122.9
127.88
106.03
104.53
107.16
105.46
86.41
97.25
97.59
104.24
200
200
160
160
160
30
30
30
30
40
50
200
200
200
170
170
70
70
70
70
70
70
70
101.7
102.22
170
170
165
160
155
140
71.56
155
155
25
40
50
50
50
50
50
50
50
170
190
190
190
50
50
50
35
25
15
150
150
170
215
310
585
740
137.85
171.61
168.28
187.89
221.03
201.45
149.15
134.52
133.85
132.13
123.97
123.97
195
185
170
95.79
93.14
81.59
20
40
180
90
260
260
200
196.23
268.64
280.58
292.42
370.95
115.09
128.12
113.23
276.48
292.93
193.59
189.94
185.37
185
30
25
25
25
55
90
157.5
194.41
153.22
121.8
86.63
80.05
80.05
199.03
350
390
385
320
255
90
85
70
131.19
195
180
160
160
165
190
230
265
299.15
95
515.91
824.5
95
316.66
199.12
210.83
255
260
250
245
95
95
95
95
35
170
155.74
162.07
158.76
176.05
263.7
362.31
200
290
420
420
390
490
320
310
287.21
278.52
262.9
213.08
184.48
228.93
250
220
160
140
140
140
140
140
140
150
190
240
190
230
182.61
136.56
144.91
117.84
98.63
132.35
137.62
170
170
50
50
59.01
47.9
40.2
1
1
19.37
18.82
20.1
12.05
31.87
45.11
46.38
69.72
70.4
69.95
48.29
54.91
65.33
65.33
30
44.86
60.15
65.33
65.33
70.36
160
85.53
145
140
140
170
55
70
70
70
70
70
70
70
70
65
45
63.28
80.26
83.04
95.41
131.26
210
190
160
160
160
160
160
165
225
310
440
375
400
699
377.81
376.04
318.44
255.64
192.14
201.21
205.52
304.52
304.52
149.03
153.68
60
127.8
145.44
151.64
152.65
150.87
144.22
138.17
290
300
340
400
420
288.98
273.85
220.8
200.16
187.65
201.03
199.71
205.22
206.62
197.13
196.22
172.47
180.63
175
175
170
170
180
540
575
235.83
209.33
232.52
390
90
90
90
91.31
98.23
99.96
104.5
96.31
220
215
215
200
180
180
175
30
30
35
88.62
146.21
120.75
115.31
290
335
290
260
240
80
79.46
83.16
81.41
58.97
67.74
78.63
57.2
53.92
96.4
96.19
83.87
76.02
63.23
64.09
77.21
91.71
88.59
92.18
100.72
101.6
96.5
89.86
85.69
81.5
73.26
68.98
55
55
195
195
200
123.18
185
180
30
25
20
47.51
53.06
45.69
54.88
71.83
78.45
96.31
106.03
106.04
106.02
180
185
185
195
195
195
200
205
195
170
170
170
170
170
170
190
240
240
181.76
248.77
320
90
320
270
220
201.23
204.56
200.42
193.52
185.15
163.13
174.55
145.96
132.08
109.83
104.23
146.6
170
175
210
215
177.61
188.19
182.01
205.61
186.14
220.36
174.42
192.16
204.71
182.6
204.4
201.94
182
179.47
183.23
179.11
150.95
147.91
144.54
140.35
134.9
135.17
152.81
224.32
218.47
212.07
231.09
235.01
278.09
369.41
371.8
324.29
299.33
725.38
1262.58
249.92
224.07
206.8
208.94
192.38
184.97
185
180
180
175
185
200
260
475
395
540.28
236.85
247.33
231.79
223.55
217.26
221.78
228.34
212.88
184.9
194.63
183.55
189.73
172.39
130
130
130
130
130
130
190
295
90
90
90
90
90
70
90
70
70
90
60
60
230
240
250
240
185
180
165
165
155
155
165
175
220
255
245
255
250
230
185
185
185
185
185
185
180
185
185
185
113.01
60
60
94.79
60
60
60
60
60
60
60
60
60
120.88
60
60
60
60
60
140
140
150
60
60
60
60
60
60
60
60
90
96.75
112.56
97.91
89.24
85.38
86.44
87.02
115.61
134.16
87.25
180
180
180
90
90
90
160
114.04
170
170
170
170
180
190
200
200
210
210
210
210
210
210
210
70
70
70
190
190
190
190
175
65
40
40
180
180
185
190
270
205
215
220
220
215
390
285
235
205
205
235
60
90
80
82.78
84.69
45
40
59.89
49.89
51.06
43.47
50
205
141.92
80
220
80
148.03
220
215
143.71
205
210
215
80
195
200
220
190
190
110.12
105.08
102.29
101.98
111.97
124.15
90
90
90
90
90
90
90
90
90
85
90
80
65
65
200
205
195.44
119.46
107.12
170.25
165
165
170
175
190
195
205
210
210
207.05
187.07
178.08
176.92
178.55
179.82
176.05
169.23
175.67
173.9
179.53
174.41
180
175
30
30
30
30
30
30
35
45
50
60
55
50
45
35
35
50
50
190
190
190
190
190
180
170
165
160
160
175
190
215
90
90
90
90
90
90
90
240
240
240
225
220
205
205
205
190
180
170
165
160
160
175
190
75.5
101.77
105.1
103.34
103.82
111.29
193.75
131.69
92.07
90
90
85
40
40
40
207.37
170
170
40
40
40
40
40
50
75
90
90
90
90
90
213.1
265
230
230
230
230
140.01
190
176.08
163.42
146.41
60
60
60
60
60
60
60
90.61
93.52
94.07
99.44
108.8
113.1
80
93.07
115.38
115.88
108.83
80
80
80
80
70
70
170
160
150
60
60
60
60
75
80
80
139.59
205
210
210
210
200
176.38
155.75
159.32
190.81
150
150
150
140
170
105.23
160
160
160
160
170
115.03
169.39
230
230
240
230
230
230
190
190
210
200
200
170
160
160
160
170
160
160
160
160
160
170
170
175
180
180
180
152.08
142.96
148.26
148.09
175
180
180
180
180
180
180
170
170
160
98.72
50
50
50
77.8
112.13
98.93
92.45
84.03
83.66
80.37
81.44
79.87
79.65
83.22
88.57
85.5
86.63
85.85
89.7
90.33
50
-50
150
150
150
76.58
10
40
30
49.25
48.23
62.27
74.73
78.16
84.32
85.51
77.95
60
200
200
200
200
180.57
166.6
165.04
190
150
170
160
160
160
180
190
40
40.82
42.79
42.01
41.95
60.56
62.12
53.04
55.5
71.02
77.28
74.22
64.23
86.43
60.73
40
5
20
20
20
150
165
180
40
40
45
45
92.51
107.44
113.06
65
60
55
55
50
50
185
185
185
180
175
170
165
160
127.62
121.24
124.55
190
195
200
205
205
205
200
183.02
130.43
103.66
35
55
50
50
50
118.24
40
40
35
30
25
92.42
160
165
175
225
183.71
250
250
250
230
205
180
180
180
180
180
180
180
180
180
20
20
20
20
20
20
79.63
87.99
102.02
175
180
120.8
113.03
110.11
40
40
40
40
40
40
180
180
180
180
150
150
150
150
150
150
45
220
340
470
660
830
660
600
460
290
270
95
95
85
190
170
170
170
175
175
170
99.27
99.55
102.58
80
95
95
315
320
310
400
400
320
103.34
103.11
102.92
119.11
123.81
225
185
185
180
150
150
150
150
150
150
160
220
240
240
240
172.82
90
220
250
230
230
270
90
156.79
220
220
210
200
145
145
145
145
145
150
190
230
220
220
220
230
270
300
220
210
210
210
210
200
220
220
200
190
150
150
40
40
40
40
50
90
230
190
190
175.89
174.4
171.69
160.27
134.98
134.98
138.56
141.68
161.77
151.39
149.8
149.8
144.36
180
170
170
170
170
170
170
180
240
177.85
178.98
405.48
175.9
137.65
149.39
153.73
136.17
159.96
146.94
196.66
200
200
210
190
150
150
150
150
150
150
150
180
185
144.32
128.53
128.53
128.53
128.53
128.53
123.59
118.97
126.2
185
185
185
185
185
185
170
170
170
170
170
170
195
250
250
250
90
90
97.01
150.67
141.63
123.11
95.23
80
80
80.89
145.92
210
210
126.81
85.28
170
170
170
170
170
215
240
205
285
255
250
90
90
90
85
70
215
215
205
220
205
200
195
140
140
140
140
140
140
140
179.46
206.28
332.11
337.7
376.22
328.19
295
245
245
210
215
215
190
190
180
180
180
150
150
150
150
150
150
160
195
220
244.62
295
284.33
263.65
243.84
90
94.55
108.39
116.79
114.08
87.69
195
185
185
185
140
140
140
140
140
140
160
180
195
250
280
280
250
250
90
80
79.24
87.57
76.8
70
180
180
180
180
133.56
170
170
170
170
170
170
200
200
200
210
220
188.1
175.21
157.66
200
200
200
70
190
190
190
190
190
140
140
140
140
140
140
140
150
146.77
146.97
148.55
158.59
152.32
151
150.99
151.37
151.46
151.32
159.13
150
140
140
140.65
140
150
150
150
150
150
160
210
230
280
300
241.13
288.05
267.03
248.76
239.18
200.25
85
250
240
230
200
200
200
180
60
60
60
60
60
160
160
200
220
103.56
108.32
93.85
250
230
220
220
200
200
190
190
185.45
181.87
181.79
178.77
176.52
150.28
148.76
148.76
152.19
148.4
191.17
386.56
311.65
299.69
312.78
285.16
233.55
307.94
259.99
254.62
236.13
237.21
230.69
220.1
228.21
223.21
235.22
215
210
205
205
200
200
205
215
245
260
280
295
350
295
285
270
255
220
225
220
215
230
235
225
215
190
190
190
190
190
190
220
270
310
390
395
395
380
320
270
225
220
225
220
215
230
235
225
215
175
175
175
175
175
175
190
200
210
210
210
210
210
210
210
210
210
210
210
210
210
210
200
190
180
180
180
180
180
180
180
200
200
210
210
70
70
70
70
70
93.2
92.95
98.03
108.4
147.84
150.2
210
146.47
177.3
174.42
180.42
183.16
183.11
194.19
190.15
366.9
270.36
268.83
283.16
283.74
259.25
260.02
80
80
80
80
80
80
205.84
195.62
148.55
144.02
150.25
144.49
143.12
142.81
148.33
148.47
157.83
348.7
291.44
275.83
284.25
333.05
280.77
90
90
103.01
106.38
108.27
108.12
114.59
93.62
90
90
80
75
75
75
75
75
75
85
90
90
222.21
245.44
90
95.26
124.94
143.85
142.76
95.59
90
90
90
186.63
185.95
90
80
80
147.87
146.6
145.68
145.71
148.63
85
300
90
90
317.59
90
90
290.25
90
90
90
90
280
260
260
260
210
200
200
200
200
200
200
200
340
300
282.17
340
350
350
270.67
90
90
90
90
90
220
220
240
240
210
85
225
210
220
220
215
215
220
220
225
240
245
260
250
230
230
90
90
90
159.9
90
90
90
90
85
80
80
75
215
215
210
210
75
80
85
90
90
230
225
225
225
225
230
230
230
235
235
235
225
220
220
220
220
220
220
230
270
90
90
90
90
90
350
400
350
90
90
290
285
275
270
255
230
75
215
215
215
215
215
250
310
310
315
330
530.89
335
300
290
280
280
290
280
280
285
280
250
230
200
200
200
200
200
225
280
310
310.07
282.45
90
90
90
360
355
285
205.77
206.17
270
90
290
290
250
240
220
220
220
220
90
220
90
90
90
90
90
90
370
279.74
280
250.87
261.77
257.9
272.19
270.92
288.12
280.02
239.72
214.5
186.22
172.21
176.64
180.78
182.55
179.03
262.78
310
330
290
262.85
259.65
257.52
255.39
260
260
194.95
103.8
126.49
122.77
135.21
154.13
142.31
107.75
105.92
190
190
190
190
190
200
200
200
200
200
200
200
200
200
170.61
166.29
168.01
170.39
200
194.29
172.14
170.34
168.31
197.74
183.93
178.52
186.24
187.93
188.23
172.95
183.16
196.36
184.03
80
80
240
184.8
176.79
183.48
161.09
161.7
184.73
185.47
245.46
246.12
225.03
206.89
168.29
80
160.88
161.2
163.6
225
80
300
340
90
90
90
1922.33
2956.82
380
370
330
345
320
310
330
330
280
245
207.39
208
203.05
197.48
198.42
194.04
280.12
350
90
90
90
90
90
128.35
138.84
115.1
90
90
90
90
225.58
227.92
90
80
156.78
159.66
160.51
160.33
161.03
186.4
195.44
253.28
223.17
209.69
250.3
233.96
235.03
236.49
232.33
242.88
265
265
260
260
270
265
80
80
70
70
225
225
225
225
250
275
275
267.38
222.77
236.85
233.46
234.08
226.4
215.23
214.68
219.29
275
266.1
237.51
275
250
70
70
70
70
70
70
70
70
105.68
151.07
120.71
260
219.72
215.61
181.39
206.97
209.59
201.48
190.2
187.19
193.18
212.6
206.9
185.05
186.05
172.39
179.42
190.71
206.44
210
210
200
190
230
250
250
250
250
245
240
230
230
240
240
240
240
240
80
80
200
155.85
152.46
200
200
200
200
200
210
220
230
230
230
80
80
80
80
80
80
80
80
80
80
80
80
220
220
220
220
220
270
265
265
265
265
265
265
265
265
265
255
255
255
247.06
241.88
237.2
186.13
173.14
225
161.14
168.99
175.79
170.5
145.24
241.33
287.42
276.02
280
310
350.88
297.82
269.12
263.19
251.97
253.51
259.42
261.46
253.18
237.91
230.8
210.05
199.46
80
80
225
225
225
225
260
295
221.42
335
350
440.54
281.37
355
355
209.06
280
290
270
265
282
265
250
220
225
225
225
225
225
225
90
290
263.29
260.29
372.01
512.48
356.59
178.29
178.29
112.09
90
90
90
90
90
90
188.34
80
195
210
210
176.74
166.73
176.84
206.32
268.02
330
370
420
505.24
370
300
204.13
90
90
90
90
90
90
90
90
80
210
169.59
154.85
154.13
153.93
153.63
140.28
175.61
223.93
233.3
241.73
250
250
250
245
240
240
245
250
250
260
260
90
80
165.39
175.47
176.59
176.59
150.82
60
60
60
70
70
101.77
133.46
116.85
70
70
157.58
159.1
177.47
169.7
250
250
250
225
225
70
170.63
70
70
70
70
70
300
250
250
250
250
70
208.6
209.16
206.19
203
225.57
247.74
250
300
250
250
230
230
169.03
168.91
168.85
90
90
90
90
166.54
196.58
208.21
158.74
150.63
140.07
163.3
149.53
148.95
155.8
200.04
200.72
280
280
240
240
192.63
173.75
169.43
170.73
192.71
200
80
90
90
90
137.66
163.6
164.8
90
293.02
210.9
203.53
216.12
221.49
260.57
300
270
270
230
70
70
70
176.26
171.84
181.83
247.32
280.44
225.58
370
370
500
360
167.68
167.89
135.02
113.8
113.49
125.92
102.23
120.99
168.11
194.67
180.82
219.03
193.87
198.76
198.45
207.57
207.85
80
350
300
280
263.02
221.3
217.07
229.11
212.23
202.99
189.04
236.65
247.92
253.73
252.39
238.58
231.28
219.04
80
80
80
80
80
80
200
210
185.8
188.3
188.7
230
90
90
90
230
230
230
230
230
230
230
230
210
230
230
230
230
230
230
230
230
90
90
121.17
147.8
144.33
129.6
52.31
51.89
56.8
70.81
86.02
90
188.39
230
217.53
212.84
225.87
230
230
230
230
160
90
330
290
290
310
370
300
285
290
290
285
325
335
357.56
425
440
275
245
245
250
250
90
90
90
90
90
600
440
550
685
280
211.93
90
114.35
141.95
177.99
207.85
219.52
171.97
280
270
260
250
255
255
255
255
185
290
365
475
400
328.08
520
385
350
285
275
275
280
280
310
355
275
265
260
230
230
230
230
230
221.8
223.29
395
415
90
90
90
160.63
210.48
130.43
90
285
405
395
375
350
260
250
90
230
90
90
90
90
230
290
420
415
350
90
520
90
90
90
90
90
90
136.79
164.09
154.51
172.13
158.08
104.28
213.47
211.17
211.17
211.17
211.17
234.77
260
220
316.13
260
260
260
260
90
90
90
90
90
260
265
265
260
260
260
230
220
180
180
180
180
210
240
245
250
221.28
191.42
240
90
90
90
90
90
240
280
280
260
260
250
190
190
190
190
190
220
250
350
280
280
280
90
90
90
90
90
90
270
270
300
320
270
90
240
80
80
80
80
80
80
90
300
300
321.53
321.91
503.95
350
364.6
482.81
359.75
90
350
290
300
288.81
315.05
260
250
220
220
220
220
220
220
290
330
330
350
350
520
380
380
340
270
270
270
280
330
370
270
250
220
220
220
220
220
220
220
250
250
250
227.97
228.33
227.41
236.53
228.71
228.11
232.07
231.83
230.99
227.94
222.46
224.57
213.68
210.08
208.13
187.24
190
190
190
190
190
200
220
220
90
90
112.43
118.17
129.52
128.11
132.26
145.24
107.04
90
90
220
220
200
190
199.14
193.88
192.79
192.11
194.69
196.62
207.71
217.42
202.4
199.48
202.16
202.33
250
250
250
250
194.2
196.46
200.09
204.82
202.16
167.65
123.97
120.71
73.63
65.52
65.49
65.45
68.94
66.19
73.67
94.98
119.06
117.83
85
85
85
85
85
85
85
237.67
229.01
85
85
201.2
199.22
195.4
171.28
163.96
163.96
157.47
140.58
141.53
152.7
85
85
340
291.43
223.46
157.11
135.8
130.1
162.96
165.27
133.54
85
85
164.32
209.74
126.14
75
75
75
75
75
75
75
85
85
85
290
290
290
85
290
223.26
219.57
280
280
290
310
85
85
75
75
204.59
203.24
202.3
202.28
203.75
197.92
195
395
253.09
250
295
370
90
96.92
129.96
98.46
90
90
228.15
287.86
90
90
90
90
90
90
90
90
90
210
328.74
258.24
267.75
260
260
260
250
239.07
245.89
90
90
90
232.03
240.96
235.36
220.57
216.62
212.62
216.6
215
215
215
215.32
222.42
220
260
280
270
260
90
129.3
229.06
223.83
203.16
90
240
240
250
240
220
90
90
75
75
75
202.53
202.4
225
250
250
250
250
250
250
85
85
85
85
85
85
250
85
85
75
65
180
140
130
120
120
-1
-1
-1
-1
45
85
90
90
90
90
85
85
90
90
90
90
90
90
221.95
206.41
210
210
210
210
210
225.97
255
285
285
283.73
279.14
279.26
276.26
271.53
265.61
285
285
285
285
285.2
90
90
90
85
80
80
80
80
80
80
90
90
90
300
300
300
90
90
90
90
90
300
300
300
90
90
250
250
250
250
250
250
250
250
250
300
300
296.26
279.89
285.84
292.52
273.83
277.02
300
300
300
300
90
90
90
90
90
80
80
80
80
80
80
90
90
90
90
290
290
290
290
290
290
266.63
251.09
284.65
288.35
290
290
290
260
275
275
275
275
275
275
315
258.77
263.84
325
325
325
310
310
310
310
310
310
310
310
310
275
275
275
80
240
240
240
240
240
240
240
270
270
270
270
270
247.91
261.57
90
270.59
90
272.73
285.02
277.01
273.39
262.78
260.43
300
150
150
150
150
150
167.77
188.24
226.76
209.63
248.51
257.64
252.65
248.01
257.31
239.63
300
300
300
300
300
300
300
300
85
85
85
85
85
85
85
375
400
400
406.08
375.41
371.61
349.48
338.25
350.08
338.72
334.72
300.49
310.76
282.41
278.62
271.91
85
90
90
90
90
90
90
290
320
330
330
330
330
330
330
320
320
320
320
90
90
92.4
109.5
103.15
83.5
210
240
240
240
231.1
243.03
248.2
253.94
300
300
300
90
90
90
90
90
90
90
90
90
300
270.73
262.85
206.17
233.2
253.23
250.23
245.87
244.92
262.11
274.85
285.69
283.98
260.03
259.42
261.53
281.38
263.03
268.21
240
240
300
310
290
270
262.66
257.61
221.07
242.4
224.74
240
240
240
270
300
248.58
90
90
300
264.28
250.84
244.03
246.46
190
180
240
90
79.47
71.55
80.66
85
70
115
115
115
124.49
126.62
132.61
140
231.12
245.07
246.88
246.25
225.93
219.11
219.12
219.07
50
50
80
80
80
240
180
160
140
161.6
186.87
207.98
212.95
204.81
197.59
169.4
160
245
84.2
73.58
68.11
67.14
61.18
50
68.96
199.23
257.9
258.98
255.6
245
82.2
15.67
103.25
-20
140
-25
-25
-25
-15
180
310
90
88.62
74.32
111.13
79.08
90
90
90
90
315
320
315
300
300
245
220
260
260
90
260
260
260
287.91
273.07
274.19
267.3
264.98
263.94
257.5
258.98
283.27
290
290
290
330
390
90
243.23
251.61
257.21
260
256
237.02
232.95
253.9
254.75
271.88
290
90
90
283.24
265.87
255.75
254.21
251.96
249.41
247.31
348.29
320
246.47
290
290
280
270
280
280
258.66
250.51
252.28
252.99
280
90
90
90
90
330
320
320
320
320
320
330
340
90
90
320
270
270
290
290
290
290
290
310
310
310
310
282.27
271.39
270.04
266.54
277.75
300
280
280
300
280
90
90
90
90
90
90
250.19
170
180
170
170
280
290
290
280
260
260
240.39
236.78
230.18
245.28
215.43
231.84
256.8
291.25
286.65
275.98
276.57
236.95
80
10
70
25
25
25
3.9
27.08
34.42
68.54
75.87
73.18
86.67
25
25
25
75
320
90
90
80
190
176
160
160
160
160
160
160
160
308.87
341.26
347.21
344.21
344.11
336.35
331.27
324.08
314.18
311.35
313.03
355.37
354.83
360
90
90
90
90
90
261.36
261.12
300
300
300
340
370
370
370
90
90
90
90
340
330
261.69
400
400
340
90
330
330
90
180
108.26
108.63
108.52
108.07
145.76
267.9
300
300
300
308.57
337.66
346.01
330.2
297
290.74
170
360
80
78.7
91.34
119.98
136.87
119.14
76.17
89.67
120.06
171.36
157.33
80
80
320
325
325
325
330
320
320
314.51
309.86
319.21
373.11
400
320
315
263.48
263.05
259.32
259.25
259.05
226.7
227.81
259.04
265.64
270
355
365
80
80
80
80
297.72
276.67
80
80
293.22
80
80
80
265
80
80
80
280
280
280
80
80
80
80
80
80
80
259.46
305.91
301.83
299.13
307.23
309.35
314.58
308.66
297.72
309.69
315.7
320
300
280
280
280
280
259.64
290
300
310
310
320
335
335
330
80
80
330
330
330
330
330
330
320
320
300
163.29
160
160
160
160
160
190
320
397.2
411.22
443.88
496.94
438.88
416.62
418.34
407.92
546.81
589.09
585.74
510.16
475.42
490.3
461.23
383.36
268.03
190
40
55
70
90
90
90
90
90
392.78
471.62
484.54
450.15
451.27
388.96
404.53
502.02
424.34
90
90
82.73
66.55
71.51
233.96
186.95
211.25
232.99
248.6
285.95
322.55
324.77
90
243.92
241.6
90
308.73
334.76
356.65
406.44
406.44
508.15
90
90
90
300
300
297.71
258.59
257.07
90
90
90
90
90
90
90
90
90
90
90
370
377.84
380.3
380.19
390.11
390.86
356.06
346.99
328.69
307.57
303.32
302.52
282.32
282.39
282.6
296.74
303.16
350
350
350
350
350
350
316.67
314.31
298.72
350
333.58
329.06
324.84
312.13
309.75
310.08
304.75
303.1
272.08
271.66
271.7
271.5
90
90
90
90
90
90
90
298.91
297.62
296.44
295.05
295.38
90
203.86
190.71
109.32
90
90
90
90
90
90
10
1
1
30
90
90
90
90
90
90
90
90
90
90
330
360
351.41
313.87
283.4
281.06
276.18
270.02
120
130
125
51.59
225.77
90
90
90
90
340
340
340
340
340
340
340
340
350
340
90
320
330
320
310
320
310
310
310
320
326.88
333.6
360
360
90
90
90
90
90
90
90
90
90
90
90
90
90
90
90
90
320
320
320
320
330
340
360
360
360
360
360
360
360
360
360
370
390
370
360
90
90
90
90
330
330
330
330
330
330
370
373.71
373.58
366.56
363.17
350.18
359.5
374.35
378.82
381.47
410.53
409.88
397.95
298.83
190
170
130
130
140
140
16.66
-20
-20
50
90
90
90
90
90
287.94
287.6
287.49
286.84
90
90
90
90
90
90
90
90
20
140
130
130
130
130
130
130
350
350
365
365
365
365
365
365
370
90
90
90
90
90
90
90
60
1
1
1
1
1
1
1
1
80
360
360
360
360
360
360
360
360
360
362.66
373.56
369.95
370.21
309
188.74
338.18
256.58
265.37
265.81
344.12
359.09
372.58
374.67
355.11
365.74
367.12
365.48
363.7
362.45
371.59
373.56
389.44
378.53
80
80
80
80
80
80
80
80
80
80
80
80
80
80
80
80
80
173.78
300.61
293.88
219.47
195.63
207.25
179.96
172.43
80
80
367.88
358.74
348.18
350
350
350
350
350
357.51
365.34
365.17
367.59
364.89
359.32
354.78
354.22
349.76
354.85
359.99
372.25
377.85
362.8
352.49
80
80
189.1
202.51
339.16
350
75
75
75
75
349.4
80
80
80
356.88
352.05
365
363.97
361.02
357.27
363.01
247.06
80
93.06
156.56
169.61
228.11
247.01
134.35
350
350
350
355
365
367.75
370
370
368.12
368.84
365.75
365.78
365.06
364.86
362.1
370.79
373.31
364.46
80
360
366.03
360
75
80
80
80
79.58
80
80
75
75
75
355.49
361.46
280
260
250
258.55
329.28
391.4
407.11
371.03
260
305
250
275
205
140
140
140
140
140
140
140
140
140
170
170
171.88
230.96
244.55
244.55
213.46
235.74
279.28
242.77
140
140
140
140
140
120
1
1
1
1
20
240
380
380
380
385
385
390.36
393
408.86
375.88
90
90
385
385
385
393.96
380.12
390
220
210
138.52
138.49
210
322.35
350
371.7
384.29
381.52
383.91
382.77
381.13
379.77
411.11
391.51
380.72
386.58
380.72
372.59
370
367.18
343.14
340.77
90
90
90
90
90
90
90
90
418.43
417.76
417.07
419.16
415.28
415.71
414.48
414.95
415.67
418.44
416.69
413.52
360.02
356.33
349.13
343.25
341.43
210
150
150
230
343.01
90
90
490
490
490
490
453.5
460.26
453.5
446.98
530
540
500
500
90
90
370
150
75.76
35
40
40
-10
90
90
90
90
90
90
90
90
90
90
90
90
187.71
364.8
139.3
90
90
88.83
83.61
8.22
1
-5.42
-5.49
-6.65
-22.73
-30
1
-10
35.56
40.19
36.83
32.2
22.05
50.5
57.84
80.5
80.35
79.93
20.5
73
28
15.98
16.94
-33.54
-44.67
-43.88
-36.57
-28.6
-28.82
-32.88
-63.4
-70
-40
40
90
103.53
21.21
20.69
19.76
22.42
181.93
337.06
284.16
90
90
90
90
15
75.3
72.1
73.03
77.46
342.31
416.34
696.82
697.14
750
750
750
750
745.41
743.07
743.77
750
800
750
750
650
750
90
90
540.66
170
714.24
714.24
88.08
546.84
682.76
719.87
753.81
733.36
729.25
724.45
715.79
717.31
723.82
719.25
735.86
734.7
703.81
652.94
677.99
717.65
637.72
544.97
473.49
659.17
657.22
657.87
665.52
688.21
685.89
724.69
742.64
723.79
723.64
718.93
713.57
713.31
716.31
719.18
725.68
725.81
714.73
707.79
687.11
653.12
604.79
603.1
558.51
545.7
590.13
651.03
69.23
657.52
674.64
696.61
704.87
698.23
698.05
695.76
692.4
693.41
90
90
703.77
704.75
699.15
695.29
684.35
629.58
612.9
601.02
175
175
20
10
10
300
590
681.49
691.72
682.02
682.06
629.34
627.65
627.81
627.55
626.47
627.48
629.49
628.58
614.15
606.56
90
90
90
90
90
90
20
20
90
90
90
90
90
90
90
90
90
87.87
104.19
237.82
215.41
248.81
278.26
81.74
48.94
50.47
59.41
160
160
160
160
160
0.9
0
0
35.9
160
312.88
433.53
192.77
160
160
160
195
80
80
80
160
160
160
160
160
160
160
160
160
160
240.77
513.41
616.66
622.35
620.59
605.11
600.08
600.28
605.13
610.3
621.38
616.76
600.91
585.35
585.32
587.78
590.1
397.4
350
185
265
300
300
382.87
590.11
606.84
598.4
560
589.04
574.04
560
560
560
560
560
607.25
599.73
527.37
428.16
204.77
90
50
180
145
130
130
130
130
225
575.79
550
550
550
550
550
129.27
311.52
313.61
273.42
85
85
85
550
550
550
451.18
260
260
240
240
245
275
456.79
85
520
520
510
510
500
478.53
477.96
476.84
85
85
477.36
475.07
270
250
230
210
85
85
70
60
50
230
210
410
430
470.2
469.8
468.88
85
443.07
408.47
428
466.66
468.99
467.8
428.86
169.95
222.31
201.1
370.46
196.76
85
20
20
70
70
85
85
85
85
85
470
85
470
470
490
490
490
490
480
470
480
480
350
250
85
85
80
80
80
15
85
60
225
245
265
240
40
15
26.17
53.35
60.7
51.97
60.12
65.37
55.01
51.97
47.87
150.56
13.39
130
130
130
220
186.6
283.02
256.73
285.56
373.87
310.97
213.91
201.14
186.73
77.43
109.75
309.31
278.26
107.9
96.17
69.32
28.64
0.18
-94.47
-80.5
-69.57
-69.57
-41.63
0
0
0
-27.62
9.43
7.55
61.25
60.71
60.71
-9.52
-10
85
85
30
-165.94
-29.93
-50
-95.58
-104.23
-69
160
160
160
160
160
160
191.91
258.42
258.88
346.55
497.36
442.43
441.82
443.02
477.65
470.94
540.88
533.99
500
500
500
512.1
500
240
160
160
160
160
160
160
-60
30
220
230
240
225
230
85
85
85
85
85
85
85
183.64
250
230
275
275
275
275
300
75
85
85
85
85
81.2
80.23
79.5
129.46
154.62
155.43
157.63
202.69
241.95
253.35
234.78
276.26
148.81
75
85
85
-15
-30
-30
85
376.12
398.66
424.65
439.84
85
85
85
85
85
85
85
85
85
449.33
448.55
448.19
432.27
418.24
160
160
81.35
80.18
78.55
79.02
-10
347.43
85
85
85
450
450
467.4
521.13
442.71
85
85
120.89
311.17
291.49
283.41
282.43
288.39
-1
54.81
1.85
51.89
52.03
59.86
72.76
60.72
51.67
52.14
52.52
69.46
63.74
72.31
69.12
67.37
72.05
70
67.8
78.86
69.35
121.23
118.86
38.01
48.54
0
0
0
0.45
1
1
1
75
75
75
75
75
75
75
75
75
549.06
538.88
75
75
25
175
175
170
170
170
170
170
170
170
0
-70
-70
170
170
170
170
0
170
270
661.94
691.99
680.62
206.79
80
80
80
