184.11
202.87
182.45
180.91
180.2
180.24
161.68
157.77
132.81
149.52
143.99
148.48
154.26
158.24
164.98
176.66
166.41
184.9
183.21
176.64
168.92
167.45
160.89
-15.84
-8.67
-7.55
-6.16
-0.28
-5.29
-18.83
-727.97
-777.84
-46.81
-42.92
-30
0
0
0
0
-26.99
-30
192
186.43
179.83
175.7
190.14
0
0
48.69
145.72
138.98
98.59
150.13
151.16
164.63
175.99
188
182
182.44
174.74
182
188
185.12
185.36
200.36
200.36
195.84
191.33
189.53
189.53
188.51
182.48
-97.82
-72.73
-12.57
-39.09
28.44
3.4
135.74
187.32
188.27
177.88
176.68
175.87
183.93
185.07
186.08
189.91
190.72
190.93
188.9
194.55
194.55
190.03
190.03
190.18
180.89
178.51
176.04
176.04
176.04
176.04
190.02
186.02
189.58
189.05
189.33
172.47
172.47
187.85
197.76
202.87
223.34
218.86
219.63
206.21
195.09
179.7
177.98
175.52
165.62
165.01
170.39
170.39
170.39
170.39
195.39
183.84
179.36
178.6
179.36
172.19
165.91
156.94
152.46
156.94
165.91
193.07
183.88
179.94
156.94
156.94
149.77
135.42
144.34
144.28
144.17
121.92
121.92
121.92
125.65
144.34
144.34
144.34
144.34
144.34
144.34
147.94
147.94
147.94
147.94
147.94
147.94
147.94
144.34
144.34
144.34
144.2
0
0
0
0
0
0
23.21
116.33
110.13
108.66
139.94
171.55
171.55
167.04
167.04
189.59
207
206.79
197.91
198.65
198.62
197.75
194.12
185.09
162.76
162.76
162.76
129.53
113.93
113.03
93.13
102.17
111.22
127.01
152.21
159.94
156.18
153.05
153.03
159.99
170.89
180.84
180.84
181.53
181.28
180.84
180.84
172.7
155.34
12.54
12.26
1.31
0.6
36.49
170.89
183.1
184.88
182.86
182.41
181.24
179.87
176.54
177.22
181.25
154.03
154.03
154.03
177.92
173.06
170.35
163.86
158.67
159.21
156.5
154.69
154.82
158.31
165.54
173.05
180.36
181.72
179.11
178.64
178.42
178.32
178.54
182.26
188.43
188.73
190.09
177
177.72
173.67
172.8
168.15
155
155
143.6
137
135.72
141.84
126.87
168.5
148.85
161.39
149.73
149.86
149.83
149.71
151.81
157.46
154.92
159.94
159.77
153.66
152.59
150.96
150
164.63
159.46
153.2
150.8
149.9
148.87
152.7
160.45
164.08
181.3
184.93
184.93
176.77
176.77
165.27
165.27
165.43
167.88
176.77
181.3
181.3
181.3
181.3
176.77
176.46
172.81
168.09
152.79
149.17
163.49
163.49
177.62
194.01
197.17
179.84
176.21
175.3
173.4
149.87
145.33
145.33
148.05
148.05
176.21
171.67
164.4
162.59
246.78
197.28
179.57
165.27
163.64
163.06
162.27
162.65
164.02
164.63
162.79
161.71
164.46
167.51
167.51
166.6
165.69
164.78
167.51
174.46
178.93
173.78
167.31
161.62
161.14
160.74
160.23
164.14
160.99
159.34
156.23
155.28
157.39
122.82
122.82
127.37
127.37
158.15
158.81
157.73
156.87
141.02
141.02
141.02
141.02
141.02
141.02
136.47
135.56
135.56
135.56
159.22
155.58
154.67
154.67
157.4
161.94
167.4
176.5
184.53
177.15
172.86
171.95
169.22
169.22
169.22
181.96
181.96
181.55
181.52
165.68
145.57
145.57
136.47
153.76
152.48
151.59
149.82
150.66
154.29
115.27
131.6
136.14
296
279.34
277.7
189.7
195.3
197.13
193.48
193.1
194.63
204.18
202.59
190.24
188.46
185.49
185.65
181.56
159.13
157.04
154.99
155.03
157.9
161.37
167.75
179.6
198
191.79
191.74
191.22
191.23
179.29
177.78
179.39
182.66
265.78
193.41
181
181
170.47
163.19
168.66
155.23
150.61
147.01
144.27
147.92
153.62
163.29
175.14
182.62
177.58
176.23
173.49
171.66
173.13
172.52
173.45
175.26
178.94
173.99
169.04
163.98
162.45
159.79
152.92
160.05
160.03
160.03
160.03
159.21
160.03
164.41
186.55
185.95
186.18
182.24
182.23
182.25
182.24
174.98
166
170.21
182.03
186.2
186.48
182.9
170.95
173.33
172.94
168.05
163.51
158.97
158.97
158.97
158.97
158.97
200.02
164.43
170.86
170.91
170.87
170.87
157.29
157.15
163.03
173.63
193.49
194.92
191.37
181.76
181.76
181.76
178.8
172.35
171.44
152.44
150.92
151.66
150.58
139.13
138.79
147.86
152.92
160.27
161.46
131.53
126.99
123.37
152.39
159.65
208.44
181.42
181.42
172.35
163.34
163.12
161.56
159.95
167.81
171.44
172.35
172.35
181.39
206.24
181.2
185.86
183.06
388.94
311.97
327.68
212.01
200.87
204.49
237.61
274.06
180.78
178.73
198.55
203.89
199.19
198.35
181.4
180.31
172.5
172.5
172.5
171.96
179.93
261.08
307.85
266
244
205.07
191.89
189.7
189.61
204.1
224
266.91
212.04
187.95
180.62
186
183
186
189.25
190.78
194.03
197.03
199.55
172.35
177.87
325.12
325.14
237.04
321
200.2
192.38
188.82
187.29
465
206.39
271.4
210.6
227
210
208
211.46
195.28
203.17
173.92
174.75
176.39
180.75
181.46
283.54
411.29
416.59
317.54
345.04
286.46
263.39
203.56
189.72
201
300.49
376.73
427.09
231.57
202.66
212.08
199.36
180.49
175.57
175.64
174.69
175.6
181.42
184.36
185.82
330.56
339.88
363.2
374.97
388.31
219.01
206.77
206.92
204
188.83
378.61
244.5
198.39
198.32
172.16
173.8
171.52
197.35
195.86
194.71
194
194
188.87
192.35
202
200
201.68
194.08
194.08
194.08
193.26
189.17
185.07
185.07
195.72
292.91
177.52
174.07
189.17
188.35
185.07
184.94
184.94
180.03
180.03
178.39
175.93
161.87
158.55
157.13
171.13
171.13
171.13
171.13
160.32
159.9
161.23
166.63
173.84
173.64
169.33
163.58
163.62
160.95
135.11
135.11
130.6
130.6
130.6
135.11
135.11
153.12
153.12
183.79
191.47
197.28
209.09
179
177.57
176.73
153.12
153.12
185
185.65
184.64
173.27
171.13
165.73
162.22
165.05
165.95
164.39
165.34
168.66
170.9
174.18
212.44
215.83
213.64
215.84
213.77
206.8
208.44
206.78
206.22
221.65
179.48
326.3
210.17
198.73
181.84
176.31
171.74
169.79
169.43
167.8
168.05
170.57
172.08
174.49
187.84
189.89
188.26
188.54
186.73
156.32
155.36
157.2
157.19
157.19
157.2
375.75
190.71
179.45
186.43
189.82
197
200.83
174
174
174
195.23
214.04
163.17
186.36
184.83
182.71
162.42
163.09
164.31
175.25
178.48
175
181.21
163.78
170.33
178.78
176.99
174.53
171.25
167.16
164.36
163.42
162.38
162.79
165.64
-40
-40
172.15
183.86
181.91
180.58
178.18
175.2
173.69
172.19
171.86
173.92
182
182
180
178
179
164.64
160.04
162.84
161.53
159.88
159.12
159.89
160.82
157.15
158.84
158.84
160.18
162.84
166.02
166.02
174.99
174.99
172.3
167.83
174.46
173.88
169.58
162.71
161.53
161.02
161.53
143.41
143.41
143.41
143.41
143.41
137.13
98.3
102.14
135.02
135.34
143.41
143.41
147.89
143.41
143.41
138.93
138.93
149.68
177.47
175.67
172.99
172.96
169.4
168.5
167.61
167.61
164.92
164.92
169.4
173.88
177.47
191.81
204
204
211
185.53
184.64
184.64
183.74
183.74
185.47
190.02
187.73
185.25
178.78
173.86
171.4
168.94
169.76
168.94
168.5
168.94
170.87
171.72
176.61
245.83
186.8
228.7
407.33
252.18
246.49
248
239.57
209.95
182.07
252
527
205
213
202.02
218.62
193.54
190.76
185.92
186.11
186.13
186.54
189.77
382.31
496.64
500
212.35
205.74
249.21
235.94
228.48
227.35
226.22
223.78
249.73
486.02
219.57
208.01
208.37
201.28
181.72
182.34
165.3
164.82
160.36
157.27
159.29
164.5
172.83
176.26
174.62
174.49
186.45
187.09
187.09
170.24
169.27
171.05
193
189
187
175.41
167.49
164.99
162.56
158.72
157.84
157.07
157.84
160.49
161.56
166.19
219.36
171.95
154.32
141.09
141.09
136.68
136.68
133.15
133.15
168.28
205.75
212.73
190.21
172.12
172.12
172.12
172.12
163.91
141.41
141.41
141.41
159.08
158.94
156.27
159.97
161.44
164.21
164.88
163.07
160.47
157.45
163.5
163.5
161.79
141.41
141.41
132.57
132.57
132.57
157.32
155.85
148.31
158.85
149.94
149.94
158.86
158.86
158.85
158.85
158.81
154.55
158.9
167.73
167.73
163.32
163.32
163.49
38.8
163.32
167.05
165.61
162.44
160.67
159.79
158.9
158.02
156.26
154.65
152.72
155.44
159.79
169.18
189.82
189.8
189.8
220.7
220.52
219.95
216.8
203.18
202.2
196.1
204.84
177.98
175.61
150.08
149.19
149.19
150.08
145.93
145.93
166.74
167.15
169.49
169.8
173.14
154.76
160.34
165
220
213
210
209
198
192.61
194.76
185.72
193.68
188.04
197
201
200
198
197.16
185.59
186.18
192.61
172.12
172.63
217.93
305.7
340.23
345.07
326.67
324.91
329.99
302.61
240.45
226.4
232.48
572.77
550.93
417.53
236.16
203.47
192.75
182.11
190.44
196.04
196.91
195.54
192.24
202.83
264
200.08
336.2
351.07
361.99
365.15
364.77
364.56
203.36
329.41
319
333
418
193.52
160.11
155.73
155.73
158.44
177.55
176.06
175.96
172.77
178.48
182.24
214.33
211.23
205.45
192.12
185.99
183.57
195.67
175.44
173.23
171.59
173.01
184.66
183.45
175.68
163.42
163.42
163.42
148.71
174.63
173.26
182
182
182
181.52
179.52
179.7
152.33
152.59
161.57
178.56
175.9
174.13
172.5
173.48
177.43
152.33
215
181.82
175.6
175.03
176.83
176.18
177.1
175.31
174.41
173.51
173.51
173.51
167.22
144.16
144.16
201.12
176.2
175.31
174.41
173.51
173.15
173.72
178
203.77
211
186.75
181.84
182.52
183.4
188
188
182
172
171
177.53
188
204
358
422
217.88
203.14
195.76
189.21
185.12
183.4
181.6
182.93
-10
216.9
195.93
183.48
181.02
179.46
175.31
176.75
183.93
182.31
181.46
183
179.62
179.19
174
188.33
200.73
197.07
191.97
188.51
186.61
184.5
182.73
182.6
181.05
182.84
180.71
183.81
182.07
180.45
177.9
179.21
178.72
178.22
178.22
178.89
180.57
186.96
199.82
214.88
212.42
207.21
205.88
196.57
194.15
192.58
189.56
191.72
199.82
195.32
196.22
189.92
185.42
184.15
179.68
191.8
157.75
156.84
156.84
156.84
171.27
197.3
196.56
187.16
193.46
195.91
270.42
270.42
220.84
220.84
207.32
198.31
250.95
287.23
217.62
198.31
212.73
212.34
208.74
208
209
206.79
198.04
203.78
205.3
219.04
279.99
586.01
477.22
417.17
318.93
252.99
205.03
199.51
195.18
196.82
211.59
216.6
202.19
194.41
191.48
191.48
189.85
212.43
200.24
196.53
195.41
196.31
194.51
190.01
192.85
199.01
208.92
204.41
201.71
197.64
195.41
193.61
194
198.21
207.12
221.52
210.29
220.26
209.01
208.31
208.24
205.08
205.24
206.14
206.78
208.41
207.04
197.17
194.75
202.33
198.14
190.93
156.03
137.24
148.75
124.72
141.93
153.1
201.05
234.16
242.5
237.56
228.81
222.41
212.18
218.23
220.4
199.93
206.56
213.4
220.63
236.88
387.09
212.41
173.91
173.68
163.8
164.62
164.8
163.61
164.96
166.53
171.45
193.31
185.34
221.43
221.83
205.85
199.28
210.25
212.15
215.35
218.05
226.88
235.61
248.08
326.19
412.45
411.6
276.94
244.22
235.17
225.62
221.18
218.92
219.79
229.74
271.35
234.39
233.29
234.27
218.89
211.65
218.73
212.37
210.08
211.33
215.3
220.36
238.17
302.47
303.85
362.24
362.24
316.96
259.91
241.43
237.25
174
190.48
190.57
202.52
272.93
221.95
244.99
235.2
216.21
244
247.33
235.66
233.36
260.4
252
336.39
485.84
660.71
628.37
623.48
639.92
495.22
485.31
414.27
352.65
305.4
193.06
611.7
634.41
258.32
258.32
271.92
257.89
254.05
219.05
213.86
213.32
213.55
242.54
327
250.98
251.81
250.21
239.01
226.04
216
209.31
205.99
216.64
218.36
225.96
213.99
209.61
204.04
204.8
203
206.93
219.63
220.91
221.51
219.28
219.97
220.22
226.64
227.92
227.76
230.48
227.71
220
205.01
211
207.46
199.23
202.16
218.13
272.18
264.54
242.1
234
226
223
217
207.37
204.81
203.79
204.09
204.34
200
209
211
217
221
223.96
215.22
204
206.03
204.61
194
207.88
360.35
409.83
361.98
229
211.7
222
210
206
202.02
201.19
204.48
217
227.71
530.28
669.62
672.64
675.86
832.15
243.45
240.27
216.06
204.9
203.81
234.3
551
614.71
233.65
180
207.43
204.81
202.76
200.42
199.19
200.34
204.61
211.96
214.53
399.98
528
521
533
521
220.24
218.12
213.33
205.03
203.96
182
398
396.95
361
184
223
219
205.16
204.19
203.28
203.96
172
175.8
210.92
217.2
225.72
238.08
258.94
224.04
214.73
188.29
183.73
177.04
176.97
183.72
180
591
481
406.08
237
210.26
207.07
205.64
204.8
205.01
203.4
201.6
201.44
213.02
212.21
194.1
194.22
194.3
188.78
187.42
187.8
193.41
193.44
202.47
204.37
204.11
203.4
202.5
199.8
197.1
155.28
120
118.53
118.85
119.23
124
197.08
201.35
201.35
200.44
199.53
197.95
197.37
196.45
195.77
193.62
193.89
186.78
186.78
200.44
198.65
189.8
182.19
180.41
209.14
210.53
209.72
215.06
216
216
201.9
203.05
205.86
207.33
208.17
182.28
182.28
182.28
182.28
173.17
173.17
182.74
232.48
227.67
214.58
221.49
223.29
223.29
228
224
220.75
216.89
216.01
214.29
218.57
206.86
221.08
225.07
203
200
198
209.46
208.55
208.55
209.46
212.19
191.25
222.21
237
252
220.41
207.17
202.98
203.75
212.19
213.1
214.43
258.08
295.76
297.8
299.62
232.23
222.29
214.19
214.6
213.4
200.35
200.35
205.82
205.82
200.35
200.35
200.35
200.35
212.92
209.16
214.72
219.88
225
226
223
228
267
359.27
355.76
468.56
392.78
475.2
219.03
218.26
215.86
222.66
224.67
226.8
236.93
258.75
247.87
258.97
243.95
236.87
212.34
182
178
176
174
164
183.68
197.64
197.36
181.06
180.14
179.74
180.54
181.88
183
209.15
208.57
210.24
211.08
214.95
197.29
183.54
175
202
210
204
202
201
204
219
220
221
202
200
197
194.45
201.21
205.94
202.81
205.71
206.59
209.91
186.59
190.24
213.7
217.28
214.56
182.41
207
203.76
196.6
198.61
201.17
206.37
240.83
200.9
215.83
211.23
200.43
199.18
201.21
197.51
217.23
218
214
227
310.02
298.57
238.04
226.87
224.76
208.3
186.03
185.12
170
169
170
167.26
164.84
204.08
215.21
225.29
229.68
219.79
192.32
209.2
205.46
203.31
205.49
215.49
454.4
458
230
227.97
216.66
205.98
197
197
199.32
210.93
210.93
210.93
210.93
210.93
205.44
200.84
203.6
204.51
200.84
197.18
194.43
191.67
193.51
200.85
296.34
285.58
265.96
222.86
211.85
204.51
206.62
215.52
215.73
217.71
204
206.21
220.96
339.92
371.59
355.02
354.42
352.59
349.49
385
367
302
292
181.35
191.97
315.04
284.6
238.53
211.2
200.92
203.96
201.21
197.88
197.55
201.21
165.01
211.95
223.36
233.42
228.85
224.99
201.32
192.39
182.6
180.97
175.27
169.56
192.4
191.44
200.21
201.65
204.81
182
182.97
133.77
159.46
173.13
193.25
196.82
200.46
215.82
209.58
191.35
263.96
374.64
382
356.71
416.83
523
212.97
210.69
237.32
425
600
600
594.31
240.54
199.5
216.4
212
212
212
212
212.83
218.38
221.58
235
234
286
280
270.63
212.14
207.03
207.52
202.81
248.64
285.22
281.62
279.22
218.01
218.03
216.59
-30
213
211
196.84
198.36
196.54
199.27
202
224.15
213.83
213.87
203.84
202.91
201.09
200.18
193.81
187.44
197.8
246.83
235.82
227.08
211.61
226.13
203.33
214.61
172.88
163.78
163.78
163.78
163.78
-133.86
183
221.77
271.33
296
308
234.29
202.91
200.18
200.18
199.27
202.67
239.1
222.4
183.53
172.88
172.88
159.23
32.33
145.58
145.58
145.47
145.36
145.35
177.69
176.52
171.06
177.43
186.53
192.9
185.62
171.06
155.59
144.67
151.04
162.87
185.62
226
208.63
202.91
216.82
201.09
144.14
179.25
178.34
178.34
180.16
181.98
181.98
181.98
181.07
209.28
213.68
216.21
193.17
185.98
159.23
141.03
136.49
136.49
154.68
7.14
122.56
206.01
172.88
163.74
127.39
113.73
109.4
109.42
118.41
107.8
211.36
281.08
245.8
240.9
234.36
226.68
181.98
177.43
172.88
172.9
164.13
164.14
164.08
164.11
173.12
182.1
191.08
173.12
203.76
212.82
212.82
212.82
212.82
212.82
191
218
449.05
233.64
226.5
222
218.04
218.54
219.59
53.49
89.18
186.8
191.08
224.24
220.19
218.58
212.85
208.1
134.88
127.66
182.07
181.72
181.72
192.12
201.21
280.13
293.72
195.74
321.36
191.18
316.04
319.95
299
183
184
183.66
178.98
172.98
191.18
220.32
216.68
213.57
210.16
176.96
168.12
166.98
156.24
205
203
185.75
228.12
208.93
219
327.28
209
282
217.27
193
198
197
194
188.51
191.78
193
195.17
172.43
177.41
210.96
209.55
209.17
209.25
209.25
209.25
212.43
229.53
287.82
429.25
422.07
380.85
297
210.35
209.61
227.63
262.68
200
195.76
184.28
311
295
191.06
168.44
11.7
140.44
149.09
172.73
172.73
170.91
163.64
163.64
177.27
181.82
181.82
186.37
168.18
168.18
156.37
148.94
158.18
165.25
169.75
194.27
183.48
195.59
181.82
182
173.06
163.31
163.31
173.06
182
190.91
190.91
330.5
362.95
390.52
465.49
227.43
225.64
221.82
217.27
213.64
213.91
216.37
222.32
241.04
284.92
235.52
213.06
212.12
210
209.65
209.65
211.28
213.71
216.35
225.9
260.07
218.03
199.9
193.14
188.39
191.41
219.06
192.66
192.52
194.04
191
192
234
234
229
227
212.86
217.21
204.8
237.12
237.12
220.91
222.14
304.69
279.01
254.31
237.9
223.93
191.75
191.75
201.55
202.33
202.6
205.71
223.06
225.2
232.98
222.53
219.46
214.5
212.25
210.62
206.55
206.55
218.76
219.12
241.16
250.3
237.23
229
228.12
226.74
227.37
243
240
236
243
254
226.04
218.23
219.14
288
275.1
213.87
228.13
213.53
182.5
182.5
182.5
191.63
221.74
246.38
325.76
367
364.29
335.5
336
296.34
321.08
285.7
216.07
216.26
217.18
191.63
192.14
191.63
193.45
195.28
159.51
182.44
191.56
191.56
191.56
182.44
212.57
183.35
191.56
218.89
220.76
220.45
218.7
217.1
196.12
193.39
187
187
191.56
187
187
218.02
227.75
227.75
228.73
212.33
208.53
207.1
206.26
206.26
195.3
180
180
210.6
213.3
213.3
212.4
231.23
224
204.65
195.59
207.9
211.5
213.3
217.8
216.9
215.1
212.4
211.74
186.9
182.34
182.34
182.34
186.9
191.46
222.85
421.12
290.25
308.55
256.02
256.75
258.46
239.53
231.19
228.29
225.77
191.82
191.82
191.82
223.47
254
186.94
214.33
213.89
221.05
220.52
222.03
223
234
233.17
246.18
246.09
245.46
243.83
232.95
225.49
224.41
232.06
235
227.5
227.54
229.1
239.44
245.43
285.98
238.41
255
235
231.43
228
181
192
205.82
215.74
463
431
464
591.14
479
490
499.04
448
207
368.58
364.52
353.76
369.19
337.13
259.22
236
229
228
223
197
191
191
198.82
226.41
219.99
302.62
543
570.06
407.59
440.35
385.63
383.44
374
375
383.8
384
388.22
379.83
326
273.21
227.02
226.01
230.89
230.89
230.89
258.41
305
421
436.24
441.4
490
492
464.08
420.81
199.19
194.31
194.31
194.31
199.19
199.19
199.19
199.19
245.35
224.32
227.49
226.33
224.51
223.85
215.46
219.08
223.61
224.85
258.09
266.96
243.82
233.02
227.23
221
212
209
202
212
252.44
246
261
235.25
228.88
223.94
222.65
179.21
179.21
196.63
193.96
203.52
66.91
143.82
162.01
154.09
203.57
204
203
220.77
200.38
222
220
207.26
217.95
223.56
242.29
245.67
237.54
238.04
215.93
208.17
176.49
176.49
210.89
259.2
176.49
238.34
246.1
245.28
254.93
242.6
205.78
233.52
232.08
230.66
229.03
237.67
274.92
229.06
239.42
295.9
254.73
243.97
227.53
245.25
247.24
246.07
246.19
266.04
281.82
315.88
283.31
258.65
251.58
247.69
249.18
242.12
243.52
241.11
256.45
347.7
350
350
391.39
388.4
371.14
324
231.63
199.24
199.24
199.24
227.43
232.1
242.97
378
406.5
401.53
396.47
446.4
381.29
381.34
381.2
213.81
206.52
204.09
204.09
204.09
208.95
317
287
272.37
281
280
263
254
265.38
301.03
248.17
219.49
422
536.59
536.59
536.59
410
248.98
246.54
240.87
239.25
239.25
239.25
239.25
243.3
247.36
244.11
237.62
261
259
257
260
261
257
285.71
338.93
294
289.51
356.83
364.73
331.53
270.78
267.15
313.16
356
362
364
240.87
242.05
242.96
362.85
319.45
285.3
242.36
239.85
239.6
239.59
241.31
238.9
240.09
289.54
349.63
340.78
369.62
346.57
256.95
255.32
255.61
255.61
255.61
294
287.32
304
290.79
293.94
273.97
242.59
209.76
209.76
209.76
235.27
234.38
231.65
230.74
232.56
209.76
200.99
201.1
196.05
191.6
191.52
182.4
182.4
188.82
200.64
200.64
200.64
209.76
248.14
251.71
193.44
201.23
209.76
209.76
209.76
209.76
228
258.1
332.47
261.37
256.13
250.91
246.6
247.86
246.72
245.91
209.65
209.76
243.84
244.59
256.92
251.82
245.31
240.67
238.67
235.86
233.04
233.97
236.03
225
245
228
222.63
218.8
218.8
214.74
214.74
214.74
214.74
214.74
214.73
214.01
216.62
212.3
212.3
218.8
218.8
218.8
240.04
236.28
231.55
230.63
231.55
237.95
219.65
219.65
248.93
215.07
245.37
243.51
241.88
241.06
240.25
238.75
245.68
258.6
262.93
309.78
351.92
353.43
287.75
244.7
195.91
238.49
240
244
244
265
220
401
404.55
405.55
415.17
444.54
414.48
409.73
410.63
389.48
369.82
348.7
340.62
340.38
375.4
370.1
356.9
302
218
220.21
191.94
178.23
178.23
206.88
223.43
215.05
215.89
382.31
387.68
230.96
219.13
215.05
217.72
220.3
223.6
233
301.63
312
312.37
311.01
302.34
287.69
246.75
233.56
223.91
220.25
216.59
218.04
182.78
182.78
242.55
283.62
292.43
321.78
301.46
267.71
263.82
256.17
255.89
255.89
281
273
276
271
278.76
235.21
242.53
242.53
237.95
237.95
206.84
199.51
199.86
201.11
150.09
183.04
230.05
194.94
229.72
173.89
183.04
190.36
189.77
190.37
228.8
206.84
219.65
234.08
245.61
217.26
207.75
137.28
137.28
137.28
137.28
164.74
183.2
202.57
259
258.09
257.17
253.51
252.6
429
444
395.98
365.96
359.93
366.75
378.88
426.85
408.54
345
319
203.51
197.01
225.7
196.77
196.77
210.5
223.16
226
380
389.61
380.39
380.72
376.53
430.79
401.47
433.15
375.84
493.58
495.81
490.82
351.95
475.71
325.44
277.53
241
246
246
212.43
216.88
235.17
256.46
324.39
388.72
386.94
464.83
449.68
450.19
464.59
380.83
250.74
260.97
261.59
261.12
249.95
259.7
269.57
263.39
265
212.7
163.38
215.45
220.61
234
234
192.53
188.86
201.7
208.11
234.7
237.45
237.47
217.25
232
188.6
187.39
236
241.8
242.98
244.95
249.79
249.63
245.05
238.52
196.56
191.05
188.52
174.52
174.52
174.52
179.11
192.89
195.18
207.6
207.26
199.1
196.6
192.89
187.37
183.7
183.7
186.46
197.48
192.89
192.89
229.63
220.39
186.56
166.44
166.52
166.52
166.52
166.52
166.52
197.39
214.67
205.11
208.56
208.86
212.07
202.88
197.37
229.94
230.67
211.14
220.32
220.32
220.32
220.32
226.66
201.82
195.91
187.36
187.23
155.94
151.35
137.6
187.47
177.04
169.7
181.63
204.42
197.22
197.22
166.03
160.53
160.53
160.53
178.87
221.27
229.6
234.83
238.72
256.76
231.74
230.7
228.88
206.39
201.81
201.81
210.98
223.18
225
251.75
238.76
238.76
239.37
234
236
235.34
234.02
233.15
233.92
235.68
327
312.76
256.84
321
315.7
258
262
251.98
251.98
234.57
240.07
293.34
397
375.12
371.3
373.73
228
378
228
221
358.26
349
250.15
248.32
249.23
249.33
261.05
391
309.39
261
245.33
253
253
250.57
248.17
286.31
392.14
531
531
531
531
386.48
531
269.16
272.08
250.18
247.36
246.22
220.69
219.99
220.67
286.17
318.81
272
242.16
234.78
232.94
235.06
240.62
247.1
341.13
236
235
382
454
403.2
384.47
347.31
354.85
355.45
346.83
313
261.74
220
244
295
284.36
239.1
220.7
216.11
193.12
226.47
197.71
222.42
252.03
266.57
263.34
258.5
234.09
230
333.42
243.39
228
227
225
238.51
226
221
221
336
290.91
289.69
271.14
242.57
242.8
241.19
245.16
227.76
229.53
246.72
328.84
350
367
347
211.23
211.23
211.23
192.86
193.15
213.59
211.1
215.82
215.82
215.82
236.95
86.94
85.47
173.72
173.72
149.48
133.32
138.17
138.17
173.72
174.53
229.95
234.6
233.68
221.68
185.84
165.6
165.61
165.61
214.15
221.34
229.98
235.52
239.2
234.6
149.04
85.13
135.34
89.03
44.76
94.88
156.4
202.4
200.28
242.92
244.67
245.15
244.12
242.01
240.89
238.68
236.75
238.78
240.06
240.81
241.2
243.03
256.24
261.7
256.22
239
239
192.57
195.38
230.55
241.04
249.32
250.24
249.32
372.19
551
458.63
506.21
506.18
462
215
224
222
219
219
232
419.2
359.22
312.53
241.66
240.1
239.2
239.2
242.88
338.07
433.65
460.16
462.02
462.4
485.59
466.7
464.99
444.16
221
220.39
218.26
218.02
246.5
246.44
383.1
401.56
343.85
243.51
225.8
222.82
230.92
235.81
208.59
215.94
489
489
491.59
516.24
507.05
510.55
516.11
513.52
496.77
462.7
459.22
457.77
437.67
471.91
470.29
426.59
368
261.22
247.06
228
228
237
243
271.84
351.5
426.09
421.45
410.55
391.25
278.91
273.48
261.09
266.62
266.65
280.04
287.41
284.2
333.88
340.27
275.15
255.31
246
258.96
233.53
233.53
228.95
207.89
209.76
320.18
353.41
364.8
364.8
365
327.48
234.12
234.12
233.31
266.78
600
391.11
379.78
379.78
379.78
379.78
418.07
234
250
190.56
146.64
100.82
82.49
88.9
88.9
159.77
209.92
260.17
305.01
313.5
282.59
234.95
200.36
191.67
178.72
294
291.63
306
302
347
240.41
224.14
208.61
185.97
180.55
190.15
243.7
298
380
446
453.73
744.52
744.52
744.52
405.63
401.84
239
244
256
258
195
167
196
196
294
267.51
255.82
225.5
222.74
237.35
261.42
241
238
225
217
198
206.47
200
405.12
411.15
390.59
364.7
365.48
357.08
353.46
411.72
413.6
410.79
331.63
233.35
223.44
223.44
220.68
211.49
207.74
290.33
440.41
451.13
468.72
479.24
446.3
430.31
420.09
393.78
397.61
377.07
400.63
370.78
344.75
357
361
237.23
203.21
334.7
217.97
206.84
143.13
143.13
143.13
198.53
206.84
234.8
243.69
242.85
241.01
252.91
328.86
314
236.39
230.85
229
228.08
227.16
216.08
289.69
364
316.94
275.55
201.4
181.15
167.33
162.82
185.73
238.01
351.12
376.18
375.78
375.23
354.09
460.93
463.99
400.76
319.33
366.35
366.67
369.7
324.34
320.9
322.98
324.23
285.08
266
251.97
250.73
259.48
260.32
258.86
253.7
209.27
372.25
379.1
384.51
398.71
409.45
293.2
283.47
324.87
334.74
350.14
356.12
318.15
283
314
332
281
291
267.9
229.18
228.85
228.85
219.51
210.17
224.18
228.85
245.55
229.65
209.48
204.57
200.83
185.53
181.22
179.04
182.46
264.11
247.54
288.85
302.39
326.05
257.6
229.63
190.98
197.27
196.77
189.12
224
221
391
461.44
480.51
394.09
365.08
314.09
455
283.33
260.66
245.28
241.23
241.23
239.61
239.61
239.61
329
275
239
230.04
220.38
220.17
230.63
233.79
300.75
384.75
351.85
347.14
372.19
230.87
323.55
381.75
381.31
359.32
340.2
303.48
308.11
308.2
325
326.25
320.38
290.45
261
223.71
174.72
210.68
180.9
222.9
281.92
343.57
374.82
364.58
374.6
460.37
439.44
432.45
411.64
343.12
323.15
416.3
500.95
475.98
322.39
324.2
331.42
292
199.48
202.87
191.52
187.95
186.71
197.27
233.55
573.18
437.29
463.47
457.97
468.17
467.76
453.69
507.2
529.53
514.69
468.69
308.56
298.31
263.38
281.49
291.93
256.37
241.93
211.6
206.65
202.91
198.52
230.82
273.6
359.98
380.93
378.88
395.15
359.95
384.26
227
227
230
308.6
308.66
293.62
355.35
370.83
340.67
350.35
313.24
230.4
225.7
222.87
220.99
167.5
168.33
225.7
232.42
247.87
283
290.19
304.34
283.51
298.02
276.42
287.16
288.43
289
288.7
283.96
286.82
290.92
298.02
252.99
206.32
15.99
21.25
146.67
132.64
130.05
142.8
152.96
155.4
166.89
198.03
250.2
279.11
193.37
177.57
168.71
173.3
189.57
202.57
216.68
215.77
220.08
241.94
178.02
138.16
113.05
103.33
103.33
104.94
143.1
183.61
214.31
226.1
229.97
244.81
332.7
262.75
249.02
272.79
418.47
385.04
375.27
371.1
345.67
367.79
344.52
328.47
227.95
242.67
244.37
206.71
176.15
179.5
216.65
301.58
349.5
384.85
380.83
397.88
437.66
409.96
407.76
387.77
379.31
372.17
382.39
390.59
380.11
329.89
362.87
379.81
301.38
249
236.39
222.26
208.08
208.08
210.03
219
424
434.95
454.7
470.24
505.31
442.6
437.27
419.61
401.14
368.8
369.53
343
335.31
342.46
331.75
334
298
259.46
251.52
249.26
248.07
226
233
236
234
404
228
222
220
220
428
242.22
239.79
224.4
220.35
214.68
211.44
209.01
231
232
222
320
276
215
209
202
214
224
217
220
217.19
206.33
199.56
202.35
201.58
195
197
192
203.9
218.29
170.6
171.16
203.22
227.67
238
306.44
294.86
227.94
227.71
170.78
162.48
189.11
192.82
332
220
214
198.99
189.76
241.65
204.89
203.27
206.62
244.07
245.42
240.05
200.22
200.4
240.26
240.9
272.64
170.59
156.37
177.22
123.2
99.51
99.51
104.25
148.32
175.14
177.65
188.02
206.72
205.59
200.7
203.46
202.81
207.55
210.39
211.23
209.65
364
412.55
397.41
297.36
196.96
195.81
181.91
179.16
203.72
316
238
238
248.57
263.15
261.53
254.27
247
242.97
242.97
241.35
203.41
203.41
203.41
189.69
189.69
189.69
254.38
202.11
189.7
177.76
170.16
136.89
133.51
203.44
213
215
441.53
458.85
463.9
455
442
253.47
251.63
255.06
243.79
381
364.96
367.56
347.05
352
311.73
319.7
303.05
293.97
284.08
297.23
304.35
308.62
401.4
443.78
452.14
489.6
496.86
494.13
478.39
493.88
463.22
440.44
403.78
397.84
382.29
383.73
363.84
367.36
331.22
329
234
297
296.53
299.72
305.37
398.37
491.32
508
510
504
505
504
503.4
493.24
492.7
364.64
492.06
488.4
477.36
355.92
329.86
335.68
279.49
336.07
301.38
283.32
282
282
245.1
209.54
227
228
227
225
224
222
222
219
214
202.66
192.34
199.63
188.64
183.2
179.23
193.24
190.28
133
162.79
277.99
286.95
265.33
281.55
292.84
216.25
348
389
272.44
270.52
264.21
256.28
246.42
237.64
258.2
360.26
361.91
391.66
338.77
338.66
395.48
335
285
269
142.5
133.06
122.48
121.94
208.25
175.73
247.97
248.1
310.89
336.8
356.17
308.26
287.45
287.97
285.65
289.73
300.48
305.6
307.84
327.09
325.93
300.62
282.99
287.03
283.15
283.98
283.8
278.95
304.49
440.3
502.56
507.17
664.58
766.28
679.22
703.2
573.76
542.54
494.8
466.23
428.86
397.81
400.91
395.95
391.34
374.22
281.47
292.12
267.44
279.53
411.03
504
514.13
2555.3
2617.9
3165
2958.21
1745.19
2002.99
2002.99
1993.15
1712.49
1712.49
1212.96
1191.3
1191.3
1141.63
1131.73
1131.73
1131.73
511.79
546.54
289
252.82
251.71
297
208.53
214.91
217.61
218.1
227.79
233.42
222.4
228
377.87
677.68
581.81
569.9
526.92
478.94
466.72
491.44
491.1
405.72
321.4
299.47
292.92
291.13
294.17
313.93
444.21
582.87
2605.9
2605.55
2605.6
2605.64
1962.44
1984.49
1861.45
905.67
249
245
258
247
239
233
234
232
340.99
305.44
280.67
259.22
245.99
287.86
355.77
480.6
558.01
603.35
892.56
1138.03
743.24
539.7
546.58
632.55
547.25
536.27
489.52
416.33
403.99
386.07
448.21
348.32
554.12
499.08
341.84
310.58
289.93
250.41
51.33
55.06
220
378.9
427.38
434.53
432.76
384.89
352.47
321.11
314.58
328.87
408.49
361.92
343.18
363.5
357.51
336.39
272.5
266.96
265.95
265.17
228.98
186.92
68.97
228.98
255.91
162.3
154.21
320
314
157.95
166.69
268.24
263
158.88
162.73
166.36
167.29
327.94
364
342.43
164.25
152.49
143.14
136.03
96
292
208
214
212
223
447.56
1268
959
214
219
220
212
206
454.98
427.53
417.5
387.19
415.77
342.68
259.65
247.55
245.63
246.92
259.68
275.3
344.7
439.2
528
539
631
712
611.32
688.48
498.16
486
527.16
689.65
1232.64
516.71
401
366
414
342.7
390
371
372
371
371
373
423
790
749.57
653
1500
1500
1143
1424
1124
931
677
604
604
604
604
604
604
604
533.73
301.84
267.36
266.37
266.01
294.62
362.82
459
614
614
685
760
601.18
679
577
554.05
580.35
604
1117.35
313.91
313.75
1117.35
1117.35
1117.35
297.81
293
294
289
269
294.72
298.77
435.93
470.74
500.96
658
732.22
544
500
462
462
424
402
372
334
347
327.8
373.54
304.26
235.21
302.02
311.89
272.87
255.26
250.93
246.19
304.57
319.4
347.91
388.71
397.85
393.67
318.37
317.49
317.18
317.45
318.68
318.42
309.63
317.1
325.37
331.47
329.74
289.75
292.15
291.8
251.23
188.98
148.94
112.44
174.81
268.52
322.56
329.32
329.83
329.46
327.35
327.42
326.64
322.12
328.01
328.53
341.01
341.24
341.79
345.31
339.64
318.61
249.28
295.62
308.97
251.63
253.07
340.98
407.39
494.44
518.89
291.77
231.59
549.18
464.62
432.52
432.52
459.81
331.86
302.76
302.76
212.33
211.54
212.33
205.25
261.2
260.57
282.41
282.74
281.72
298.55
310.26
264.16
453.9
485.36
528.12
544.26
524.17
546.96
492.79
597.79
599.55
459.81
460.03
471.93
477.96
455.95
401.63
326.95
320.62
303.86
299.81
216
211.56
268.44
312.3
396.84
469.05
483.61
507.43
575.62
531.44
531.47
500.38
486.43
503.56
451.9
417.54
380.62
395.6
352.56
352.72
317.6
318.16
290.88
289.89
247.92
191.55
284.36
313
415
423
446
258.31
257.52
255.93
253.54
250.36
476.5
472.42
442.61
396.77
362.97
376.64
352.98
346.25
313.09
295.08
290.82
292.02
292.4
292.92
291.68
305.1
404.67
429.13
439.44
482.39
524.34
482.61
458.32
452.96
421.76
411.93
395.04
382.24
355.87
363.29
339.34
343.45
321.71
360.86
337.41
318.04
210.66
208.31
206.53
288.78
238.56
380.31
427.74
474.67
486.4
484.65
414.34
379.54
370.12
366.05
368.88
381.99
367.2
352.67
343.08
376.86
329.02
295.86
213.22
222.36
222.49
184.65
165.71
90.9
189.38
242.75
294.62
306.17
321.07
315.47
300.37
279.28
249.42
242.78
271.47
310.23
314.8
331.73
343.56
346.77
323.38
249.63
212.07
225.52
227.1
227.1
226.1
292.6
417.43
386.7
404.98
420.64
460.81
420.41
446.38
421.09
423.87
392.42
390.87
377.14
370.18
370.33
340.86
374.43
300
297.93
297.07
296.46
297.36
297.84
298.06
307
367
457.71
504.57
551.24
576.52
556.5
538.57
546.33
473.16
459.91
489
449.92
432
372.06
363.14
369.14
338.46
340.71
309
289
208.21
206.92
213.68
342
222
483
559
648
713
622
614.45
558.85
528.17
501.29
458.78
445.08
415.22
424.07
410.98
423.88
367.02
358
327
308
307
307
327
360
470
500
576
668
733
635
628
575
525
490
470
442
428
439
424
435
378
330.14
309
309
307
252
259
316
406.31
456.02
479.72
466.88
512.88
453.47
443.63
438.09
413
399
394.83
382.46
371
273
272
269
262.99
210.33
226.18
221.14
214.97
211.26
212
211.88
217.81
225.29
210.33
210.33
210.33
210.33
210.33
210.33
210.33
210.33
167.9
219.71
208.53
200.98
200.98
210.33
210.33
226.71
224.51
216.4
210.78
181.74
177.8
166.75
163.94
177.99
177.99
187.36
196.73
196.73
206.1
206.1
228.15
206.1
206.1
234.66
233.77
233.78
233.98
239.17
236.59
206.1
187.36
163.94
163.94
163.94
189.85
213.98
246.33
244
216.02
204.28
237.84
235
235
244
246
248
251
251
251
248
247
251
245
247
245
238
233
233
240
252
257
367.72
396.82
421.2
450.73
425.43
234
225.82
220.96
220.15
222.38
227
227
237
251
250
242
198
177.61
139.49
130.19
130.19
200.28
291.61
371
402
422
421
467
455
447
425
404
402
369
236
305.2
229
229
233
303
215.79
193
177.09
140.37
138.5
140.37
168.44
217
213
219
217.88
214.71
211.92
216
214
223
224
228
232
236
243
318.12
241
235
229
285.91
285.43
285.27
284.87
285.86
315
240
387.96
412.49
237
236
236
235
235
236
239
245
242
235
234
347
375.92
331.95
214.36
224.61
219.88
219.88
219.88
219.88
205.51
238
311.04
361
385.74
405.26
213.14
210.72
209.79
208.25
207.83
210.42
229.34
229.34
229.34
219.88
224.61
224.61
224.5
219.76
204
215.02
215.02
192.09
142.29
136.9
215.16
215.17
203.33
219.84
229.2
229.2
224.52
215.17
221.71
240.09
323.84
345
314.02
305.79
334.88
287.13
276.96
215.02
193.67
178.77
159.59
190
220
401.84
420.48
451.55
479.24
515.73
474.54
488.36
468.94
437.98
414.3
393
375
352
333.45
322.48
342
296
262.14
261.23
203.46
187.68
172.31
198.94
225
229
232
362.42
436.48
461.93
426.67
436.4
366.29
346.68
331.23
332.3
333.21
316.98
342.29
336.48
337.07
310.69
211.75
200.33
186.08
174.74
162.83
216.86
292.03
377.86
429.16
446.89
454
379.16
425.68
376.64
375.87
405.74
226
370.64
372.5
342.08
339.74
329.26
334.77
302.39
265.39
216.74
205.61
201.23
193.81
203.48
312
378
386.78
406.53
411.83
446.43
493.9
481.91
466.73
441.53
388.46
374.43
364.34
332.17
327.41
327.02
322.11
306.67
265.7
265.02
200.42
231.04
217.12
258.53
266.58
220
357.92
381.9
407.03
411.8
406.71
396.29
381.2
356.19
351.63
337.62
417.59
408.35
414
443.25
414.95
365.17
287.84
274.37
264.93
257.92
243.84
241.49
244.7
271.48
287.06
390.01
383.16
379.95
357.85
337.29
314.8
295.09
288.25
295.29
315
222.21
226.18
226.18
229.35
229.35
179.71
179.47
165.31
165.31
170.03
99.18
104.45
171
193.85
206.66
214.83
247.03
186.09
184.2
170.97
170.97
211.07
286.39
438.95
313.38
307.05
296.45
300.34
301
213.24
203.69
198.14
178
156.06
160.82
179.83
252.52
244.93
366
410.89
430.81
414.73
394.73
367
367
247
250
252
230
230
230
230
228.81
189.98
185.23
170.98
170.98
170.98
170.98
202.76
224
207
204.81
242.21
242.21
224.15
238.69
238.67
238.75
237.48
403
417.15
389.49
446.59
450.37
451.99
360.85
268.88
271.59
235.51
234.91
234.91
267.13
277
234.82
260.49
352.51
388.16
397
400.86
396.06
369.05
350.23
340.98
339.51
323.97
303.96
296.07
297.5
291.49
269.63
227.21
223.19
216.06
214.72
214.8
195.06
213.89
312
349.43
378.26
390.96
428.96
380.08
364
357.91
361.34
323.18
314.89
218
242.46
318
326.02
335
268.54
228.13
242.16
214.01
213.61
213.57
219.31
269.19
359.95
430
380.06
441.4
462.81
404.89
409
338.2
328.36
387.52
394.46
433.63
438.84
370.02
356.44
349.91
288.84
226.32
218.32
215.92
208.72
198.33
188.89
213.1
213.52
260.9
276.35
208.12
208.01
207.99
208
208
212.77
212.76
212.75
212.75
212.76
212.75
227.17
229.25
227.09
154.62
214.84
213.07
226.9
231.62
231.62
226.9
224.06
224.06
226.9
245.8
247
253.58
247.01
236.62
219.13
219.84
226.42
263.99
294
276
285
294.36
246.22
264.46
217.73
215.8
214.9
214.55
189.5
268.49
365.8
375
470
510
520
480
450
350.57
234.02
222.17
318.41
338.72
313.74
355.73
352.63
320.38
245.55
224.18
218.47
221.28
221.28
221.28
230.69
267.17
310.81
366.2
491.25
486.28
446.58
408.72
403.46
391.22
380.48
375.07
377.15
371.22
344.9
355.51
350.5
348.02
316.9
238.75
229.37
205.21
185.49
211.24
226.74
240.47
329.8
334.63
334.65
369.39
408.96
378
255.52
255.52
221.49
212.15
217.54
233.82
233.82
232.61
234.7
221.29
214.86
117.24
187.01
110.34
132.97
134.45
180.56
228.27
286.78
334.38
351.05
377
394.66
355.69
351.29
340.45
321.22
324.21
305.67
309.32
324
300
326
235.65
209.3
175.77
175.77
187.35
179.06
181.79
212.47
230.3
277.92
287.7
240.98
240.98
240.98
235.31
234.36
215.46
215.46
232.47
232.47
232.47
232.47
232.47
245.7
296.85
231.53
225.01
226.67
222.17
215.55
215.16
207.99
225.01
216.09
257.53
241.08
241.08
241.08
231.62
229.73
220.02
218
290.45
296.57
348.05
343.37
371.98
401.69
393.31
316.46
234.61
234.61
222.31
205.28
196.77
192.04
192.04
162.71
217.67
252.89
252.35
313
294
260
251.55
249.96
230.45
250.86
260
259.05
268.42
290.49
262.37
235
215.37
214.74
213.8
200.55
201.5
214.74
227.65
297.06
406.59
407.87
409.25
428.08
410.2
410.98
358.87
336.79
271.55
260.15
252.58
250.69
280.07
363
360
313
227.18
198.15
187.82
182.19
198.71
216.86
258.25
292.06
355.48
364.23
277.03
302.27
307.36
383.74
395.05
358.16
268.04
373.54
373.48
370.12
314.31
319.74
263.22
254.49
226.41
220.77
218.67
215.01
216.1
219.98
274
379
353.45
398.01
406
433
418
408
414.18
388.55
349.29
339.47
329.76
313.83
365.04
359.15
309.68
264.86
245.71
246
247
247
246
251
292
392.35
393.38
411.97
412.52
448.19
423.11
420.14
485.46
400.14
389
379
369
365
374.28
363.73
350.92
292
252
215.58
207.61
196.81
207.43
245.12
263.66
381.16
443.69
638.31
640.98
459.99
404.21
387.98
378.82
368.47
325.17
234
238.4
334
366.55
359.27
333.74
283.48
260.94
230.03
225.33
222.43
224.3
224.3
213.09
223.37
293.7
489.07
498.93
588.25
531.12
506.94
432.99
435.65
432.59
432.57
337.78
312.47
315.16
309.07
299.18
235.02
226.83
221.05
214.22
212.8
201.1
178.51
180.38
195.33
209.12
242
386
408
391.93
370
249
249
249
354.52
352.97
313.6
358.16
360.2
257
247.98
243
242
242
242
244
248
296.6
422
449.84
472.98
524.34
576.39
575.46
548.8
510.35
466.25
464.02
432.65
461.76
413.39
504.58
445.39
384.62
371
123
215
213.01
213.64
214.58
221.55
238.83
395.94
439.39
457.71
502.99
608.36
511.1
508.08
481.79
422.41
428.94
415.5
401.73
371.97
422.21
421.05
363.83
260.35
251.49
215.3
204.98
204.52
209.36
233.07
316.53
380.81
419
439
459.64
534.59
453
456
399.74
368.53
334.06
261.12
334.91
293.7
349.9
379.38
330.62
268.91
250.47
168.59
175.85
152.77
159.68
185.79
260.47
383.43
451.25
456.38
492.17
645.94
563.85
587.45
507.76
526.42
604.24
560.24
454.73
352.12
435.87
418.73
334.47
237.31
237.1
224.54
211.18
209.14
210.55
189.3
256.6
331.32
370
528.56
451.93
507.04
449.97
436.48
396.17
363.85
329.88
350.77
344.13
313.77
360.38
341.99
323.93
251.08
248.87
225.46
225.46
228.27
195.77
194.56
215.26
221.16
327.22
442.25
485
212.36
198.67
186.46
187.96
187.97
187.72
198
297.93
294.61
370.5
375.6
310.42
233.58
235.2
235.2
157.46
155.39
132.21
107.55
102.04
149.84
207.62
220.47
245.25
237.08
237.08
201.33
183.46
159.94
159.94
226.52
262.28
341.83
383.53
329.91
265.81
221.39
222.23
177.12
190.29
182.14
127.03
175.38
214
407.23
378
382
268.13
268.13
226.32
226.51
236.74
247.3
268.13
385.46
409
304.61
444.64
544.94
544.07
307.08
228.15
214.77
210.12
217.07
217.07
231.23
259.52
454.92
374.74
936.96
399.58
459.57
439.56
708.55
560.14
377.83
379.72
398.46
369.08
370.71
418.06
381.27
317.78
313.99
276.38
243.06
235.3
230.59
230.59
245.7
336.92
435
422.01
448.08
480.74
539.59
444.51
436
369.17
254.12
242.45
240.02
254.12
263.54
348.66
395
330
254
222.23
204.93
236
231.87
197.42
234.07
325.82
416.9
433.42
500.31
542.87
633.89
528.88
501.15
489.78
397.84
404.97
381.67
377
222
224
229
227
257.97
217.68
202.78
180.3
188.44
205.38
220.03
371.23
495.1
489.07
487.86
554.01
551.86
497.08
500.36
465.88
476.36
449.86
437.04
432.91
415.97
434.45
432.12
403.02
319.48
228.22
221.2
215.55
200.51
239.23
188.92
180.87
215.36
268.94
527
263.15
263.15
336.88
325.05
310
282.25
290.06
419.2
406.04
387.9
443.15
422.36
354.83
264.4
258.26
248.69
196.08
196.08
200.87
196.08
95.86
114.78
229.4
293.21
330.45
347.19
352.44
317.23
313.44
311.3
302.57
301.93
307.37
318.31
370.17
349.8
338.93
293.56
224.84
213.3
208.52
206.6
196.08
248.69
338.86
496.22
456
479.52
520.62
717.51
606.13
600.56
516.21
484.22
460
529
455
456.58
467.55
509.78
379.24
322
226.81
219.3
215.38
208.71
211.57
247.78
303.8
414.11
426
434.91
455.1
542.03
515.96
510.38
445.92
422.12
405.68
401.87
401.98
391.02
405.52
394.52
353.29
304
264
247.09
245.67
212.62
214.78
264.93
412
476
408.87
534
551.02
631.23
538.97
520.34
490.33
473.64
266.62
268.52
268.52
268.52
408.16
470
220
214
50.52
218.84
207.56
229.27
202.02
248
356.68
482.93
495.26
410.56
241.22
240.23
239.73
239.96
240.19
238.93
253.15
238.83
468
470.28
506.31
514.33
419.16
352.06
283.45
240.33
239.28
239.28
240.56
324.11
415
466
514
519
254
252
533.02
507.19
487.66
484.99
469.99
483.64
483.47
465.34
515.06
437.66
401.71
349.89
333.91
267.9
239.2
212.41
211.65
232.3
316.95
325
373.01
454.22
458.33
456.75
415.41
402.44
342.2
344.07
341.36
345.39
361.62
369.05
393.61
378.61
342.19
351.62
282.52
213.09
224.49
167.75
162.58
203.1
229.28
229.28
243.08
387.32
243
240
235
231
345
346
334.57
368.57
393.14
392.52
391.36
381
347
262
291.35
225.42
224.57
224.57
224.57
230.26
248.46
506.24
512
544
257.25
258.84
254.05
218.14
221.88
226.38
400.27
390.05
460.87
469.09
544.8
475.6
440.6
366.62
220.91
229.51
206.14
198.93
208.8
223.8
371.7
490
509.17
560.34
627
564.43
577.79
533.82
508
262.35
256
262
261
258
533.88
254
248.96
243.86
218.96
204.2
246.57
242.76
233.24
245.62
256.09
263.63
292
229.2
229.11
229.49
229
200.18
200.98
201.78
209.05
232.01
230.75
247.52
482.76
417.43
387.04
248.88
231.01
231.01
231.01
188.85
205.78
231.01
308.36
222.39
229.1
238.65
238.65
230.23
225.04
223.44
223.44
220.25
389.83
525.91
526.05
542.77
631.31
665.57
554.43
446.54
295.31
269.52
257.29
240.65
244.09
266.22
387.44
486.58
428.74
573
600
727.96
563
556
560.75
570.76
544
514.37
513.1
526.12
552.45
466.41
416.2
374.14
396.99
356.87
335.74
334.47
334.74
333.85
335.33
342.66
390.39
446.21
482.96
500.14
470.63
451
239.33
238.37
239.33
239.33
462
463.82
512.65
418
248.9
213.51
246.41
218.88
212.59
201.23
173.02
144.31
141.1
152.03
234.56
206.4
215.39
248.92
248.92
248.92
211.32
201.18
205.66
276.33
335.39
461.62
684.56
545.26
407
238
340.28
263.45
210.75
207.36
207.43
250.73
384.83
503
587
642
657
1073
656
627
541
506.44
497
487
484
537
562
449
423
372
273.5
261.7
256.48
252.4
256.21
262.05
400.84
532.01
452.26
501.94
570.54
751.11
239.7
231.76
446.53
453
448.29
440.94
438.36
487.67
548.23
470.23
438.21
380.2
343.31
331.32
315.39
316
316
332.26
393.34
484.99
522
511.79
526.38
588
523.28
513.29
502.26
502.36
492.62
484.86
475.97
529.48
524.46
474.28
421.97
388.97
344.08
338
313
211.36
313
344
435.5
540.53
550.56
553
533.92
627.47
538.9
534.37
532.21
519.57
502.98
493.81
501.42
533.19
542.21
472
407
371
466.53
427
405
404
404
403.08
405.46
433.89
462.73
519.93
557.62
576
546.6
521
295
472.4
474.27
523.74
540.47
539.82
584.81
489.89
487.85
458.11
240.87
171.39
177.14
135.01
152.5
186.22
200.17
341.88
357
367
466
476
471.37
440.21
375.19
372.34
376.25
375.65
440.12
450.96
460.97
439.45
425.77
329.11
300.44
216.4
215.44
215.44
186.71
196.29
215.44
232.26
274.42
433.18
426.85
443.16
417.68
384.38
383.37
324.3
313.88
334.35
371.76
408.4
400
244.16
239.38
285
270
260
232.72
152.84
200.31
265
429.1
682.96
512.84
509.38
511.15
621.3
521.89
517.05
481.61
462.59
454.05
454.94
509.47
512.86
514.78
494.91
408.89
335.8
336
260.05
202.76
199.12
205.81
336.11
461.61
522.45
548.26
549.63
524.91
652.88
564.69
564.45
530.78
515.31
497.52
587.33
626.74
701.21
717.73
668.41
513.98
358.6
284.66
272.43
220.36
219.4
223.8
275.67
589.62
578.11
552.55
539.75
469.86
480.73
439.16
432.13
410
401.68
371.91
380.69
378.94
576.7
898.02
655.07
335.05
287.37
256.55
246.55
293.24
209.83
216.44
255.38
341.68
505.92
516.4
517.62
520.26
572.41
514.49
511.26
487.5
480.7
457.04
543.89
465.93
228
535
218
218
224.17
263.15
232.26
224.35
224.35
224.35
289.7
427.53
636.2
618.9
621.61
625.75
497.72
238.68
233.25
220.18
205.26
198.58
206
479
545
243.45
210.44
146.65
207.84
219.09
217.96
217.27
215.81
215
217.94
218.32
214.96
213.48
213.83
227.71
227.71
232.45
235.49
232.46
232.46
241.76
275.19
376
411
411
276.65
258.54
216.41
258.77
214.34
212.54
203.75
188.14
199.97
222.19
222.19
250
271.03
276.15
487
461
451
393
229.92
229.4
398
444
550
565
479
462
393
224.08
209.01
206.26
206.16
212.08
217.61
241.77
270.61
237.24
342
408
424.14
408.93
379
363
347
225
229
227
447.09
447.21
390
384
324.25
216.99
211.24
208.27
208.5
210.48
324.09
221
514.86
483
517
557.8
633.83
537.8
498.82
480.37
462
217
228
228
227
490
435
400.79
251.37
329.53
214.92
211.87
210.16
213.65
313.53
424.11
522.54
530
529.87
565.33
633.98
545.57
511
494.62
480.01
464.09
458
468.18
518.08
521.5
470
218
362
290.81
267.24
213.38
226.94
226.94
289.57
421.09
548.49
512.85
554.63
603.02
694.23
579.94
526.49
505.51
483.83
462.05
461.83
474.36
622.42
515.39
442.82
405.34
330.74
297.18
217.94
212.73
208.92
213.96
262.69
368.66
489.71
506.61
506.03
510.39
527.9
488.02
462.62
241.74
237
237
241.74
251.5
276.61
403.48
235.1
237
235.1
263.4
246.75
217.99
217.35
217.02
220.32
223.15
517.91
507
537
410.81
450.12
504
491.98
345.77
323.28
312.06
329.75
390.42
421.14
497.49
351.74
220.6
285.75
213.5
165.15
153.44
161.85
167.36
198.65
203.82
179.52
207.34
294.36
509.84
519.19
298.42
188.94
188.94
188.94
188.94
251.71
411.44
514.73
407.02
346
222
215.39
216.67
214.22
203.24
196.98
204.06
222.95
255.07
413.1
412.27
431.3
436.42
542
489.9
497.88
479.92
457.48
434.56
418.35
451.42
558.32
452.33
236.18
327.6
301
282.38
237.21
213.95
211.74
231.87
301.24
365.52
496.69
487
505
511.24
561.17
455.73
460.45
445.16
212.94
215.79
214
485
571.14
227
392.17
223
213
218.99
224.46
180.71
180.71
180.71
218.33
342
461
493
518
518.96
547
516.85
516.25
517
423.33
412.59
425
459.42
540
496
235
232
228
228.38
228.34
226.05
219.63
224.98
232.61
459
253.58
257.39
486.78
592.92
692.12
630.98
631
262.16
442.05
560.43
549.81
615.62
809
763.74
563.57
503.68
451.8
324.51
288.09
246.73
239.55
238.64
308.37
488.88
591.84
590.89
594.4
599.18
615.94
588.74
589
561.84
515.29
509.21
506.83
567.22
617.94
561.62
488.16
480.73
407.95
327.68
302.3
267.68
266.24
257.55
265.81
273.5
337
389
452
457
457.56
445.45
374.19
329.09
307
299
327.93
465.93
467.56
457.61
408.46
350.19
249.1
249.26
247.99
247.51
238.39
240.43
243.06
239
247.24
248.39
262.96
266.95
266.95
266.95
260.99
255.84
233.58
233.58
233.58
307.74
363.34
322.39
321.86
326.4
297
244.91
250.23
249.51
248
249.34
266
318.36
499.26
395.65
356.09
476.74
439.98
432
470.19
430.63
414.78
404.66
395.28
467
490
299.9
291.2
338.82
297.58
306
256.68
253.02
251.43
253.27
262.07
403.04
559
580
540
550.51
575
532
447.28
316
316
383.98
443
495
546
492
440
369
327
266.31
260.13
255.93
205.78
199.59
291.67
363.82
466.71
481.43
515.78
522.67
515
493
286.85
283.31
270.87
265.35
280.85
313.8
465.04
286.26
388
344.76
312.56
272.96
263.18
257.23
267.23
255.22
275.89
359.72
510
491
475.5
465.09
480.94
475.55
458.33
286.8
276.69
263.95
271.14
287.25
295.43
487.56
402.97
372.4
257.77
261.68
256.96
252.94
248.82
251.31
266.93
322.27
239
282.34
234.49
495
495.28
496.39
480.54
444.5
401.79
399.95
380.92
424.97
444.8
440.57
352
333
259.08
253.46
260.1
241.52
230.89
239.16
239.16
243.09
260.02
265.8
350.87
288.91
289.47
283.17
273.87
272.75
271.78
276.35
305.23
430.08
426.76
320.44
273.31
267.85
267.31
288.55
248.69
215.66
157.78
149.36
177.6
213.95
247.71
249.13
356.82
402.98
412.68
418.11
297.14
251.96
248.59
234.31
260.11
333.33
476.45
442.86
386.6
315.63
393.03
252.28
250.25
244.39
242.47
249.28
284.78
328.19
472.46
447.81
527.48
490.12
520.06
499.29
490.69
505.47
472.46
445.39
426.55
522.54
528.37
465.34
418.87
371
256.07
247.37
245.12
239.28
227.25
242.17
273
303.36
275.67
281.25
278.19
272.78
267.88
263.48
262.19
262.02
257.16
256.71
263.32
267.03
267.28
288
276
272
267
-30
212.7
252.71
223.67
233.87
259.49
301.8
425.39
462.79
470.75
487.75
477.29
251.72
257.39
251.87
239.28
268.73
458.86
514.82
487.4
376.22
355.64
404.5
362.25
262.24
262.24
262.24
262.24
262.24
275.16
503.69
683.11
756.62
606.61
637.98
660.92
606.41
651.66
603.98
567.69
551.84
529.52
610.44
563
412.1
267.01
267.01
257.47
247.56
244.81
238.42
237.74
237.95
242.87
355.43
262.7
441.05
425.08
248.2
245.41
244.98
243.42
241.68
238.73
229.18
238.73
257.82
246.97
257.82
235.38
235.86
233.95
235.53
235.13
231.15
229.32
214.88
214.88
208.76
210
216
217
218.67
238.75
229.2
302.65
364
355.31
317.72
281.11
341.65
262.61
244.96
241.1
238.66
236.11
257.47
252.67
195.71
204.95
202.96
208.59
229.22
224.45
250.24
252.74
258.86
390.6
353.04
260.84
258.23
261
267
303.13
379.06
290.79
227.31
200.57
236.44
232.66
183
171.92
171.92
171.92
171.92
180.29
247.51
201.83
196.63
196.28
200.57
200.57
200.57
210.12
227.31
253.1
257.88
257.88
257.88
224.45
200.57
191.02
191.02
191.02
74.98
159.53
186.4
196.72
206.4
223.47
211.25
206.61
203
266.14
359
371.97
370.78
355.45
339.95
339.79
341.48
476.94
370.85
338.13
320.37
298.52
341.81
286.47
222.76
181.89
181.89
153.17
153.17
222.09
210.61
210.61
215.83
228.3
229.75
228.41
233.92
268.48
218.26
218.26
272.83
275.7
275.7
216.35
216.35
235.5
232.62
224.97
214.8
216.11
209.39
207.47
216.76
222.84
244.93
244.93
237.24
370.84
378.78
410.18
268.21
400.36
400.28
423.35
432.41
425.19
294.26
299.12
235.7
229.48
221.66
182.81
200.83
153.49
141.02
141.02
193.36
202.89
250.25
250.06
213.79
212.8
212.27
210.48
229.07
235.45
236.71
247.77
239.77
244.65
244.36
251.06
232.55
231.53
236.28
220.96
217.53
217.53
208.92
206.03
192.62
194.53
194.53
172.49
166.32
162.91
183.04
183.04
183.04
186.87
198.69
206.23
249.03
249.18
441.64
220.57
220.64
220.62
217.53
217.53
178.94
164.59
138.75
54.54
47.85
47.85
47.85
54.54
54.54
143.54
182.77
200.98
197.67
195.42
205.73
196.14
208.27
239.23
239.23
193.29
193.29
193.29
193.29
153.1
134.99
151.86
52.63
37.32
37.32
206.1
266.71
421.27
407.69
418.3
418.28
418.21
413.22
514.3
656.56
592.02
593.67
751.87
476.52
435.72
450.49
437.12
517
171.94
172.8
172.82
172.82
193.94
204.5
204.5
192.02
240.03
240.03
193.94
195.94
192.44
191.1
200.31
251.12
448
452.91
646.44
510.16
230.42
230.42
331.52
310.35
197.78
167.65
143.7
95.8
95.8
110.17
172.44
177.23
230.12
232.47
212.4
505.46
525.56
392.97
428.87
408.88
403.18
413.84
491.79
647.3
606.05
577.69
563.23
397.29
308.87
256.97
157.14
191.9
189.85
196.99
202.18
220.39
330.62
248.41
213.24
190.68
190.68
190.68
190.68
199.31
209.85
225.34
237.04
235.18
212.9
241.96
355.16
315.24
214.85
180.61
182.76
168.86
192.6
194.15
251.55
325.53
451.66
240.68
451.34
450.81
424.1
422.43
253.3
214.48
242.55
251.51
251.03
260.53
242.17
203.04
199.28
186.13
175.39
192.68
192.68
172.66
136.36
156.41
167.6
178.47
175.34
194.9
216.73
226.08
226.09
218.31
216.73
218.29
221.41
240.14
481.02
445.81
390.6
223.59
210.49
198.8
198.8
192.68
187.32
189.12
162.22
160.21
168.54
173.6
174.68
244.92
226.22
279.29
280.85
226.07
183.71
185.09
192.21
250.67
402.19
437.42
401.55
335.9
311.38
279.37
144.32
174.64
182.4
179.9
179.34
175.9
192.18
206.03
223.46
194.04
199.36
203.32
197.23
191.48
191.48
196.29
221.55
217.68
257
217.69
173.18
183.32
183.32
144.33
48.11
28.76
56.57
54.15
53.56
64.96
136.21
181.04
234.86
233.9
205.21
204.42
201.31
202.44
197.35
196.84
197.32
233.5
238.69
259.78
195.7
183.08
188.84
189.08
189.8
212.45
201.66
167.53
167.53
203.98
212.95
248.19
267.58
267.58
651
744
646.44
596.41
571.61
521.52
496.11
521.53
775.54
737
661.52
466.33
414.11
431.04
390.81
323.75
299.58
285.49
274.45
266.55
302.39
385.85
502.05
574.43
557.2
644.56
652
581
626.43
201
201.01
267.12
728
758
532.76
461.79
436.87
424.65
379
240.78
227.77
226.02
240.78
242.33
253.3
280.2
371.5
670.63
468.44
475.41
354.2
253.51
244.03
243.15
241.99
322.01
393.28
317.18
330.62
317.29
313.34
313.2
312.43
229.66
250.64
227.4
227.66
228.39
231.26
235.08
237.48
239.93
263.1
260.76
252.98
241.3
208.61
203.16
203.16
208.61
572.31
289.56
208.61
208.61
198.49
198.49
198.49
236.8
241.26
241.26
250.72
252.45
256.75
255.1
247.56
246.71
250.72
261.1
261.06
261.03
260.98
260.09
269.4
270.62
434.59
482.38
426
261.43
255.69
252.53
251.37
248
243
237
235
235
287.61
511.96
632.16
697.08
697.56
699.26
763
695.33
781.25
739.96
723.5
770
1092.6
818
701.55
296.24
294.05
281.16
262.45
238.52
237.91
241.17
242.57
243.93
255.26
531.61
1500
1487
1376.4
1369.49
1391.11
775.31
1167.5
1156.49
1066.92
972
1382.25
1401.99
1390.82
645.85
522.13
511.88
486.06
387
344.7
326
310.48
286
356
507
1005
923
923.24
924.01
1233.91
1042.75
1643.6
1861.92
1568.01
1394.77
1925.59
1211.06
203
198
197
523
430
247.16
237.87
235.72
235.11
238.34
239.9
250.73
263.26
263.55
258.04
256.12
249.64
248.21
247.03
246.82
248.67
263.74
268.76
195
-30
218.34
218.34
218.34
189.86
184.92
170.69
170.69
231.36
237.43
189.66
202.45
230.64
257.39
260.78
258.89
256.46
251.75
249.67
248.55
250.29
256.42
222.49
217.78
217.78
213.85
198.91
194.19
186.33
189.29
238.62
237.02
234.64
231.51
238.78
238.86
238.98
245.21
247.59
255.51
261.82
263.53
260.82
259.96
261.63
266.91
284.71
289.97
272.39
270.72
265.4
256.63
269.02
241.54
240.21
238.92
250.54
229.66
233.31
229.3
231.94
237.4
240.63
254
252.51
252.53
254.04
254
259.93
346.81
591.11
595.43
578.59
431.49
263.18
262
241.22
249
245
239.1
239.89
239.1
244.62
313.38
569.86
996.39
569.8
1011.41
1012.81
995.63
1006.57
987.97
972.56
579.27
1010.95
1012.2
1003.78
779.74
621.05
594.02
497.72
249.52
243.71
243.04
243.85
245.74
248.29
269.17
1124.56
1123.1
1123.16
1129.91
1130.64
1114.74
1123.68
1121.77
1114
1127.65
1125.76
1123.71
1119.33
688
559.39
284.47
264.97
264
253
252
246.69
244.23
255
466
355.06
1048.3
1072
1078
1159.63
1179.58
1114
1227
1114
1200
1200
1200
1200
817
633.47
299.53
290.4
273
246
245.24
244.07
245.64
251.08
255.09
342.3
374.8
318.23
299.69
281.9
268.9
266.15
272.67
320.87
752.02
481.17
528.77
391.08
373.88
268.47
268.47
268.69
247.66
256.2
256.2
260.91
260.91
275.79
297.73
392.26
392.42
366.14
266.67
264.8
264.8
264.45
261.19
262.16
303.69
286.27
258.54
242.89
224.08
211.55
211.55
207.63
209.48
207.11
207.11
207.11
207.11
207.11
207.11
207.11
221.34
221.04
254.2
253.57
252.45
251.95
254.02
258.44
279.44
295.02
267.19
257.35
251.38
251.29
226.08
226.05
216.48
216.48
216.48
221.18
221.18
221.34
221.37
221.37
229.24
276.2
264.35
272.95
272.95
272.95
272.95
272.95
281.22
303.99
278.11
270.87
256.07
253.95
248.09
244.12
238.12
197.65
197.65
197.65
207.06
200.74
246.13
550.39
662.3
637.79
643.43
638.92
638.79
638.81
411.59
402.44
389.52
637.64
596.93
260.5
254.75
268.01
268.01
258.53
246.06
246.93
245.66
246
246.63
249.13
500
273.79
995
878
797
785
795
792
791
746
803
1199
967
770.75
264.36
610.35
552.85
262.75
469.19
382.8
366.65
343
345
411.72
269.72
240.86
1199
1050
1199
1199
841
1022
1050
943
976
274.25
274.25
238.32
238.32
491.38
236.43
365.82
394
277
248.9
224.57
224.57
257.05
461.47
830.97
719.01
699.45
707
710.29
729.44
742.02
721.09
690
731.24
738
734
734
703.13
615.89
547.64
445
255.38
225.34
234.73
234.73
234.73
234.73
234.73
261.01
553.99
244.33
263.08
557.22
276.75
276.75
262.51
551.71
272.28
272.28
262.89
195.81
255.49
258.2
255.38
255.38
256.59
257.4
255.85
255.29
253.1
254.91
270
267
267.39
272.14
274.56
276.97
281
271
255.27
258.3
263.06
267.39
260.98
237.33
225.46
225.46
225.46
215.97
206.14
201.42
196.57
187.2
168.48
168.48
168.46
173.16
173.16
205.92
205.92
212.47
216.22
216.22
219.96
219.96
224.65
229.75
259.28
257.13
254.14
222.66
212.44
244.98
241.59
236.73
234.45
173.16
173.16
173.16
205.92
219.96
346.38
594.37
696.42
703.82
576.54
488.75
765.54
392.24
699.63
883.29
899.17
268.27
266.85
271.52
281.8
263.23
249.45
248.81
247.58
246.5
249.45
255.01
257.9
261.65
570.31
575.09
310
285.04
246.79
313.39
309.87
706
802
976.94
743
669
272.43
269.82
279.5
246.41
247.9
247.79
246.92
244.65
247.47
254.25
292.8
567.15
686.48
741
789
743
744
737
478.5
460.34
423.23
328.47
279.52
261.36
219.51
213.19
206.09
198.19
197.5
187.23
183.24
182.77
197.77
206.2
221.2
225.15
281.43
216.49
216.51
216.51
212.74
213.28
210.98
237.11
234.6
234.63
233.05
225.15
225.15
225.15
225.15
225.15
246.28
257.08
256.97
256.98
256.96
265.18
261.63
384.52
437.53
233.4
223.91
200.96
302.56
269.47
271.94
274.62
276.92
309.26
300.47
260.03
271.55
265.46
255.61
252.01
251.65
249.78
245.59
257.59
256.5
256.43
272.11
257.26
257.2
335.29
350.82
261.39
260.98
260.06
260.13
261.89
490
650
304.12
260.4
256.73
254.49
252.67
249.81
245.68
252.34
257.05
257.05
257.05
252.34
252.34
257.05
257.05
261.85
275.88
275.91
266.49
261.77
254.14
255.68
278.74
397.25
650
420
310.67
271.2
270.83
268.2
248.97
246.4
244.75
243.87
247.29
217.62
285.72
420.56
550.27
353.75
595.08
595.64
650
650
594.73
589.54
590.63
596.15
353.75
280.64
280.64
261.49
256.37
251.93
249.69
248.17
245.21
242.49
245.25
249.89
254.82
263.37
315
305.29
305.61
476.58
476.54
476.81
476.98
477.09
355.37
478.07
477.57
650
650
637.26
557.12
449
250.96
255
250.54
250.1
251.19
259
262.59
357.39
478.17
477.75
555.94
555.94
555.94
476.85
309.74
409.01
476.52
242.23
237.18
258.99
257.07
255.99
260.8
260.8
256.86
259.89
254.4
237.1
253.62
252.77
253.66
212
262.41
260.73
258.96
240.19
248.88
229.13
227.55
227.63
261.86
267.23
258.94
257.72
255.88
255.2
251.64
247.81
247.72
247
242.73
213.92
209.27
209.5
256.53
218.21
223.06
223.06
243.6
236.61
237.06
227.95
225.24
229.49
227.81
227.81
227.81
225.44
225.1
225.08
225.08
239.63
208.81
167.29
34.98
-461.87
-465
-463.25
7.99
7.87
197.34
197.34
217.73
244.29
242.5
241.68
242.12
245.72
248.21
246.81
244.59
242.54
239.55
240.83
240.76
239.24
235.3
230.54
223.43
216.9
218.07
213.76
212.74
213.96
225.17
238.85
249.95
249.74
247.85
241.88
240.75
240.99
248.55
266.8
254.84
252.9
250.07
247.89
242.66
235.42
248.88
252
202.03
147.59
242
237.05
237.3
246.99
249
248.44
265.77
268.54
268.34
264.09
230.62
260
266.61
251
250.82
248.62
241.49
242.64
259
260.66
257.15
241.1
231.1
236.43
238.27
258.64
241.34
232.4
256.44
258.36
259.76
269.76
280.8
285.82
287.21
290.71
290.96
290.96
290.04
290.04
288.18
256.88
253.14
246.5
251.79
248.35
245.09
243.48
245.83
250.91
257.35
232.33
278.79
284.37
302.02
274.4
272.54
270.93
272.23
270.59
272.28
275.01
273.79
296
263.76
263.13
257.75
254.43
265
264.49
265.97
264.24
264.29
267.49
269.21
271.73
268.63
278.49
293.29
310.87
303.79
305.3
306.01
303.52
303.35
306.02
306
287.81
287.81
276.71
273.61
268.84
268.78
264
251.02
249.07
248.09
255.26
259.19
227.48
227.48
229.85
229.85
229.85
229.85
229.85
227.5
227.73
227.73
266.77
264.91
259.33
257.89
264.91
264.91
249.41
223.33
-274.89
-293.61
-465
-538.64
-349.8
-325.93
134.18
210.65
210.65
255.74
254.74
260.99
270.31
274.97
277.77
284.29
293.61
293.61
257.4
247.18
248.87
246.15
253.53
261.66
266.33
266.33
266.33
266.33
266.19
266.19
261.42
256.66
256.94
242.04
242.97
245.88
245.21
245.77
261.66
266.33
352.11
322.42
266.33
266.33
266.33
279.9
266.33
