120
130
10
10
10
10
10
10
10
10
10
10
10
10
10
10
32.58
53
61.74
54.4
71.83
75.69
86.5
17.47
40
40
40
40
40
40
40
39.65
39.99
40
40
40
39.76
38.33
38.19
36.34
36.23
170
170
165
155.66
155.84
155
145
140
131.47
126.25
123.42
119.01
40
40
40
40
58.83
65.93
64.97
55.2
85.33
90.77
35
35
170
170
160
40
40
155
140
30
30
30
120
130
140
150
160
141
130.61
132.42
127.67
132.07
141.92
131.48
137.14
142.7
164.91
168.65
150.56
143.52
139.78
142.88
129.98
119.64
117.31
121.34
121.36
115.14
130.58
135
135.51
143.84
143.07
139.78
143.05
143.04
134.8
136.33
140.44
145
145
145
145
145
30
30
135
30
30
30
30
30
30
35.97
46.42
58.99
62.22
61.93
67.76
79.36
81.82
62.06
34.26
45.2
75.49
89.72
90.44
140
140
131.55
110.82
111.68
115
115
115
115
125
135
140
140
140
140
140
30
30
30
30
32.78
51.12
52.89
31.61
31.05
30.95
30.77
30.95
20.7
20
20
20
20
20
27.14
26.78
26.25
40.39
40.64
34.97
30.04
27.14
27.14
26.41
24.5
93.67
104.24
30
30
30
30
30
30
120
110
110
115
78.19
76.68
76.35
30
94.34
140
30
30
30
30
130
130.85
138.23
136.91
135.2
128.38
121.69
140
135
115
115
115
115
115.51
118.26
128.01
155.25
161.4
138.74
134.79
129.91
118.71
114.53
50
50
72.26
120.55
103.77
80.9
73.03
75.08
71.89
65.83
47.95
46.66
49.51
50
50
50
50
120.02
141.55
140
140
140
140
140
140
140
150
50
55.45
76.3
73.08
69.14
67.16
60.89
44.57
44.99
49.38
45.82
46
50
50
109.72
145
145
111.18
50
60.39
110.51
101.11
74.09
77.25
91.94
89.68
78.76
81.47
79.9
87.7
75.17
50
50
50
50
50
51.34
62.64
94.41
103.35
86.01
84.29
84.29
91.17
91.17
91.17
165
165
170
165
160
160
160
160
155
127.52
115.21
115.01
115.38
120.5
126.28
136.77
148.48
158.44
150.73
136.11
135.78
141.71
134.79
134.09
131.83
130.28
128.29
122.88
110.45
113.9
113.9
105.27
104.41
115
115
115
115
115
115
125
130
126
128.53
128.53
128.53
125.11
114.86
114.69
110.26
136.34
141.95
140.87
126.85
121.95
119.08
119.08
107
40
40
40
40
40
120
120
120
120
120
120
120
120
40
40
40
40
40
40
40
40
37.74
36.42
35.38
120
120
120
78.96
79.49
120
130
140
50
50
57.23
57.62
57.35
59.77
59.61
61.31
60.31
68.37
69.78
69.67
72.97
54.72
58.51
63.37
50
50
145
145
145
125.56
127.27
131.39
136.03
135.25
130.76
113.64
110.34
50
50
50
50
50
165
160
155
145.48
132.77
133.24
130.53
128.19
132.28
129.17
130.75
133.47
146.18
173.89
173.78
158.94
158.94
159.73
161.54
157.67
149.85
149.83
149.12
158.19
156.29
149.86
140.59
154.16
128.31
50
30
120
120
120
120
120
130
140
50
50
50
67.83
71.42
69.77
67.84
63.75
66.08
89.02
87.34
58.76
50
40
61.98
30
50
135
83.94
140
140.09
143.01
155.2
183.88
178.92
171.04
171.85
174.51
50
50
50
50
170
175
170
165
161.88
163.07
160.14
158.47
50
50
50
50
50
50
52.66
72.46
87.38
99.65
99.5
95.1
109.95
109.88
108.36
110.1
170
175
170
150
150
150
150
150
125
125
125
125
125
125
140
150
136.06
128.53
121.67
120.22
119.61
111.83
133.26
150
170
175
170
151.73
152.01
151.83
151.53
151.47
131.34
130
130
130
130
130
138.82
1345.26
3548.54
2511.17
2510.33
1283.19
1255.24
1180.6
906.2
1255.3
1256.05
1866.02
1255.71
499.35
146.45
160.56
140.92
120
140
140
140
140
140
150
201.17
251.25
450.45
350
270
220
210
210
210
50
50
50
50
200
50
123.77
170
160
155
140.34
137.65
137.07
139.78
138.88
144.69
50
50
50
65.59
78.39
67.84
62.86
67.64
69.95
76.03
67.91
68.39
69.72
76.62
71.28
78.25
76.37
55.49
35
135
135
135
135
160
175
180
126.41
125.71
50
50
50
50
50
65.35
81.8
74.72
68.48
66.28
43.29
40
35
35
35
35
99.68
140
145
155
170
175
175
175
170
170
170
50
53.35
66.69
72.47
50
50
50
150
150
135
125
125
125
125
125
35
35
35
35
35
135
135
135
135
135
135
35
35
135
135
133.58
126.13
127.4
130.39
122.72
125.06
130.8
130.87
117.14
120.62
117.57
107.53
110.59
114.64
105.76
106.55
105.68
35
40
50
50
135.6
132.29
132.96
122.65
129.31
128.74
122.33
35
35
35
35
35
35
50
145
150
139.48
141.95
142.52
143.54
139.72
133.13
133.38
134.94
160.47
159.12
150
145
74.16
83.27
81.2
145
123.79
125.32
120.74
125.97
127.95
141.75
186.34
184.6
182.91
178.25
171.55
170
50
86.29
78.23
59.6
87.31
70.37
63.99
67.21
90.33
97.49
50
45
45
90.63
130
130
140
150
170
180
170
50
50
63.62
69.99
72.62
50
49.63
50
50
50
50
50
99.4
50
45
45
45
45
45
46.12
64.46
110.9
101.49
104.32
105.28
58.3
50
50
50
50
170
170.88
155.91
146.55
136.86
148.96
165
50
46.1
54.74
57.51
57.49
57.49
64.31
72.57
76.34
75.27
80
83.52
87.61
84.91
77.2
68.39
65.68
54.83
50
50
50
50
50
50
50
45.39
45.43
45.38
45.41
45.45
45.46
47.1
49.14
50
50
175
50
50
170
170
170
170
175
170.35
109.63
97.35
98.22
95.59
93.84
25
25
25
25
25
25
25
25
30
35
122.67
113.38
117.27
110.41
104.35
102.6
106.56
115
119.54
120.13
110.66
97.74
72.9
71.08
61.24
41.45
40
40
40
50
51.48
67.25
68.91
63.21
68.09
73.74
77.4
76.54
73.39
73.87
70.1
81.88
82.49
72.79
79.98
85.12
78.1
57.81
40
40
40
40
43.44
58.92
63.91
73.93
71.05
70.99
71.55
70.05
66.3
68.65
71.97
74.77
74.77
50
828.05
156.55
116.24
102.84
116.96
50
49.77
48.14
47.06
46.14
41.89
45.41
50.49
66.74
78.92
78.92
30
30
30
30
42.53
60.39
52.49
48.07
195
155
130.43
117.7
122.25
119.09
113.86
110.77
114.28
115.81
110.56
106.63
110.62
101.84
25
25
25
25
25
25
25
150
150
150
146.84
132.99
126.51
129.48
126.97
125.7
112.02
106.07
108.4
108.76
111.31
115.08
121.89
137.22
148.19
146.54
160
150
145
145
145
145
145
145
142.1
137.63
129.88
128.01
124.34
121.95
130.33
130
130
125.07
111.46
111.6
107.94
135
135
25
25
25
25
25
20
20
135
140
140
135
135
135
135
130
135
122.27
114.76
114.76
116.23
117.98
111.76
105.03
104.71
100.57
104.91
101.16
93.5
25
20
20
20
25
25
25
135
135
135
130
135
20
15
135
135
135
140
150
165
148.55
175.35
186.17
179.56
156.39
156.52
161.14
201.4
309.84
728.07
158.83
150.63
145
140
140
135
130.56
114.91
100.3
113.17
104.99
114.72
120.54
120.69
112.81
117.22
126.24
114.52
116.76
114.72
130.87
150
150
133.56
128.8
116.42
120.78
117.9
113.18
113.91
104.09
106.12
107.12
112.8
120.19
136.33
141.95
207.16
186.93
171.67
158.38
149.79
150.76
150.48
139.37
142.66
188.27
181.42
138.58
124.99
109.94
116.11
115.51
115
120
120
120
120
125
131.48
167.49
438.35
418.26
356.79
251.97
163.69
168.7
165.3
157.77
161.99
585
536.55
159.16
120.34
113.4
108.44
107.79
115.15
106.18
103.45
105.92
107.31
131.16
135
174.88
230.12
183.71
198.6
198.33
173.18
143.03
128.11
129.24
130
150
150
140
20
30
25
25
25
25
25
25
25
25
25
30
30
30
30
30
30
30
25
25
30
30
30
145
145
145
140
135
117.5
108.82
108.52
108.52
108.52
108.52
108.52
105.61
88.18
108.52
130
30
30
30
30
30
30
30
140
145
145
145
140
145
130
130
130
130
130
135
140
175
190
190
190
180
175
180
133.84
30
30
30
30
30
38.8
67.08
59.65
36.83
30
89.45
88.79
88.97
90.4
30
30
160
165
165
165
160
155
150
150
145
156.28
540
445.47
181.99
135
30
30
135
130
30
87.32
87.41
88.55
30
30
30
30
30
30
30
30
30
30
30
30
60.23
60.79
30
30
30
30
30
46.62
51.38
49.24
46.39
45.3
43.56
35.71
61.27
69.09
86.07
105.66
30
47.2
49.07
42.5
33.19
41.58
53.96
65.08
38.07
35.35
130
130
30
115
115
115
115
115
115
30
30
150
150
30
30
44.51
49.65
57.96
51.69
63.75
56.1
75.28
80.04
72.85
68.44
69.84
30
30
130
130
130
130
30
30
30
30
30
30
44.3
47.36
37.5
44.53
49.55
49.64
55.03
30
30
30
30
30
30
115
115
115
115
115
115
30
37
47.55
44.85
46.91
56.35
53.07
43.07
28.95
29.02
31.65
63.29
63.5
70.23
50.25
48.98
40.82
31.18
30
30
30
30
30
30
30
140
135.89
123.25
121.36
126.88
129.4
132.8
144.04
121.25
30
30
105.19
92.93
90.82
91.52
87.62
59.89
30
30
30
30
30
46.57
53.85
41.46
39.15
41.56
42.92
49.85
52.93
60.29
64.11
69.19
61.97
59.39
72.06
63.18
69.18
64.47
67.85
74.15
120
120
120
120
120
30
130
190
190
180.8
30
30
30
50.14
64.85
58.91
54.35
50.18
48.01
59.11
60.21
55.78
55.81
54.63
36.45
30
30
30
30
120
130
147.04
154.95
134.23
123.51
122.7
114.58
128.15
119.7
150
55.83
60.6
79.27
70.64
62.11
61.29
57.75
46.62
32.31
30
30
30
37.31
45.58
51.26
62.14
68.69
52.78
30
30
30
30
30
30
30
29.87
30
30
30
30
30
30
30
30
130
125.61
109.5
105.85
100.92
97.93
96
98.76
87.99
83.5
30
30
30
30
30
30
30
30
30
30
30
30
15
130
130
130
130
130
130
130
130
130
130
130
130
30
30
30
30
30
130
130
130
130
30
30
15
15
15
15
15
19.83
27.16
30
40.21
53.94
92.55
93.3
42.44
30
30
70.46
61.07
57.02
62.16
59.26
49.39
49.16
52.44
36.91
16.21
10
10
10
10
130
130
140
106.42
106.95
113.85
115.48
108.71
109.4
110.63
126.04
130
140
145
140
131.3
131.52
131.43
131.48
110.33
110
110
110
110
110
130
40
40
69.16
92.5
91.57
84.19
83.09
87.46
71.69
72.78
78.12
72.52
66.9
60.02
49.76
30
30
30
30
29.88
29.13
29.23
39.44
84.58
89.86
105.55
120
120
45.48
70.07
72.24
70.48
70.48
68.72
68.72
40
174.49
120
120
110
110
110
110
110
110
110
110
130
40
40
40
40
40
40
55.62
63.52
63.52
62.64
60.09
78.89
84.59
62.4
59.52
53.54
40.58
30
102.33
99.74
100.7
95.43
30
48.5
45.07
52.78
64.45
68.87
68.87
130
130
130
130
145
150
150
150
150
30
30
30
115
115
115
115
115
80.85
81.17
76.92
81.91
130
130
111.35
110.6
101.93
99.22
96.76
109.21
110.99
118.81
120.46
127.11
123.74
122.08
122.16
110.97
93.24
87.37
87.13
80.85
115.57
130
30
29.68
39.47
46.02
53.79
79.49
92.44
93.95
89.52
77.99
85.08
94.83
188.96
110.19
127.39
130
130
120
30
30
120
120
120
130
200
186.22
183.68
179.86
176.78
200
200
200
200
200
200
30
30
30
30
30
30
30
30
30
30
30
30
30
30
30
140
140
140
140
84.64
83
93.22
141.53
190
204.26
199.77
135
135
30
30
30
37.57
60.83
63.92
81.21
130
135
188.12
209.09
204.34
206.98
205.59
200.48
202.92
200.85
201.12
202.08
200.29
200.76
200
47.61
53
66.56
60.51
60.03
48.06
30
100.69
106.69
114.22
141.12
185
225
225
225
225
200
200
175
175
175
30
194.46
200
150
150
135
130
125
103.7
94.22
88.64
87.32
114.52
100.44
100.96
107.78
120.65
120.65
122.77
112.12
96.45
95
80.81
80.58
126.69
155
135
130
130
126.65
108.74
107.3
30
30
30
30
77.66
30
74.86
76.15
84.95
90.83
90.32
30
30
30
30
30
30
30
135
135
30
30
78.19
30
30
30
30
30
35.3
54.06
54.36
52.66
45.97
51.67
50.42
45.26
41.69
31.8
30
30
30
30
30
30
30
30
80.96
125
125
125
125
125
130
30
30
49.6
48.08
45.06
49.8
48.65
48.89
50.02
52.31
52.17
54.97
54.96
30
30
140.16
127.65
118.23
123.14
130
130
130
130
135
140
170.04
90.76
60.51
55.37
54.17
68.51
83.64
72.96
145
140
140
197.41
188.53
140
140
140
135
30
30
30
30
30
30
30
30
60.46
51.55
64.05
54.17
54.99
52.88
46.76
51.67
52.65
54.56
56.95
72.93
93.39
140
145
140
91.57
30
30
30
30
30
54.22
80.76
57.27
45.64
44.33
43.4
42.12
39.99
31.78
30
29.91
25
32.12
25
25
140
130
130
84.24
82.89
120
120
115.3
97.84
105.64
119.27
113.39
130.11
140
140
140
140
140
140
140
140
140
30
140
98.2
98.8
140
30
79.04
0
77.46
77.63
78.19
120
130
81.03
140
140
140
130
130
130
30
120
140
30
30
30
30
30
30
120
130
130
130
130
132.42
242.65
296.5
250
234
227.68
210
160
142.02
141.13
130.9
125
125
130
59.93
33.96
30
30
36.21
66.68
68.01
68.11
78.7
90.16
96.38
113.65
250
300
30
250
200
170
30
30
34.39
42.23
51.08
61.37
58.04
91.06
87.76
30
30
130
130
130
130
130
130
150
266.38
304.32
265.99
236.68
225.87
30
227.24
225.24
130
30
30
40.91
42.84
37.47
130
130
130
114.75
99.91
88.39
89.14
91.39
107.94
134.97
160
190
160
150.28
250
150
250
250
130
30
41.18
46.05
43.91
43.2
140
141.01
137.53
130.36
130
130
130
135
150
160
190
271.68
277.77
250
43.86
55.59
69.3
79.61
83.9
70.19
68.71
58.47
66.38
78.12
140
140
30
30
30
130
130
130
130
130
130
130
130
150
87.99
73.63
73.63
83.5
83.25
78.87
30
30
140
140
130
130
130
130
30
30
30
30
30
30
130
130
130
140
30
30
30
30
30
30
30
100.41
30
30
30
30
30
30
30
30
30
30
30
30
30
30
30
135.84
30
91.77
104.39
100.49
72.44
63.08
67.49
78.21
66.96
73.86
30
160
160
30
74.67
76.82
85.34
89.76
30
160
30
276.41
126.72
142.72
142.72
142.72
108.61
104.12
74.98
63.49
95.74
82.54
69.77
44.56
30
37.97
53.59
43.58
35
35
35
35
89.5
88.61
280
320
35
109.53
126.81
78.09
83.23
83.14
74.68
69.01
68.69
62.56
67.69
64.27
35
74
62.3
37.7
30
36.5
69.65
56.65
52.08
38.86
139.49
79.1
60.17
55.37
84.07
81.64
81.64
74.18
61.41
45.79
45.81
49.9
64.94
70.09
30
48.64
51.93
38.23
30
30
30
30
165
165
30
363.7
330
325
270
260
255
255
200
170
169.73
147.42
160
165
210
190
165
150
150
150
150
150
150
150
150
175
180
182.86
168.52
154.17
139.96
129.96
123.53
131.65
153.45
151.82
142.92
148.1
147.03
146.01
132.24
147.54
160
160
160
105.88
160
160
50
50
50
50
50
50
51.27
50.25
51.4
51.79
50
50
50
50
160
160
165
145
145
145
145
145
145
160
50
280
50
50
50
270
260
260
250
50
50
50
240
240
250
190
160
170
165
160
160
160
175
155
265
290
295
300
300
50
50
50
59.95
77.31
76.32
76.16
83.88
84.8
91.46
84.95
68.28
41.61
155
155
155
155
155
145
99.56
180
30
79.96
75.62
87.25
255
185
150
150
187.81
155.17
151.07
150.8
175.58
156.87
148.6
146.36
30
107.2
106.4
107.6
30
30
30
30
290
290
285
275
265
30
30
38.9
77.72
102.66
106.92
109.62
260
200
165
165
155
155
155
155
275
30
30
247.38
30
30
81.96
84.81
97.21
95.96
86.99
91.47
255
255
175
175
165
165
160
30
140
140
140
140
140
140
30
165
155.11
159.62
145.68
170
165
140
140
135
165
170
165
165
160
160
145
130
96.88
86.09
86.09
86.09
130
130
130
130
130
130
135.96
111.59
118.36
118.34
118.36
118.36
125.43
131.29
133.16
130.12
142.25
145
130
130
130
130
130
130
150
30
30
44.07
66.71
74.21
81.36
81.36
150
145
133.42
99.25
30
90.65
140
140
141.15
141.43
141.4
130
130
130
130
130
130
140
140
140
140
140
30
77.17
94.48
92.79
54.47
54.06
53.95
53.81
71.77
71.77
140
140
130
140
140
140
140
140
140
140
30
30
30
250
250
250
250
250
127.65
114.37
116.75
117.37
108.28
128.27
140
140
130
140
130
130
130
130
130
130
145
145
145
145
145
145
145
60.65
46.7
49.21
42.42
145
145
30
145
140
130
130
130
130
130
130
130
130
130
102.58
110.42
114.23
114.98
113.36
111.6
106.55
102.96
101.43
91.12
38.34
49.45
52.8
63.86
130
130
30
30
30
30
30
30
30
30
130
135
135
135
130
130
119.33
83.64
89.15
103.93
105.6
96.58
78.67
30
30
30
30
30
30
30
30
30
30
30
130
135
135
135
130
130
130
130
130
130
135
135
30
30
130
125
5
1
1
42.98
43.51
44.87
46.33
51.64
130
135
135
135
130
130
130
130
130
130
136.27
137.91
135.78
135
130
125
5
1
1
1
6.1
21.64
38.56
42.84
30
30
30
30
30
30
30
55.62
34.63
30
30
42.09
42.14
30
130
125
140
125
120
120
120
120
130
30
170
170
170
30
30
30
43.98
42.03
51.75
56.35
47.76
48.19
47.94
38.43
30
30
68.75
64.65
62.02
100.26
110
130
140
30
170
170
210
210
170
250
191.06
164.08
131.1
131.43
130.24
160
160
30
130
30
30
30
30
30
30
30
30
46.53
91.57
80.59
170
30
30
30
30
30
30
130
130
140
140
140
59.85
50.82
110
105
100
100
100
100
105
125
125
130
130
130
130
130
110
110
110
140
140
126.15
126.84
125.4
125
125
30
30
30
30
30
30
43.22
83.56
70.05
30
30
74.56
74.29
73.1
125
125
125
30
30
30
30
30
74.31
30
30
30
30
30
30
30
30
30
30
30
30
120
109.98
84.75
88.99
89.74
112.84
122.51
122.44
122.26
122.31
115.13
112.74
104.32
120
30
67.2
67.23
69.96
30
30
210
344.65
250
369.29
30
210
190
190
160
150
150
150
150
150
150
150
150
115
110
100
100
100
120
160
225
300
290
290
290
280.46
292.4
277.28
173.28
166.9
176.76
160.78
160
160
165
160
135
125
120
120
120
120
30
30
30
30
69.93
82.84
78.23
270
300
285
185
165
185
180
165
124.45
30
170
135
140
140
140
140
140
30
155
255
265
255
270
255
240
245
170
30
30
30
30
30
145
30
145
140
110
120
120
120
120
155
235
260
295
300
295
295
290
275
265
260
260
280
130
120
120
120
74.16
30
20
10
10
10
10
30
30
18.35
32.12
32.12
32.85
32.02
29.47
29.55
29.9
28.38
28.59
36.76
31.25
43.22
58.06
60.65
30
30
20
20
20
63.38
20
30
215
280
300
30
380.8
30
30
30
30
30
35.87
300
215
210
230
285
275
175
165
125
125
125
125
125
190
300
295
295
300
300
300
270
284.69
270
251.71
285
235
205
225
200.07
182.86
175
93.1
18.15
27.23
110.93
110.25
4.54
27.23
80.79
84.42
81.69
82.6
90.77
90.77
245.5
249.61
290
249.19
249.39
108.92
290
290
280
250
180
110
110
110
110
110
110
130
230
240
240
240
240
30
30
30
30
30
61.55
67.53
59.33
65.83
68.33
30
30
93.08
97.14
91.87
91.87
97.25
115.85
130
220
220
269.07
225.71
210
180
180
125.12
44.32
30
30
30
30
30
30
130
130
150
150
150
150
150
150
150
150
150
150
122.15
123.96
123.96
125.4
150
150
150
111.65
123.2
150
150
150
150
150
125
125
125
110
110
110
110
71.99
79.19
30
30
30
30
30
79.49
125
125
135
140
140
145
155
155
145
130
130
120
120
120
130
160
190
260
250
260
260.08
270.25
282.43
282.23
281
280
280
270
210
220
270
270
210
114.36
109.44
96.26
86.39
104.58
113.52
150.86
202.81
191.93
178.11
212.59
209.59
211.56
232
230.76
227.65
232.27
242.85
243.36
231.19
175
230
230
30
30
30
30
140
140
160
160
220
480
300
270.39
254.17
238.77
243.32
230.06
165.38
169.11
30
30
30
150
131.31
129.57
130.37
140
140
140
140
30
30
30
220
30
30
30
40.6
44.65
35.15
50.2
52.43
52.22
49.94
51.79
47.84
39.33
35.26
53.18
39.68
89.94
60.42
111.9
140
140
140
150
159.4
158.83
158.83
159.73
168.54
164.81
160
160
160
150
150
160
155
150
150
150
140
30
30
30
30
30
30
30
30
30
30
30
30
30
30
30
30
150
150
150
150
150
30
30
30
30
30
30
30
30
30
30
30
30
30
30
90.33
30
30
30
30
30
30
140
140
140
145
30
30
30
79.26
78.08
73.05
73.57
30
150
185
210
180
180
142.17
139.91
50
50
50
50
50
50
50
50
50
50
40
30
30
30
30
30
30
40
50
50
64.2
163.56
171.97
176.73
142.1
95.39
112.7
105.6
102.19
61.33
50
50
180
170
150
25
20
10
10
10
74.18
150
155
185
196.34
251.73
251.72
242.1
204.79
180
71.58
73.95
50
55.67
91.53
96.46
150
150
150
150
132.75
134.72
135.19
135.19
134.08
159.66
176.55
224.76
225.15
242.32
359.27
240
190
177.72
64.89
50.01
40
40
40
53.46
84.3
95.56
40
150
71.3
65.56
116.71
123.87
121.24
153.62
200
250
260
270
250
191.35
111.63
51.65
52.97
72.1
66.74
69.28
75.93
67
50
50
50
150
150
150
129.55
115.18
123.7
136.72
139.9
141.94
137.05
139.15
139.27
149.14
148.64
134.34
129.81
119.7
139.37
138.46
120.6
150
150
150
150
107.33
77.72
74.58
150
150
150
150
150
150
150
150
150
150
89.06
150
150
150
150
150
150
87.97
150
150
150
150
150
150
150
150
120.12
142.6
166
202.62
205.97
236.08
214.81
200.59
190
186.11
60.32
84.66
84.44
84.38
88.02
92.42
99.13
100.02
69.92
130
130
120
120
119.63
124.42
134.54
160
195
195
195
196.66
187.4
189.55
189.55
190
190
190
190
190
145.65
147.63
147.89
140.23
130
30
30
30
30
130
30
30
50
53.77
73.09
114.73
76.08
57.31
52.69
53.39
47.38
48.25
47.65
40.97
30.46
46.2
78.47
30
130
130
130
130
130
118.44
113.67
110.63
125.74
125.74
127.55
131.03
123.27
127.37
119.2
122.56
117.54
120.41
123.63
119.12
99.01
98.99
105.41
91.56
30
30
30.57
23.34
25.73
30
30
33.34
36.45
37.79
38.14
44.85
44.3
43.12
30
30.31
44.11
58.76
64.6
50.69
39.94
39.77
36.69
30
30
150
30
150
150
150
150
150
150
92.69
92.89
150
121.82
86.76
79.58
76.9
114.25
150
112.79
82.27
128.4
150
150
150
135
30
30
30
30
30
30
30
30
30
30
135
135
135
135
135
135
123.32
128.47
135
135
135
135
88.01
30
30
30
135
30
30
40
165
170
170
170
170
170
170
170
170
170
170
160
145.53
134.05
128.95
120.87
128.11
135
135
135
135
111.76
110.39
122.38
177.35
200
200
200
200
200.17
200.24
180
170
170
170
160
155
155
131.18
120.12
127.43
135
135
135
135
30
30
40
175
200
200
125.87
119.22
200
200
180
50
73.13
78.08
70.93
65.67
45.87
40
30
30
135
130
125
120
125
129.41
131.94
163.23
152.51
138.15
230
225
175
50
50
50
50
66.14
69.54
54.37
50
50
150
140
140
30
30
140
140
140
150
30
86.16
98.98
108.12
87.03
101.29
60.67
61.38
34.15
30
30
150
150
150
150
30
30
147.31
140.92
140
140
140
140
137.91
108.15
113.9
117.06
120.96
124.04
124.16
122.21
121.7
119.34
117.83
122.65
86.03
76.19
75.02
95.5
106.66
109.59
30
140
140
140
140
30
30
30
30
32.45
30.79
30.88
30.52
30.41
30.55
36.1
36.79
36.74
30
30.85
37.03
27.4
31.28
30.31
30
30
30
30
23.38
27.4
35.02
33.42
65.36
70.64
61.67
68
64.37
61.57
58.11
56.43
58.23
61.38
71.52
70.93
64.23
68.08
65.25
62.18
30
140
140
30
30
30
30
30
210
30
200
200
200
200
200
200
200
30
30
30
150
150
150
140
107.28
103.42
116.36
112.95
80.78
121.92
155
230
211.65
163.69
212.51
181.85
30
30
30
111.92
30
30
64.47
58.08
55.14
59.07
73.25
73.25
140
140
140
140
140
30
150
245
30
30
275
230
195
173.17
150.7
138.01
126.77
150
30
30
30
140
140
140
150
150
150
150
150
150
150
160
30
30
30
30
30
30
37.44
88.48
87.5
76.46
73.55
73.66
94.77
97.48
86.47
93.86
133.29
132.92
133.18
129.16
122.09
118.71
137.33
137.9
134.94
144.42
151.82
155
134.56
136.98
155
30
30
30
30
30
30
30
30
30
90
150
150
150
150
131.48
114.48
92.9
118.11
134.33
150
150
150
147.03
138.76
140.19
140.88
146.37
143.15
143.15
144.81
150
150
150
150
150
150
150
150
160
170
60.68
86.77
104.93
144.55
260
260
40
200
200
176.01
152.1
163.62
154.31
146.83
126.62
125.17
139.96
146.26
150
150
150
150
150
150
300
300
300.64
300
300
300
2294.13
401.38
170.94
170
170
170
170
155.31
151.17
151.08
150.77
140
140
131.17
127.99
99.83
105.63
150
260
237.27
223.85
209.84
207.22
231.27
257.43
264.52
205
70
73.55
79.8
82.42
170
160
150
140
140
140
140
140
140
140
150
70
70
70
74.6
92.73
98.86
101.83
77.72
74.78
71.03
71.16
78.76
77.17
76.01
70
70
70
93.96
77.88
93.9
140
140
70
70
70
70
69.16
67.46
66.28
64.13
60.37
56.46
40.55
140
170
170
70
70
70
70
70
70
70
77.62
72.07
68.26
69.21
70
140
127.9
70
70
70
175
175
130
130
170
175
156.09
130.99
130.88
127.77
133.5
135
130
130
130
130
130
130
135
132.94
137.42
144.92
179.8
149.91
140
87.07
135
130
130
140
129.58
128.16
130
130
130
130
69.6
63.23
54.56
49.73
47.6
47.6
47.89
71.63
82.33
92.22
132.32
131.18
135.86
116.5
92.86
78.08
62.81
76.42
50
50
52.07
56.92
94.93
57.56
40
130
130
130
130
49.21
65.61
84.35
119.63
118.51
60
90.13
142.97
60
60
60
60
60
80.22
81.26
78.79
66.37
60
140
130
130
78.9
130
130
140
150
160
230
250
330
347.76
60
265
210
160
160
160
160
155
155
132.32
122.73
107.32
97.66
97.66
130
130
130
140
150
70
70
70
70
70
70
70
95.17
107.36
102.98
101.21
50
50
50
50
120.87
50
50
50
50
50
45.37
41.84
57.3
68.58
68.91
92.83
89.06
69.52
70.1
62.06
60.71
54.86
50
53.31
71.63
62.38
51.94
49.99
30
30
30
20
20
20
130
130
130
130
130
150
150
150
150
150
150
150
130
125.21
118.58
116.61
119.62
130
130
130
130
130
130
130
130
130
130
130
130
130
130
130
130
73.41
40
40
130
130
130
130
130
130
50
130
130
130
130
64.01
63.11
30
40
50
200
50
178.96
179.91
210
215
180
50
103.53
50
175
175
175
170
150
150
130
130
130
130
130
130
130
195
230
250
250
250
250
250
200
160
130
130
130
130
130
130
130
130
130
130
130
130
130
130
140
50
210.42
260
260
205.41
245
245.3
196.06
157.06
125.06
125.16
170
160
140
140
140
130
130
130
130
46.54
30
30
40
67.32
98.92
74.79
75.96
75.96
75.96
60
200
78.57
57.87
58.54
54.54
56.84
58.1
56.52
58.29
36.21
64.25
89.58
89.11
78.66
64.94
54.46
124.45
50
60
60
60
60
60
60
60
150
57.11
150
150
140
130
130
130
130
140
116.09
73.02
68.13
68.13
38.05
30
30
42.34
53.33
82.27
87.6
230
230
230
230
230
209.95
92.82
95.13
96.61
125.39
119.91
119.83
140
121.77
97.63
97.58
97.02
103
230
164.44
115.51
112.4
68.13
99.46
108.52
113.27
111.03
99.24
99.29
132.98
96.77
101.95
92.95
69.41
102.59
140
30
30
30
30
30
30
33.91
36.12
43.85
26.92
28.16
22.98
17.68
17.68
18.56
47.2
50
50
50
50
50
50
45
35
140
49.35
30
30
30
30
30
30
210
191.2
162.37
195.54
197.36
50
160
50
40
155
155
150
150
150
150
30
20
140
140
140
140
140
30
50
49.43
46.44
46.07
57.64
58.74
61.97
60.71
34.7
37.2
38.42
43.71
34.8
26.16
26.54
26.08
20.49
10
140
140
140
140
140
140
10
30
30
51.31
71.22
35.4
30
30
30
30
30
30
25
20
140
140
140
140
10
10
10
10
10
10
37.71
64.32
52.2
46.73
40.23
41.17
37.24
53.12
44.86
43.42
48.17
50
50
140
35
140
45.48
22.39
14.06
14.76
19.76
13.44
10
40
50
50
50
50
50
50
50
50
50
250
250
250
170
140
140
140
10
42.51
10
10
10
10
10
10
32.94
27.64
17.84
28.54
28.54
34.78
33.89
33
31.21
30.32
32.1
33.89
24.04
10
10
150
150
10
10
10
10
10
10
10
15
50
50
50
49.57
32.5
185
195
150
44.28
44.04
43.86
44.21
44.84
45
45
10
10
10
10
10
10
14.94
23.54
19.14
20.4
32.21
32.22
35.27
35.06
35.28
37.16
37.75
42.92
43.34
43.55
45
45
45
45
10
30
25
25
130
130
130
130
25
30
30
30
30
30
30
30
30
30
30
30
25
24.97
25
25
25
20
20
20
19.09
20
20
27.26
30
30
30
30
53.45
52.45
30
49.29
45.36
45.83
30
30
30
30
130
130
130
130
130
130
130
130
130
130
130
130
40
40
40
40
40
30
30
30
30
30
30
30
130
130
130
135
135
135
135
135
135
135
135
135
135
135
135
135
135
135
135
135
135
135
135
135
135
135
135
150
150
150
150
150
150
160
170
170
170
170
170
170
170
170
170
170
170
170
170
170
160
150
150
150
150
150
150
150
150
175
200
250
250
250
250
250
250
250
200
175
175
175
175
175
150
150
150
150
150
150
150
150
150
175
200
200
200
200
200
203.47
208.03
207.93
206.75
202.94
202.57
200.7
178.79
175
150
150
150
150
150
150
150
150
150
200
250
275
300
275
275
275
275
275
275
300
300
250
225
225
200
175
150
150
150
150
150
150
150
200
40
40
250
250
250
250
250
250
250
250
250
250
250
225
200
200
150
140
140
140
140
140
140
140
140
180
60
300
300
280
250
200
200
95.41
250
250
200
140
140
140
140
130
130
130
130
130
130
130
130
130
160
180
160
150
140
130
130
130
20
130
130
130
130
130
130
130
130
130
130
130
130
130
140
150
160
180
170
160
130
130
132.03
133.05
130.4
130
130
130
130.52
132.37
133.42
140
140
140
140
140
140
20
20
20
20
140
140
150
140
200
40
20
30
50
30
140
140
148.57
140
140
140
140
140
140
150
160
200
260
260
260
260
260
260.66
260
50
50
50
260
260
200
170
160
160
140
140
140
140
140
150
160
220
260
270
270
250
260
300
300
250
50
50
50
40
30
30
30
150
140
30
30
30
30
30
160
221.31
50
50
307.63
423.98
50
50
50
136.18
118.13
50
50
260
30
30
30
150
30
30
30
30
30
30
40
50
50
50
49.23
50
50
50
50
50
50
50
50
40
30
30
30
30
30
30
30
30
30
140
140
140
140
200
200
200
150
150
150
150
150
69.26
62.13
51.55
51.46
51.39
76.36
50.85
30
30
30
30
30
30
30
30
35
59.06
87.02
88.8
87.02
85.25
140
30
30
140
91.17
43.43
49.7
51.95
35
30
130
130
130
130
130
140
140
146.05
150.76
145
150
150
150
150
145
140
140
145
145
140
140
145
134.02
130.72
126.21
117.43
113.46
114.89
117.39
135.18
154.93
180
253.01
200
200
202.05
213.22
214.55
218.05
218.74
150.03
133.89
119.06
127.64
180
171.61
162.51
150
110.83
112.37
140
140
30
150
160
186.24
203.61
50
200
200
200
200
200
200
200
204.4
207.7
200
186.38
180.67
169.35
154.19
140
140
140
140
150
160
170
200
249.68
240
240
240
230
231.95
230.95
200
200
201.55
202.46
193.72
182
170.72
163.81
152.54
140
140
140
140
68.97
79.75
170
200
200
190.08
186.06
189.51
190.95
196.97
186.48
181.66
187.4
178.27
184.09
210.81
200
190
180
168.58
40
62.37
55.13
40
40
40
40
40
40
40
40
40
40
40
40
40
40
40
40
40
40
175
175
175
140
140
140
140
140
140
140
145
155
155
155
155
94.89
40
40
40
40
40
40
40
40
155
160
155
80.41
76.39
150
150
150
150
175
195.66
182.75
184.02
189.21
190.86
191.73
172.01
217.98
229.18
240.4
244.77
239.64
180.71
179.22
164.54
151.14
150
150
150
150
150
150
150
200
250
275
275
275
275
275
256
243.62
225.34
265.83
325
325
325
275
275
325
175
150
150
150
150
150
150
175
250
275
275
275
275
275
275
275
275
275
40
40
40
30
100.48
94.05
30
30
30
58.08
54.81
63.29
150
40
350
40
40
40
40
350
350
350
350
350
40
40
40
40
275
200
175
140
140
140
140
140
140
160
40
40
40
40
40
40
40
40
40
40
40
40
40
40
40
140
79.71
76
67
62.4
150
150
150
150
150
270
270
270
270
270
270
200
150
160
200
270
150
150
40
40
40
85.61
84.54
77.38
79.73
70.06
90.17
95.83
142.36
170
170
67.28
68.17
66.42
64.9
53.03
44.95
44.6
49.74
49.14
53.45
75.22
150
150
150
102.68
106.09
104.91
118.31
118.49
146.02
150
315.82
250
250
250
250
250
250
170
170
170
40
40
40
40
150
40
40
150
150
150
150
150
150
150
200
200
40
87.94
79.13
45.02
35.89
160
42.68
42.68
41.89
63.08
41.33
170
150
150
150
150
150
150
150
150
150
150
200
200
200
200
200
170
160
160
160
160
200
200
170
170.49
174.3
155.17
155.04
150
150
150
150.21
150.97
151.62
150.65
150
162.24
168.95
160.18
150
150
150
150
151.36
160.02
157.6
158.38
155.51
157.85
155.04
150
150
160.71
158.81
160.72
151.63
150
150
180
250
250
250
272.68
250
250
250
185
150
152.47
253.89
50
112.42
170
170
170
150
140
140
140
140
140
140
140
160
175
175
175.43
177.61
175.28
175
175
175
120.97
98.25
133.8
164.76
148.91
123.33
121.73
94.38
79.01
140
140
140
133
123.8
123.78
156.94
125.2
105.2
119.76
126.07
131.1
121.15
108.35
104.64
119.58
146.58
40
40
160
140
140
140
30
30
30
30
30
170
190
325
350
40
350
356.28
337.67
245.08
245.94
211.22
208.1
181.47
183.64
226.15
232.15
255.54
226.15
185.56
149.27
149.36
149.36
149.36
149.31
169.43
190
293.53
342.55
40
400
40
40
40
30
250
30
248.37
248.44
250
250
250
240.95
160
150
150
150
150
150
170
190
40
40
59.13
59.71
83.5
47.24
45.7
47.97
48.95
45.92
44.63
74.14
91.41
80.77
40
40
40
30
30
30
30
30.45
33.3
47
40
40
59.84
63.11
71.38
64.32
64.34
62.26
45.91
43.94
44.62
47.68
51.09
44.15
300
300
160
150
150
150
150
150
150
150
40
40
79.25
66.61
59.28
60.23
51.32
47.96
45.58
44.96
46.2
42.43
48.56
200
160
156.8
124.79
124.99
140
140
140
140
150.04
160.03
160.04
160
270
270
270
160
160
160.04
160.01
160.01
160.02
160
150.02
140.7
140.72
140
140
150
30
30
30
30
30
30
30
30
30
180
180
180
180
180
180
180
170
150
138.16
134.27
123.87
150
30
30
30
30
30
30
30
30
40
40
40
40
40
280
280
280
280
280
280
280
280
280
180
180
160
140
140
140
140
160
160
180
375
350
350
350
350
350
350
97.02
97.02
115.71
116.6
112.15
111.26
250
230
200
150
150
150
150
150
150
160
300
350
350
350
350
350
106.33
70.89
61.6
66.56
84.18
350
350
116.08
94.58
65.99
107.22
150
150
150
150
150
160
200
300
330
330
330
330
330
330
330
330
330
330
330
300
131.18
300
124.94
92.81
31.35
30
30
30
30
160
200
300.6
308.87
310.09
314.66
323.8
313.5
250
30
30
30
30
250
250
191.59
184.27
168.83
135.71
131.05
97.78
140
140
140
140
140
140
40
50
50
50
52.82
64.22
50
50
50
50
115.63
115.13
112.1
170
112.55
108.05
98.76
133.1
140
140
140
140
140
140
92.67
131.43
150
170
40
40
40
40
150
160
40
40
40
180
170
101.33
140
170
170
170
170
170
200
300
300
300
300
50
109.83
79.13
50
50
50
50
50
50
300
300
300
270
220
170
170
170
170
170
170
200
500
350
350
350
350
250
250
250
50
50
230
230
230
222.03
181.59
170
170
150
40
150
40
40
40
180
599.08
50
400
400
426.13
300
300
280
280
280
250
250
220
250
180
180
180
170
107.47
103.57
155
165
170
190
305
310
250
250.34
245.68
224.9
241.96
233.45
227.79
226.63
268.67
300
260
315.44
286.69
203.49
193.32
50
50
72.86
80.5
94.21
123.22
310
741.69
500
440
440
75.23
79.92
200
131.91
50
50
50
50
50
50
71.71
83.52
65.63
160
160
160
160
160
160
160
170
171.09
147.02
117.54
160.61
170
30
44.04
42.3
54.66
55.74
69.19
104.78
114.55
91.46
30
30
160
30
160
160
160
82.3
160
170
170
170
170
66.6
41.88
40
40
40
40
40
40
112.78
116.33
53.21
44.28
40.85
40.49
46.49
44.97
46.46
56.14
58.32
94.59
67.01
50
200
200
200
50
190
190
180
175
175
175
175
185
175.33
162.64
166.48
156.43
150
150
30
30
40
250
250
242.43
129.31
131.99
50
250
250
50
50
50
115.83
200
200
200
200
180
160
150
150
150
150
150
200
304.14
304.47
300
300
300
300
300
300
300
300
50
300
300
279.83
273.29
238.78
167.27
134.71
155.02
161.48
160.78
162.79
160.47
219.76
298.74
296.91
304.32
308.95
282.78
258.3
239.69
224.01
220.74
167.59
276.03
300
300
350
320
300
200
160
30
30
30
30
30
30
40
335.91
345.36
115.27
101.97
101.97
85.83
100.95
68.41
64.62
75.65
64.78
105.38
67.72
40
30
30
30
30
30
150
150
150
150
150
150
176.09
183.48
182.75
185.85
190
50
50
50
50
50
50
50
50
40
40
30
150
150
150
30
30
40
40
40
40
40
40
61.09
65.3
62.56
60
43.22
40
42.45
75.37
180
180
189.41
166.57
169.28
160
160
160
30
30
30
40
210
300
300.5
305.01
313.75
50
300
300
300
300
300
300
300
300
250
200
170
175
170
170
170
175
175
300
650
375
375
375
450
350
375
350
310
310
256.05
310
310
310
40
250
200
175
170
30
30
30
30
200.95
338.29
303.5
280
280
280
282.73
301.1
266.97
249.31
217.52
232.19
221.19
220
280
280
220
170
180
150
150
150
150
170
215
275
235
50
250
225
225
229.2
244.84
251.56
229.59
250
263.3
270.84
258.57
270
225
190
180
150
150
150
150
175
201.67
303.71
300
300
350
619.39
350
300
202.46
175
175
175
175
187.02
187.43
30
30
30
40
40
40
40
40
40
40
40
40
52.58
69.74
63.99
56.69
62.1
55.25
55.03
55.74
55.29
63.81
76.71
40
40
40
40
40
40
40
40
40
40
40
160
175
175
175
175
175
175
175
175
175
175
175
175
175
160
150
150
30
30
30
30
150
180
180
180
185
275
290
290
300
300.6
251.68
175
175
40
40
40
180
40
30
30
30
102.71
150
150
30
30
30
30
30
30
30
200
205.07
202.26
200
180
180
180
30
200
200
180
180
180
175
165
165
165
165
180
40
40
46.27
71.3
60.74
42.18
40
180
180
180
180
200
180.7
189.27
171.63
167.31
145.57
149.19
159.49
175
175
175
175
175
185
285
270
40
290
40
310
320
310
300
290
290
290
320
320
260
240
180
170
170
170
170
170
170
180
40
40
40
40
44.49
73.36
75.44
112.73
82.57
49.39
40
40
40
40
40
40
180
160
160
160
160
160
180
120.94
175
270
340
360
360
330
290
250
180
243.7
270.94
326.81
225
180
180
180
170
160
40
40
40
40
40
40
129.97
129.98
180
180
180
170
170
170
170
170
180
177.73
176.07
172.06
40
40
40
40
40
40
40
43.88
66.59
58.17
58.65
87.71
94.43
108.9
300
30
30
63.66
139.39
87.01
40
275
306.11
300
300
220
160
160
160
160
160
160
160
50
47.2
47.29
64.67
73.92
73.11
74.32
47.16
46.4
48.04
50
76.79
98.42
100.5
101.37
93.47
30
30
74.7
97.02
104.63
109.74
110.6
123.57
220
250
50
66.5
74.65
56.62
50
250
250
50
250
250
250
50
60.61
76.68
122.7
114.06
160
160
113.45
30
120.2
128.38
115.05
119.99
129.29
125.65
134.33
136.41
81.61
50
50
76.97
196.9
280
280
50
40
30
30
30
160
160
160
160
160
180
250
280
280
280
280
280
260
240
50
50
50
50
280
250
40
30
30
30
30
30
30
30
30
30
200
230
30
30
30
230
30
30
30
30
30
30
250
30
30
30
30
30
30
30
160
160
160
170
200
200
200
30
30
200
200
190
30
30
30
56.25
86
80.37
55.86
61.46
67.08
49.54
81.86
63.42
58.43
55.89
56.02
41.95
57.96
109.24
66.12
89.56
82.69
83.21
98.99
300
300
50
280
300
300
100.74
44.16
58.42
67.02
42.19
40
43.69
45.33
44.59
46.24
60.73
61.54
91.42
72.96
73.74
137.31
102.33
99.7
250.41
50
50
235
275
270
295
210
190
185
175
175
97.92
91.52
93.1
40
40
180
123.88
71.17
50
60.42
78.85
61.33
75.65
95.09
93.25
96.84
100.33
190
190
50
77.73
81.45
40
175
170
170
40
40
40
40
50
50
50
50
50
160.66
153.22
144.99
161.72
185.45
190
190
310.23
276.87
50
190
175
200
200
200
200
200
200
20
20
235
260
270
186.1
20
20
20
20
20
200
210
20
20
20
20
20
36.25
40.54
33.87
36.75
27.16
27.71
30.21
43.16
38.37
53.42
47.82
46.88
50.85
62.28
61.86
180
180
39.57
68.53
61.18
72.18
50.65
49.43
20
150
150
150
150
150
150
150
150
150
150
150
150
150
150
150
150
150
150
150
150
150
150
150
150
170
10
10
10
10
30
180
220
200
200
230
145.42
220
220
200
200
30
28.13
220
100.74
220
0
30
30
170
30
170
30
30
30
40
40
67.75
72.14
72.26
72.26
72.26
75.97
70.57
63.57
59.63
66.94
77.53
72
77.99
98.69
200
180
147.64
118.27
118.28
118.28
126.48
138.38
159.87
225.67
200
200
72.18
72.18
69.17
82.64
96.82
101.22
129.39
134.67
142.59
58.61
54.49
56.43
52.44
50.71
53.41
33.53
30
30
30
30
40
40
40
40
40
71.66
114.21
122.61
104.14
126.32
129.88
138.66
220
141.29
97.02
126.37
200
30
173
134.38
126.69
129.14
129.52
150.13
163.36
236.61
303.38
260
260
260
260
200
200
200
200
200
201.54
206.47
200
200
203.76
203.55
170
20
170
170
161.65
155.85
157.41
179.13
190
190
190
190
190
190
190
190
190
200
230
200
180
20
20
113.2
180.29
175
175
175
1
175
175
225
225
225
225
1
1
1
1
225
222.49
218.69
218.34
225
225
225
1
1
193.33
30
170
170
170
190
239.49
273.55
251.51
266.48
249.44
276.93
30
30
132.66
280
300
350
350
300
300
30
30
30
30
30
30
30
30
30
30
26.65
25.49
26.56
30
30
30
30
280
280.88
310.4
359.47
363.35
307.08
311.14
241.89
208.6
184.53
180.62
180
180
180
170
201.54
254.27
30
30
30
30
30
30
30
280
350
400
401.35
357.33
326.81
281.63
247.91
249.51
225.73
152.14
142.84
123.44
161.44
180
180
180
220
10
300
261.58
248.4
204.45
204.79
216.44
236.73
204.54
227.6
309.33
310.31
249.71
180
180
30
10
10
10
10
10
10
10
10
26.23
33.28
28.48
22.86
31.91
15
20
230
230
231.29
221.49
166.85
161.14
192.49
180.79
180.82
30
30
30
30
96.12
103.61
175
40
40
200
200
200
200
200
200
200
184.48
197.83
200
200
200
200
175
175
30
30
30
30
30
30
30
40
40
40
40
40
40
40
112.64
117.13
200
200
200
200
200
200
175
175
170
170
132.39
112.14
113.88
129.53
159.09
230.99
203.26
209.89
206.94
200
200
200
200
40
40
220
40
40
40
40
170
112.29
200
200
200
200
200
20
89.59
115.19
116.27
118.86
123.82
147.2
200
200
200
200
200
270
270
210
200
200
200
200
180
180
180
180
180
180
200
200
20
68.14
89.1
74.93
81.88
30
30
200
150.33
81.81
64.73
52.56
30
57.7
70.95
41.86
20
180
180
180
20
20
23
59.68
60.48
55.55
56.01
62.76
59.88
78.39
200
200
40
117.59
109.75
60.19
20
20
20
20
170
170
170
170
170
171.97
177.17
187.07
180
180
180
180
40
180
180
180
180
170.08
172.16
180
170
170
170
170
175
175
175
63.79
67.87
30
30
30
30
30
30
185
185
185
156.09
167.27
184.68
212.86
241.52
196.65
163.85
154.6
151.87
156.21
175
175
175
175
175
175
175
175
20
175
144.64
134.07
127.89
135.33
143.24
153.87
167.13
166.95
166.92
156.93
161.42
158.6
146.07
152.09
177.37
30
30
30
30
180.66
190.56
210
220
220
220
210
200
200
200
200
200
250
230
200
200
200
188.66
180.18
180
180
180
180
180
180
190
146.66
128.54
102.66
102.66
102.66
102.66
102.66
120.78
102.66
86.27
102.66
73.33
73.33
56.08
200
180
180
180
180
180
180
180
30
40
40
40
40
40
40
40
40
30
67.38
162.28
168.32
146.74
86.31
10
30
30
20
25
25
25
25
25
25
25
115.35
121.33
103.12
106.46
111.92
124.97
117.08
115.56
112.63
84.19
145.52
155.3
87.38
112.73
116.09
131.15
73.34
64.36
30
30
30
30
180
200
230
253.65
214.52
218.45
206.2
187.82
180.98
162.97
152.54
163.46
250
250
220
210
190
180
180
175
175
175
175
175
30
175
185
191.37
223.54
225.47
250.78
163.65
149.83
156.13
162.16
167.07
185.61
183.39
161.19
167.56
30
30
30
20
20
20
20
20
20
33.5
73.46
64.81
66.17
75.59
84.21
123.94
123.94
123.94
86.94
45
50
50
52.47
58.42
60.76
63.13
40
20
20
20
20
20
20
190
152.29
30
30
30
252.61
30
73.86
142.94
145.47
200
40
40
30
30
30
30
20
150
150
150
150
200
225
225
225
225
40
40
20
20
30
30
30
250
250
250
250
250
250
30
250
30
30
30
30
30
30
40
50
50
50
225
225
225
225
225
225
250
250
30
30
210
180.33
171.78
177.92
158.21
144
136.23
128.87
166.09
190
210
225
200
30
200
200
200
200
200
30
30
66.54
73.32
76.59
69.93
73.08
64.65
34.24
30
30
30
34.54
35.74
42.16
51.03
61.39
84.26
74.16
94.62
51.11
241.25
202.66
200.15
200.37
188.13
221.03
223.38
153.68
150.68
161.45
146.63
170.34
180
180
180
180
180
190
30
30
30
30
30
30
30
30
30
30
30
30
30
30
30
180
30
30
40
40
40
40
40
40
40
40
45.19
46.82
48.39
46.15
80.11
73.62
81.54
116.18
125.84
105.52
85.74
74.34
100.15
180
170.76
162.76
180
164.93
162.35
160.83
157.61
159.29
204.7
284.29
282.28
271.18
270
270
220
220
220
220
250
450
350
220
220
220
200
200
180
180
117.17
117.99
180
30
30
30
290
30
30
107.33
107.33
127.93
127.93
127.93
125.35
30
30
30
210
210
137.58
190
180
170
170
170
142.59
136.05
164.86
210
252.93
160.48
177.43
211.52
201.84
196.18
191.86
215.99
213.1
253.42
193.84
193.66
195.6
185.71
184.66
173.99
180
180
180
180
30
30
40
45.37
47.14
46.87
210
210
210
210
205.74
190.88
228.76
256.1
251.56
180.89
234.67
245.84
253.66
210.93
180
180
180
180
180
190
200
204.25
50
50
50
50
256.53
50
50
50
247.54
303
231.69
240
30
210
200
180
180
180
180
180
180
180
180
30
200
200
200
200
190
190
190
200
222.11
243.64
246.23
217.19
195.89
196.43
183.91
181.99
180
155.23
110.9
106.99
99.34
92
153.48
190
190
133.95
119.43
190
190
190
190
190
210
240
30
200
190
190
180
180
103.98
98.86
91.9
180
180
190
200
220
255.34
50
50
50
50
50
210
220
240
290
50
40
220
210
200
180
175
25
25
25
25
25
46.75
86.83
78.14
60.52
52.22
27.94
25
200
143.06
151.87
210
260
20
20
180
180
180
180
180
180
180
180
180
30
30
40
50
50
50
50
210
50
210
210
251.92
50
50
230
210
200
190
180
180
180
180
180
30
40.13
53.81
70.9
119.01
75.31
88.28
90.85
80.3
54.03
104.51
156.6
103.54
40
40
200
40
180
181.43
196.24
183.77
180
30
30
30
30
40
60
80
80
40
250
190
190
190
190
190
30
30
30
40
30
30
30
30
98.3
89.33
30
30
30
30
33.19
49.8
56.48
83.33
100.99
42.79
30
117.82
180
30
30
30
180
180
180
180
180
180
30
30
30
30
180
180
30
30
30
30
174.12
142.43
143.69
147.7
174.35
190
135.52
86.1
102.7
180
180
180
180
170
170
170
170
170
180
36.67
101.84
143.04
100.89
77.93
61.51
74.32
76.97
66.49
52.93
60.35
63.1
64.74
70
190
192.65
185.68
173.31
180.73
180
180
180
180
180
190
230
250
250
250
250
70
200
70
200
250
184.73
258.62
30
30
176.07
162.41
149.14
180
10
10
10
10
10
29.38
44.53
29.71
27.78
30
30
30
210
30
210
210
220
220
183.59
164.88
164.09
168.72
166.15
150.1
146.4
103.45
164.11
180
42.86
46.22
84.64
77.36
56.97
39.98
23.87
55.93
75.89
61.24
42.66
24.04
41.05
70.87
78.92
67.59
68.45
61.27
62.14
15.45
10
10
10
10
10
200
200
220
209.14
147.51
133.75
50
50
50
63.76
62.18
62.64
72.11
82.51
82.51
66.46
57.8
40.78
20
20
20
20
20
28.59
45.44
49.1
63.39
77.77
30
30
30
30
30
131.23
180
200
180
180
180
180
180
180
170
170
170
170
170
170
170
180
180
180
180
180
180
180
30
30
50
140.58
139.73
220
210
190
180
170.22
117.31
109.04
105.6
104.83
110.47
120.7
202.91
263.88
261.22
260
260
260
260
260
210
210
250
270
260
230
210
200
190
180
180
180
180
180
180
183.79
194.68
282.96
350
350
350
350
350
340
340
330
340
350
340
300
250
30
230
190
30
180
180
180
121.39
125.73
200
300
239.24
203.23
179.22
180.08
159.54
135.56
167.58
205.48
262.81
253.62
128.72
133.1
110.77
94.72
110.69
30
30
30
30
30
30
30
190
235
300
30
40
71.8
86.16
100.57
147.37
223.21
256.22
183.92
30
30
112.07
150.46
65.77
30
30
30
30
30
30
30
30
48.63
62.92
43.66
30
30
30
30
30
88.07
54.04
200
195
30
30
30
53.73
51.67
34.04
30
30
47.51
59.13
59.75
51.18
59.08
69.94
71.15
82.87
85.55
76.98
77.22
64.16
30
30
30
210
190
190
190
119.12
117.85
118.04
20
20
20
20
20
20
155
160
165
170
170
170
170
170
153.82
149.83
158.29
157.51
20
165
170
20
165
165
165
20
20
20
20
20
20
20
20
20
20
20
20
20
20
20
20
180
180
20
180
180
113.93
115.95
109.66
150
150
150
150
150
155
175
175
175
175
20
20
118.06
20
20
175
125.06
123.38
175
121.81
118.83
20
20
20
20
20
20
20
23.64
57.15
63.45
20
20
20
20
20
20
20
20
20
20
25.14
56.53
78.16
73.95
61.34
20
20
20
20
20
20
20
36.48
83.26
36.27
40
40
40
185
185
30
40
40
64.71
120.87
115.79
89.02
118.7
118.24
180
180
148.16
135.12
132.44
127.72
124.23
120.4
200
200
200
200
200
186.06
174.69
180.4
185.24
194.63
194.96
179.76
178.22
188.08
180
170.92
20
20
20
20
20
20
20
35.04
57.2
61.07
43.73
20
20
20
20
20
20
20
20
20
20
20
20
20
20
160
20
20
20
20
150
20
20
50.39
62.99
83.04
81.1
77.33
65.9
64.18
68.97
20
180
20
20
20
20
20
190
