24322
23321
21598
19880
18480
17454
16851
15809
15311
15424
16754
18061
19119
19972
20132
19217
19063
19845
23068
24209
24824
25350
24696
25295
22957
20635
19229
18220
17466
17401
18696
20002
22198
24369
26384
26793
26762
26606
25677
25025
25179
26100
28991
29758
29511
28892
27343
27815
26140
23773
21862
20567
19669
19092
19082
19112
20079
21931
24398
25164
25043
24819
24153
23508
23316
24135
27401
28558
28961
28850
27744
28217
26123
23610
21604
20130
19259
18594
18297
17689
17740
18855
21107
22399
22784
22871
22570
22072
21800
22359
25495
26955
27570
28011
27019
27464
25282
22895
20918
19871
19243
19068
19914
21371
23721
25995
27892
27985
27590
27212
25982
25295
25355
26130
28441
28531
28328
28260
27116
27854
26092
23932
21789
20436
19528
18952
18630
18041
18285
19504
21415
22454
22580
22537
22159
21194
21147
21846
25303
26898
27819
28421
27834
27959
25580
23003
21521
20545
20032
19984
22230
25174
28695
30999
32823
33508
33453
32485
30815
30850
31428
32550
34985
35340
34670
33453
30960
30480
27988
25441
24040
23208
22686
22611
24341
27471
31129
32118
33030
33272
33110
32377
30716
31147
31701
32818
35152
35501
34764
33374
30737
30139
27778
25609
24010
23236
22916
22758
24444
27417
30586
31357
32367
32563
32180
31321
29504
29393
29776
30497
33113
33610
32842
31814
29755
30180
28772
26277
23840
22585
21754
21071
20839
21133
22288
23913
26118
26699
26457
25936
24871
23889
23403
23780
26560
27740
28146
28114
26853
27343
25961
23580
21583
20205
19311
18869
18509
18110
18256
19309
21445
22698
23137
23267
23047
22180
21896
22131
25147
26506
27568
27944
26711
26979
24690
22428
20860
20052
19638
19823
22379
25946
29557
30528
31622
31727
31472
30620
28882
29093
29506
30519
32803
33344
32841
31629
29110
28659
26353
24031
22565
21869
21222
21353
23115
26273
29497
30109
31320
31550
31277
30371
28600
28583
29030
29981
32433
33253
32621
31278
28986
28600
26710
24387
22757
21915
21442
21489
23155
26508
29823
30620
31579
31748
31580
30662
29048
29215
29570
30362
32534
33427
32937
31636
29473
29203
27447
24993
23435
22567
22046
22128
23931
27267
30511
31332
32120
32236
31931
30970
29265
29456
29874
30952
33422
34237
33570
32211
30003
29575
27139
24875
23386
22455
21978
21980
23857
27081
30311
31146
32102
32237
31844
30767
29035
28722
28887
29540
31890
32573
31913
30937
29108
29114
27825
25587
23517
22123
21219
20455
20404
20765
21979
23834
25970
26364
26034
25408
24222
23330
23096
23524
25842
27844
28331
28119
26768
27475
25732
23325
21434
19981
19124
18680
18404
18157
18238
19589
21638
22785
23190
23528
23478
22734
22216
22425
25245
27598
28577
28981
27856
27937
25650
23308
21963
21250
20852
21100
23520
27024
31050
32523
33655
34069
33749
32604
30916
30941
31451
32420
34767
36290
35707
34387
31716
30822
28277
25858
24293
23578
23027
23078
25008
28123
31906
33030
34284
34607
34236
33287
31598
31488
31903
32602
34815
36203
35585
34325
31815
31102
28389
25816
24308
23523
22859
22673
24427
27660
31373
32555
33758
33831
33320
32556
30789
30926
31180
31876
34013
35528
34984
33729
31402
30899
28560
26294
24732
23930
23454
23437
25199
28335
31711
32593
33602
33555
33076
31987
30443
30589
31057
31790
34201
35685
35176
33973
31527
30874
28251
26191
24449
23466
22810
22771
24413
27438
30848
31838
32898
33021
32685
31428
29590
29500
29849
30564
32455
33545
33010
31990
30189
30335
28707
26386
24223
23089
22063
21225
20978
21176
22388
24402
26817
27473
27153
26676
25287
24118
23628
23837
25959
28061
28495
28445
27376
28050
26500
24287
22226
20823
19858
19096
18861
18188
18238
19782
21851
22943
23295
23593
23380
22479
22062
22389
24811
27123
27965
28357
27294
27009
24750
22554
21201
20271
19997
20349
22993
26499
30121
31150
32122
32622
32249
31328
29718
30052
30501
31366
33280
34296
33597
32448
29945
29432
27015
24889
23376
22564
21972
22038
23957
26896
30242
30977
32036
32341
32231
31402
29676
29874
30225
30855
32637
34091
33540
32221
29983
29449
27281
25118
23559
22719
22252
22305
24168
27239
30470
31354
32426
32652
32289
31350
29582
29745
30084
30563
32573
34410
33900
32752
30651
30310
28246
25805
24106
23302
22685
22661
24442
27579
30589
31732
32942
32978
32755
31660
29985
29877
30552
31440
33534
35144
34458
33341
31009
30517
27974
25730
24114
23182
22637
22523
24298
27382
30637
31937
33101
33477
33209
32298
30812
30600
30813
31791
33536
34430
33476
32560
30710
30691
29103
26460
24316
23016
22029
21281
21158
21393
22579
24745
27108
27735
27469
27128
26032
24978
24652
24853
26556
28405
28639
28582
27450
28016
26406
24175
22090
20747
19971
19429
19136
18572
18628
19970
21991
23137
23308
23171
22831
22120
21772
21840
24078
26733
27738
28153
27264
27470
25212
23014
21620
20764
20381
20659
23198
26784
30254
31569
32552
32879
32446
31211
29520
29529
29678
30166
31936
34048
33531
32443
30151
29682
27115
24972
23544
22739
22182
22347
24173
27406
30408
31340
32278
32551
32074
30995
29267
29244
29409
30011
31654
33415
33294
32177
29980
29500
27193
24924
23168
22295
21825
21935
23860
27180
30148
31122
31908
32069
31621
30649
29025
29012
29231
29705
31338
33565
33380
32108
29812
29438
27136
24720
23221
22401
21945
21938
23999
27440
30255
31120
31915
32154
31741
30926
28887
28895
29126
29594
30994
33408
33210
32062
29791
29145
26923
24652
23142
22314
21872
21916
23985
27255
30038
31020
31967
32131
31581
30569
28855
28701
28739
29121
30410
32678
32400
31248
29442
29347
27886
25577
23400
22212
21341
20672
20676
21270
22503
24871
26801
27377
27077
26267
25099
24138
23603
23870
25622
28481
29199
29208
27856
27853
25875
23575
21617
20216
19355
18917
18806
18490
18385
19984
21874
22787
23067
23124
22898
22064
21783
21752
23545
26753
28015
28237
27171
27024
24712
22262
20895
20155
19815
20102
22917
26389
29752
31118
32284
32567
32427
31525
29589
29709
29902
30312
31786
34050
33708
32595
30283
29528
27151
24890
23336
22516
22061
22217
24172
27714
30795
32055
32889
32989
32535
31532
29874
29749
30068
30453
31813
34208
34127
32979
30569
29559
27093
24828
23254
22435
22135
22258
24276
27726
30614
31758
32738
32829
32419
31228
29481
29562
29569
29783
30923
33699
33685
32399
29989
29390
27212
24905
23265
22432
21916
22120
24022
27326
30167
31359
32335
32330
31816
30802
29134
29100
29290
29680
30781
33570
33735
32787
30381
29638
27142
24932
23290
22546
22110
22249
24303
27688
30183
31369
32272
32546
32033
30880
28861
28894
29044
29260
30209
32719
32674
31660
29678
29576
28204
25707
23681
22560
21768
20998
20963
21395
22569
25243
27167
27467
27049
26375
25119
24207
23864
24011
25514
28774
29625
29285
27686
27982
26228
23877
22004
20657
19784
19256
18974
18560
18360
19932
21935
22888
22886
22878
22704
21851
21445
21258
22715
26197
27735
28189
27125
27377
24945
22610
21063
20241
19775
20077
22889
26600
29825
31505
32853
33125
32848
31986
30303
30471
30792
31454
32271
34464
34469
33294
30689
29895
27908
25559
23823
23029
22581
22520
24459
27644
30436
32021
32950
33075
32658
31612
29881
29897
30189
30645
31780
34621
34398
33395
31125
30256
27979
25648
24041
23125
22650
22700
24785
28001
30889
32177
33208
33366
32893
32000
30346
30571
30980
31533
32534
34741
34860
33522
31182
30486
28150
25767
24073
23140
22500
22514
24356
27600
30634
31996
33092
33425
33093
32147
30636
30786
31176
31693
32710
35324
35369
34128
31642
31123
28486
26312
24839
23737
23076
23143
25038
28255
31260
33172
34467
34983
35008
34495
32769
32586
32792
33403
33974
35341
34958
33739
31701
31491
29698
27042
25218
23780
22779
22028
21625
21503
22743
25424
27966
28793
28748
28276
26881
25898
25488
25638
26221
28462
29391
29342
28100
28741
26706
24232
22420
21073
20145
19555
19160
18388
18358
20336
22133
23098
23467
23929
23984
23276
22970
22964
24148
27144
28648
29180
28192
28396
25940
23697
22005
20917
20415
20703
23111
25790
28692
30901
32408
32873
32670
32015
30458
30642
30966
31740
32499
34676
34718
33485
30929
30263
27880
25785
24260
23425
22692
22580
24429
27083
30092
32218
33822
34536
34620
33909
32141
32197
32570
32895
33761
35478
35310
33739
31350
30860
28080
25820
24319
23460
22921
22779
24459
27289
30432
32345
33651
34127
34210
33477
31636
31806
32114
32855
33576
35269
35112
33760
31359
30476
28001
25785
24122
23324
22818
22808
24470
27246
30040
31917
33403
33802
33546
32825
31361
31399
31856
32438
32807
34705
35130
33976
31557
31012
28533
26106
24405
23547
22981
22970
24685
27294
30131
32057
33308
33485
33342
32517
31058
31079
31342
31505
32042
34258
34338
33404
31362
31459
29620
27162
24953
23851
22883
22021
21589
21165
22175
25117
27264
27968
27829
27470
26430
25669
25254
25265
26024
29171
30622
30484
29019
29490
27505
24935
22905
21318
20481
19851
19443
18226
18224
20276
22420
23738
24183
24613
24569
23738
23333
23237
24204
27364
29373
30326
29272
29220
26674
24359
22825
22061
21441
21509
23785
27003
30509
32948
34328
34882
34947
34160
32640
32717
32974
33433
33879
36374
37039
35661
32810
32049
28954
26390
25002
24254
23700
23857
25677
28406
31806
33888
35291
35659
35513
34649
32969
33095
33353
33713
34190
36976
37724
36569
33865
33070
29996
27387
25796
24884
24361
24330
26060
29110
32450
34174
35540
35720
35385
34440
32550
32569
32826
33123
33169
35671
36447
35502
32886
32252
29492
27114
25348
24574
24036
23816
25502
27953
31376
32998
34061
34106
33874
32774
30907
31031
31299
31610
31826
34297
35188
34115
31912
31594
28717
26130
24458
23536
22945
22851
24394
26730
29477
31309
32236
32527
32533
31765
30122
29962
30047
30314
30456
32521
32880
31948
30065
30161
28375
26001
24111
22963
21937
21146
20767
20343
21816
24231
26222
26784
26698
26254
25090
24547
23921
23785
24445
27020
28565
28618
27331
27854
26263
23946
22135
20926
20015
19569
19183
18028
18212
20040
21746
22751
22840
22776
22425
21624
21073
20736
21214
24798
27247
27954
27187
27296
24948
22757
21453
20633
20202
20415
22787
25653
29134
30849
31915
31858
31814
31121
29406
29444
29694
30055
30302
32846
33826
32856
30665
30175
27834
25691
24130
23403
23020
23157
25063
27706
30896
32456
33411
33592
33535
32643
30625
30577
30694
31012
31242
33666
34661
33693
31377
30588
28256
26114
24609
23827
23344
23329
25111
27811
30836
32248
33182
33460
33285
32474
30533
30597
30710
30934
31106
33262
34218
32882
30600
30053
28152
26042
24251
23459
23011
23196
25052
27568
30558
31798
32762
33052
32936
31901
29938
29910
30128
30410
30596
32909
33622
32402
30258
29866
27656
25571
23996
22863
22311
22390
24439
26772
29640
31048
32053
32369
31890
32200
30474
30335
30532
30841
29974
29572
30902
31080
29821
29662
28061
25801
23920
22881
22137
21534
21676
21409
22907
25642
27642
28126
28037
27815
26605
25583
25210
25024
25382
27658
29406
29418
28076
28399
26518
24222
22409
21224
20526
20074
19700
18590
18969
20812
22594
23314
23062
22850
22587
22042
21608
21272
21829
24802
27471
28082
27469
27545
25427
23258
21776
20921
20583
20905
23560
26155
29353
30987
32186
32638
32642
31945
30033
30084
30332
30599
30382
32277
33443
32624
30327
29624
27084
25088
23435
22685
22183
22383
24237
26398
29292
30662
31622
32020
32048
31269
29483
29508
29805
30104
29956
32043
33308
32289
30039
29172
27112
24995
23347
22711
22423
22477
24333
26529
29338
30734
31764
32013
31962
31276
29071
28963
29275
29392
29416
31180
32663
31579
29460
29058
26754
24421
22878
22166
21771
21867
23586
25693
28394
29680
30628
30869
30723
29795
27974
28009
28079
28325
28213
30040
31402
30385
28349
28014
26083
23851
22192
21264
20814
20487
21011
21379
22706
24197
25453
25909
25903
25549
24374
23645
23424
23357
23479
25656
27672
27512
26497
26618
24896
22793
20969
19955
19474
19083
19264
18884
20330
22590
24116
24509
24405
24244
23327
22502
21905
21870
22242
24481
26869
27024
25777
25503
23499
21512
19785
18618
17984
17707
17780
16810
17390
19032
20269
20852
20742
20785
20481
19584
19030
18902
19604
22136
25224
25799
24872
24538
22410
20399
19170
18509
18380
18771
21484
24051
27280
28974
30021
30231
30301
29649
27944
27798
28115
28379
28248
29860
31859
30882
28353
27541
25300
23333
21857
21224
20836
21060
23070
25406
28644
29934
30914
31339
31372
30711
28829
28810
29031
29452
29518
31261
33063
32006
29602
28743
26628
24650
23148
22429
22025
22132
24189
26287
29745
31091
32081
32361
32408
31461
29644
29821
29924
30334
30612
32435
33853
32770
30199
29342
26707
24573
23075
22337
21943
21995
23895
26126
29251
30634
31577
31950
31914
31079
29611
29794
30084
30298
30406
32155
33835
32761
30412
29514
27320
25109
23451
22711
22264
22320
24092
26145
29498
31053
32298
32770
32810
32372
30431
30442
30515
30854
31107
32453
33645
32535
30331
29954
28149
25736
23822
22699
21884
21315
20954
20551
22578
25243
27725
28600
28711
28629
27288
26260
25605
25542
26087
27875
30054
29993
28280
28284
26130
23769
21788
20775
19993
19450
19319
18115
19100
21216
23117
24278
24955
24881
23951
23155
22843
23233
24088
26804
29155
28132
25863
25500
22982
21595
20774
20329
20403
22956
26807
29610
31265
32859
33599
34056
33463
31769
31866
32349
32965
32732
32497
33603
34481
31469
28278
27200
25393
23926
23253
22739
22574
24368
27840
30137
31380
32540
33183
33416
32815
31086
31109
31438
31726
31581
31474
32617
33800
31167
28243
27027
25189
23660
22946
22281
22082
23677
27139
29400
30619
31653
31946
31796
30963
29382
29427
29735
29883
29562
29318
30602
32628
30185
27603
26690
24870
23433
22614
22154
22028
23657
27033
29151
30133
30967
31151
31165
30690
29045
29427
29773
30101
29589
29511
30763
32361
29968
27249
26808
24915
23412
22758
22319
22124
23892
27023
29101
30413
31308
31538
31313
30615
28750
28623
28809
28891
28207
27801
28786
30773
28860
26819
26699
24822
23201
21967
21162
20495
20421
21051
21354
23645
25544
25984
25807
25191
24064
23170
22705
22319
22256
22487
24481
27361
26534
25032
24827
22974
21181
19975
19219
18662
18477
18452
17802
19236
20712
21358
21171
21286
21214
20405
20018
19632
19590
20169
22519
25760
25426
23904
23694
21805
20492
19629
19082
19356
21615
24565
26269
28151
29319
29455
29199
28504
27085
27004
27024
27300
26993
26588
27583
29710
27883
25628
24806
23172
21826
20984
20449
20368
21991
24457
26145
27881
28865
29277
29078
28273
26766
26590
26852
27062
26602
26229
27151
29257
27471
25268
24486
22729
21317
20486
20045
20111
21938
24303
25570
27431
28794
29256
29091
28218
26624
26330
26687
26690
26422
25890
26809
28784
27038
24901
24287
22554
20869
19942
19305
18856
19273
20296
20779
22479
24115
24695
24870
24762
23811
23187
22891
22628
22578
22885
24273
26428
25216
23744
23089
21402
19793
18669
18140
17810
17803
17768
17621
18935
20525
21302
21541
21780
21432
20748
20269
19876
19923
20411
22229
25237
24802
23670
23157
21421
19795
18729
18007
17690
17906
18075
18153
20171
22177
22764
22797
22843
22534
21965
21381
21131
21216
21667
23467
26480
25776
24188
23768
21692
19852
18687
17889
17517
17339
17093
16474
18104
19692
20686
20888
20858
20693
19905
19506
18995
19020
19744
21971
25488
25195
23545
22918
20912
19456
18434
17937
17900
18924
20431
21527
23706
25118
25632
25637
25542
24537
24133
24268
24209
24171
24266
25698
28794
27485
25163
24171
22176
20679
19911
19409
19566
21939
24980
27480
29333
30495
30925
30847
30013
28186
28150
28429
28512
28057
27814
28719
31336
29585
26667
25624
23636
22280
21676
21136
21218
23145
26079
28185
29660
30782
31114
30882
30398
28864
29030
29267
29301
28914
28398
29323
31833
29761
27341
26101
24086
22605
21694
21176
21117
23053
25870
27965
29252
30213
30600
30672
29904
28210
28400
28765
29385
29198
29113
29938
31977
29703
26769
25732
23987
22391
21623
21113
21244
23120
25987
28169
29860
31166
31494
31581
30630
28861
28728
29039
29125
28549
28221
28620
30579
28876
26619
26266
24387
22492
21125
20455
19917
20095
20304
21356
23517
25703
26414
26324
25856
24642
23522
22764
22492
22453
22699
24114
27180
26210
24539
23977
21893
20085
18889
17992
17501
17423
16960
16650
18188
20033
21164
21728
22121
21824
20871
20140
19857
20134
20774
22648
26070
25321
23722
22966
21041
19728
18932
18404
18535
20920
23718
26168
28090
29420
29856
29969
29337
27885
27916
28056
28139
27717
27374
28314
30696
28603
25921
24818
23214
21740
20953
20638
20807
22778
25592
28279
29457
30387
30645
30561
29858
28120
28248
28721
28844
28400
27977
28425
31055
29150
26451
25626
23655
22410
21643
21286
21313
23178
25832
28087
29302
30151
30455
30694
30029
28200
28265
28603
28745
28498
28208
28941
30876
28833
26172
25303
23309
21740
20984
20614
20544
22543
25085
27285
28450
29491
29806
30040
29528
27824
27999
28361
28655
28273
27812
27949
30053
28187
25931
24819
23082
21637
20828
20397
20438
22219
24464
26520
27524
28374
28822
28954
28327
26689
26626
26703
26686
26318
25809
26237
28344
27427
25462
25036
23406
21579
20584
19826
19364
19445
19607
20788
22935
24747
25257
25205
24860
23693
22559
22021
21688
21574
21560
22486
25510
25232
23664
22553
20734
19268
18225
17688
17275
17239
16604
16917
18474
19928
20623
20888
21034
20762
20002
19441
18930
18945
19304
20430
24001
24512
22911
21130
19378
18343
17831
17882
18338
20953
23708
26310
27710
28913
29465
29697
29112
27778
27895
28247
28555
28191
27467
27596
29556
27756
24961
23357
21854
20711
20172
19792
20091
21991
24478
26851
28193
29104
29734
29908
29350
27939
27829
28275
28590
28153
27731
27772
29752
27955
25412
23626
21971
20850
20548
20269
20418
22220
24849
27435
28514
29538
30226
30380
29767
28271
28249
28835
29194
29035
28866
29387
30457
28291
25712
24132
22415
21229
20685
20429
20487
22413
24853
27592
29036
29899
30337
30660
29922
28234
28082
28556
28647
28186
27544
27921
29905
28187
25345
23729
22094
21125
20442
20189
20424
22220
24680
27331
28743
29708
29924
30033
29283
27670
27488
27513
27601
27092
26597
26689
28707
27510
25323
24454
22673
20904
19862
18977
18148
17497
17050
17669
19282
20706
21342
21400
21476
21044
20049
19490
19140
19238
19564
20469
23671
23803
22337
21483
19707
18269
17282
16680
16389
16858
16405
16918
18580
20440
21608
22004
22339
21928
21070
20320
20116
20141
20780
22349
25212
25115
23335
21762
19857
18810
18202
17898
18328
20967
23821
26989
28975
30239
30790
31024
30517
28801
28872
29147
29325
29248
28831
29431
30541
28508
25688
24142
22398
21186
20590
20102
20350
22234
24796
27726
29121
29996
30473
30594
29856
28417
28503
28681
28828
28406
28122
28539
30432
28652
25948
24475
22684
21210
20611
20110
20260
22088
24715
27640
29064
29887
30620
30789
30290
28792
28922
29282
29542
29199
29030
29202
31117
28950
26505
24733
23213
21740
21185
20712
20772
22520
24923
27539
28808
30082
30459
30429
29729
28119
28295
28659
28796
28427
28082
28309
30323
29014
26386
24934
23087
21711
20982
20632
20831
22527
24865
27526
28864
29789
30263
30599
30029
28502
28306
28220
28313
27762
27339
27672
29236
28449
26139
25512
23756
22110
21103
20415
19913
19831
19791
21201
23434
25305
25730
25582
25289
24111
23163
22608
22335
22316
22255
23138
25829
26195
24502
23650
21705
20071
18970
18278
17860
17739
17387
17532
19114
20724
21556
21648
21733
21500
20800
20264
19931
20026
20618
22121
25143
25682
23678
22407
20740
19602
18967
18746
19185
21736
24446
27598
29178
30275
30832
31170
30652
28882
28723
28989
29437
29121
28672
28881
30370
28720
25869
24439
22823
21733
21092
20689
20861
22700
25245
28175
29720
30738
31290
31493
30895
29423
29579
29842
30054
29780
29332
29669
30831
29124
26485
24766
22944
21737
21079
20683
20812
22567
25011
28026
29541
30583
30928
31118
30430
28733
28675
29077
29370
29062
28756
28901
30369
29031
26459
24904
23196
21871
21197
20837
20978
22629
24636
27319
28686
29518
29875
29921
29384
28096
28211
28506
28813
28438
27866
27953
29345
28499
25814
24260
22436
21074
20378
19990
20334
22012
24283
26942
28171
29123
29514
29641
29052
27329
27390
27450
27650
27095
26482
26386
27854
27685
25629
24499
22870
21060
20093
19520
19090
19012
18914
20313
22606
24408
25010
24796
24407
23332
22237
21674
21528
21447
21402
22046
24280
24790
23313
22171
20430
18993
18060
17597
17365
17148
16491
17149
18826
20220
20997
21032
21036
20795
20051
19377
19132
19122
19321
20202
23239
24577
23095
21249
19445
18354
17853
17631
18270
20429
22950
26157
27693
28901
29213
29610
29004
27499
27492
27706
27990
27737
27232
27239
28614
27884
25319
23194
21681
20546
20221
20081
20287
22057
24313
27458
28713
29573
29928
30365
29679
28076
27961
28432
29129
28838
28070
27778
29079
29082
26416
23751
21917
20649
20278
20158
20501
21959
24359
27404
28889
29797
30358
30546
29971
28289
28292
28803
29299
29023
28366
27865
28944
28446
26094
24076
22237
21023
20490
20374
20512
21955
24163
27336
28780
29648
30158
30482
30093
28176
28253
29040
29413
29208
28495
28208
29214
28584
25928
23770
22081
20938
20624
20505
20706
22093
24310
27346
28889
29769
30297
30633
30141
28385
28224
28261
28555
28406
27867
27518
28474
27873
25770
23863
22116
20646
20013
19512
19120
19035
19210
20914
23175
24857
25096
25200
25031
23646
22551
22048
22025
21957
22049
22444
24143
24550
23042
21234
19472
18181
17530
17053
16911
16643
16091
16825
18421
20086
20933
21130
21321
21070
20166
19736
19496
19500
19870
20839
23183
24439
22861
20665
18703
18006
17890
17781
18326
20606
23241
26665
28269
29351
30004
30264
29916
28181
28350
28602
29058
28874
28160
27906
28851
28136
25600
23634
22059
20912
20478
20363
20715
22219
24326
27211
28718
29701
30202
30299
29901
28373
28271
28312
28785
28884
28268
27827
28902
28267
25654
23535
21987
20885
20507
20244
20486
21934
24306
27244
28685
29612
30239
30771
30201
28371
28319
28720
29011
28721
28252
28183
29128
28640
26174
23931
22214
20975
20669
20469
20696
22196
24429
27450
28882
29861
30470
30715
30228
28560
28426
28770
29447
29244
28437
28092
28956
28622
26134
23972
22190
21187
20782
20432
20640
21948
24369
27442
29030
29883
30580
30947
30524
28956
28617
28745
29124
28843
28029
27501
28185
28132
26008
24310
22446
21055
20224
19681
19392
19108
19367
21177
23424
25467
26024
26060
25809
24469
23437
22886
22746
22870
22945
23146
24402
24912
23528
21871
20287
18906
18190
17749
17415
17096
16657
17518
19073
20471
21261
21568
21710
21688
20806
20139
19856
19832
20238
20874
22867
24485
23185
21233
19501
18560
18116
17989
18486
20336
22536
25635
27359
28778
29352
29811
29474
28283
28040
28388
28735
28615
28081
27699
28184
28190
25824
23666
21924
20852
20562
20406
20650
22378
24665
27905
29634
30882
31784
32144
32015
30526
30638
31065
31650
31243
30228
29433
29674
29374
27007
24640
22863
21499
21058
20914
21011
22420
24949
28214
29995
31406
32180
32620
32373
30984
31054
31419
31976
31544
30525
29592
29675
29426
26799
24724
22535
21413
20946
20830
21118
22563
24897
28120
29732
31099
31791
32640
32490
31041
30898
31352
31995
31602
30671
29586
29508
29468
27096
24605
22749
21506
21025
20972
21219
22442
24800
27940
29432
30539
31455
32093
31842
30637
30299
30634
31002
30738
29732
28801
28581
28913
27123
25340
23369
21903
21272
20745
20328
19930
20193
22128
24399
26253
26977
27197
27082
26059
24847
24308
24143
24168
24227
24510
25390
26350
24709
22857
21139
19840
19051
18499
18316
17812
17328
18375
20057
21544
22433
22794
23215
23101
22269
21628
21466
21609
21855
22542
24431
25789
24161
21671
19983
19045
18649
18471
19094
21232
23627
27602
29653
30921
31677
32104
31633
30032
29878
30498
31168
31109
30179
29308
29587
29114
26584
24244
22615
21430
21081
20917
21058
22483
24881
28037
29673
31031
31900
32503
32344
30747
30749
31203
31872
31626
30477
29562
29712
29794
27329
24847
22982
21889
21392
21186
21438
22756
25095
28128
29981
31136
32016
32664
32341
30888
30879
31486
32012
31768
30924
29982
30062
29935
27559
25101
23331
22120
21624
21503
21752
23151
25367
28551
30287
31834
32737
33345
33100
31790
31767
32243
32709
32485
31613
30512
30402
30308
27997
25727
23585
22465
21947
21849
21807
23247
25607
28812
30845
32372
33333
33954
33746
32289
31959
32222
32392
32013
30940
29934
29410
29478
27571
25910
24063
22313
21502
20844
20499
20008
20322
22259
24695
26831
27594
27994
28094
27015
25936
25107
25002
24961
25083
25115
25512
25907
24508
22683
20867
19600
18847
18370
17932
17566
16956
18114
19562
20684
21296
21506
21947
21945
21267
20742
20566
20839
21210
21679
23092
25124
24079
21790
19897
18932
18546
18380
18937
21003
23387
26933
28594
29729
30376
30762
30652
29575
29449
29929
30452
30065
29179
28273
28228
28029
25738
23660
21900
20845
20576
20518
20807
22119
24381
27469
29096
30240
30707
31256
31029
29757
29775
30239
30656
30363
29337
28460
28417
28676
26550
24441
22736
21525
21223
21017
21224
22503
24752
27721
29329
30604
31307
31824
31637
30364
30507
30974
31540
31284
30262
29416
29198
29351
27208
24981
23179
22144
21686
21584
21661
23013
25295
28445
30254
31553
32584
33149
33060
31707
31832
32206
32837
32751
31537
30398
29806
30263
28518
26065
23921
22499
22130
21979
22129
23426
25805
28897
30529
32153
33191
33832
33707
32373
32069
32407
32822
32358
31243
30097
29556
29569
27384
25832
24073
22475
21436
20791
20576
20402
20557
22084
24211
26125
26832
27099
27019
25794
24629
23912
23813
23891
24132
24259
25038
25767
24333
22564
20919
19651
18956
18527
18202
17773
17292
18139
19345
20699
21635
22052
22446
22292
21486
20964
20684
20864
21262
22001
23764
25518
24594
22369
20743
19771
19363
19444
19854
21845
24352
27546
29392
30646
31313
31870
31417
30115
30003
30508
31082
30981
29968
28970
29000
29174
27076
24949
23357
22243
21752
21532
21625
23118
25296
28170
30070
31397
32147
32543
32411
31233
31276
31786
32225
31817
30849
29595
29287
29378
27484
25331
23430
22021
21290
21338
21414
22696
24976
27948
30018
31344
32510
33130
33089
31743
31659
32216
32825
32661
31446
30082
29359
29611
27553
25618
23832
22420
21772
21393
21361
22058
23602
26017
28005
29298
30199
30945
31106
30327
30205
30515
30937
30780
29947
29194
28971
29590
28026
26142
23931
22573
21913
21613
21748
22928
24925
27833
30093
31692
32550
33143
33297
31920
31602
31814
31982
31579
30684
29720
29111
29492
27936
26012
24143
22480
21699
21089
20792
20548
20539
22387
24850
27220
28209
28717
28867
27932
27225
26717
26583
26670
26688
26839
27255
27980
26807
24997
23119
21590
20536
19850
19414
18967
18531
19322
20830
22421
23566
24112
24920
25097
24807
24368
24007
24082
24192
24645
25720
27622
26574
24241
22151
20728
20100
19924
20234
22371
24866
28239
30959
33088
34519
35510
35992
34839
34931
35235
35325
34654
33522
32073
31551
31897
29811
27119
24800
23432
22817
22608
22725
24078
26178
29375
32055
33954
35051
35919
36301
35465
35664
35895
36051
35631
34247
33000
32478
32814
30832
28191
26115
24752
24143
23753
23782
24997
27183
30398
32895
34252
35471
36436
36619
35715
35698
35894
36066
35697
34414
33114
32565
32984
30807
28106
25778
24120
23567
23252
23428
24592
26665
29595
31860
33779
34817
35519
35849
34641
34837
35160
35570
35021
33698
32021
31379
31630
29722
27794
25439
23787
22962
22650
22618
23765
25862
29090
31090
32596
33389
34201
34271
33211
32889
33145
33400
32863
31809
30569
29830
29970
28339
26880
25033
23403
22506
21873
21367
21146
21178
22821
24904
27031
28254
28616
28763
27824
26982
26420
26232
26294
26182
26159
26529
27403
26219
24406
22643
21117
20070
19566
19345
18820
18316
19186
20768
22228
23402
24195
24785
24875
24333
23878
23624
23683
23796
24289
25330
26855
25803
23863
21886
20616
19889
19840
20418
22580
24912
28345
30945
32840
33902
34570
34657
33478
33164
33456
33811
33461
32300
30717
30347
30380
28215
25871
23903
22807
22407
22308
22616
24237
26269
29248
31429
32763
33368
33645
33659
32503
32451
32580
33155
32918
31847
30509
29983
29663
27408
25504
23645
22283
21574
21424
21636
23138
24734
27543
29435
30659
31759
32286
32341
30823
30741
31093
31798
31514
30497
29391
29258
29369
27248
25220
23076
21634
21047
20818
21090
22710
24687
27504
29376
30590
31275
31469
30968
29594
29417
29846
30425
30212
29476
28547
28378
28787
27000
25020
23151
21972
21387
21160
21362
22724
24630
27457
29146
30441
31179
31659
31431
30063
29572
29830
30079
29977
29256
28371
27987
28360
26651
25212
23266
21957
21122
20623
20252
20080
20105
21639
23821
25855
26796
26942
26793
25645
24589
23916
23703
23805
23966
24117
24860
25736
24488
22730
20963
19767
19040
18546
18272
17938
17303
17938
19200
20540
21396
21815
22327
22338
21501
20777
20321
20471
20787
21403
22906
24936
23983
21955
20245
19219
18682
18710
19155
21512
23805
26827
28994
30454
31170
31617
31332
30092
29949
30347
30852
30550
29613
28618
28620
28823
26818
24949
23002
21758
21253
21187
21358
22931
24827
27402
29527
30828
31731
32205
31973
30751
30841
31106
31408
31335
30430
29368
29154
29442
27697
25427
23285
21978
21490
21178
21438
22878
24803
27520
29494
30998
32242
33015
32860
31608
31614
32078
32409
32226
31195
30070
29650
30000
28130
26032
24045
22706
22140
22005
22185
23752
25464
28377
30560
32134
33062
33853
33935
32661
32539
32988
33421
33180
32153
30924
30411
30459
28536
26631
24493
23149
22721
22264
22279
23840
25768
28552
30709
32320
33319
34022
33898
32642
32122
32277
32297
31779
30920
29890
29355
29411
27457
25889
24055
22418
21659
21165
20815
20606
20729
22252
24502
26575
27548
27923
27755
26642
25767
25309
25150
25210
25156
25375
26187
26860
25366
23520
21985
20620
19621
19190
18768
18529
17978
18558
19833
21194
22327
22764
23193
23288
22896
22163
22007
22150
22458
22884
24559
26625
25402
23587
21722
20598
20025
19885
20458
22684
24922
28195
30683
32436
33351
34026
33960
32657
32486
32710
33067
32876
31623
30567
30251
30185
28157
26114
24047
22930
22387
22189
22315
24050
25887
29016
31097
32704
33732
34316
34311
32970
32867
33194
33927
33705
32719
31440
31154
31183
29076
26941
24810
23480
22756
22343
22550
24091
26160
29059
31321
33199
34259
34973
34828
33607
33580
33942
34310
34001
32750
31531
31253
31403
29285
27028
24882
23531
22872
22592
22743
24520
26526
29545
31763
33608
34815
35659
35736
34631
34578
34918
35399
35065
33938
32801
32594
32565
30288
27882
25702
24309
23541
23204
23311
24856
26957
29962
32262
34130
35348
36193
36415
35383
35084
34989
35177
34948
34005
33004
32555
32712
30536
28946
26875
25129
23960
23275
22674
22521
22449
24070
26478
28960
30289
31047
31040
30075
29428
28682
28444
28198
28110
28224
28875
29564
28046
26048
24101
22714
21681
21115
20539
20190
19427
19942
21345
22670
24120
24815
25674
25855
25267
24922
24820
24696
24677
24997
26737
28819
27891
25717
23468
22041
21274
21000
21343
23544
25655
28940
31370
33156
34392
35185
35197
33893
33996
34570
34977
34559
33217
31805
31739
31861
29894
27593
25298
23771
23228
22823
22936
24581
26388
29243
31508
33400
34418
35200
35493
34428
34478
34885
35254
34909
33608
32205
31958
31937
29877
27792
25744
24217
23529
23092
23190
24713
26551
29362
31657
33572
34690
35530
35662
34562
34482
34825
35261
34912
33770
32189
32043
31928
29840
27459
25330
23907
23275
22952
23030
24516
26258
28946
31236
32905
33863
34662
34700
33510
33469
33728
34133
33795
32495
31247
31239
31045
29012
26929
24908
23477
22774
22433
22547
24026
25859
28552
30752
32423
33443
34226
34212
33103
32787
32956
33152
32806
31779
30631
30460
30553
28824
27044
25106
23479
22301
21682
21278
21215
21108
22416
24708
26886
28097
28828
29229
28598
27917
27453
27228
27100
27056
27033
28044
28372
26714
24836
23037
21648
20706
20042
19749
19690
18857
19266
20631
22115
23105
23972
24656
24986
24623
24390
24194
24058
24168
24434
26253
27604
26250
24115
22140
20766
20209
19971
20289
22054
24010
26879
29622
31458
32613
33377
33645
32343
31971
31975
32144
31989
31073
29991
30418
30382
28256
26220
24101
22833
22182
21961
22114
23446
24773
27192
29545
31515
32696
33336
33309
32014
31484
31389
31772
31521
30545
29484
30039
30128
27824
25317
23283
22110
21399
21042
21233
22644
24147
26758
29093
30722
31713
32197
32155
30778
30096
30085
30575
30476
29604
28994
29584
29489
27327
25470
23317
22025
21315
21066
21113
22469
23834
26402
28546
30245
31208
31774
31977
30770
30166
30363
30878
30696
29961
29083
29624
29847
27953
25530
23587
22190
21511
21083
21152
22577
23879
26204
28401
30124
31293
31840
32064
31090
30392
30337
30488
30475
29734
28973
29499
29361
27433
25602
23676
22182
21193
20615
20300
20340
20076
21362
23466
25809
26629
27195
27449
26899
26173
25570
25235
25163
25152
25315
27023
27185
25422
23619
21845
20601
19807
19197
18806
18624
17825
18218
19434
20784
21604
22165
22808
23034
22626
22218
21982
21977
22132
22735
25125
26069
24683
22644
20734
19580
18867
18675
19000
20525
22116
24360
26880
28528
29564
30016
30305
29324
28571
28300
28637
28545
27901
27313
28560
28005
26015
23832
21818
20559
19881
19624
19547
20863
22292
24204
26272
27975
28868
29388
29394
28153
27330
27370
27852
27819
27144
26614
27953
27892
25835
23669
21526
20153
19548
19238
19397
20639
21914
24097
26092
27590
28424
29211
29375
28301
27761
27875
28160
28085
27416
26879
28013
27633
25495
23409
21529
20310
19558
19191
19279
20499
21603
23553
25730
27369
28298
28872
29029
28260
27845
28020
28430
28460
27800
27249
28484
28119
25897
24095
22184
21004
20358
20049
20073
21202
22317
24308
26414
27957
29024
29725
29828
28621
27934
28015
28161
28248
27747
27287
28461
28098
26170
24295
22650
21090
20213
19698
19395
19554
19500
20243
22310
24418
25515
25945
26336
25895
25284
24847
24747
24668
24717
24925
26869
26810
25028
23406
21696
20378
19422
18928
18612
18456
17843
18138
19407
20645
21745
22277
22884
23043
22550
22266
22109
22253
22432
22785
25078
25619
24280
22470
20646
19416
18831
18309
18439
19505
20144
21654
23520
25301
26371
27109
27447
26961
26575
26550
26633
26427
25969
25822
27942
27624
25792
23889
21954
20705
20051
19772
19776
20996
22362
24457
26737
28281
29034
29397
29500
28311
27524
27447
27569
27625
27140
26657
28407
27853
25863
23889
21745
20562
19758
19560
19545
20754
21985
24010
26030
27815
28678
29165
29271
28081
27306
27279
27676
27616
26948
26838
28746
27950
26131
24423
22172
20854
20135
19901
19742
21012
22132
24160
26086
27611
28370
28946
29035
27922
27385
27262
27446
27543
27061
26749
28494
27809
25729
23948
22176
20924
20322
19833
19775
20962
22124
23820
25703
27551
28413
28983
28963
27884
27084
27133
27212
27133
26758
26630
28160
27318
25606
24116
22250
21041
20344
19612
19178
19355
19272
20089
21879
23765
24749
25155
25250
24693
23949
23400
23221
23228
23312
23834
26427
25891
24187
22667
21090
19753
18775
18149
17961
17914
17525
17783
19044
20305
21297
21958
22392
22589
21974
21489
21282
21504
21733
22440
25475
25557
24292
22243
20340
19233
18876
18779
19065
20969
23070
25323
27595
29297
30310
31015
31126
29946
29347
29479
29890
29894
29112
29231
30658
29596
27464
25228
23438
22112
21409
20854
20861
22312
24039
26062
28280
30299
31464
32202
32468
31576
31026
31018
31322
31005
30249
30011
31697
30433
28370
26224
24153
22714
21960
21593
21651
22993
24683
26267
28463
30491
31539
32420
32584
31546
30569
30566
31082
30793
30047
29840
31270
29907
27908
26054
24122
22522
21732
21331
21439
22833
24385
26462
28428
30014
31016
31858
31870
30818
30232
30321
30708
30451
29811
29472
31098
29610
27300
25274
23622
22196
21510
21286
21239
22576
24326
26379
28418
30065
31187
31648
31772
30498
29920
29875
30024
29866
29249
29098
30682
29219
27302
25594
23814
22511
21769
20934
20439
20511
20745
21400
23367
25350
26444
26869
27120
26497
25709
25276
25008
24903
24883
25480
27571
26530
24899
23356
21690
20603
19849
19038
18826
18800
18419
18264
19596
21124
22165
22874
23649
23749
23100
22652
22473
22602
22817
23607
26160
26106
24610
22844
20963
19971
19530
19393
19738
21910
24538
26726
29200
30968
32011
32664
32650
31606
31239
31400
31764
31621
30638
30370
31828
29897
27588
25468
23459
22084
21522
21074
21316
22947
24986
27162
29594
31174
32199
32717
32816
31630
31189
31454
31782
31456
30637
30510
31852
30125
27783
25695
23868
22730
21944
21645
21832
23666
26011
28326
30434
32125
33057
33698
33518
32023
31758
32154
32725
32426
31544
31289
32701
30411
27900
25863
24063
22798
22219
21836
21885
23689
26304
28615
30643
32236
33141
33665
33150
31402
31098
31438
31801
31376
30507
30638
31950
29756
27429
25362
23532
22295
21913
21704
22037
23744
26409
28545
30473
31932
32557
32762
32203
30364
29632
29999
30405
30061
29575
29726
30703
28700
26726
24965
23084
21604
20809
20361
19936
20036
20396
21079
22962
25338
26398
27000
27072
25927
24659
24081
24242
24297
24579
25910
27895
26407
24678
23048
21403
20021
19202
18698
18380
18325
18267
18242
19586
21170
22347
23075
23791
23824
23053
22641
22382
22440
22526
24044
26831
26353
24805
23052
21246
19971
19630
19568
20091
22615
25549
28043
30469
32354
33361
33883
33689
32155
31929
32171
32631
32230
31115
31320
32256
29701
27099
25090
22953
22150
21705
21343
21585
23264
25893
28286
30245
32045
32786
33219
33138
31449
31155
31501
31973
31628
30664
30809
31911
29382
27031
25092
23242
22060
21424
21007
21181
22881
25485
27341
29273
30758
31673
32335
32181
30756
30441
30873
31334
30976
30279
30637
31903
29556
27228
25201
23328
22268
21896
21490
21549
23186
26032
28190
30352
31975
33122
33804
33657
32152
31882
32144
32613
32622
31680
31947
32703
30233
27617
25477
23642
22437
21983
21869
21980
23729
26623
28957
30803
32606
33678
34205
33982
32506
32001
32195
32555
32067
31122
31582
32060
29561
27423
25645
23899
22421
21544
20860
20332
20179
20653
21274
23256
25714
26977
27447
27746
27050
26138
25398
25057
24870
25050
26727
28519
26877
25367
23576
21762
20445
19519
18861
18573
18685
18809
18447
19579
20974
22192
22822
23378
23525
23053
22669
22392
22113
22260
24314
26806
26280
24716
22799
21015
19972
19505
19419
19878
22570
25654
28021
29893
31733
32815
33252
33084
31648
31488
32055
32581
32158
31104
31559
32418
29685
27191
25153
23567
22376
21760
21510
21551
23273
26089
28547
30186
31729
32450
32862
32446
30899
30640
31166
31802
31450
30670
31530
31892
29215
26579
24403
22757
21790
21444
21366
21560
23210
26214
28455
29749
30964
31790
32155
31678
30204
29860
30132
30570
30394
29668
30632
31118
28360
26030
23975
22294
21015
20782
20670
21017
22794
25923
28006
29446
30809
31736
31920
31523
30017
29919
30307
30973
30739
29902
30995
31599
28867
26338
24460
22850
21546
21171
21067
21233
23072
26124
28070
29307
30757
31582
32079
31730
30195
29712
30084
30564
30215
29569
30648
31100
28720
26512
24877
23131
22059
21052
20469
19938
20122
20830
21480
23817
25860
26582
26743
26642
25701
24643
24066
23975
23987
24193
26412
27773
25998
24258
22486
21113
19760
18891
18469
18105
18185
18212
17946
19214
20886
21861
22113
22462
22468
21768
21266
21071
21069
21406
24089
26000
25167
23390
21602
20230
19399
18948
18870
19319
21668
25258
27865
29460
30919
31792
32365
32179
30704
30680
31062
31744
31463
30548
31621
31821
28817
26288
24090
22420
21361
20904
20805
20988
22834
26376
28557
30041
31423
32221
32865
32686
30992
30994
31477
32103
31967
31109
32433
32458
29636
26938
24517
22631
21622
21317
21208
21301
23306
26758
28909
30070
31331
32338
32750
32452
30993
30982
31493
32241
32017
31095
32409
32234
29315
26607
24645
22888
21835
21377
21166
21332
23200
26615
28879
30203
31463
32256
32817
32702
31222
31183
31664
32422
32040
31208
32552
32416
29555
26956
24737
23158
21892
21404
21029
21168
22856
26180
28082
29481
30694
31557
31920
31559
30093
29608
30005
30469
30199
29602
30912
30851
28207
25817
23579
21930
20576
19924
19340
18986
19086
19984
20690
22582
24457
25287
25423
25270
24181
24046
22999
22919
22970
23413
26052
26706
24820
23008
21326
19948
18829
18110
17773
17479
17670
17892
17701
18908
20225
20919
21459
21761
21591
20679
20134
19926
20154
20889
23956
25449
24527
22720
20701
19162
18310
17991
17993
18574
21064
24568
26529
27984
29744
30510
30831
30696
29446
29550
30112
30798
30537
29983
31695
31322
28373
25844
23812
22253
21374
21161
20877
21154
23063
26530
28503
29728
30838
31607
32218
31896
30436
30480
30966
31607
31310
31006
32890
32203
29193
26441
24402
22808
21818
21392
21171
21378
23331
26726
28594
29820
30975
31578
32088
31891
30484
30348
30778
31487
31051
30572
32498
31892
29085
26473
24362
22789
21825
21444
21216
21474
23352
26747
28680
29805
31049
31774
32218
31841
30252
30411
30866
31607
31345
30952
32670
31932
28930
26417
24352
22784
21834
21214
21056
21245
22823
26661
28828
29576
30690
31371
31961
31646
29840
29985
30442
31006
30651
30280
32070
31218
28470
26078
24717
23230
22013
21205
20774
20393
20483
21376
22104
23995
26020
26766
27023
27033
25630
24601
24031
24050
24067
24748
27376
27690
25715
24021
22282
20735
19610
18892
18626
18305
18417
18708
18126
19357
20917
21740
22103
22467
22379
21509
21090
20949
21013
21887
25189
26282
25283
23550
21534
19985
19170
18732
18732
19072
21461
25721
27951
29063
30393
31131
31586
31378
29953
30067
30598
31501
31151
30951
32757
31809
28643
26022
24071
22462
21444
21063
20928
21243
23089
26819
29007
29784
30916
31710
32156
31890
30240
30534
31232
31982
31681
31753
33397
32128
28845
26210
24192
22627
21730
21354
21182
21376
23299
27044
29462
30200
31373
32138
32724
32145
30515
30566
31071
31663
31475
31446
33019
32084
28912
26310
24233
22596
21740
21245
21100
21298
23367
27077
29518
30206
31263
32093
32578
32010
30341
30552
31189
31869
31638
31534
33143
31919
28823
26276
24239
22692
21517
21143
20846
21280
23103
26861
29233
30188
31123
31739
31987
31452
29879
29557
29830
30197
29908
30212
31631
30399
27889
25592
23903
22240
20791
19895
19327
18822
18946
19978
20754
22520
24250
24719
24746
24539
23431
22249
21636
21500
21621
22905
25494
25419
23682
22065
20394
18747
17521
16940
16469
16161
16287
16864
16705
17731
19162
19847
20090
20428
20106
19174
18660
18440
18722
20241
23326
23870
22580
20951
19275
17905
16984
16550
16518
16908
18441
20716
22097
23533
24794
25167
25400
25377
24352
23683
24002
24475
24447
25355
27580
26902
24539
22494
21105
19744
18507
17990
17692
17531
17690
18284
18236
19013
20608
21537
21795
21864
21438
20388
20040
19765
19806
21459
24797
25198
24008
21969
20270
18967
18212
17962
17907
18425
21049
24989
27195
28143
28929
29466
29560
29111
27398
27480
27859
28454
28252
29275
31572
30499
27586
24827
23063
21406
20583
20020
19770
20186
22082
25674
28005
28530
29136
29483
29790
29150
27379
27370
27773
28298
28257
29426
31422
30304
27382
24864
23328
21861
20714
20245
20098
20290
22241
26005
28276
28532
29290
29570
29516
28804
27138
27128
27374
27546
27181
28490
30427
29350
26675
24536
23297
21739
20300
19532
18987
18663
18948
19946
20880
22527
24277
24998
25065
24663
23562
22433
21798
21701
22136
23952
26548
26540
24803
22899
21483
19919
18651
18105
17615
17384
17473
17966
17656
18802
20312
21310
21591
21826
21554
20572
20060
19800
20149
22203
25314
25735
24703
22698
21077
19646
18758
18249
18141
18604
21114
25166
28211
28574
29343
29929
30139
29792
28586
28794
29332
29680
29786
31168
32222
30741
27779
25391
23846
22215
21134
20542
20322
20321
22064
25758
28471
28894
29510
29939
30251
29765
28405
28816
29397
29729
29639
30854
31953
30389
27699
25231
23712
21799
20765
20230
20083
20376
22313
26227
28759
29106
29964
30362
30781
30143
28390
28473
28855
29290
29270
30569
31905
30234
27318
24919
23420
21841
20784
20393
20319
20736
22832
26780
29493
29761
30625
31118
31223
30382
28490
28571
29231
29741
29601
30957
32241
30941
28019
25630
24196
22628
21413
20803
20352
20520
22469
26222
28960
29168
29790
30172
30227
29725
28197
28271
28517
28827
28588
29969
31219
29866
27240
25084
23892
22282
20812
19873
19492
19108
19246
20396
21450
22932
24735
25366
25527
25105
23793
22499
21910
21988
22305
24211
26219
26025
24403
22802
21521
19809
18417
17467
16937
16694
16675
17179
17169
17916
19318
20292
20736
21074
20778
19890
19106
19006
19523
21939
24417
24957
23765
22282
21024
19476
18707
18416
18324
18799
21585
25551
28753
29121
29958
30523
30781
30071
28284
28376
28795
29238
29282
30628
31339
30082
27062
24445
23101
21552
20506
19960
19767
20088
22163
25811
28528
28787
29506
29871
29928
29372
27774
27751
28174
28690
28708
30664
31785
30338
27340
25006
23637
22199
20849
20208
20048
20032
22084
25821
28893
29199
29995
30485
30757
30046
28438
28164
28407
29062
29931
31276
31957
30671
27740
25136
23969
22437
21357
20840
20411
20469
22075
25786
28698
28985
29406
29457
29396
28820
27146
27309
27762
28302
28515
30366
31573
30237
27772
25109
23602
21820
20653
20179
19947
19938
21852
25429
28320
28540
29186
29164
29111
28647
27158
27302
28015
28480
28585
30487
31187
30119
27628
25552
24597
23033
21420
20477
19840
19598
19896
20901
22036
23627
25467
25872
25875
25562
24475
23377
22913
22882
23207
25870
27383
27388
25945
24169
23234
21464
19586
19586
18321
17912
17658
17827
17581
18281
20019
21272
21522
21325
21604
21425
20733
20442
20399
22788
24601
25016
25021
23835
23443
21691
19910
18695
17885
17448
17461
17508
17381
17775
19662
21202
21602
21557
21976
21795
21174
20569
20712
23380
25248
25933
26046
24560
24116
21845
20329
19173
18727
18436
19109
21805
24965
27902
29532
30469
30673
30568
29772
28068
27975
28171
28866
31425
32264
31406
30085
27991
27055
24632
22811
21524
20980
20763
21231
23075
26018
28774
30129
31140
31616
31723
31160
29422
29229
29235
29971
32310
32926
32183
30854
28420
27531
25574
23451
22220
21879
21799
21883
23850
26678
29161
30494
31641
31965
31693
30943
29272
29163
29241
30020
32176
32755
31997
30792
28339
27562
25514
23473
22021
21462
21062
21129
23093
26159
28758
29975
30989
31311
31264
30411
28674
28399
28432
28928
30906
31456
30842
29629
27551
27119
25516
23373
21654
20670
20059
19563
19666
20115
21112
23525
25362
25702
25667
25361
24233
23089
22685
22855
25783
27074
27172
26849
25409
25054
23306
21343
19741
18555
17787
17480
17395
17053
17120
18707
20493
21255
21552
21760
21548
20806
20302
20465
23315
24854
25667
25827
24662
24256
22282
20444
19198
18650
18514
18925
21467
24995
27739
29269
30271
30512
30741
30002
28304
28290
28413
29348
31844
32290
31523
30335
27981
27251
25241
23265
21768
20999
20843
20980
22594
25291
27513
28768
29765
30084
30163
29532
27630
27600
27932
28505
30923
31747
30963
29859
27670
26996
24944
22803
21324
20653
20239
20561
22534
25582
28218
29553
30182
30464
30591
29843
28449
28616
28521
29497
32123
32691
32052
30781
28661
27998
25232
23345
22003
21170
20778
21002
22934
25982
28782
30237
31214
31382
31130
30481
28908
28803
29253
30562
33175
33608
32979
31645
29374
28799
26446
24425
22673
22013
21605
21722
23430
26771
29613
31103
32288
32750
32752
32085
30276
29976
29929
30647
32855
33246
32474
31220
29158
28899
27257
24955
22961
21870
21112
20459
20456
20649
21675
24297
26227
26697
26671
26389
25253
24327
23811
24172
26995
27737
28454
28237
26678
26717
24744
22631
20814
19653
18977
18446
18178
17680
17708
19491
21287
21983
22290
22629
22389
21645
21297
21508
24572
26031
26911
27093
26398
26322
23891
21905
20584
19963
19488
19819
22251
25987
29252
30989
32294
32569
32375
31947
30201
30343
30629
31376
33948
34541
34077
33086
30698
29731
27267
24994
23519
22806
22397
22585
24507
27726
30762
32183
33332
33505
33120
32409
30812
30852
31254
32478
35454
35893
35575
34320
31721
30814
28179
25640
24133
23409
22849
23106
24971
28354
31518
32828
33840
33773
33506
32622
31043
31140
31610
32882
36063
36734
36121
35046
32575
31915
28768
26438
24807
23912
23488
23516
25431
28898
31981
33114
34019
34084
33633
32571
31002
31024
31346
32471
35579
35926
35388
34317
31969
31093
28369
25968
24340
23357
22935
22896
24608
28019
31194
32353
33122
33323
32870
32014
30410
30196
30470
31466
34139
34492
33839
32764
30782
30715
28960
26562
24669
23391
22668
21991
21912
22146
23047
25720
27923
28412
28186
27590
26609
25739
25272
25981
29177
30237
30699
30304
28790
29248
27082
24502
22450
21196
20386
19854
19614
19119
19086
20761
22574
23464
23726
23874
23706
22991
22801
23527
26828
27979
28820
29098
27980
27787
25424
23246
21391
20945
20754
20934
23468
27259
30690
32202
33237
33467
33077
32252
30438
30573
31211
32622
35274
35511
34898
33863
31495
30651
27908
25849
24216
23479
22890
23101
24985
28409
31200
32435
33229
33293
33143
32133
30385
30610
30975
32319
35406
35746
35252
33994
31588
30984
28332
25847
24472
23597
23210
23185
25067
28519
31537
32720
33666
33820
33437
32486
30713
30910
31260
32709
35709
36082
35367
34147
31874
31358
28782
26309
24791
24011
23398
23380
25220
28624
31565
32636
33613
33719
33361
32414
30687
30900
31439
32812
35800
36086
35383
34169
31822
31376
28913
26399
24670
23901
23387
23444
25179
28802
31744
33016
33898
33890
33443
32521
30715
30540
30907
32284
34971
34969
34330
33305
31471
31414
29591
26961
25071
23724
22937
22243
22154
22571
23846
26211
28371
28837
28630
28106
26901
25856
25567
26560
29592
30117
30287
29974
28613
29039
26835
24651
22604
21332
20713
20367
19595
19241
19121
20558
22595
23928
24321
24751
24692
23804
23523
24634
27555
28503
29192
29554
28246
27973
25814
23563
21851
21099
20583
20941
23250
26986
30865
32275
33697
33921
33601
32911
31290
31473
32041
33517
36024
36230
35515
34238
31743
31001
28452
26156
24635
23776
23280
23358
25273
28852
31989
33105
34348
34431
34052
33253
31735
31872
32386
34159
36582
36474
35610
34377
31980
30995
28349
26405
25092
24045
23495
23274
25230
28461
31800
32703
33795
34158
34268
33853
32408
32690
33159
34373
36252
36286
35568
34189
31821
31100
28248
25823
24205
23471
23082
23215
25009
28548
32010
32948
33951
34043
33742
33029
31508
31807
32423
34094
36515
36537
35837
34564
32483
31928
29287
26670
25034
23989
23458
23448
25076
28398
31623
32725
33844
34061
33765
33050
31595
31613
31935
33235
35338
35049
34355
33302
31488
31391
29434
26788
24595
23251
22250
21539
21464
21722
22932
25314
27704
28478
28464
28240
27212
26407
26004
26840
29213
29577
29843
29667
28580
28965
26988
24513
22535
21231
20378
19866
19631
19198
19426
21168
23354
24477
24828
25001
24861
24366
23958
24739
27348
28191
28705
29232
28257
28941
26851
24499
22765
21485
20557
20048
19978
19755
20043
21545
23784
24694
25104
25450
25316
24733
24510
25128
27979
29020
29643
30154
29143
29337
26564
24143
22537
21644
20975
20863
21787
23356
25428
27934
29772
30162
30164
30195
29289
28771
28702
29895
32326
32620
32506
31762
29979
29977
27620
25120
23268
21964
21035
20513
20361
20077
20274
21730
24136
25719
26078
26549
26189
25531
25245
26310
29198
30390
31236
31571
30211
29813
26913
24659
23222
22395
21818
22003
24355
27923
31875
33215
34623
35106
35047
34325
32715
32965
33581
35103
37648
37674
36895
35712
33379
32778
29921
27386
25570
24537
23973
24027
25927
29184
32390
33534
34613
34625
34360
33422
31727
31831
32075
33492
36090
36152
35457
34339
32573
32544
30700
27836
25724
24453
23226
22494
22507
22789
24055
26178
28552
29108
28845
28246
27011
26164
25892
26934
29765
30443
30661
30405
29370
29960
28157
25536
23225
21795
20938
20277
20003
19464
19530
20719
23049
24581
25183
25426
25338
24611
24254
25249
28319
29263
29911
30218
29233
29259
26459
24034
22610
21667
21220
21449
24170
27923
31833
33040
34175
34010
33605
32835
31207
31430
31934
33690
36364
36421
35638
34354
31994
31552
28798
26392
24859
23970
23409
23461
25502
28850
32523
33495
34341
34407
34294
33626
32057
32239
32896
34443
36998
37072
36441
35230
32839
32165
29519
27242
25499
24441
23932
23840
25563
29141
32603
33276
34156
34251
33973
33092
31625
31998
32591
34238
36918
36982
36375
35083
32953
32578
30127
27659
26044
25089
24300
24365
26040
29441
32535
33103
33946
34042
33553
32770
30963
31247
31691
33325
36378
36606
36031
34721
32233
32160
29430
27059
25424
24766
24039
24076
25917
29531
32864
33541
34472
34347
33905
32860
31236
31135
31415
32925
35672
35864
35090
33519
31581
31686
29660
27182
25232
23757
22913
22435
22361
22691
23898
25911
28105
28411
28099
27734
26560
25626
25447
26309
29444
30482
30615
30182
29048
29548
27588
25028
22700
21381
20457
19804
19548
19290
19651
21089
23275
24292
24667
24927
24694
23910
23586
24480
27507
28679
29536
29895
28903
28990
26177
23698
22179
21371
20916
21152
23637
27390
31044
32087
33064
33053
32843
31988
30511
30520
30995
32495
35494
35645
35130
33885
31785
31258
28539
26232
24500
23453
22849
22858
24827
27928
31741
32978
34023
34110
33753
32799
31377
31811
32477
34149
36732
36681
35954
34950
32789
32201
29153
26428
24632
23559
22930
22890
24791
27928
31873
33162
34461
34515
34349
33413
31778
31959
32340
33660
36593
36419
35612
34633
32589
32245
29418
26552
24598
23521
22814
22605
24103
26760
30278
32181
33099
33097
32790
31790
30240
30255
30615
31763
34593
34715
34117
33203
31290
31239
28895
25967
23910
22546
21610
21079
21587
22638
24768
26911
28563
28600
27888
26889
25595
24880
24760
25822
29055
29689
28561
26709
24345
26094
25589
24219
22127
20187
18981
18207
17511
16666
16557
17439
20012
21874
22928
23146
22649
21068
21007
21965
24899
26191
26919
27433
27135
27796
25695
23727
21908
20787
19736
19008
18854
18240
18368
19713
22467
24361
25148
25486
25272
24542
24386
24925
28080
29335
29961
30518
29490
29687
26920
24148
22515
21402
20693
20603
22174
24367
28029
30748
33278
34066
34039
33590
31992
31714
31975
33195
36052
36217
35477
34696
32617
32233
28898
26225
24466
23365
22604
22597
23730
25782
28901
31457
33853
34682
34780
34479
32838
32440
32798
33972
36441
36365
35607
34620
32633
32312
29418
26316
24403
23211
22346
22278
23395
25408
28564
30759
32631
32998
32728
31957
30354
30140
30440
31696
34587
34844
34454
33811
31763
31417
28621
25675
23916
22828
22106
21953
22938
24840
27872
30251
32005
32373
31822
30962
29413
29268
29627
30716
33493
33898
33332
32576
30976
31022
28668
25828
23707
22359
21516
21197
21517
22289
24170
26634
28677
28799
28296
27429
26330
25676
25560
26342
29469
30714
29856
28180
25813
27180
