28,99
28,23
25,48
23,00
16,54
14,68
14,54
11,67
7,57
2,87
10,01
9,37
11,27
12,17
11,97
10,12
9,17
10,22
14,68
21,01
21,01
23,00
21,01
23,00
23,00
15,31
14,46
14,02
10,26
10,26
10,26
8,21
10,26
14,51
16,49
19,00
19,00
21,01
15,74
14,68
14,68
19,00
29,73
31,09
28,99
24,03
23,00
26,53
22,89
15,70
17,04
16,74
16,77
15,06
15,06
15,06
16,84
21,52
23,00
24,03
24,03
23,74
23,02
24,03
23,74
27,99
30,61
30,61
30,61
30,43
24,03
27,99
28,00
23,52
19,17
17,93
17,52
16,95
16,69
15,07
14,95
15,27
16,96
23,00
23,74
24,82
24,01
23,52
22,52
23,74
26,53
28,69
29,83
30,43
28,00
30,43
24,23
18,65
17,96
17,75
17,18
17,47
18,10
21,14
29,43
29,73
30,43
31,41
30,61
30,77
29,00
27,55
28,02
29,73
31,41
30,77
30,23
29,73
26,56
29,00
30,93
29,73
27,51
22,52
18,71
17,56
17,47
17,31
17,31
17,43
18,08
23,17
28,00
26,53
24,51
19,57
18,02
20,51
25,52
30,23
30,61
31,41
30,43
30,43
28,00
24,50
20,06
19,33
18,46
18,46
21,14
24,04
29,00
31,41
32,63
33,75
35,00
31,73
31,69
32,00
33,75
38,00
50,25
50,25
39,00
38,00
31,23
31,23
31,07
29,18
25,00
25,00
24,00
24,00
25,20
30,02
31,23
32,63
33,75
35,00
33,75
31,73
31,44
31,54
31,73
38,00
62,46
66,08
62,46
33,53
31,59
31,49
29,43
26,65
22,56
20,78
19,38
18,46
23,50
24,60
29,18
31,02
31,09
31,09
31,09
30,01
24,60
27,00
27,00
29,43
31,25
31,61
31,09
31,02
29,43
31,07
45,10
37,50
30,00
24,00
22,00
20,67
19,37
20,78
22,00
24,00
30,02
32,00
30,02
29,01
19,96
18,14
18,11
18,67
37,39
44,44
44,44
44,44
37,39
37,42
19,33
20,78
20,78
19,04
18,11
17,83
17,46
15,75
14,68
17,52
18,57
18,16
18,67
18,16
18,16
17,84
17,64
18,05
23,87
30,02
34,00
36,25
32,50
34,00
22,06
19,38
18,15
17,98
17,72
17,66
20,67
28,70
38,00
40,00
37,54
36,04
32,03
31,52
28,01
28,70
30,00
30,02
38,00
49,10
42,00
30,02
28,70
28,01
28,06
22,00
20,51
20,51
18,15
18,19
22,56
38,00
40,00
40,00
38,00
38,00
36,00
29,92
28,06
28,06
28,70
29,92
37,50
49,22
47,11
31,03
28,70
27,91
19,57
18,50
15,26
16,18
15,88
15,70
20,00
22,93
26,65
28,03
25,01
26,02
23,00
23,00
18,46
20,51
20,51
20,51
24,60
26,02
24,60
23,00
20,51
23,00
19,57
19,87
17,04
16,99
16,53
16,55
20,06
22,62
24,60
24,60
25,50
26,07
25,50
24,60
20,51
20,51
22,01
22,56
26,04
31,41
28,70
25,03
22,01
24,05
22,96
22,81
21,14
20,51
19,33
19,33
22,03
27,86
27,60
24,60
26,65
25,03
24,60
22,56
20,51
20,00
20,51
20,51
24,60
31,09
24,60
22,56
21,14
27,05
32,50
21,14
21,14
19,52
19,33
18,73
18,27
18,84
19,06
27,00
24,01
27,03
27,00
26,02
30,00
19,53
18,37
21,14
23,00
26,02
26,02
24,01
18,64
23,00
19,04
16,95
15,45
14,99
14,68
14,62
14,06
11,77
11,37
14,62
15,82
16,89
16,97
16,97
17,44
16,97
16,94
17,22
18,97
22,00
22,00
26,02
22,00
24,01
14,68
14,68
12,31
11,52
10,26
10,26
16,99
21,49
14,68
22,00
26,65
28,70
26,65
26,02
22,50
24,01
24,60
26,65
31,06
32,00
31,09
28,70
23,50
27,86
26,93
21,14
18,52
17,36
16,55
16,55
19,33
25,00
27,86
26,02
28,03
28,03
26,65
24,60
16,68
22,19
24,60
24,60
28,70
31,51
30,75
26,65
24,01
24,60
24,00
21,91
19,33
19,33
18,56
18,56
20,78
28,70
28,03
26,02
29,53
28,70
27,65
24,60
21,18
24,01
24,60
24,60
28,03
31,56
31,09
30,04
28,03
29,10
30,03
25,00
21,49
21,14
19,33
19,33
24,05
31,44
31,59
31,25
34,74
37,42
31,71
31,25
30,03
30,02
28,85
31,25
38,94
49,72
41,00
32,05
30,06
30,33
28,00
22,81
20,78
20,03
19,38
19,38
21,41
26,93
26,93
24,60
26,65
28,03
26,02
24,60
19,15
18,46
16,68
18,46
24,01
31,25
26,65
24,60
21,92
26,02
29,00
25,00
22,00
20,06
20,00
18,05
17,47
17,95
20,04
22,20
24,00
25,00
24,13
23,00
22,34
22,00
20,06
22,00
25,01
30,00
30,00
25,47
25,01
27,02
30,00
18,88
17,77
17,77
17,47
16,41
16,06
15,23
14,68
16,04
17,89
18,10
18,18
18,46
18,06
17,51
16,81
17,38
21,14
30,00
32,03
29,00
25,01
25,01
17,47
17,45
15,52
14,68
14,68
14,68
18,55
20,78
14,68
14,68
22,00
24,01
22,00
18,46
14,68
14,68
18,46
22,00
24,60
34,85
31,25
26,02
18,46
19,38
21,01
21,14
18,56
17,77
16,56
16,55
18,56
24,06
31,23
27,93
31,25
31,25
30,75
27,93
18,46
22,00
24,01
24,60
30,35
41,80
31,61
26,02
22,00
24,01
21,01
20,06
18,53
16,99
16,18
16,05
17,32
22,74
18,46
21,00
26,65
30,03
30,00
24,02
18,46
22,01
24,60
24,95
30,22
45,99
35,00
30,04
25,73
30,00
25,33
21,73
18,56
17,24
16,56
16,52
18,53
22,99
24,01
23,49
27,03
29,07
27,57
27,57
23,46
24,01
21,14
22,00
24,01
38,37
30,06
24,47
18,67
19,38
25,95
22,29
19,49
19,33
18,55
18,55
19,33
28,00
24,02
22,74
24,24
25,63
25,63
24,02
21,50
21,50
21,50
19,15
18,46
29,99
24,02
18,46
14,68
21,49
18,56
18,00
18,00
19,33
18,56
18,00
17,91
17,03
19,70
16,47
26,02
27,83
27,03
23,87
20,12
16,37
17,47
15,17
17,47
25,97
26,00
24,00
20,12
23,00
30,49
24,50
24,50
20,05
18,56
18,19
17,24
16,30
16,37
15,86
17,23
18,53
21,48
22,00
22,00
19,67
18,57
18,56
21,14
30,00
32,00
33,00
29,03
30,00
19,33
20,78
19,33
17,35
16,56
16,56
19,33
20,92
20,51
18,81
20,51
23,00
21,14
16,41
14,68
14,68
14,68
14,68
18,81
27,01
25,00
22,00
14,68
19,38
19,77
21,54
19,77
19,33
18,56
18,54
19,77
24,50
25,02
23,01
25,02
25,02
23,01
22,00
16,41
16,41
18,81
20,51
23,01
31,09
27,03
24,60
20,51
20,94
20,51
21,14
20,03
19,33
18,53
18,56
20,78
26,02
25,01
25,25
26,50
26,50
25,50
24,60
16,68
16,68
18,81
22,00
22,00
28,70
27,02
24,60
16,68
22,00
19,33
19,77
16,81
16,52
14,75
15,26
18,67
24,04
16,68
21,14
24,60
25,01
23,00
16,68
14,68
14,68
14,68
14,68
14,68
26,65
26,65
25,01
16,68
23,00
19,57
21,14
18,52
17,36
16,54
16,55
18,56
25,65
22,56
24,60
26,50
27,00
25,50
20,51
18,00
18,00
18,46
18,81
20,02
30,22
26,65
21,03
18,46
23,00
23,65
18,19
17,92
19,02
18,00
17,67
17,67
17,93
19,92
20,57
21,92
22,01
21,92
21,12
19,66
18,36
18,56
17,98
21,00
21,92
22,01
21,00
20,78
20,57
23,00
17,50
18,47
18,19
17,10
16,05
16,48
15,63
15,31
17,93
18,97
18,96
20,12
19,87
18,96
18,73
18,54
18,56
19,17
24,00
27,00
28,00
26,00
27,00
19,57
20,06
18,46
17,02
16,55
17,05
19,44
23,50
23,50
26,00
28,70
30,03
28,70
26,00
23,00
23,00
22,01
23,00
24,02
31,25
30,06
24,60
22,01
23,50
21,01
21,91
20,03
18,56
18,19
18,56
20,78
23,50
21,00
21,92
22,01
23,02
22,01
20,51
14,68
14,68
14,68
14,68
18,81
24,60
24,60
21,00
14,68
20,38
23,38
23,00
20,78
20,03
18,82
20,04
23,00
24,60
23,50
24,01
25,00
25,00
24,01
23,25
18,81
18,81
18,81
20,51
20,51
26,03
24,60
24,00
20,51
24,05
23,00
23,00
20,31
20,06
19,44
20,31
23,00
25,06
24,60
25,06
27,50
27,50
27,50
25,00
22,01
22,01
21,00
22,01
22,01
26,65
26,65
25,00
23,02
25,00
22,74
23,00
20,04
19,44
19,44
19,44
23,00
26,02
28,00
30,75
31,09
31,03
30,75
30,02
25,40
25,40
23,00
21,14
23,00
30,02
30,02
27,50
27,50
28,00
26,00
24,02
23,52
23,57
22,01
20,00
20,31
22,01
23,52
23,57
26,00
29,50
27,57
26,00
24,02
23,52
23,01
23,01
23,52
27,00
31,00
32,50
26,00
27,00
25,50
19,57
19,10
18,90
18,32
18,00
18,00
16,86
16,00
18,52
18,27
19,17
19,47
19,27
18,57
18,27
15,36
15,00
19,17
30,00
33,00
35,00
28,00
28,47
18,46
18,37
16,56
16,18
15,80
16,24
19,87
23,00
18,81
22,34
25,01
26,02
25,01
24,00
16,97
18,17
14,68
16,97
14,68
28,00
28,00
24,00
14,68
21,92
21,14
21,91
18,56
18,56
17,77
18,52
20,05
23,87
24,00
24,37
27,03
27,00
25,57
25,01
22,34
21,92
20,12
21,92
22,37
30,35
28,17
25,01
21,14
24,00
21,14
21,14
19,33
19,33
18,56
18,56
20,04
24,06
23,01
24,00
26,65
26,03
24,52
23,80
20,51
20,51
20,51
22,00
21,92
28,70
26,65
23,01
18,81
22,00
19,38
20,05
19,33
18,81
18,56
18,81
19,38
22,62
22,61
23,80
26,03
24,82
24,82
22,61
18,81
21,00
21,00
22,00
21,00
28,70
30,00
24,82
22,00
24,04
27,55
25,50
23,00
20,51
20,05
20,05
24,05
26,93
27,33
27,50
30,00
28,50
27,50
25,50
23,00
23,00
23,00
22,56
20,51
28,70
27,57
25,50
24,01
26,05
28,50
25,50
25,50
25,50
22,95
21,57
21,77
21,57
23,54
23,57
26,03
27,54
25,57
27,54
21,57
21,17
20,91
21,17
23,57
30,57
32,50
28,50
26,03
26,43
31,55
25,50
25,47
22,06
19,97
19,74
19,74
19,27
18,09
18,98
18,97
18,67
18,97
21,17
22,06
21,17
19,27
21,17
23,57
30,98
34,69
35,00
31,56
31,57
30,02
24,60
20,78
19,33
18,46
17,36
20,96
28,00
29,57
34,00
34,74
34,00
34,00
34,00
30,03
32,00
31,00
31,00
32,00
51,00
51,00
39,00
34,00
34,00
34,00
25,50
22,56
22,03
20,05
20,05
22,56
30,04
30,05
30,05
32,00
32,00
30,06
30,05
26,65
26,65
26,65
26,65
26,03
40,00
42,00
32,00
31,00
32,06
40,00
28,70
22,56
22,56
22,56
21,49
28,70
40,00
50,00
52,64
54,39
54,79
54,79
54,79
53,28
54,28
54,08
54,70
54,69
55,12
55,22
54,29
50,00
50,00
38,49
30,01
25,00
22,56
21,76
20,86
24,60
30,01
32,02
33,56
40,03
41,00
40,03
39,00
32,02
32,80
32,02
35,52
35,52
43,51
45,00
35,52
30,75
30,75
28,70
26,00
22,06
21,93
19,38
19,38
22,06
24,60
28,70
33,56
35,52
38,00
38,00
38,50
35,00
35,00
34,65
35,63
38,50
40,00
35,52
30,02
29,00
29,00
29,50
23,17
21,17
21,17
19,37
18,84
17,87
17,29
17,75
19,87
26,01
30,03
30,03
30,03
23,00
21,17
20,57
20,57
21,86
28,02
30,03
30,03
28,00
30,03
28,00
18,84
18,27
17,87
17,26
17,16
16,79
14,68
14,68
17,13
17,28
17,87
19,17
19,27
20,03
17,53
17,25
17,27
20,02
30,00
38,00
42,00
34,09
40,00
21,14
19,84
17,26
17,14
17,03
17,12
18,77
21,14
34,02
41,00
41,00
45,00
45,00
41,00
38,00
40,00
40,00
40,00
40,27
50,00
43,00
35,00
32,00
32,00
28,00
24,37
21,49
21,14
19,87
19,38
22,83
37,00
34,02
38,52
38,52
40,00
40,00
40,02
38,00
40,00
40,02
40,50
40,50
42,00
41,00
36,00
35,00
32,01
40,00
36,02
27,00
27,00
22,83
22,83
35,00
40,00
38,00
45,00
45,00
45,00
41,56
41,56
38,00
38,00
38,00
38,00
36,02
45,00
41,00
35,03
35,00
35,00
40,00
28,00
26,50
21,49
21,14
21,14
28,00
38,00
39,00
44,50
48,01
46,00
46,00
45,00
40,00
40,50
41,00
40,00
39,97
50,00
50,00
42,00
38,00
38,00
33,50
31,30
22,87
21,14
20,78
20,97
31,30
39,00
38,50
40,50
39,00
39,00
39,00
40,00
34,83
34,83
34,83
30,12
30,12
37,37
39,00
32,47
31,67
32,37
39,00
29,00
25,01
25,47
24,00
23,52
21,57
21,57
21,57
28,00
35,00
35,00
35,00
30,00
26,01
23,67
22,55
23,52
24,37
35,00
41,52
40,00
32,00
35,00
30,10
25,00
29,47
25,57
23,17
22,52
20,56
18,02
17,53
22,00
25,57
23,57
24,56
24,56
23,17
22,00
20,87
20,54
22,57
32,03
40,00
47,50
40,00
47,50
38,00
33,37
26,47
21,49
20,13
21,49
37,99
47,50
42,50
48,01
51,50
52,32
50,00
47,50
40,00
40,00
39,57
41,00
44,00
53,28
53,28
50,00
40,00
40,00
34,00
30,90
27,37
23,87
21,14
22,17
31,30
38,00
38,25
42,50
43,07
43,50
43,00
43,00
36,06
37,02
36,06
37,02
35,00
39,06
40,10
36,06
35,00
36,06
36,06
32,00
28,00
27,00
24,37
24,97
34,00
36,06
40,00
42,50
40,00
38,03
36,06
36,06
34,01
35,77
35,77
34,01
32,00
35,77
38,03
38,00
38,00
36,02
31,00
28,67
25,50
24,00
22,67
22,87
29,84
30,27
32,00
34,07
35,77
36,02
38,50
36,02
35,77
36,02
36,02
38,00
38,00
36,27
38,87
35,77
33,77
32,00
22,52
22,27
20,78
19,41
19,33
20,78
23,87
26,34
32,00
34,01
34,01
35,77
34,87
34,02
33,17
33,17
34,01
35,77
38,00
41,01
40,50
40,01
34,01
34,02
32,00
25,47
24,77
24,00
24,00
24,67
25,48
25,30
31,00
38,00
42,00
45,00
44,60
40,50
38,00
32,00
25,47
25,87
32,00
40,00
45,02
45,00
39,00
39,00
25,47
20,17
19,97
19,28
18,47
17,46
16,98
15,39
14,68
17,46
19,27
17,95
19,27
18,27
19,96
20,37
19,94
19,27
20,27
22,54
35,03
39,99
35,00
34,87
24,67
23,57
20,03
19,05
19,06
19,33
24,67
28,00
35,07
33,02
34,03
33,07
33,02
30,27
30,00
30,00
30,00
30,00
19,57
34,07
35,07
33,02
30,00
30,00
36,02
29,46
23,97
23,00
21,49
22,37
34,02
36,03
37,99
38,59
37,43
34,27
34,07
35,07
35,07
35,07
37,50
40,00
35,17
38,87
42,19
34,50
35,17
35,07
37,50
31,02
27,37
27,33
25,47
26,07
29,56
34,37
36,02
36,01
38,00
39,00
38,59
36,02
34,00
34,07
34,07
33,01
31,02
36,02
38,59
35,97
34,00
34,27
37,57
33,80
27,33
27,00
26,00
26,00
28,00
36,46
38,00
36,80
37,57
38,00
38,00
36,80
35,87
34,27
34,27
30,27
26,57
32,51
36,80
36,52
36,03
36,03
37,53
31,00
28,00
26,17
24,17
24,37
25,07
25,87
25,97
25,67
23,97
31,00
23,37
21,57
18,81
20,17
20,06
21,17
20,04
24,37
33,01
33,77
31,00
31,00
40,00
38,00
28,37
25,61
22,67
23,17
22,57
22,37
25,53
34,07
37,50
40,00
37,50
34,02
28,37
24,37
23,52
22,01
23,52
32,01
40,00
41,00
37,50
37,50
40,00
29,25
21,73
21,17
20,57
20,17
17,73
14,68
14,68
20,57
21,26
18,96
17,27
16,48
14,68
14,64
14,52
11,47
14,62
16,67
22,87
30,00
22,87
22,77
25,20
22,37
17,48
16,54
15,68
15,50
19,34
19,43
23,37
24,97
30,00
30,00
30,00
24,57
16,96
18,81
16,96
19,11
16,96
22,37
31,67
23,37
23,37
19,87
17,08
18,95
16,24
16,02
15,20
15,92
20,47
18,87
19,47
21,47
22,67
24,57
23,57
21,77
23,37
24,37
24,57
28,00
30,00
30,00
34,02
32,01
34,00
34,02
26,00
22,57
21,16
19,57
18,81
18,81
25,51
31,00
31,00
29,02
29,00
29,00
27,51
27,51
28,00
26,77
26,57
28,00
25,00
25,97
28,00
24,37
15,11
15,79
28,00
23,00
21,91
20,17
20,00
20,37
23,87
30,00
30,02
30,02
31,03
31,03
32,00
32,00
32,00
32,00
33,00
32,00
29,00
31,03
38,00
32,00
31,03
31,03
36,00
24,47
22,47
21,73
21,26
21,73
27,00
36,00
38,00
29,02
31,03
31,03
30,00
31,03
29,02
29,02
31,00
30,17
26,57
27,00
30,77
27,57
22,28
25,67
15,87
17,95
18,97
18,81
18,81
17,27
17,42
17,03
19,03
19,95
21,17
21,48
21,17
20,77
19,49
18,61
17,86
17,47
18,57
20,77
22,28
22,37
20,00
21,48
24,60
21,25
19,57
19,27
17,95
17,42
17,47
16,04
17,47
18,77
21,57
23,02
23,02
22,37
21,48
21,48
19,27
19,27
19,17
23,37
35,03
34,00
25,14
17,95
18,19
18,76
17,95
17,07
17,95
18,81
20,17
21,38
23,37
23,37
23,67
23,37
23,37
23,77
26,31
26,99
26,54
26,54
18,81
18,81
30,01
26,99
26,31
34,00
29,99
25,26
24,47
24,00
24,47
27,00
32,47
29,99
29,99
30,00
31,47
30,57
26,77
28,01
29,00
29,02
30,00
29,99
23,67
24,57
35,00
26,00
24,37
27,00
26,47
24,47
24,00
23,37
23,37
27,00
28,00
28,02
28,02
29,50
30,03
30,03
28,02
28,02
29,67
32,00
32,99
32,00
24,37
28,02
34,00
28,02
23,37
24,00
24,00
22,47
22,47
22,00
23,00
25,50
22,47
24,00
24,00
24,00
23,57
24,00
24,00
21,57
22,04
22,04
22,04
22,04
22,04
24,57
26,01
22,04
20,87
24,00
22,67
22,47
20,91
19,43
20,91
22,57
24,52
24,52
24,52
24,57
24,77
24,57
24,00
23,50
24,00
24,00
24,00
24,37
24,52
25,03
33,00
26,57
26,21
25,02
25,02
24,80
22,77
20,37
20,00
20,00
20,00
20,00
23,10
27,03
28,70
28,00
27,02
25,02
23,10
22,77
22,77
22,17
22,02
22,02
36,00
29,15
22,02
26,80
24,02
23,01
21,57
20,17
19,47
19,37
19,27
17,71
20,22
23,01
24,02
24,02
24,00
24,67
22,50
21,57
21,57
21,57
21,57
25,03
45,00
36,00
29,80
22,50
21,77
20,17
18,67
17,21
19,50
23,37
33,60
33,40
29,12
29,12
33,40
33,40
29,12
29,12
33,00
33,01
33,60
32,00
29,12
23,51
33,60
26,03
23,51
24,57
23,51
22,17
21,77
20,47
22,00
28,50
29,57
26,00
27,57
27,57
28,77
26,57
24,52
22,50
23,51
22,50
23,57
22,50
21,56
21,87
23,51
21,72
20,56
24,57
22,47
22,17
20,78
19,56
19,67
22,47
26,00
26,00
27,99
28,92
28,92
27,99
26,00
24,57
24,51
24,51
24,51
24,51
23,50
23,57
26,53
25,52
24,51
27,99
22,67
22,97
19,59
18,58
17,88
19,56
21,87
20,01
23,37
27,99
24,00
24,00
21,03
19,04
17,88
17,55
17,05
16,07
17,01
16,07
22,17
17,88
16,00
20,27
18,41
17,05
16,98
16,67
16,67
17,15
17,04
16,98
17,88
18,58
19,59
19,59
19,04
18,13
17,43
17,54
17,15
17,04
17,15
19,17
26,32
23,64
22,17
21,00
20,02
17,88
17,34
17,03
16,66
17,04
17,88
17,88
20,37
22,97
25,87
25,99
25,87
22,87
22,17
21,17
21,17
21,17
22,17
25,99
34,03
28,97
24,65
31,98
25,41
20,37
19,11
18,58
18,52
18,20
17,88
17,57
17,96
18,52
18,32
18,12
18,58
18,56
18,53
18,52
17,96
17,96
18,58
22,37
29,00
27,92
24,00
22,57
18,95
18,55
18,51
17,83
17,54
17,57
18,56
18,04
17,88
19,02
19,56
21,00
19,94
18,55
18,53
18,56
19,03
17,88
18,54
18,58
29,03
21,57
18,55
25,02
22,17
19,33
19,05
18,55
19,11
22,17
30,00
29,00
30,00
30,00
35,10
35,10
30,00
29,00
30,00
30,00
30,00
29,00
29,00
33,60
40,10
27,01
29,00
24,37
22,57
21,85
21,72
21,00
21,27
23,77
27,00
27,02
26,01
27,02
28,00
27,02
27,02
26,01
28,00
28,99
29,98
26,01
25,00
23,57
28,00
29,99
25,00
28,00
25,00
22,87
21,85
21,27
21,85
23,62
25,00
25,00
25,00
26,01
25,00
25,00
25,00
22,27
23,57
25,00
25,00
25,00
24,00
24,57
27,00
27,02
24,37
28,67
25,00
23,37
22,17
21,85
21,85
23,67
25,97
25,00
25,50
25,50
25,50
25,50
25,50
23,57
23,37
22,27
21,85
21,85
21,85
21,85
25,87
25,00
23,57
23,37
22,17
22,17
21,27
20,37
20,27
20,27
21,27
21,85
24,37
28,50
28,50
28,00
26,51
22,37
22,01
21,85
21,27
21,27
21,37
21,27
28,53
26,00
21,67
22,17
20,87
19,38
20,18
19,38
15,13
14,68
14,00
11,77
17,73
18,53
18,55
18,99
17,27
14,68
14,68
14,68
14,00
14,00
14,68
17,47
21,47
20,87
19,87
22,17
20,17
18,51
18,48
17,94
18,06
20,17
23,37
22,27
25,00
25,00
25,00
23,57
22,97
19,12
19,82
23,57
23,57
25,27
23,77
18,91
28,00
18,57
18,02
21,67
21,47
18,01
17,27
16,28
17,07
21,17
24,57
27,01
29,99
29,99
30,03
30,03
29,99
27,01
28,77
29,00
29,99
28,52
27,01
25,50
29,99
23,57
21,61
28,00
22,17
21,77
20,87
19,73
20,73
21,61
25,50
27,00
27,03
27,03
27,03
26,02
25,01
24,37
25,01
26,00
27,00
26,02
25,01
24,00
30,00
26,00
23,57
28,00
23,00
21,97
20,73
20,00
20,73
21,77
26,03
26,00
25,02
26,03
27,00
27,00
26,03
25,00
26,57
26,03
27,00
25,00
24,01
22,67
29,07
25,00
25,00
24,57
20,64
19,30
18,55
18,00
18,56
20,83
25,50
25,85
27,02
30,00
30,04
30,00
28,03
26,01
25,00
20,31
19,95
20,63
19,82
19,05
28,00
25,00
25,00
26,00
22,37
20,06
19,94
19,67
19,56
19,94
19,94
20,06
23,51
25,50
27,00
26,50
25,00
22,47
22,17
21,17
21,03
21,06
20,47
21,57
26,82
25,61
21,87
23,35
21,27
20,05
19,54
18,43
17,99
17,39
17,99
17,53
19,42
20,27
21,47
22,97
21,57
21,57
21,04
20,06
20,04
20,02
20,04
21,67
30,50
30,00
26,08
27,02
21,31
19,94
19,55
18,99
19,77
21,31
25,77
29,00
29,00
29,41
30,00
30,00
29,00
29,28
29,28
29,41
29,41
29,69
27,87
25,77
32,75
29,00
26,00
21,85
21,31
19,50
17,99
17,47
18,00
20,64
22,35
19,27
22,27
24,07
25,00
25,00
22,27
20,97
22,47
23,57
25,00
21,85
18,18
18,33
23,37
19,27
17,52
18,57
17,99
16,99
15,70
15,37
17,12
20,17
22,47
26,25
26,01
27,00
27,02
27,02
27,00
26,01
27,02
27,02
27,50
26,01
25,00
19,86
28,00
26,01
18,27
21,86
19,00
18,00
16,99
17,07
17,79
20,17
22,45
24,00
24,00
25,07
25,01
25,01
25,01
22,87
23,57
24,00
25,47
24,57
20,39
17,78
25,87
21,88
17,00
22,24
20,04
18,04
17,99
17,56
17,99
20,17
22,50
23,37
24,00
24,57
24,57
24,55
22,56
20,05
20,06
23,54
24,00
22,54
20,47
20,06
25,01
24,55
24,00
34,80
27,89
22,67
20,64
19,65
18,04
17,06
14,68
14,68
17,27
17,06
14,68
14,68
14,68
14,68
14,68
14,68
14,68
16,87
17,06
14,97
28,03
29,00
25,00
30,00
21,75
20,04
19,82
19,82
19,77
19,77
18,49
18,47
20,04
21,75
25,67
26,02
26,90
27,03
24,00
21,02
20,06
20,06
21,97
24,00
32,51
33,00
26,02
27,00
22,67
20,05
19,82
19,77
19,82
22,17
27,89
28,02
27,00
26,57
26,00
27,00
22,37
21,27
26,00
24,77
26,00
22,17
18,87
17,21
27,00
17,21
16,93
22,17
20,82
19,00
18,49
18,04
18,49
20,16
21,75
18,04
17,57
22,27
25,01
26,02
25,01
24,00
25,07
26,00
27,00
27,89
26,02
24,00
28,03
24,00
19,97
22,96
21,17
19,04
18,49
18,04
18,07
20,82
22,57
23,87
26,57
28,00
28,57
28,02
26,00
23,37
26,00
28,00
28,00
28,00
28,00
27,00
30,00
24,00
21,75
26,00
20,06
19,00
18,04
17,69
17,77
20,06
21,55
20,17
27,01
27,01
29,00
28,02
27,01
25,00
27,00
28,00
29,00
28,02
27,01
26,00
31,00
29,00
27,50
26,90
22,96
20,33
19,26
18,49
18,77
23,03
28,02
29,00
28,57
29,00
29,00
29,00
27,01
26,57
27,00
28,57
29,00
28,57
27,01
23,67
32,80
32,80
30,50
50,00
36,10
34,57
32,80
26,17
24,50
24,17
24,50
28,02
29,26
35,00
36,10
35,00
33,00
30,00
25,02
25,00
25,00
25,00
25,00
26,00
36,10
39,00
32,00
27,01
21,97
20,82
20,17
19,35
18,17
18,04
17,06
17,05
19,55
20,87
20,82
20,82
20,87
20,78
20,01
19,49
19,27
19,68
20,01
21,75
32,80
35,00
27,01
20,63
19,48
19,05
18,04
17,03
17,77
19,77
21,97
32,00
30,00
30,02
31,00
31,00
30,02
28,00
30,00
30,00
30,02
30,00
27,01
23,30
30,02
28,57
21,05
30,00
21,83
21,83
20,82
19,55
20,06
21,14
28,00
32,00
32,80
32,80
32,50
34,03
31,00
27,00
27,00
27,00
27,00
23,30
23,30
20,12
30,00
23,00
16,17
22,07
20,00
18,04
17,73
17,05
18,03
20,07
22,17
21,83
23,57
24,67
23,57
23,57
21,47
14,68
20,57
23,00
23,47
21,83
21,57
17,17
24,67
21,97
16,93
24,67
20,00
19,00
18,07
17,97
18,19
20,82
25,87
27,01
29,03
28,00
29,00
28,02
27,01
21,17
24,00
26,00
28,00
27,01
27,01
23,67
30,00
26,67
22,57
23,00
20,00
19,10
18,04
17,65
18,19
19,77
22,02
25,25
17,77
24,67
27,01
27,67
28,00
20,57
20,57
22,02
17,37
19,80
21,02
23,24
31,00
34,00
30,00
30,00
23,17
22,17
20,75
20,33
20,20
20,20
20,20
21,57
22,02
25,00
25,50
25,00
24,00
23,52
21,57
20,27
20,47
19,77
19,42
19,42
25,50
28,00
22,87
25,00
22,00
21,00
20,19
19,67
19,27
19,18
18,00
18,21
19,06
19,67
21,00
21,00
21,00
19,97
19,37
19,08
18,53
18,30
18,53
18,57
22,50
25,00
19,67
25,00
20,97
19,47
19,21
18,56
19,11
21,47
29,00
31,92
31,17
33,85
34,55
34,56
33,85
33,85
33,85
34,48
34,00
34,00
34,55
34,99
36,99
35,46
33,85
23,67
21,00
19,82
19,82
19,47
19,87
22,17
26,87
28,01
30,03
29,02
29,02
29,02
28,01
24,77
24,67
25,57
27,00
26,67
23,57
20,69
30,57
28,97
24,00
23,57
21,00
19,82
20,69
20,63
21,01
23,57
30,00
31,03
31,03
31,17
31,17
31,17
31,57
29,01
30,50
31,02
34,99
31,03
29,01
28,00
30,02
33,00
30,00
21,35
19,82
19,47
19,56
19,47
19,82
19,87
21,47
17,37
17,37
17,47
19,56
19,56
19,56
17,13
17,13
19,56
19,56
18,97
17,13
17,27
19,87
19,56
20,00
21,77
21,00
19,97
19,82
19,97
19,82
22,00
25,00
26,01
29,03
31,00
35,01
36,62
35,00
31,00
29,03
30,00
31,00
29,00
26,01
25,00
25,37
23,00
21,47
19,87
19,65
20,17
19,97
19,20
19,00
19,00
19,00
20,03
20,97
24,45
27,01
27,37
27,00
24,57
18,37
18,47
18,67
18,33
18,33
17,77
20,17
20,97
20,17
19,02
18,04
18,02
18,07
18,03
17,45
16,06
15,50
15,50
18,04
19,27
20,17
20,17
20,77
19,63
18,87
18,33
18,06
18,33
18,33
17,45
22,17
31,00
25,00
21,77
19,47
18,91
18,29
18,12
18,49
20,60
22,97
25,00
28,00
22,47
25,77
25,77
22,47
18,04
24,37
30,00
30,00
30,00
29,01
22,87
25,37
23,00
18,85
21,77
20,15
19,65
19,50
19,51
19,86
20,99
24,37
29,01
30,00
29,01
29,01
29,01
28,00
24,50
26,67
30,00
35,83
35,00
31,00
28,00
31,00
31,00
25,00
28,90
21,77
21,35
21,35
21,35
21,77
23,30
29,00
30,00
35,00
31,53
36,96
36,96
32,00
29,51
30,00
31,00
31,53
31,00
29,51
24,57
29,00
29,00
24,00
23,17
23,17
22,00
21,77
21,35
21,77
22,22
23,17
25,25
32,00
32,00
36,05
36,05
33,00
32,00
31,00
32,00
32,03
32,00
30,02
23,17
27,37
29,67
18,93
24,17
22,22
22,22
20,81
20,81
22,22
23,00
25,00
21,47
28,00
28,77
31,00
31,00
29,17
23,57
23,57
25,00
26,37
25,67
24,57
22,57
23,77
27,00
22,67
21,37
20,00
20,33
21,47
21,27
20,33
20,33
20,33
24,00
27,51
28,00
29,00
29,00
28,99
26,99
26,00
23,00
23,00
23,00
23,00
23,17
27,00
27,51
24,66
21,45
20,38
21,27
20,72
19,81
19,77
19,00
16,95
18,02
19,79
21,27
20,38
21,04
21,37
21,20
21,20
21,27
20,38
21,27
21,53
21,10
22,07
28,00
22,17
23,89
21,45
20,32
20,14
20,18
20,15
20,76
20,66
17,66
17,13
18,04
18,37
18,37
18,37
18,04
19,87
22,17
25,00
24,17
19,87
18,47
18,87
23,00
24,53
21,77
21,45
19,86
19,62
19,39
19,75
20,38
21,48
17,67
18,04
20,37
22,57
26,00
20,47
20,37
25,00
25,67
26,00
23,77
23,57
16,87
18,04
17,13
14,68
23,27
22,87
20,38
20,38
20,27
20,38
23,57
25,00
25,95
30,00
32,02
36,54
37,02
36,54
33,03
36,55
33,20
36,54
33,20
33,03
28,67
32,00
31,01
27,67
21,45
19,86
19,01
19,22
19,01
19,40
21,45
25,00
25,67
30,02
30,77
32,00
33,76
33,03
32,00
32,00
30,17
32,00
30,17
30,02
25,67
28,42
25,50
24,36
23,27
21,77
20,41
20,78
20,63
20,78
23,50
27,17
32,00
35,00
38,00
40,52
40,50
40,50
39,50
35,07
35,06
39,15
39,00
35,07
32,87
35,06
39,00
32,87
30,39
24,57
22,57
20,66
20,66
20,41
20,13
20,41
21,57
23,50
29,01
30,02
30,02
30,27
29,01
25,02
24,67
24,77
24,57
24,27
23,50
28,37
31,03
24,67
19,79
21,55
20,66
19,97
19,55
19,55
19,29
18,61
19,50
20,66
21,57
22,97
23,17
24,57
26,37
22,93
22,44
21,94
22,44
22,44
22,47
21,25
28,37
22,57
25,00
21,87
20,78
20,78
20,41
20,78
23,70
33,73
42,00
44,85
44,00
45,40
50,00
47,00
45,40
45,40
47,88
50,02
50,01
50,00
45,00
45,47
45,40
40,00
26,85
22,97
21,57
20,78
20,78
20,78
23,03
27,67
42,00
45,00
45,00
45,00
45,00
42,97
42,22
44,00
41,97
45,00
42,22
42,00
39,03
41,97
42,97
26,85
24,50
22,87
20,63
19,47
19,33
19,47
20,90
24,00
27,33
33,03
32,02
35,00
35,00
35,00
33,03
33,03
33,03
40,00
39,00
33,91
30,00
30,00
31,01
21,25
23,87
21,14
19,86
19,39
18,61
19,00
20,36
22,93
21,27
29,01
30,02
32,03
35,50
35,00
32,03
32,03
35,50
35,60
35,50
32,03
28,67
30,00
30,02
22,58
22,93
21,77
21,14
19,99
19,99
19,99
21,45
24,27
41,97
42,00
45,00
42,97
47,50
43,89
42,00
42,00
42,00
42,97
42,00
40,00
30,87
30,77
31,47
30,55
25,67
23,17
22,93
22,27
22,27
21,87
20,27
20,27
22,93
25,00
26,01
26,71
28,03
27,02
25,00
23,17
23,50
23,27
23,17
23,17
23,17
23,17
25,37
24,27
21,17
19,89
18,60
17,94
16,97
16,41
14,68
14,56
14,68
16,91
19,58
20,04
20,95
22,17
22,17
19,90
17,05
16,06
16,57
16,57
15,83
23,00
26,37
23,00
14,84
14,84
14,59
14,59
14,59
14,68
17,77
18,17
16,87
16,97
26,97
27,67
30,17
27,67
23,17
17,07
23,00
25,00
23,17
17,07
14,68
14,68
14,68
17,09
19,23
15,78
14,68
14,68
14,68
14,68
17,99
21,00
23,68
27,37
28,67
31,00
31,67
31,00
27,01
27,01
31,00
31,77
31,03
27,01
18,59
21,47
24,17
20,04
15,26
14,68
14,52
14,52
13,98
14,17
15,04
19,47
16,86
26,01
27,00
27,02
28,50
28,03
27,00
27,00
27,00
27,37
27,00
27,00
23,57
24,57
25,00
23,04
17,73
15,54
14,68
14,68
14,68
15,04
18,04
22,54
25,57
28,67
30,57
32,57
37,60
32,57
28,67
29,67
30,57
30,97
32,54
27,53
27,00
27,53
29,00
25,01
23,36
19,69
17,98
17,98
17,55
17,98
21,00
23,93
34,57
44,00
54,09
54,19
54,39
52,47
39,00
39,50
43,00
45,00
45,00
34,57
30,00
28,00
28,00
23,23
23,50
20,27
19,00
18,53
17,99
17,98
17,06
17,56
19,93
20,87
23,50
23,50
23,50
23,00
21,27
20,27
20,27
20,27
20,77
21,17
21,17
24,50
26,37
23,50
19,06
18,17
18,03
17,52
16,53
15,60
14,68
14,68
15,55
16,70
17,54
17,98
18,03
17,98
18,05
17,52
17,56
17,52
17,56
17,98
17,06
19,86
25,55
23,51
20,00
18,52
17,47
16,88
16,54
17,98
19,27
20,41
28,03
32,00
28,03
32,00
32,00
32,00
25,51
26,50
28,67
32,00
29,67
28,00
28,00
32,00
32,00
26,00
22,67
20,23
19,62
19,12
18,63
19,12
20,17
22,00
26,51
27,67
27,67
27,67
29,53
28,02
24,00
27,37
29,53
32,00
32,00
28,02
26,51
28,00
30,00
24,16
19,50
18,73
17,55
17,56
17,53
18,04
20,05
21,80
32,00
30,30
32,00
32,00
35,00
32,00
30,13
32,00
32,00
32,00
32,00
30,17
27,67
24,57
30,00
22,00
23,17
19,62
17,66
17,62
17,43
17,53
19,62
20,04
22,17
22,17
27,67
32,00
33,37
32,37
32,00
32,00
32,37
32,00
32,00
32,00
28,02
28,00
29,03
26,00
24,16
21,38
18,47
18,37
18,19
18,27
21,38
23,68
32,00
33,00
38,00
46,00
53,99
47,50
38,00
35,57
35,97
38,00
37,00
33,00
29,67
28,01
29,67
26,00
39,00
28,57
24,57
23,17
22,30
22,30
20,93
20,44
23,57
32,00
45,01
47,52
47,52
47,52
40,99
35,00
32,30
32,00
32,00
32,00
30,03
35,00
40,00
29,37
25,00
22,30
21,17
20,33
19,99
19,96
18,88
18,04
18,88
21,27
22,57
23,05
23,57
24,57
25,00
23,17
22,57
22,44
22,24
22,21
22,79
25,00
31,50
25,87
29,07
23,85
23,35
22,86
22,86
22,86
23,85
25,57
30,01
39,00
39,00
39,00
42,00
40,57
39,00
38,00
39,00
40,56
40,10
40,10
36,70
31,67
34,52
24,56
26,37
24,77
23,38
23,39
21,03
22,40
23,39
22,89
22,57
26,00
33,01
36,53
37,10
37,10
37,00
37,00
37,10
39,00
39,00
37,00
35,00
33,01
34,02
26,00
32,67
30,00
24,37
24,37
24,37
24,74
26,00
30,06
33,57
35,00
35,00
51,00
54,19
54,19
52,00
50,00
52,47
52,47
54,26
52,47
29,37
29,01
31,17
33,03
27,17
23,39
21,03
21,03
20,78
21,03
22,09
22,11
27,37
31,01
31,67
33,03
43,00
45,00
42,00
44,99
45,00
48,00
42,00
32,02
31,67
30,00
31,01
30,00
25,17
20,44
19,49
18,52
17,94
17,94
21,03
20,80
28,00
29,87
30,02
31,02
31,03
31,02
29,01
30,02
29,01
29,01
29,01
29,01
29,01
23,77
29,01
21,67
20,52
21,40
20,33
20,06
19,99
19,34
18,06
18,03
19,87
22,02
28,00
31,02
35,00
32,37
29,37
28,00
25,50
24,17
23,57
22,48
22,40
22,43
25,50
22,94
22,93
22,93
20,14
19,45
18,88
19,00
16,49
14,68
15,82
16,92
19,54
19,47
19,87
23,57
23,57
23,57
23,87
23,67
24,67
25,37
24,50
27,01
36,00
30,03
22,93
19,49
17,77
17,24
16,99
16,99
20,25
23,96
27,00
27,00
27,00
30,03
33,00
33,00
33,00
32,50
32,50
33,00
30,03
30,03
29,02
27,67
30,03
19,44
19,57
18,47
15,61
15,80
15,92
16,14
21,67
24,45
15,47
27,37
16,47
26,50
31,03
31,03
31,03
31,03
32,50
32,70
31,03
27,01
26,50
29,02
32,70
24,47
25,17
19,39
14,68
14,68
14,68
15,67
19,45
22,93
21,67
30,03
29,02
26,00
22,17
15,17
14,69
14,69
14,70
24,07
23,77
21,07
20,87
22,57
32,00
14,70
19,35
15,28
14,68
14,64
14,62
14,68
18,47
20,78
21,50
23,00
25,00
23,00
23,00
23,00
17,47
21,00
15,17
22,17
21,50
15,67
20,77
21,50
23,00
22,93
21,00
19,97
17,34
16,56
16,54
18,52
22,00
25,57
22,00
25,01
26,82
28,67
39,37
36,53
25,01
25,01
25,01
26,82
25,01
24,57
21,77
21,00
23,00
24,08
24,17
22,40
20,91
20,75
19,70
19,01
18,50
19,02
26,37
27,54
31,00
32,00
30,00
29,37
24,01
23,50
17,91
17,77
17,37
17,19
17,19
18,97
21,17
18,07
19,41
18,97
18,92
18,60
17,94
17,94
16,54
14,68
16,81
17,72
18,91
18,61
19,27
19,52
19,54
18,57
18,28
17,85
17,88
18,53
18,47
20,27
26,53
24,02
19,67
19,01
16,11
14,68
14,68
14,68
19,01
21,57
19,02
19,01
19,67
19,67
19,67
19,07
19,07
19,67
19,67
19,17
19,07
19,01
19,01
19,01
19,17
19,42
19,05
17,94
14,68
14,68
14,68
14,68
19,97
19,41
22,17
20,92
22,00
23,01
24,02
23,01
22,00
22,57
22,00
22,00
22,00
20,01
20,92
19,27
21,00
19,02
18,04
16,99
14,68
14,68
14,68
14,68
17,94
19,97
21,00
22,00
23,01
24,02
24,02
23,17
22,00
21,27
20,95
21,00
20,95
20,01
20,01
20,01
22,00
20,57
24,17
19,02
18,04
15,76
14,68
18,56
24,17
25,01
25,10
25,05
25,10
25,10
26,37
26,00
25,12
26,53
26,53
26,53
26,53
25,10
25,12
25,12
27,86
25,05
22,08
19,02
18,04
17,77
15,97
18,04
21,17
25,00
36,06
26,03
26,00
26,03
33,57
32,97
26,03
27,37
27,37
27,37
32,50
26,03
26,00
26,03
32,00
25,50
33,02
25,00
21,77
20,69
20,15
19,47
19,34
17,96
20,69
25,10
31,47
30,77
33,57
30,07
24,17
26,37
25,10
30,01
30,01
30,01
30,01
39,00
40,00
35,99
31,01
23,01
20,47
19,27
18,38
18,43
16,64
15,89
18,43
19,41
21,57
23,57
26,37
31,01
32,37
31,01
26,37
22,97
23,17
22,97
22,57
23,57
38,00
30,00
27,67
20,78
19,41
18,91
18,92
19,41
23,02
24,34
34,79
45,00
54,22
54,32
54,34
54,22
44,00
45,02
48,45
54,19
54,09
45,00
38,25
35,00
38,01
25,00
26,00
20,50
18,80
18,24
17,95
18,43
21,47
23,01
23,52
44,00
41,00
50,00
47,00
48,00
29,67
43,00
43,00
45,00
46,00
35,00
24,23
26,00
28,00
21,14
23,34
20,78
18,91
18,91
18,91
19,89
22,06
25,37
30,20
39,56
48,00
50,00
59,03
53,50
45,00
48,00
50,00
58,97
54,00
43,00
38,00
39,54
39,55
26,00
30,00
21,97
20,46
19,89
19,33
20,00
21,77
25,47
29,67
32,47
38,57
40,16
42,00
40,14
33,27
41,00
44,00
45,00
45,00
45,00
40,14
40,15
42,00
32,02
32,00
23,34
20,78
20,78
19,89
19,41
21,62
26,37
32,00
44,00
59,02
59,15
59,21
59,09
48,00
45,00
45,00
47,50
45,00
45,00
35,00
42,50
45,00
28,67
26,02
23,37
21,97
20,97
20,73
19,57
19,41
19,36
20,08
23,57
26,02
29,67
31,00
31,00
30,20
29,97
27,67
25,67
25,50
24,01
23,50
26,02
30,20
24,01
19,92
19,96
19,78
19,41
18,07
18,00
18,05
15,97
18,04
19,41
20,69
21,61
21,27
21,27
21,37
20,64
21,14
21,77
21,27
21,77
20,22
21,14
27,67
23,17
19,31
18,31
17,25
16,58
15,82
17,06
19,89
20,15
22,77
32,00
32,00
36,87
36,87
36,87
36,87
40,21
40,21
40,21
39,01
32,00
28,02
31,00
31,00
22,34
26,01
20,69
19,40
18,47
18,19
18,43
23,00
23,45
29,67
39,56
45,00
47,00
50,00
46,50
42,00
42,50
42,50
42,50
42,50
42,50
39,55
41,00
42,50
33,02
29,67
23,06
19,97
19,89
19,40
19,89
23,91
27,37
30,20
41,00
50,50
46,50
52,22
47,00
45,00
47,00
48,08
50,00
47,00
44,50
42,50
42,50
45,00
33,02
31,27
27,55
23,06
22,57
22,57
22,57
25,00
28,34
30,10
41,27
45,00
40,01
45,00
45,57
41,47
41,97
45,01
50,00
48,21
43,00
42,50
42,50
45,00
33,02
30,05
28,93
24,40
23,91
23,91
23,91
26,87
29,68
33,30
38,55
40,00
38,57
45,17
45,37
43,00
43,00
43,00
49,26
43,00
38,57
33,93
38,57
44,32
33,30
36,00
29,68
25,14
24,57
23,27
21,71
21,97
21,97
23,57
27,91
35,00
35,00
37,80
37,02
33,55
32,00
31,00
29,68
29,68
29,68
29,68
37,00
38,57
30,00
33,02
25,00
22,57
22,10
21,71
20,39
19,90
18,77
19,85
20,62
24,00
25,17
25,00
27,67
28,67
25,00
25,00
25,37
28,67
25,37
28,67
35,00
59,02
43,00
35,00
28,67
24,82
23,82
23,26
23,20
25,01
25,03
28,67
41,27
43,00
43,00
43,50
43,00
41,01
42,51
44,50
46,00
47,00
43,00
42,50
43,50
46,00
33,00
33,27
25,03
23,57
22,82
21,72
21,73
23,34
24,54
24,93
35,00
30,50
30,00
30,50
38,01
30,50
42,50
44,00
44,00
43,00
30,50
35,00
37,77
42,51
27,03
28,67
23,92
23,11
22,03
21,47
21,14
22,17
23,27
24,98
32,67
29,67
29,77
35,37
35,87
28,50
27,50
26,93
26,52
26,52
26,52
26,93
28,00
28,50
26,01
22,72
21,27
18,47
18,31
17,59
18,37
21,39
22,72
24,00
33,00
33,00
33,37
38,00
40,01
33,06
38,00
38,00
43,00
38,00
38,00
33,00
39,00
40,01
26,53
19,57
18,74
16,09
14,68
14,68
15,75
19,08
21,72
22,67
28,50
32,99
33,00
40,00
38,00
30,07
30,00
29,00
33,97
29,00
27,02
26,51
27,02
29,00
25,67
34,00
27,01
21,48
20,68
19,78
19,78
19,78
20,68
21,97
24,50
27,01
29,75
30,67
31,01
29,02
29,01
25,50
26,00
24,87
23,87
23,01
29,75
30,00
22,27
22,49
20,68
19,49
18,88
18,17
17,67
16,13
14,68
14,68
14,68
19,84
19,93
19,59
19,54
20,35
20,35
20,67
21,07
23,27
23,27
23,87
27,67
37,50
30,07
21,98
20,67
17,77
15,17
14,68
14,68
20,25
21,42
21,14
27,01
29,37
33,67
35,00
35,00
28,10
29,00
30,67
37,99
37,99
35,99
28,50
35,00
38,00
25,00
20,93
19,03
16,30
14,68
14,68
17,00
19,42
20,94
21,83
26,07
26,37
27,02
27,67
27,02
24,40
25,37
26,01
27,02
27,02
25,00
23,01
27,53
28,00
22,97
18,96
18,96
14,68
14,68
14,68
14,68
19,14
19,77
21,29
27,28
28,00
28,50
29,00
29,00
26,51
26,00
26,51
28,50
28,37
27,02
26,00
27,92
28,00
21,07
20,94
19,83
15,57
14,68
14,68
16,00
19,60
19,59
18,82
26,51
27,02
28,00
27,80
28,00
26,99
23,87
24,67
26,00
26,51
26,00
20,89
28,00
28,50
24,87
22,57
21,85
18,96
17,85
15,87
17,94
20,40
20,31
19,90
27,02
28,00
28,00
28,50
28,50
27,67
27,02
27,33
27,99
27,33
26,99
25,87
27,99
28,00
26,00
22,99
22,99
19,78
20,68
19,17
18,30
18,74
18,27
22,57
24,27
27,02
27,53
29,00
30,00
29,00
30,00
28,50
28,00
27,53
26,87
26,51
29,00
32,75
30,00
31,00
23,27
23,50
21,48
20,31
19,82
19,55
18,76
19,55
20,59
23,50
25,00
26,01
27,90
27,60
25,87
23,57
23,57
23,57
23,87
24,27
31,00
38,00
27,53
41,00
32,27
23,50
21,58
19,82
21,00
22,53
29,99
27,01
38,63
38,63
33,99
40,00
41,00
29,99
29,37
33,99
38,63
40,00
29,37
27,52
29,67
29,00
27,01
20,99
21,77
19,55
19,54
19,04
19,06
19,60
22,06
20,29
21,99
25,31
23,87
22,27
22,97
19,55
19,87
21,99
25,00
23,99
22,99
19,55
25,00
24,75
19,50
18,82
18,19
15,82
15,87
15,87
15,97
18,87
19,68
15,82
19,49
22,99
23,87
25,00
25,31
24,87
23,27
25,00
26,50
26,20
26,20
24,75
28,00
28,00
25,00
25,31
22,53
16,99
15,87
14,68
16,99
20,39
22,53
20,47
26,00
26,50
26,20
27,00
27,00
26,20
26,00
26,00
27,00
27,00
26,20
25,00
28,00
29,67
25,31
24,16
20,67
17,27
15,82
14,68
15,82
19,39
22,53
21,87
24,00
24,87
26,00
27,50
27,67
25,00
24,00
24,00
25,02
24,51
23,87
24,00
27,00
27,00
24,00
22,49
22,57
19,17
18,87
17,72
16,97
16,87
18,97
22,27
25,27
32,00
32,00
28,07
32,00
27,50
27,50
26,00
25,03
26,50
25,87
24,01
32,00
31,00
24,52
27,04
27,05
24,27
24,02
19,57
19,45
18,46
17,95
18,05
18,77
19,77
22,57
23,51
26,50
26,87
23,51
22,57
21,99
23,00
23,00
22,27
26,50
28,99
24,27
22,49
18,82
16,99
16,60
16,48
17,72
19,87
21,07
22,37
27,50
35,99
32,00
33,99
33,01
29,67
29,67
28,99
39,00
32,00
27,99
27,00
39,00
27,50
25,00
23,07
20,96
19,99
19,45
19,00
19,82
20,96
23,99
24,50
26,00
32,99
32,99
35,00
35,99
28,37
26,50
26,50
28,00
27,00
26,00
24,52
27,00
26,00
24,01
24,07
22,05
19,99
18,26
17,74
18,51
20,48
24,06
19,99
25,02
26,00
35,00
39,50
39,20
33,99
27,00
27,00
27,00
27,00
25,02
24,00
25,50
24,02
21,99
25,87
22,86
20,39
17,97
17,47
19,45
23,86
26,07
26,00
28,67
39,00
43,00
44,00
42,00
45,00
42,00
39,00
42,00
41,00
33,00
26,99
41,50
28,99
25,92
29,37
27,00
23,00
21,68
22,27
22,27
26,00
32,27
29,07
35,02
43,00
45,00
49,50
50,01
45,00
38,75
38,50
45,00
41,50
41,00
38,75
47,00
42,00
29,07
29,07
25,87
24,27
24,02
22,37
21,68
21,68
23,27
23,83
24,83
27,90
27,99
29,07
29,07
27,90
26,00
23,27
22,37
22,37
22,27
23,99
31,67
29,07
24,87
21,70
20,97
22,87
22,67
22,38
21,40
21,23
20,99
20,37
22,27
24,38
25,00
26,27
26,27
27,00
27,00
25,87
24,47
23,27
23,87
23,99
28,67
29,00
26,01
26,00
23,27
21,54
20,37
19,40
19,41
20,90
22,47
21,27
26,00
27,01
29,77
30,10
30,10
29,77
27,01
27,01
28,37
28,37
27,67
26,00
29,77
26,00
22,52
25,87
22,83
20,41
19,30
18,19
19,92
22,05
25,50
27,50
32,00
39,00
40,64
42,50
42,50
40,10
33,99
35,99
38,00
36,00
32,15
29,87
38,00
32,00
28,50
38,00
29,97
27,99
26,99
26,00
26,99
29,97
39,00
40,00
44,00
51,48
51,48
55,00
49,00
45,00
45,00
48,00
51,48
50,00
45,00
44,07
51,00
44,07
38,02
30,00
28,37
25,26
24,83
23,87
24,15
27,99
30,01
29,99
40,00
43,00
48,00
48,00
44,00
41,00
39,51
39,51
39,51
38,50
33,90
29,97
39,51
32,99
24,87
27,67
24,83
21,77
20,77
19,40
19,92
24,83
29,07
31,27
40,00
42,00
45,01
44,01
42,90
34,02
32,01
34,47
40,00
38,00
32,99
35,00
43,00
40,00
30,00
31,67
27,00
22,57
22,21
21,05
19,56
18,70
19,62
24,07
27,87
26,07
27,00
26,00
26,00
22,99
22,99
23,27
23,67
26,00
27,00
30,67
34,00
32,00
27,51
29,03
22,62
20,78
20,78
20,56
20,08
20,08
17,97
14,68
20,07
21,67
24,77
25,00
25,00
22,47
21,02
22,61
22,61
27,00
29,03
32,00
59,02
50,00
33,50
41,25
23,40
22,97
21,05
21,20
22,21
23,40
40,00
40,00
46,00
43,80
44,00
44,00
41,25
40,02
40,02
41,25
42,50
42,03
39,70
39,50
44,00
41,00
25,87
24,87
24,87
22,21
21,22
20,95
21,05
25,00
27,67
32,99
39,00
38,50
42,67
45,00
41,50
38,02
37,00
38,50
42,67
42,00
37,00
38,50
50,00
38,02
28,67
24,87
24,40
22,29
22,21
21,86
21,86
25,00
29,07
35,00
40,50
41,00
43,00
42,50
41,25
38,02
37,01
38,72
42,50
42,50
38,72
41,25
49,00
40,50
30,67
24,07
23,27
22,32
21,12
20,54
21,12
24,87
38,01
36,02
42,00
42,50
47,00
45,00
43,50
40,00
41,25
42,50
47,56
45,00
42,50
45,00
54,00
38,03
32,00
28,99
26,00
25,23
25,00
23,40
25,00
27,67
42,00
41,50
45,50
49,00
54,00
54,00
45,68
42,00
42,00
42,50
43,00
42,00
41,25
42,00
54,00
39,00
32,00
29,07
25,00
22,72
20,63
20,63
20,00
20,39
22,24
23,91
25,00
34,00
36,00
38,04
35,00
32,99
30,00
31,67
28,07
29,07
29,07
34,27
42,50
32,37
27,00
24,87
21,26
21,08
20,49
19,75
19,65
19,65
18,80
18,53
20,09
22,47
24,87
28,67
30,67
32,04
29,67
27,67
25,00
25,87
26,01
32,99
55,68
50,02
32,99
32,99
25,00
23,21
23,00
22,00
21,64
24,87
41,25
41,00
46,55
53,40
53,40
53,40
53,40
46,57
53,40
53,40
53,40
53,40
53,40
53,40
53,40
46,00
40,00
32,50
26,00
26,00
25,24
25,02
25,24
27,00
40,00
38,02
42,50
45,68
50,62
50,62
47,57
43,00
43,00
44,50
50,62
43,00
42,50
43,00
46,00
40,00
25,00
28,99
25,03
22,24
22,24
22,24
22,26
28,37
32,00
39,00
42,50
49,05
42,50
44,00
39,03
35,01
41,00
41,25
41,25
35,01
32,99
35,01
41,25
30,99
14,69
20,00
22,24
17,14
17,21
15,60
20,17
23,55
30,87
32,99
40,00
42,50
46,00
54,90
46,00
42,50
42,00
43,00
54,60
44,00
42,50
55,00
59,24
42,50
32,99
36,67
27,99
24,87
24,07
23,27
24,07
33,99
54,60
42,50
59,24
60,00
60,00
60,00
60,00
59,09
59,14
59,50
59,53
59,02
54,60
59,50
60,00
54,60
35,02
55,72
33,27
26,99
25,50
24,53
22,86
23,13
24,67
25,22
30,99
37,53
44,00
46,00
46,00
46,00
33,01
31,67
31,67
31,27
31,27
39,00
58,20
42,00
30,00
30,99
28,87
22,69
20,40
19,60
19,07
18,45
18,45
14,68
19,47
21,56
23,00
24,97
28,07
27,99
26,00
21,37
20,39
20,39
21,13
26,99
36,53
33,50
28,67
22,69
21,15
19,62
19,93
19,93
19,93
22,69
31,00
38,52
40,00
39,90
40,13
41,47
39,90
38,52
38,52
41,47
50,03
50,03
50,03
55,80
57,00
39,80
24,87
23,53
22,87
19,93
20,09
19,62
20,15
24,22
37,02
31,00
39,50
38,52
39,90
44,37
39,80
38,01
38,52
39,70
40,13
38,52
38,01
49,87
50,00
32,99
22,69
24,30
23,00
21,15
21,52
21,13
21,47
24,30
38,01
31,07
38,03
38,03
39,90
53,98
44,02
39,60
39,90
44,44
44,87
53,98
39,90
55,00
55,29
38,03
25,87
23,22
20,60
14,69
14,68
15,77
19,47
24,87
38,02
38,02
38,02
40,50
45,50
59,09
45,00
38,02
35,99
38,02
39,90
38,02
35,03
39,90
39,50
27,27
20,60
20,64
19,87
18,00
14,98
14,68
19,60
22,00
24,87
26,99
30,00
29,67
32,00
33,01
30,00
26,99
27,07
26,99
26,99
26,99
26,99
30,00
30,00
24,53
22,69
18,50
19,35
18,80
19,00
18,55
18,50
19,00
19,93
18,73
16,87
27,99
29,99
28,99
28,50
23,04
23,04
17,97
18,37
21,29
23,04
30,99
35,06
31,52
25,07
20,00
19,95
19,20
18,37
17,60
14,68
14,68
14,68
14,68
17,87
20,01
19,63
20,87
22,47
21,57
18,87
20,01
20,01
21,87
25,07
30,99
39,60
35,99
28,50
19,54
19,00
17,75
19,60
19,40
19,31
21,79
27,67
29,07
34,52
39,00
39,90
42,00
40,00
39,01
39,90
40,00
41,31
41,31
41,00
44,99
48,08
39,01
25,88
23,53
21,79
20,61
21,34
21,36
22,00
23,53
40,99
39,99
43,01
54,45
56,50
59,02
54,45
45,00
48,08
56,80
60,00
59,14
56,50
60,00
60,00
39,60
32,00
25,88
23,53
21,79
21,64
21,14
21,39
24,90
39,30
38,51
39,30
39,60
40,01
54,16
40,01
38,51
39,60
50,00
57,83
56,50
41,07
59,02
57,83
37,99
29,07
29,07
24,90
23,35
23,04
22,80
22,82
26,00
40,00
39,00
40,00
39,90
53,77
57,12
48,08
39,30
39,90
44,02
59,02
53,77
42,67
59,09
53,77
35,03
25,88
24,13
22,47
20,99
21,04
20,42
22,00
25,50
41,67
39,30
40,00
51,34
51,34
51,34
44,67
39,60
39,60
43,01
45,57
39,00
38,51
51,34
39,60
32,00
28,00
29,99
26,07
23,00
23,00
21,77
21,00
23,00
24,85
25,34
28,99
30,99
30,67
30,67
31,03
28,92
28,00
25,00
25,00
25,93
28,51
29,99
37,99
29,99
28,00
28,50
28,00
23,62
22,82
21,04
20,15
20,11
20,52
19,82
22,78
24,87
28,00
25,93
25,93
26,99
25,07
24,62
24,38
25,62
24,87
31,53
37,99
31,53
29,51
26,00
21,71
19,38
19,54
18,87
19,54
27,00
60,00
44,00
44,00
50,78
59,02
59,02
50,78
40,01
41,01
42,00
45,02
42,02
41,01
59,09
49,37
39,01
31,00
28,50
21,71
19,57
19,59
19,27
19,87
27,00
32,87
37,99
39,01
39,01
42,00
50,00
42,00
39,01
39,01
39,01
44,00
41,02
40,01
60,00
52,89
35,99
28,00
27,99
21,87
21,63
20,78
20,20
21,14
28,50
40,01
43,00
40,01
45,00
50,00
53,28
50,00
40,01
41,01
41,01
45,47
41,01
40,02
54,97
45,02
39,00
31,00
30,99
24,87
23,62
22,17
21,87
22,47
29,99
43,02
43,02
40,02
43,02
43,02
48,77
48,03
43,02
44,01
50,00
54,39
54,39
50,44
59,24
54,39
42,01
33,01
29,99
24,87
19,57
19,59
19,23
19,54
27,00
42,00
51,32
39,00
33,99
34,17
33,99
32,99
32,01
33,99
35,99
39,50
38,50
39,00
55,00
38,50
32,01
29,07
23,47
23,97
22,00
20,01
19,18
18,60
18,93
21,46
22,34
21,77
26,99
26,99
24,89
24,89
22,87
19,87
19,92
20,50
21,07
24,44
28,01
27,99
21,97
17,87
17,27
18,46
18,46
18,46
18,46
14,67
18,46
18,59
18,46
18,27
19,84
18,17
18,17
18,17
19,52
19,52
18,17
19,77
21,56
26,00
31,57
38,00
29,53
26,00
21,05
19,56
19,54
19,23
18,60
19,69
21,04
26,99
33,99
33,99
32,75
33,99
33,99
32,07
29,57
33,99
39,01
44,10
44,10
44,10
55,56
50,00
39,01
28,01
29,07
27,99
24,12
23,00
21,54
21,06
23,00
24,29
23,00
24,44
28,52
33,99
36,79
36,79
35,99
28,07
25,92
25,52
26,87
29,99
39,00
43,65
33,99
25,28
27,87
24,44
22,70
22,77
22,70
22,70
25,44
39,51
59,02
40,01
34,77
38,00
39,51
35,00
38,50
40,01
59,05
60,00
60,00
60,00
60,10
60,00
42,57
38,00
25,92
25,44
21,89
22,13
21,77
21,63
25,92
38,00
39,50
32,75
31,01
30,00
30,00
27,99
23,87
26,99
31,01
31,01
31,01
34,03
38,00
30,00
20,53
19,77
28,37
24,89
21,63
21,67
21,63
23,27
26,99
33,99
37,07
32,99
32,75
32,99
33,99
32,99
30,67
30,02
32,99
35,99
32,99
35,99
45,00
35,99
29,07
25,92
20,98
21,63
20,20
20,00
19,23
19,23
19,59
20,98
23,67
24,87
25,68
25,50
25,68
24,87
19,59
20,56
20,90
20,56
20,97
25,87
32,00
30,03
28,00
26,00
29,03
25,27
23,54
22,70
22,25
22,53
21,71
22,70
22,12
22,70
26,01
26,01
26,01
27,02
27,99
25,00
24,07
24,57
25,00
28,07
45,00
50,00
39,50
30,87
26,00
24,87
21,42
21,49
20,78
20,84
25,07
39,50
48,04
48,07
57,51
48,51
45,03
39,62
39,22
39,50
39,70
39,22
39,00
39,62
50,00
39,62
29,97
24,74
25,97
21,32
18,40
17,97
15,57
17,87
22,27
27,99
28,50
29,01
29,37
29,01
29,01
28,99
25,97
28,99
29,97
31,37
30,00
35,99
45,37
32,75
25,74
20,87
22,25
20,44
15,17
17,77
17,77
19,59
24,28
33,99
32,99
32,99
32,03
33,99
33,99
32,03
32,03
33,99
39,00
33,99
33,99
39,00
57,10
39,90
35,99
26,00
25,27
21,87
19,63
19,86
19,61
21,05
25,50
34,27
33,99
33,99
33,99
33,99
33,99
31,03
30,02
33,99
35,99
39,50
39,01
58,01
60,00
50,00
39,01
33,99
39,30
25,89
24,28
23,27
21,17
21,37
25,50
39,30
39,60
39,60
39,30
39,00
37,37
32,03
28,99
28,01
32,03
33,99
32,03
37,99
55,67
33,99
28,01
25,50
29,97
25,27
24,07
23,67
20,38
20,41
21,05
20,68
21,91
26,50
30,03
32,67
31,67
29,97
27,07
24,87
23,97
23,67
23,57
27,00
35,99
36,50
27,00
23,44
23,17
19,00
16,87
16,57
17,85
18,44
18,31
18,00
16,46
17,85
18,07
17,85
18,77
17,87
17,85
16,57
16,87
17,85
17,85
22,79
40,00
45,64
39,90
28,50
26,34
23,97
16,89
18,35
16,57
15,87
22,87
33,99
39,01
39,00
39,30
41,02
42,50
41,02
39,01
39,01
42,50
45,02
42,02
45,02
60,10
45,02
35,03
24,59
21,30
19,70
17,40
17,17
14,77
17,77
21,30
25,07
30,02
30,02
28,01
29,07
30,02
29,97
28,01
30,02
30,99
33,99
33,99
35,01
54,45
33,99
24,67
23,49
20,75
18,40
14,64
14,63
14,60
14,64
20,78
23,72
26,00
27,01
27,01
28,02
32,03
29,97
26,00
29,97
30,00
30,99
29,97
33,99
35,01
28,02
23,72
20,70
21,02
19,88
14,82
17,77
14,64
19,00
22,56
32,80
32,80
32,80
30,75
29,97
30,03
29,97
22,56
27,00
30,03
30,75
29,97
36,07
36,07
27,50
22,56
20,51
23,46
20,62
19,33
19,38
15,26
20,00
22,83
26,00
30,75
32,80
30,75
30,75
30,75
30,75
26,01
26,01
25,00
26,00
28,70
32,80
35,01
28,02
22,56
22,56
20,44
20,00
19,56
20,05
19,55
19,53
19,56
23,08
23,67
25,04
27,00
29,53
29,65
29,50
26,51
22,03
22,27
22,42
24,91
28,17
35,99
39,00
28,02
22,04
25,75
22,57
21,42
22,00
19,54
19,94
19,94
19,55
19,56
19,06
19,53
20,44
20,05
18,37
18,57
17,85
14,63
14,60
14,61
14,67
21,06
26,22
26,31
27,31
25,75
26,75
20,98
21,10
19,75
19,04
18,88
17,85
16,70
14,64
17,85
16,77
18,36
19,97
19,94
18,51
18,51
16,70
18,99
26,50
30,03
32,75
35,00
30,03
27,01
29,50
22,79
21,04
20,04
20,02
20,04
21,49
27,33
27,33
32,80
32,80
35,00
35,00
32,80
29,87
30,03
28,01
30,75
42,51
45,07
30,75
30,75
22,79
27,00
22,56
19,79
16,99
16,99
16,99
18,49
21,49
27,00
25,00
28,00
28,51
28,99
28,51
26,00
25,00
24,60
25,00
28,51
45,07
44,26
30,02
25,00
28,51
30,02
23,46
22,79
20,78
20,78
19,38
19,38
23,46
30,75
27,02
28,70
28,03
35,00
30,75
26,01
24,60
25,00
25,00
27,02
40,00
44,26
28,03
25,00
17,85
22,79
34,86
21,51
19,38
19,33
15,41
17,85
20,78
23,46
22,79
22,79
25,00
25,00
26,00
22,79
21,92
22,34
21,92
22,34
29,02
30,00
22,79
22,79
22,34
24,60
30,01
27,02
22,42
22,42
20,67
19,97
20,20
21,00
21,17
25,07
27,02
28,03
28,03
26,75
26,75
23,79
23,57
24,42
30,00
30,00
38,00
32,00
29,07
35,37
26,01
20,19
18,87
17,92
14,96
14,59
14,52
14,31
14,31
15,46
18,67
19,29
19,82
19,90
20,02
19,90
19,90
20,18
27,07
29,03
34,04
35,00
29,03
34,06
22,57
19,29
14,63
14,61
14,57
14,59
18,46
26,01
30,00
32,01
38,04
39,98
38,50
32,00
26,01
27,50
27,02
29,93
47,59
49,77
46,50
38,05
21,92
29,93
22,57
20,78
14,67
14,65
14,63
14,63
20,48
25,00
26,01
25,00
27,02
26,01
27,00
21,92
18,46
21,92
21,92
21,92
28,03
29,50
25,00
21,92
16,41
16,41
20,83
16,99
14,63
14,62
14,58
14,63
19,97
22,64
21,27
21,92
25,00
25,00
25,00
21,92
21,92
21,92
22,56
24,60
28,03
30,00
27,02
22,34
21,92
20,51
22,57
19,82
14,67
14,64
14,62
14,67
18,46
21,49
21,27
21,92
22,56
22,56
22,56
22,34
20,51
21,92
25,00
25,00
28,03
36,07
30,00
28,03
27,02
31,00
29,07
24,60
21,00
20,78
18,46
21,00
23,46
31,57
38,50
36,07
36,07
38,00
35,00
31,50
28,02
28,02
28,00
29,07
32,80
39,00
32,80
31,00
29,07
32,00
29,45
25,60
23,50
22,47
21,17
21,00
21,30
22,30
23,50
26,00
26,42
27,01
26,00
24,87
23,57
21,88
21,47
22,97
28,75
28,02
28,02
26,00
23,87
23,07
25,57
22,32
19,72
19,47
18,51
18,48
18,48
17,03
16,02
19,29
20,88
21,90
24,00
24,00
24,00
21,74
21,03
21,06
25,09
28,03
31,50
32,00
27,75
25,77
23,46
21,49
17,61
16,99
14,61
16,18
21,77
27,02
27,02
30,00
35,01
39,00
37,48
35,02
27,02
27,02
27,02
30,01
44,26
47,59
43,00
39,00
32,00
28,03
27,96
26,01
22,56
21,14
19,85
21,27
24,60
35,12
32,80
40,10
40,10
42,30
38,00
36,07
30,00
30,00
30,00
39,00
45,00
47,70
44,26
44,05
35,10
35,02
38,02
30,00
23,46
23,46
22,56
23,70
28,00
39,03
40,00
45,01
47,70
51,17
47,70
47,70
38,02
40,04
44,26
45,50
56,81
59,02
51,61
51,17
40,04
40,04
39,01
33,99
24,78
24,10
23,87
23,87
26,35
33,99
34,90
40,00
45,07
45,07
39,01
39,01
35,30
32,03
32,75
39,01
46,50
59,05
46,04
39,94
35,02
31,00
35,48
30,00
25,55
25,55
23,46
23,46
27,33
36,06
36,90
36,07
34,10
35,01
31,82
29,26
27,50
29,00
29,05
31,79
39,46
44,26
38,99
38,99
35,00
38,50
38,00
33,72
30,75
33,07
24,77
24,75
24,87
26,99
33,72
38,99
39,46
39,93
39,77
40,18
40,18
39,01
38,51
39,01
50,80
59,05
59,05
56,50
43,00
45,00
40,04
36,02
30,75
26,42
24,75
24,75
24,75
24,00
22,42
25,07
29,99
31,37
31,37
34,01
31,37
27,99
26,01
30,99
38,73
39,69
45,00
50,01
40,04
39,86
36,48
36,12
26,99
26,65
24,60
24,60
29,00
36,71
36,56
39,01
45,00
47,07
43,05
39,94
36,56
36,68
36,74
43,05
53,71
59,02
45,00
42,05
36,56
36,56
36,47
36,15
26,99
26,35
24,23
25,78
36,36
39,00
37,44
39,66
40,75
42,93
39,94
39,63
34,67
35,00
35,57
39,64
50,40
55,01
45,00
39,94
36,47
38,50
38,25
36,21
26,99
26,99
24,51
24,51
36,24
39,62
40,97
40,75
41,84
41,84
41,05
40,73
36,36
37,44
38,01
40,75
47,50
52,52
41,05
40,75
39,01
40,73
40,01
38,25
30,00
26,99
26,02
26,02
36,06
39,94
43,82
43,84
44,13
44,13
43,84
41,64
38,50
39,21
40,00
43,82
55,00
55,26
45,02
43,84
42,73
42,73
43,73
39,24
35,00
29,27
27,01
26,26
38,50
41,42
44,13
47,51
54,09
52,52
50,47
44,13
41,51
42,44
42,46
44,02
55,00
51,51
44,84
44,02
39,00
42,64
43,75
39,94
36,24
36,15
31,00
29,99
28,99
28,99
27,99
36,29
40,67
42,66
40,67
40,67
36,29
31,81
30,81
31,82
43,75
52,50
52,50
50,00
42,66
45,02
33,99
32,00
30,00
28,50
25,42
24,46
24,46
22,42
22,58
25,42
32,30
32,30
32,75
32,99
32,75
32,50
31,37
32,75
42,66
46,00
58,95
58,95
44,84
45,93
28,50
26,76
24,00
22,68
21,50
22,48
26,76
31,17
27,33
33,00
39,94
40,01
39,94
35,00
30,01
34,10
35,68
40,59
58,86
58,41
47,51
43,67
39,55
40,57
39,21
38,50
32,99
30,00
26,46
27,26
38,50
40,01
42,51
47,50
50,40
48,45
47,27
44,31
40,90
41,40
42,46
47,51
59,24
58,86
48,45
43,47
39,55
39,70
39,50
37,15
28,99
27,99
25,01
25,01
28,20
37,99
35,30
34,84
39,57
39,57
33,86
30,27
22,34
22,37
30,00
39,50
54,09
47,51
39,63
36,02
28,00
31,50
30,00
30,00
26,99
24,54
24,54
24,54
30,00
38,50
40,02
41,10
44,28
44,28
44,28
42,00
39,50
39,94
41,00
44,73
60,00
58,86
49,46
44,28
40,57
40,02
39,32
38,50
28,99
27,37
26,99
27,37
38,01
39,00
40,57
44,00
43,60
45,00
44,70
42,10
38,01
39,01
39,62
43,07
58,86
48,08
40,59
38,01
35,60
35,60
42,08
39,32
39,32
31,81
29,07
26,99
26,99
26,99
28,00
29,99
35,03
39,32
37,75
35,03
34,07
30,99
27,07
33,99
39,93
42,59
43,61
42,08
39,34
39,49
35,03
29,07
29,07
24,42
22,74
21,01
19,83
18,75
14,66
19,67
19,29
19,37
19,57
22,42
22,77
20,07
20,57
26,75
39,01
39,40
40,46
42,59
40,46
42,08
32,39
29,07
28,17
26,75
24,75
23,97
25,75
25,75
25,52
29,37
38,01
39,94
40,64
40,00
39,00
37,68
36,62
39,94
45,00
48,70
50,00
52,93
45,10
48,70
31,81
30,81
27,27
27,07
26,37
26,37
28,97
39,01
40,10
41,41
43,60
44,59
44,08
39,63
40,00
39,94
41,01
44,57
52,93
45,10
44,08
39,63
33,90
39,63
41,31
31,88
29,07
27,75
26,75
25,01
26,75
26,37
23,78
26,17
31,37
31,87
31,87
32,99
34,97
31,81
31,81
39,01
42,46
41,49
41,40
41,43
35,99
39,31
39,94
30,41
28,77
28,17
28,27
28,67
31,59
45,08
45,59
50,31
51,36
51,76
51,76
50,31
44,13
44,57
48,68
51,76
59,02
53,80
51,76
48,70
44,57
45,08
43,55
39,94
38,51
31,59
30,41
30,41
39,65
48,20
48,96
50,39
59,02
59,59
58,60
48,96
44,13
44,13
45,08
48,70
58,60
50,00
48,20
44,13
44,13
44,13
44,00
39,65
38,50
29,27
28,97
27,75
27,75
27,75
29,37
39,51
39,94
41,46
39,94
39,93
39,65
38,76
30,99
39,64
43,50
43,50
44,59
42,46
39,03
41,00
39,51
29,07
27,75
25,80
23,42
20,93
20,01
20,01
19,83
21,99
29,07
29,37
29,77
29,37
29,37
27,75
27,75
29,07
39,80
41,36
41,49
42,46
39,65
39,80
39,01
28,37
25,67
27,77
24,87
24,26
30,77
41,41
47,14
58,94
58,94
59,03
58,94
45,02
41,41
42,46
43,55
50,00
64,12
64,12
62,51
59,00
48,94
58,94
54,43
39,80
31,77
30,00
28,17
27,33
39,50
45,60
56,87
57,61
57,61
57,67
57,49
48,02
41,47
42,46
42,46
56,34
59,38
59,44
59,02
58,70
57,19
55,49
48,02
39,51
30,77
30,87
30,00
28,07
39,01
55,22
56,34
58,02
56,56
56,81
52,51
44,10
41,50
42,46
42,46
50,02
59,02
58,46
56,93
50,02
44,07
48,08
41,47
38,50
31,57
29,87
28,17
27,33
35,00
42,46
50,00
43,50
43,57
50,00
48,02
43,55
39,51
39,94
39,80
44,77
43,57
43,50
39,94
39,94
39,51
42,46
39,94
30,00
27,33
24,45
22,99
22,44
29,50
39,50
38,62
34,37
30,00
31,47
28,87
30,00
27,57
28,50
28,67
28,50
39,94
38,91
38,72
38,68
38,58
38,97
44,00
30,81
27,75
24,75
22,78
20,44
20,11
20,11
23,84
27,75
31,37
34,21
33,20
31,37
27,80
25,34
27,07
31,37
42,46
50,00
50,00
46,00
41,28
43,57
39,65
27,75
25,01
22,78
19,56
18,85
14,67
14,67
14,60
14,67
20,27
21,67
24,86
26,64
25,01
22,57
20,82
20,26
33,37
32,03
39,51
41,28
32,03
31,82
39,80
22,99
20,24
20,00
19,38
19,29
21,06
25,01
39,00
39,80
39,65
40,00
39,51
36,01
25,97
25,87
35,00
36,01
50,94
50,94
39,94
39,51
36,01
36,01
37,50
25,10
21,62
20,86
19,55
19,67
24,86
36,01
40,00
39,94
41,36
41,47
40,05
39,65
33,99
36,01
38,02
43,57
59,03
58,00
41,36
38,02
30,00
30,81
30,41
24,51
19,64
19,55
19,38
19,55
22,84
34,50
31,00
26,10
28,00
31,00
26,97
28,00
24,67
27,50
26,10
35,76
44,47
39,94
39,80
39,94
39,65
37,51
32,00
24,86
21,85
19,55
19,38
19,33
21,89
30,41
35,00
39,51
39,64
39,65
39,65
35,00
27,80
30,00
35,00
35,24
39,94
39,94
39,51
37,50
34,17
39,65
39,51
25,34
22,51
20,61
19,57
19,38
19,57
22,01
22,51
29,56
36,37
35,78
33,43
29,07
22,01
20,61
19,57
20,61
33,87
34,31
27,37
21,02
19,29
21,02
51,14
31,07
24,07
19,98
16,97
14,59
14,31
13,37
3,37
8,37
14,31
14,58
14,63
14,64
14,63
14,57
14,58
17,19
22,01
25,02
30,23
31,69
25,02
30,23
29,30
19,98
17,41
14,59
14,31
13,37
13,37
10,87
9,97
11,67
14,57
14,64
17,01
19,02
17,01
14,64
14,63
17,01
31,22
31,75
32,01
38,01
30,75
30,75
22,77
15,92
14,61
14,55
14,31
14,31
14,59
15,92
17,37
22,02
25,01
27,09
27,09
26,07
23,25
23,52
24,37
29,07
43,77
42,00
39,94
39,41
31,79
32,14
30,77
21,72
19,77
19,82
19,08
19,17
19,78
22,02
25,07
39,41
47,50
51,28
43,27
39,41
29,97
31,00
37,19
39,94
51,40
51,36
43,07
39,94
33,13
31,37
28,70
21,72
19,94
19,71
18,12
18,13
20,96
22,01
26,65
37,83
45,07
56,06
52,50
39,76
31,00
30,00
32,99
37,83
56,48
56,48
48,37
39,94
39,41
44,00
39,76
23,01
20,73
18,68
16,67
16,69
19,99
21,49
24,50
31,45
40,60
40,60
40,60
42,00
32,14
32,14
34,03
39,94
56,48
56,69
50,85
49,93
40,60
44,00
44,00
28,90
21,72
20,56
19,82
18,87
19,38
19,38
19,51
28,02
39,41
39,59
29,99
28,02
21,03
19,87
19,07
21,03
39,94
40,50
40,46
39,00
22,87
39,00
