0
0
0
0
0
0
0
256
641
1153
1537
1922
2178
2306
2306
2050
1793
1537
1025
512
128
0
0
0
0
0
0
0
0
0
0
220
549
988
1318
1647
1867
1976
1976
1757
1537
1318
878
439
110
0
0
0
0
0
0
0
0
0
0
220
549
988
1318
1647
1867
1976
1976
1757
1537
1318
878
439
110
0
0
0
0
0
0
0
0
0
0
293
732
1318
1757
2196
2489
2635
2635
2342
2050
1757
1171
586
146
0
0
0
0
0
0
0
0
0
0
293
732
1318
1757
2196
2489
2635
2635
2342
2050
1757
1171
586
146
0
0
0
0
0
0
0
0
0
0
329
824
1482
1976
2471
2800
2965
2965
2635
2306
1976
1318
659
165
0
0
0
0
0
0
0
0
0
0
220
549
988
1318
1647
1867
1976
1976
1757
1537
1318
878
439
110
0
0
0
0
0
0
0
0
0
0
183
458
824
1098
1373
1556
1647
1647
1464
1281
1098
732
366
92
0
0
0
0
0
0
0
0
0
0
73
183
329
439
549
622
659
659
586
512
439
293
146
37
0
0
0
0
0
0
0
0
0
0
183
458
824
1098
1373
1556
1647
1647
1464
1281
1098
732
366
92
0
0
0
0
0
0
0
0
0
0
329
824
1482
1976
2471
2800
2965
2965
2635
2306
1976
1318
659
165
0
0
0
0
0
0
0
0
0
0
110
275
494
659
824
933
988
988
878
769
659
439
220
55
0
0
0
0
0
0
0
0
0
0
146
366
659
878
1098
1244
1318
1318
1171
1025
878
586
293
73
0
0
0
0
0
0
0
0
0
0
110
275
494
659
824
933
988
988
878
769
659
439
220
55
0
0
0
0
0
0
0
0
0
0
220
549
988
1318
1647
1867
1976
1976
1757
1537
1318
878
439
110
0
0
0
0
0
0
0
0
0
0
366
915
1647
2196
2745
3111
3294
3294
2928
2562
2196
1464
732
183
0
0
0
0
0
0
0
0
0
0
366
915
1647
2196
2745
3111
3294
3294
2928
2562
2196
1464
732
183
0
0
0
0
0
0
0
0
0
0
329
824
1482
1976
2471
2800
2965
2965
2635
2306
1976
1318
659
165
0
0
0
0
0
0
0
0
0
0
403
1007
1812
2416
3020
3422
3623
3623
3221
2818
2416
1610
805
201
0
0
0
0
0
0
0
0
0
0
329
824
1482
1976
2471
2800
2965
2965
2635
2306
1976
1318
659
165
0
0
0
0
0
0
0
0
0
0
366
915
1647
2196
2745
3111
3294
3294
2928
2562
2196
1464
732
183
0
0
0
0
0
0
0
0
0
0
366
915
1647
2196
2745
3111
3294
3294
2928
2562
2196
1464
732
183
0
0
0
0
0
0
0
0
0
0
293
732
1318
1757
2196
2489
2635
2635
2342
2050
1757
1171
586
146
0
0
0
0
0
0
0
0
0
0
329
824
1482
1976
2471
2800
2965
2965
2635
2306
1976
1318
659
165
0
0
0
0
0
0
0
0
0
0
256
641
1153
1537
1922
2178
2306
2306
2050
1793
1537
1025
512
128
0
0
0
0
0
0
0
0
0
0
146
366
659
878
1098
1244
1318
1318
1171
1025
878
586
293
73
0
0
0
0
0
0
0
0
0
0
256
641
1153
1537
1922
2178
2306
2306
2050
1793
1537
1025
512
128
0
0
0
0
0
0
0
0
0
0
439
1098
1976
2635
3294
3733
3953
3953
3514
3074
2635
1757
878
220
0
0
0
0
0
0
0
0
0
0
439
1098
1976
2635
3294
3733
3953
3953
3514
3074
2635
1757
878
220
0
0
0
0
0
0
0
0
0
0
146
366
659
878
1098
1244
1318
1318
1171
1025
878
586
293
73
0
0
0
0
0
0
0
0
0
0
73
183
329
439
549
622
659
659
586
512
439
293
146
37
0
0
0
0
0
0
0
0
0
0
146
366
659
878
1098
1244
1318
1318
1171
1025
878
586
293
73
0
0
0
0
0
0
0
0
0
0
293
732
1318
1757
2196
2489
2635
2635
2342
2050
1757
1171
586
146
0
0
0
0
0
0
0
0
0
0
403
1007
1812
2416
3020
3422
3623
3623
3221
2818
2416
1610
805
201
0
0
0
0
0
0
0
0
0
0
403
1007
1812
2416
3020
3422
3623
3623
3221
2818
2416
1610
805
201
0
0
0
0
0
0
0
0
0
0
439
1098
1976
2635
3294
3733
3953
3953
3514
3074
2635
1757
878
220
0
0
0
0
0
0
0
0
0
0
439
1098
1976
2635
3294
3733
3953
3953
3514
3074
2635
1757
878
220
0
0
0
0
0
0
0
0
0
0
403
1007
1812
2416
3020
3422
3623
3623
3221
2818
2416
1610
805
201
0
0
0
0
0
0
0
0
0
0
366
915
1647
2196
2745
3111
3294
3294
2928
2562
2196
1464
732
183
0
0
0
0
0
0
0
0
0
0
403
1007
1812
2416
3020
3422
3623
3623
3221
2818
2416
1610
805
201
0
0
0
0
0
0
0
0
0
0
549
1373
2471
3294
4118
4667
4941
4941
4392
3843
3294
2196
1098
275
0
0
0
0
0
0
0
0
0
0
512
1281
2306
3074
3843
4355
4612
4612
4099
3587
3074
2050
1025
256
0
0
0
0
0
0
0
0
0
0
512
1281
2306
3074
3843
4355
4612
4612
4099
3587
3074
2050
1025
256
0
0
0
0
0
0
0
0
0
0
476
1190
2141
2855
3569
4044
4282
4282
3806
3331
2855
1903
952
238
0
0
0
0
0
0
0
0
0
0
476
1190
2141
2855
3569
4044
4282
4282
3806
3331
2855
1903
952
238
0
0
0
0
0
0
0
0
0
0
476
1190
2141
2855
3569
4044
4282
4282
3806
3331
2855
1903
952
238
0
0
0
0
0
0
0
0
0
0
329
824
1482
1976
2471
2800
2965
2965
2635
2306
1976
1318
659
165
0
0
0
0
0
0
0
0
0
0
549
1373
2471
3294
4118
4667
4941
4941
4392
3843
3294
2196
1098
275
0
0
0
0
0
0
0
0
0
0
439
1098
1976
2635
3294
3733
3953
3953
3514
3074
2635
1757
878
220
0
0
0
0
0
0
0
0
0
0
586
1464
2635
3514
4392
4978
5270
5270
4685
4099
3514
2342
1171
293
0
0
0
0
0
0
0
0
0
0
73
183
329
439
549
622
659
659
586
512
439
293
146
37
0
0
0
0
0
0
0
0
0
0
110
275
494
659
824
933
988
988
878
769
659
439
220
55
0
0
0
0
0
0
0
0
0
0
329
824
1482
1976
2471
2800
2965
2965
2635
2306
1976
1318
659
165
0
0
0
0
0
0
0
0
0
0
366
915
1647
2196
2745
3111
3294
3294
2928
2562
2196
1464
732
183
0
0
0
0
0
0
0
0
0
0
110
275
494
659
824
933
988
988
878
769
659
439
220
55
0
0
0
0
0
0
0
0
0
0
220
549
988
1318
1647
1867
1976
1976
1757
1537
1318
878
439
110
0
0
0
0
0
0
0
0
0
0
183
458
824
1098
1373
1556
1647
1647
1464
1281
1098
732
366
92
0
0
0
0
0
0
0
0
0
0
403
1007
1812
2416
3020
3422
3623
3623
3221
2818
2416
1610
805
201
0
0
0
0
0
0
0
0
0
0
476
1190
2141
2855
3569
4044
4282
4282
3806
3331
2855
1903
952
238
0
0
0
0
0
0
0
0
0
0
476
1190
2141
2855
3569
4044
4282
4282
3806
3331
2855
1903
952
238
0
0
0
0
0
0
0
0
0
0
586
1464
2635
3514
4392
4978
5270
5270
4685
4099
3514
2342
1171
293
0
0
0
0
0
0
0
0
0
0
659
1647
2965
3953
4941
5600
5929
5929
5270
4612
3953
2635
1318
329
0
0
0
0
0
0
0
0
0
0
512
1281
2306
3074
3843
4355
4612
4612
4099
3587
3074
2050
1025
256
0
0
0
0
0
0
0
0
0
0
439
1098
1976
2635
3294
3733
3953
3953
3514
3074
2635
1757
878
220
0
0
0
0
0
0
0
0
0
0
256
641
1153
1537
1922
2178
2306
2306
2050
1793
1537
1025
512
128
0
0
0
0
0
0
0
0
0
0
439
1098
1976
2635
3294
3733
3953
3953
3514
3074
2635
1757
878
220
0
0
0
0
0
0
0
0
0
0
695
1739
3129
4172
5216
5911
6259
6259
5563
4868
4172
2782
1391
348
0
0
0
0
0
0
0
0
0
0
659
1647
2965
3953
4941
5600
5929
5929
5270
4612
3953
2635
1318
329
0
0
0
0
0
0
0
0
0
0
366
915
1647
2196
2745
3111
3294
3294
2928
2562
2196
1464
732
183
0
0
0
0
0
0
0
0
0
0
549
1373
2471
3294
4118
4667
4941
4941
4392
3843
3294
2196
1098
275
0
0
0
0
0
0
0
0
0
0
476
1190
2141
2855
3569
4044
4282
4282
3806
3331
2855
1903
952
238
0
0
0
0
0
0
0
0
0
0
183
458
824
1098
1373
1556
1647
1647
1464
1281
1098
732
366
92
0
0
0
0
0
0
0
0
0
0
256
641
1153
1537
1922
2178
2306
2306
2050
1793
1537
1025
512
128
0
0
0
0
0
0
0
0
0
0
769
1922
3459
4612
5765
6533
6917
6917
6149
5380
4612
3074
1537
384
0
0
0
0
0
0
0
0
0
0
695
1739
3129
4172
5216
5911
6259
6259
5563
4868
4172
2782
1391
348
0
0
0
0
0
0
0
0
0
0
549
1373
2471
3294
4118
4667
4941
4941
4392
3843
3294
2196
1098
275
0
0
0
0
0
0
0
0
0
0
220
549
988
1318
1647
1867
1976
1976
1757
1537
1318
878
439
110
0
0
0
0
0
0
0
0
0
0
549
1373
2471
3294
4118
4667
4941
4941
4392
3843
3294
2196
1098
275
0
0
0
0
0
0
0
0
0
0
695
1739
3129
4172
5216
5911
6259
6259
5563
4868
4172
2782
1391
348
0
0
0
0
0
0
0
0
0
0
732
1830
3294
4392
5490
6222
6588
6588
5856
5124
4392
2928
1464
366
0
0
0
0
0
0
0
0
0
0
659
1647
2965
3953
4941
5600
5929
5929
5270
4612
3953
2635
1318
329
0
0
0
0
0
0
0
0
0
0
769
1922
3459
4612
5765
6533
6917
6917
6149
5380
4612
3074
1537
384
0
0
0
0
0
0
0
0
0
0
732
1830
3294
4392
5490
6222
6588
6588
5856
5124
4392
2928
1464
366
0
0
0
0
0
0
0
0
0
0
220
549
988
1318
1647
1867
1976
1976
1757
1537
1318
878
439
110
0
0
0
0
0
0
0
0
0
0
805
2013
3623
4831
6039
6844
7247
7247
6442
5636
4831
3221
1610
403
0
0
0
0
0
0
0
0
0
0
549
1373
2471
3294
4118
4667
4941
4941
4392
3843
3294
2196
1098
275
0
0
0
0
0
0
0
0
0
0
220
549
988
1318
1647
1867
1976
1976
1757
1537
1318
878
439
110
0
0
0
0
0
0
0
0
0
146
366
659
878
1098
1244
1318
1318
1171
1025
878
586
293
73
0
0
0
0
0
0
0
0
0
0
183
458
824
1098
1373
1556
1647
1647
1464
1281
1098
732
366
92
0
0
0
0
0
0
0
0
0
0
220
549
988
1318
1647
1867
1976
1976
1757
1537
1318
878
439
110
0
0
0
0
0
0
0
0
0
0
622
1556
2800
3733
4667
5289
5600
5600
4978
4355
3733
2489
1244
311
0
0
0
0
0
0
0
0
0
0
220
549
988
1318
1647
1867
1976
1976
1757
1537
1318
878
439
110
0
0
0
0
0
0
0
0
0
0
549
1373
2471
3294
4118
4667
4941
4941
4392
3843
3294
2196
1098
275
0
0
0
0
0
0
0
0
0
0
732
1830
3294
4392
5490
6222
6588
6588
5856
5124
4392
2928
1464
366
0
0
0
0
0
0
0
0
0
0
732
1830
3294
4392
5490
6222
6588
6588
5856
5124
4392
2928
1464
366
0
0
0
0
0
0
0
0
0
0
695
1739
3129
4172
5216
5911
6259
6259
5563
4868
4172
2782
1391
348
0
0
0
0
0
0
0
0
0
0
842
2105
3788
5051
6314
7155
7576
7576
6734
5893
5051
3367
1684
421
0
0
0
0
0
0
0
0
0
0
805
2013
3623
4831
6039
6844
7247
7247
6442
5636
4831
3221
1610
403
0
0
0
0
0
0
0
0
0
0
586
1464
2635
3514
4392
4978
5270
5270
4685
4099
3514
2342
1171
293
0
0
0
0
0
0
0
0
0
0
915
2288
4118
5490
6863
7778
8235
8235
7320
6405
5490
3660
1830
458
0
0
0
0
0
0
0
0
0
0
659
1647
2965
3953
4941
5600
5929
5929
5270
4612
3953
2635
1318
329
0
0
0
0
0
0
0
0
0
0
732
1830
3294
4392
5490
6222
6588
6588
5856
5124
4392
2928
1464
366
0
0
0
0
0
0
0
0
0
0
695
1739
3129
4172
5216
5911
6259
6259
5563
4868
4172
2782
1391
348
0
0
0
0
0
0
0
0
0
0
915
2288
4118
5490
6863
7778
8235
8235
7320
6405
5490
3660
1830
458
0
0
0
0
0
0
0
0
0
0
952
2379
4282
5710
7137
8089
8564
8564
7613
6661
5710
3806
1903
476
0
0
0
0
0
0
0
0
0
0
915
2288
4118
5490
6863
7778
8235
8235
7320
6405
5490
3660
1830
458
0
0
0
0
0
0
0
0
0
0
549
1373
2471
3294
4118
4667
4941
4941
4392
3843
3294
2196
1098
275
0
0
0
0
0
0
0
0
0
0
878
2196
3953
5270
6588
7466
7906
7906
7027
6149
5270
3514
1757
439
0
0
0
0
0
0
0
0
0
0
439
1098
1976
2635
3294
3733
3953
3953
3514
3074
2635
1757
878
220
0
0
0
0
0
0
0
0
0
0
549
1373
2471
3294
4118
4667
4941
4941
4392
3843
3294
2196
1098
275
0
0
0
0
0
0
0
0
0
0
915
2288
4118
5490
6863
7778
8235
8235
7320
6405
5490
3660
1830
458
0
0
0
0
0
0
0
0
0
0
695
1739
3129
4172
5216
5911
6259
6259
5563
4868
4172
2782
1391
348
0
0
0
0
0
0
0
0
0
0
805
2013
3623
4831
6039
6844
7247
7247
6442
5636
4831
3221
1610
403
0
0
0
0
0
0
0
0
0
0
952
2379
4282
5710
7137
8089
8564
8564
7613
6661
5710
3806
1903
476
0
0
0
0
0
0
0
0
0
0
988
2471
4447
5929
7412
8400
8894
8894
7906
6917
5929
3953
1976
494
0
0
0
0
0
0
0
0
0
0
1025
2562
4612
6149
7686
8711
9223
9223
8198
7174
6149
4099
2050
512
0
0
0
0
0
0
0
0
0
0
952
2379
4282
5710
7137
8089
8564
8564
7613
6661
5710
3806
1903
476
0
0
0
0
0
0
0
0
0
0
915
2288
4118
5490
6863
7778
8235
8235
7320
6405
5490
3660
1830
458
0
0
0
0
0
0
0
0
0
0
403
1007
1812
2416
3020
3422
3623
3623
3221
2818
2416
1610
805
201
0
0
0
0
0
0
0
0
0
0
622
1556
2800
3733
4667
5289
5600
5600
4978
4355
3733
2489
1244
311
0
0
0
0
0
0
0
0
0
0
695
1739
3129
4172
5216
5911
6259
6259
5563
4868
4172
2782
1391
348
0
0
0
0
0
0
0
0
0
0
476
1190
2141
2855
3569
4044
4282
4282
3806
3331
2855
1903
952
238
0
0
0
0
0
0
0
0
0
0
366
915
1647
2196
2745
3111
3294
3294
2928
2562
2196
1464
732
183
0
0
0
0
0
0
0
0
0
0
403
1007
1812
2416
3020
3422
3623
3623
3221
2818
2416
1610
805
201
0
0
0
0
0
0
0
0
0
0
988
2471
4447
5929
7412
8400
8894
8894
7906
6917
5929
3953
1976
494
0
0
0
0
0
0
0
0
0
0
549
1373
2471
3294
4118
4667
4941
4941
4392
3843
3294
2196
1098
275
0
0
0
0
0
0
0
0
0
0
878
2196
3953
5270
6588
7466
7906
7906
7027
6149
5270
3514
1757
439
0
0
0
0
0
0
0
0
0
0
842
2105
3788
5051
6314
7155
7576
7576
6734
5893
5051
3367
1684
421
0
0
0
0
0
0
0
0
0
0
1098
2745
4941
6588
8235
9333
9882
9882
8784
7686
6588
4392
2196
549
0
0
0
0
0
0
0
0
0
0
732
1830
3294
4392
5490
6222
6588
6588
5856
5124
4392
2928
1464
366
0
0
0
0
0
0
0
0
0
0
549
1373
2471
3294
4118
4667
4941
4941
4392
3843
3294
2196
1098
275
0
0
0
0
0
0
0
0
0
0
512
1281
2306
3074
3843
4355
4612
4612
4099
3587
3074
2050
1025
256
0
0
0
0
0
0
0
0
0
0
549
1373
2471
3294
4118
4667
4941
4941
4392
3843
3294
2196
1098
275
0
0
0
0
0
0
0
0
0
0
952
2379
4282
5710
7137
8089
8564
8564
7613
6661
5710
3806
1903
476
0
0
0
0
0
0
0
0
0
0
1098
2745
4941
6588
8235
9333
9882
9882
8784
7686
6588
4392
2196
549
0
0
0
0
0
0
0
0
0
0
952
2379
4282
5710
7137
8089
8564
8564
7613
6661
5710
3806
1903
476
0
0
0
0
0
0
0
0
0
0
1061
2654
4776
6368
7961
9022
9553
9553
8491
7430
6368
4246
2123
531
0
0
0
0
0
0
0
0
0
0
915
2288
4118
5490
6863
7778
8235
8235
7320
6405
5490
3660
1830
458
0
0
0
0
0
0
0
0
0
0
1025
2562
4612
6149
7686
8711
9223
9223
8198
7174
6149
4099
2050
512
0
0
0
0
0
0
0
0
0
0
1061
2654
4776
6368
7961
9022
9553
9553
8491
7430
6368
4246
2123
531
0
0
0
0
0
0
0
0
0
0
1098
2745
4941
6588
8235
9333
9882
9882
8784
7686
6588
4392
2196
549
0
0
0
0
0
0
0
0
0
0
586
1464
2635
3514
4392
4978
5270
5270
4685
4099
3514
2342
1171
293
0
0
0
0
0
0
0
0
0
0
586
1464
2635
3514
4392
4978
5270
5270
4685
4099
3514
2342
1171
293
0
0
0
0
0
0
0
0
0
0
512
1281
2306
3074
3843
4355
4612
4612
4099
3587
3074
2050
1025
256
0
0
0
0
0
0
0
0
0
0
476
1190
2141
2855
3569
4044
4282
4282
3806
3331
2855
1903
952
238
0
0
0
0
0
0
0
0
0
0
549
1373
2471
3294
4118
4667
4941
4941
4392
3843
3294
2196
1098
275
0
0
0
0
0
0
0
0
0
0
549
1373
2471
3294
4118
4667
4941
4941
4392
3843
3294
2196
1098
275
0
0
0
0
0
0
0
0
0
0
915
2288
4118
5490
6863
7778
8235
8235
7320
6405
5490
3660
1830
458
0
0
0
0
0
0
0
0
0
0
842
2105
3788
5051
6314
7155
7576
7576
6734
5893
5051
3367
1684
421
0
0
0
0
0
0
0
0
0
0
842
2105
3788
5051
6314
7155
7576
7576
6734
5893
5051
3367
1684
421
0
0
0
0
0
0
0
0
0
0
952
2379
4282
5710
7137
8089
8564
8564
7613
6661
5710
3806
1903
476
0
0
0
0
0
0
0
0
0
0
1061
2654
4776
6368
7961
9022
9553
9553
8491
7430
6368
4246
2123
531
0
0
0
0
0
0
0
0
0
0
1025
2562
4612
6149
7686
8711
9223
9223
8198
7174
6149
4099
2050
512
0
0
0
0
0
0
0
0
0
0
988
2471
4447
5929
7412
8400
8894
8894
7906
6917
5929
3953
1976
494
0
0
0
0
0
0
0
0
0
0
1098
2745
4941
6588
8235
9333
9882
9882
8784
7686
6588
4392
2196
549
0
0
0
0
0
0
0
0
0
0
1135
2837
5106
6808
8510
9644
10212
10212
9077
7942
6808
4538
2269
567
0
0
0
0
0
0
0
0
0
0
1098
2745
4941
6588
8235
9333
9882
9882
8784
7686
6588
4392
2196
549
0
0
0
0
0
0
0
0
0
0
1025
2562
4612
6149
7686
8711
9223
9223
8198
7174
6149
4099
2050
512
0
0
0
0
0
0
0
0
0
0
549
1373
2471
3294
4118
4667
4941
4941
4392
3843
3294
2196
1098
275
0
0
0
0
0
0
0
0
0
0
1061
2654
4776
6368
7961
9022
9553
9553
8491
7430
6368
4246
2123
531
0
0
0
0
0
0
0
0
0
0
1025
2562
4612
6149
7686
8711
9223
9223
8198
7174
6149
4099
2050
512
0
0
0
0
0
0
0
0
0
0
1025
2562
4612
6149
7686
8711
9223
9223
8198
7174
6149
4099
2050
512
0
0
0
0
0
0
0
0
0
0
878
2196
3953
5270
6588
7466
7906
7906
7027
6149
5270
3514
1757
439
0
0
0
0
0
0
0
0
0
0
842
2105
3788
5051
6314
7155
7576
7576
6734
5893
5051
3367
1684
421
0
0
0
0
0
0
0
0
0
0
1135
2837
5106
6808
8510
9644
10212
10212
9077
7942
6808
4538
2269
567
0
0
0
0
0
0
0
0
0
0
1171
2928
5270
7027
8784
9955
10541
10541
9370
8198
7027
4685
2342
586
0
0
0
0
0
0
0
0
0
0
988
2471
4447
5929
7412
8400
8894
8894
7906
6917
5929
3953
1976
494
0
0
0
0
0
0
0
0
0
0
1098
2745
4941
6588
8235
9333
9882
9882
8784
7686
6588
4392
2196
549
0
0
0
0
0
0
0
0
0
0
1135
2837
5106
6808
8510
9644
10212
10212
9077
7942
6808
4538
2269
567
0
0
0
0
0
0
0
0
0
0
1025
2562
4612
6149
7686
8711
9223
9223
8198
7174
6149
4099
2050
512
0
0
0
0
0
0
0
0
0
0
952
2379
4282
5710
7137
8089
8564
8564
7613
6661
5710
3806
1903
476
0
0
0
0
0
0
0
0
0
0
952
2379
4282
5710
7137
8089
8564
8564
7613
6661
5710
3806
1903
476
0
0
0
0
0
0
0
0
0
0
1098
2745
4941
6588
8235
9333
9882
9882
8784
7686
6588
4392
2196
549
0
0
0
0
0
0
0
0
0
0
952
2379
4282
5710
7137
8089
8564
8564
7613
6661
5710
3806
1903
476
0
0
0
0
0
0
0
0
0
0
988
2471
4447
5929
7412
8400
8894
8894
7906
6917
5929
3953
1976
494
0
0
0
0
0
0
0
0
0
0
952
2379
4282
5710
7137
8089
8564
8564
7613
6661
5710
3806
1903
476
0
0
0
0
0
0
0
0
0
0
952
2379
4282
5710
7137
8089
8564
8564
7613
6661
5710
3806
1903
476
0
0
0
0
0
0
0
0
0
0
1098
2745
4941
6588
8235
9333
9882
9882
8784
7686
6588
4392
2196
549
0
0
0
0
0
0
0
0
0
0
1135
2837
5106
6808
8510
9644
10212
10212
9077
7942
6808
4538
2269
567
0
0
0
0
0
0
0
0
0
0
1098
2745
4941
6588
8235
9333
9882
9882
8784
7686
6588
4392
2196
549
0
0
0
0
0
0
0
0
0
0
1098
2745
4941
6588
8235
9333
9882
9882
8784
7686
6588
4392
2196
549
0
0
0
0
0
0
0
0
0
0
1135
2837
5106
6808
8510
9644
10212
10212
9077
7942
6808
4538
2269
567
0
0
0
0
0
0
0
0
0
0
1135
2837
5106
6808
8510
9644
10212
10212
9077
7942
6808
4538
2269
567
0
0
0
0
0
0
0
0
0
0
1135
2837
5106
6808
8510
9644
10212
10212
9077
7942
6808
4538
2269
567
0
0
0
0
0
0
0
0
0
0
1025
2562
4612
6149
7686
8711
9223
9223
8198
7174
6149
4099
2050
512
0
0
0
0
0
0
0
0
0
0
1135
2837
5106
6808
8510
9644
10212
10212
9077
7942
6808
4538
2269
567
0
0
0
0
0
0
0
0
0
0
1098
2745
4941
6588
8235
9333
9882
9882
8784
7686
6588
4392
2196
549
0
0
0
0
0
0
0
0
0
0
659
1647
2965
3953
4941
5600
5929
5929
5270
4612
3953
2635
1318
329
0
0
0
0
0
0
0
0
0
0
1098
2745
4941
6588
8235
9333
9882
9882
8784
7686
6588
4392
2196
549
0
0
0
0
0
0
0
0
0
0
1171
2928
5270
7027
8784
9955
10541
10541
9370
8198
7027
4685
2342
586
0
0
0
0
0
0
0
0
0
0
1098
2745
4941
6588
8235
9333
9882
9882
8784
7686
6588
4392
2196
549
0
0
0
0
0
0
0
0
0
0
915
2288
4118
5490
6863
7778
8235
8235
7320
6405
5490
3660
1830
458
0
0
0
0
0
0
0
0
0
0
952
2379
4282
5710
7137
8089
8564
8564
7613
6661
5710
3806
1903
476
0
0
0
0
0
0
0
0
0
0
1098
2745
4941
6588
8235
9333
9882
9882
8784
7686
6588
4392
2196
549
0
0
0
0
0
0
0
0
0
0
1135
2837
5106
6808
8510
9644
10212
10212
9077
7942
6808
4538
2269
567
0
0
0
0
0
0
0
0
0
0
1098
2745
4941
6588
8235
9333
9882
9882
8784
7686
6588
4392
2196
549
0
0
0
0
0
0
0
0
0
0
1025
2562
4612
6149
7686
8711
9223
9223
8198
7174
6149
4099
2050
512
0
0
0
0
0
0
0
0
0
0
915
2288
4118
5490
6863
7778
8235
8235
7320
6405
5490
3660
1830
458
0
0
0
0
0
0
0
0
0
0
1025
2562
4612
6149
7686
8711
9223
9223
8198
7174
6149
4099
2050
512
0
0
0
0
0
0
0
0
0
0
988
2471
4447
5929
7412
8400
8894
8894
7906
6917
5929
3953
1976
494
0
0
0
0
0
0
0
0
0
0
952
2379
4282
5710
7137
8089
8564
8564
7613
6661
5710
3806
1903
476
0
0
0
0
0
0
0
0
0
0
1061
2654
4776
6368
7961
9022
9553
9553
8491
7430
6368
4246
2123
531
0
0
0
0
0
0
0
0
0
0
1025
2562
4612
6149
7686
8711
9223
9223
8198
7174
6149
4099
2050
512
0
0
0
0
0
0
0
0
0
0
1025
2562
4612
6149
7686
8711
9223
9223
8198
7174
6149
4099
2050
512
0
0
0
0
0
0
0
0
0
0
988
2471
4447
5929
7412
8400
8894
8894
7906
6917
5929
3953
1976
494
0
0
0
0
0
0
0
0
0
0
842
2105
3788
5051
6314
7155
7576
7576
6734
5893
5051
3367
1684
421
0
0
0
0
0
0
0
0
0
0
1025
2562
4612
6149
7686
8711
9223
9223
8198
7174
6149
4099
2050
512
0
0
0
0
0
0
0
0
0
0
1061
2654
4776
6368
7961
9022
9553
9553
8491
7430
6368
4246
2123
531
0
0
0
0
0
0
0
0
0
0
1025
2562
4612
6149
7686
8711
9223
9223
8198
7174
6149
4099
2050
512
0
0
0
0
0
0
0
0
0
0
988
2471
4447
5929
7412
8400
8894
8894
7906
6917
5929
3953
1976
494
0
0
0
0
0
0
0
0
0
0
952
2379
4282
5710
7137
8089
8564
8564
7613
6661
5710
3806
1903
476
0
0
0
0
0
0
0
0
0
0
952
2379
4282
5710
7137
8089
8564
8564
7613
6661
5710
3806
1903
476
0
0
0
0
0
0
0
0
0
0
988
2471
4447
5929
7412
8400
8894
8894
7906
6917
5929
3953
1976
494
0
0
0
0
0
0
0
0
0
0
1135
2837
5106
6808
8510
9644
10212
10212
9077
7942
6808
4538
2269
567
0
0
0
0
0
0
0
0
0
0
1098
2745
4941
6588
8235
9333
9882
9882
8784
7686
6588
4392
2196
549
0
0
0
0
0
0
0
0
0
0
1025
2562
4612
6149
7686
8711
9223
9223
8198
7174
6149
4099
2050
512
0
0
0
0
0
0
0
0
0
0
1135
2837
5106
6808
8510
9644
10212
10212
9077
7942
6808
4538
2269
567
0
0
0
0
0
0
0
0
0
0
1098
2745
4941
6588
8235
9333
9882
9882
8784
7686
6588
4392
2196
549
0
0
0
0
0
0
0
0
0
0
659
1647
2965
3953
4941
5600
5929
5929
5270
4612
3953
2635
1318
329
0
0
0
0
0
0
0
0
0
0
1098
2745
4941
6588
8235
9333
9882
9882
8784
7686
6588
4392
2196
549
0
0
0
0
0
0
0
0
0
0
1171
2928
5270
7027
8784
9955
10541
10541
9370
8198
7027
4685
2342
586
0
0
0
0
0
0
0
0
0
0
1098
2745
4941
6588
8235
9333
9882
9882
8784
7686
6588
4392
2196
549
0
0
0
0
0
0
0
0
0
0
915
2288
4118
5490
6863
7778
8235
8235
7320
6405
5490
3660
1830
458
0
0
0
0
0
0
0
0
0
0
952
2379
4282
5710
7137
8089
8564
8564
7613
6661
5710
3806
1903
476
0
0
0
0
0
0
0
0
0
0
1098
2745
4941
6588
8235
9333
9882
9882
8784
7686
6588
4392
2196
549
0
0
0
0
0
0
0
0
0
0
1135
2837
5106
6808
8510
9644
10212
10212
9077
7942
6808
4538
2269
567
0
0
0
0
0
0
0
0
0
0
1098
2745
4941
6588
8235
9333
9882
9882
8784
7686
6588
4392
2196
549
0
0
0
0
0
0
0
0
0
0
988
2471
4447
5929
7412
8400
8894
8894
7906
6917
5929
3953
1976
494
0
0
0
0
0
0
0
0
0
0
915
2288
4118
5490
6863
7778
8235
8235
7320
6405
5490
3660
1830
458
0
0
0
0
0
0
0
0
0
0
1025
2562
4612
6149
7686
8711
9223
9223
8198
7174
6149
4099
2050
512
0
0
0
0
0
0
0
0
0
0
988
2471
4447
5929
7412
8400
8894
8894
7906
6917
5929
3953
1976
494
0
0
0
0
0
0
0
0
0
0
952
2379
4282
5710
7137
8089
8564
8564
7613
6661
5710
3806
1903
476
0
0
0
0
0
0
0
0
0
0
1061
2654
4776
6368
7961
9022
9553
9553
8491
7430
6368
4246
2123
531
0
0
0
0
0
0
0
0
0
0
1025
2562
4612
6149
7686
8711
9223
9223
8198
7174
6149
4099
2050
512
0
0
0
0
0
0
0
0
0
0
1025
2562
4612
6149
7686
8711
9223
9223
8198
7174
6149
4099
2050
512
0
0
0
0
0
0
0
0
0
0
952
2379
4282
5710
7137
8089
8564
8564
7613
6661
5710
3806
1903
476
0
0
0
0
0
0
0
0
0
0
842
2105
3788
5051
6314
7155
7576
7576
6734
5893
5051
3367
1684
421
0
0
0
0
0
0
0
0
0
0
842
2105
3788
5051
6314
7155
7576
7576
6734
5893
5051
3367
1684
421
0
0
0
0
0
0
0
0
0
0
878
2196
3953
5270
6588
7466
7906
7906
7027
6149
5270
3514
1757
439
0
0
0
0
0
0
0
0
0
0
842
2105
3788
5051
6314
7155
7576
7576
6734
5893
5051
3367
1684
421
0
0
0
0
0
0
0
0
0
0
805
2013
3623
4831
6039
6844
7247
7247
6442
5636
4831
3221
1610
403
0
0
0
0
0
0
0
0
0
0
769
1922
3459
4612
5765
6533
6917
6917
6149
5380
4612
3074
1537
384
0
0
0
0
0
0
0
0
0
0
805
2013
3623
4831
6039
6844
7247
7247
6442
5636
4831
3221
1610
403
0
0
0
0
0
0
0
0
0
0
842
2105
3788
5051
6314
7155
7576
7576
6734
5893
5051
3367
1684
421
0
0
0
0
0
0
0
0
0
0
878
2196
3953
5270
6588
7466
7906
7906
7027
6149
5270
3514
1757
439
0
0
0
0
0
0
0
0
0
0
659
1647
2965
3953
4941
5600
5929
5929
5270
4612
3953
2635
1318
329
0
0
0
0
0
0
0
0
0
0
256
641
1153
1537
1922
2178
2306
2306
2050
1793
1537
1025
512
128
0
0
0
0
0
0
0
0
0
0
512
1281
2306
3074
3843
4355
4612
4612
4099
3587
3074
2050
1025
256
0
0
0
0
0
0
0
0
0
0
659
1647
2965
3953
4941
5600
5929
5929
5270
4612
3953
2635
1318
329
0
0
0
0
0
0
0
0
0
0
805
2013
3623
4831
6039
6844
7247
7247
6442
5636
4831
3221
1610
403
0
0
0
0
0
0
0
0
0
0
769
1922
3459
4612
5765
6533
6917
6917
6149
5380
4612
3074
1537
384
0
0
0
0
0
0
0
0
0
0
586
1464
2635
3514
4392
4978
5270
5270
4685
4099
3514
2342
1171
293
0
0
0
0
0
0
0
0
0
0
732
1830
3294
4392
5490
6222
6588
6588
5856
5124
4392
2928
1464
366
0
0
0
0
0
0
0
0
0
0
769
1922
3459
4612
5765
6533
6917
6917
6149
5380
4612
3074
1537
384
0
0
0
0
0
0
0
0
0
0
695
1739
3129
4172
5216
5911
6259
6259
5563
4868
4172
2782
1391
348
0
0
0
0
0
0
0
0
0
0
769
1922
3459
4612
5765
6533
6917
6917
6149
5380
4612
3074
1537
384
0
0
0
0
0
0
0
0
0
0
769
1922
3459
4612
5765
6533
6917
6917
6149
5380
4612
3074
1537
384
0
0
0
0
0
0
0
0
0
0
659
1647
2965
3953
4941
5600
5929
5929
5270
4612
3953
2635
1318
329
0
0
0
0
0
0
0
0
0
0
842
2105
3788
5051
6314
7155
7576
7576
6734
5893
5051
3367
1684
421
0
0
0
0
0
0
0
0
0
0
805
2013
3623
4831
6039
6844
7247
7247
6442
5636
4831
3221
1610
403
0
0
0
0
0
0
0
0
0
0
769
1922
3459
4612
5765
6533
6917
6917
6149
5380
4612
3074
1537
384
0
0
0
0
0
0
0
0
0
0
732
1830
3294
4392
5490
6222
6588
6588
5856
5124
4392
2928
1464
366
0
0
0
0
0
0
0
0
0
0
695
1739
3129
4172
5216
5911
6259
6259
5563
4868
4172
2782
1391
348
0
0
0
0
0
0
0
0
0
0
732
1830
3294
4392
5490
6222
6588
6588
5856
5124
4392
2928
1464
366
0
0
0
0
0
0
0
0
0
0
732
1830
3294
4392
5490
6222
6588
6588
5856
5124
4392
2928
1464
366
0
0
0
0
0
0
0
0
0
0
769
1922
3459
4612
5765
6533
6917
6917
6149
5380
4612
3074
1537
384
0
0
0
0
0
0
0
0
0
0
695
1739
3129
4172
5216
5911
6259
6259
5563
4868
4172
2782
1391
348
0
0
0
0
0
0
0
0
0
0
695
1739
3129
4172
5216
5911
6259
6259
5563
4868
4172
2782
1391
348
0
0
0
0
0
0
0
0
0
0
732
1830
3294
4392
5490
6222
6588
6588
5856
5124
4392
2928
1464
366
0
0
0
0
0
0
0
0
0
0
732
1830
3294
4392
5490
6222
6588
6588
5856
5124
4392
2928
1464
366
0
0
0
0
0
0
0
0
0
0
732
1830
3294
4392
5490
6222
6588
6588
5856
5124
4392
2928
1464
366
0
0
0
0
0
0
0
0
0
0
659
1647
2965
3953
4941
5600
5929
5929
5270
4612
3953
2635
1318
329
0
0
0
0
0
0
0
0
0
0
695
1739
3129
4172
5216
5911
6259
6259
5563
4868
4172
2782
1391
348
0
0
0
0
0
0
0
0
0
0
659
1647
2965
3953
4941
5600
5929
5929
5270
4612
3953
2635
1318
329
0
0
0
0
0
0
0
0
0
0
622
1556
2800
3733
4667
5289
5600
5600
4978
4355
3733
2489
1244
311
0
0
0
0
0
0
0
0
0
0
659
1647
2965
3953
4941
5600
5929
5929
5270
4612
3953
2635
1318
329
0
0
0
0
0
0
0
0
0
0
586
1464
2635
3514
4392
4978
5270
5270
4685
4099
3514
2342
1171
293
0
0
0
0
0
0
0
0
0
0
622
1556
2800
3733
4667
5289
5600
5600
4978
4355
3733
2489
1244
311
0
0
0
0
0
0
0
0
0
0
586
1464
2635
3514
4392
4978
5270
5270
4685
4099
3514
2342
1171
293
0
0
0
0
0
0
0
0
0
0
549
1373
2471
3294
4118
4667
4941
4941
4392
3843
3294
2196
1098
275
0
0
0
0
0
0
0
0
0
0
586
1464
2635
3514
4392
4978
5270
5270
4685
4099
3514
2342
1171
293
0
0
0
0
0
0
0
0
0
0
586
1464
2635
3514
4392
4978
5270
5270
4685
4099
3514
2342
1171
293
0
0
0
0
0
0
0
0
0
0
403
1007
1812
2416
3020
3422
3623
3623
3221
2818
2416
1610
805
201
0
0
0
0
0
0
0
0
0
0
329
824
1482
1976
2471
2800
2965
2965
2635
2306
1976
1318
659
165
0
0
0
0
0
0
0
0
0
0
439
1098
1976
2635
3294
3733
3953
3953
3514
3074
2635
1757
878
220
0
0
0
0
0
0
0
0
0
0
366
915
1647
2196
2745
3111
3294
3294
2928
2562
2196
1464
732
183
0
0
0
0
0
0
0
0
0
0
586
1464
2635
3514
4392
4978
5270
5270
4685
4099
3514
2342
1171
293
0
0
0
0
0
0
0
0
0
0
549
1373
2471
3294
4118
4667
4941
4941
4392
3843
3294
2196
1098
275
0
0
0
0
0
0
0
0
0
0
439
1098
1976
2635
3294
3733
3953
3953
3514
3074
2635
1757
878
220
0
0
0
0
0
0
0
0
0
0
549
1373
2471
3294
4118
4667
4941
4941
4392
3843
3294
2196
1098
275
0
0
0
0
0
0
0
0
0
0
512
1281
2306
3074
3843
4355
4612
4612
4099
3587
3074
2050
1025
256
0
0
0
0
0
0
0
0
0
0
183
458
824
1098
1373
1556
1647
1647
1464
1281
1098
732
366
92
0
0
0
0
0
0
0
0
0
0
183
458
824
1098
1373
1556
1647
1647
1464
1281
1098
732
366
92
0
0
0
0
0
0
0
0
0
0
293
732
1318
1757
2196
2489
2635
2635
2342
2050
1757
1171
586
146
0
0
0
0
0
0
0
0
0
0
256
641
1153
1537
1922
2178
2306
2306
2050
1793
1537
1025
512
128
0
0
0
0
0
0
0
0
0
0
403
1007
1812
2416
3020
3422
3623
3623
3221
2818
2416
1610
805
201
0
0
0
0
0
0
0
0
0
0
439
1098
1976
2635
3294
3733
3953
3953
3514
3074
2635
1757
878
220
0
0
0
0
0
0
0
0
0
0
476
1190
2141
2855
3569
4044
4282
4282
3806
3331
2855
1903
952
238
0
0
0
0
0
0
0
0
0
0
73
183
329
439
549
622
659
659
586
512
439
293
146
37
0
0
0
0
0
0
0
0
0
0
439
1098
1976
2635
3294
3733
3953
3953
3514
3074
2635
1757
878
220
0
0
0
0
0
0
0
0
0
0
73
183
329
439
549
622
659
659
586
512
439
293
146
37
0
0
0
0
0
0
0
0
0
0
220
549
988
1318
1647
1867
1976
1976
1757
1537
1318
878
439
110
0
0
0
0
0
0
0
0
0
0
256
641
1153
1537
1922
2178
2306
2306
2050
1793
1537
1025
512
128
0
0
0
0
0
0
0
0
0
0
256
641
1153
1537
1922
2178
2306
2306
2050
1793
1537
1025
512
128
0
0
0
0
0
0
0
0
0
0
0
329
824
1482
1976
2471
2800
2965
2965
2635
2306
1976
1318
659
165
0
0
0
0
0
0
0
0
0
0
293
732
1318
1757
2196
2489
2635
2635
2342
2050
1757
1171
586
146
0
0
0
0
0
0
0
0
0
0
476
1190
2141
2855
3569
4044
4282
4282
3806
3331
2855
1903
952
238
0
0
0
0
0
0
0
0
0
0
73
183
329
439
549
622
659
659
586
512
439
293
146
37
0
0
0
0
0
0
0
0
0
0
146
366
659
878
1098
1244
1318
1318
1171
1025
878
586
293
73
0
0
0
0
0
0
0
0
0
0
293
732
1318
1757
2196
2489
2635
2635
2342
2050
1757
1171
586
146
0
0
0
0
0
0
0
0
0
0
439
1098
1976
2635
3294
3733
3953
3953
3514
3074
2635
1757
878
220
0
0
0
0
0
0
0
0
0
0
439
1098
1976
2635
3294
3733
3953
3953
3514
3074
2635
1757
878
220
0
0
0
0
0
0
0
0
0
0
439
1098
1976
2635
3294
3733
3953
3953
3514
3074
2635
1757
878
220
0
0
0
0
0
0
0
0
0
0
366
915
1647
2196
2745
3111
3294
3294
2928
2562
2196
1464
732
183
0
0
0
0
0
0
0
0
0
0
439
1098
1976
2635
3294
3733
3953
3953
3514
3074
2635
1757
878
220
0
0
0
0
0
0
0
0
0
0
439
1098
1976
2635
3294
3733
3953
3953
3514
3074
2635
1757
878
220
0
0
0
0
0
0
0
0
0
0
476
1190
2141
2855
3569
4044
4282
4282
3806
3331
2855
1903
952
238
0
0
0
0
0
0
0
0
0
0
439
1098
1976
2635
3294
3733
3953
3953
3514
3074
2635
1757
878
220
0
0
0
0
0
0
0
0
0
0
476
1190
2141
2855
3569
4044
4282
4282
3806
3331
2855
1903
952
238
0
0
0
0
0
0
0
0
0
0
439
1098
1976
2635
3294
3733
3953
3953
3514
3074
2635
1757
878
220
0
0
0
0
0
0
0
0
0
0
403
1007
1812
2416
3020
3422
3623
3623
3221
2818
2416
1610
805
201
0
0
0
0
0
0
0
0
0
0
403
1007
1812
2416
3020
3422
3623
3623
3221
2818
2416
1610
805
201
0
0
0
0
0
0
0
0
0
0
403
1007
1812
2416
3020
3422
3623
3623
3221
2818
2416
1610
805
201
0
0
0
0
0
0
0
0
0
0
366
915
1647
2196
2745
3111
3294
3294
2928
2562
2196
1464
732
183
0
0
0
0
0
0
0
0
0
0
403
1007
1812
2416
3020
3422
3623
3623
3221
2818
2416
1610
805
201
0
0
0
0
0
0
0
0
0
0
403
1007
1812
2416
3020
3422
3623
3623
3221
2818
2416
1610
805
201
0
0
0
0
0
0
0
0
0
0
256
641
1153
1537
1922
2178
2306
2306
2050
1793
1537
1025
512
128
0
0
0
0
0
0
0
0
0
0
329
824
1482
1976
2471
2800
2965
2965
2635
2306
1976
1318
659
165
0
0
0
0
0
0
0
0
0
0
366
915
1647
2196
2745
3111
3294
3294
2928
2562
2196
1464
732
183
0
0
0
0
0
0
0
0
0
0
329
824
1482
1976
2471
2800
2965
2965
2635
2306
1976
1318
659
165
0
0
0
0
0
0
0
0
0
0
329
824
1482
1976
2471
2800
2965
2965
2635
2306
1976
1318
659
165
0
0
0
0
0
0
0
0
0
0
293
732
1318
1757
2196
2489
2635
2635
2342
2050
1757
1171
586
146
0
0
0
0
0
0
0
0
0
0
146
366
659
878
1098
1244
1318
1318
1171
1025
878
586
293
73
0
0
0
0
0
0
0
0
0
0
146
366
659
878
1098
1244
1318
1318
1171
1025
878
586
293
73
0
0
0
0
0
0
0
0
0
0
146
366
659
878
1098
1244
1318
1318
1171
1025
878
586
293
73
0
0
0
0
0
0
0
0
0
0
37
92
165
220
275
311
329
329
293
256
220
146
73
18
0
0
0
0
0
0
0
0
0
0
110
275
494
659
824
933
988
988
878
769
659
439
220
55
0
0
0
0
0
0
0
0
0
0
183
458
824
1098
1373
1556
1647
1647
1464
1281
1098
732
366
92
0
0
0
0
0
0
0
0
0
0
146
366
659
878
1098
1244
1318
1318
1171
1025
878
586
293
73
0
0
0
0
0
0
0
0
0
0
293
732
1318
1757
2196
2489
2635
2635
2342
2050
1757
1171
586
146
0
0
0
0
0
0
0
0
0
0
293
732
1318
1757
2196
2489
2635
2635
2342
2050
1757
1171
586
146
0
0
0
0
0
0
0
0
0
0
256
641
1153
1537
1922
2178
2306
2306
2050
1793
1537
1025
512
128
0
0
0
0
0
0
0
0
0
0
293
732
1318
1757
2196
2489
2635
2635
2342
2050
1757
1171
586
146
0
0
0
0
0
0
0
0
0
0
256
641
1153
1537
1922
2178
2306
2306
2050
1793
1537
1025
512
128
0
0
0
0
0
0
0
0
0
0
146
366
659
878
1098
1244
1318
1318
1171
1025
878
586
293
73
0
0
0
0
0
0
0
0
0
0
220
549
988
1318
1647
1867
1976
1976
1757
1537
1318
878
439
110
0
0
0
0
0
0
0
0
0
0
183
458
824
1098
1373
1556
1647
1647
1464
1281
1098
732
366
92
0
0
0
0
0
0
0
0
0
0
146
366
659
878
1098
1244
1318
1318
1171
1025
878
586
293
73
0
0
0
0
0
0
0
0
0
0
110
275
494
659
824
933
988
988
878
769
659
439
220
55
0
0
0
0
0
0
0
0
0
0
146
366
659
878
1098
1244
1318
1318
1171
1025
878
586
293
73
0
0
0
0
0
0
0
0
0
0
256
641
1153
1537
1922
2178
2306
2306
2050
1793
1537
1025
512
128
0
0
0
0
0
0
0
0
0
0
293
732
1318
1757
2196
2489
2635
2635
2342
2050
1757
1171
586
146
0
0
0
0
0
0
0
0
0
0
329
824
1482
1976
2471
2800
2965
2965
2635
2306
1976
1318
659
165
0
0
0
0
0
0
0
0
0
0
293
732
1318
1757
2196
2489
2635
2635
2342
2050
1757
1171
586
146
0
0
0
0
0
0
0
0
0
0
329
824
1482
1976
2471
2800
2965
2965
2635
2306
1976
1318
659
165
0
0
0
0
0
0
0
0
0
0
183
458
824
1098
1373
1556
1647
1647
1464
1281
1098
732
366
92
0
0
0
0
0
0
0
0
0
0
329
824
1482
1976
2471
2800
2965
2965
2635
2306
1976
1318
659
165
0
0
0
0
0
0
0
0
0
0
293
732
1318
1757
2196
2489
2635
2635
2342
2050
1757
1171
586
146
0
0
0
0
0
0
0
0
0
0
329
824
1482
1976
2471
2800
2965
2965
2635
2306
1976
1318
659
165
0
0
0
0
0
0
0
0
0
0
256
641
1153
1537
1922
2178
2306
2306
2050
1793
1537
1025
512
128
0
0
0
0
0
0
0
0
0
0
293
732
1318
1757
2196
2489
2635
2635
2342
2050
1757
1171
586
146
0
0
0
0
0
0
0
0
0
0
329
824
1482
1976
2471
2800
2965
2965
2635
2306
1976
1318
659
165
0
0
0
0
0
0
0
0
0
0
146
366
659
878
1098
1244
1318
1318
1171
1025
878
586
293
73
0
0
0
0
0
0
0
0
0
0
293
732
1318
1757
2196
2489
2635
2635
2342
2050
1757
1171
586
146
0
0
0
0
0
0
0
0
0
0
329
824
1482
1976
2471
2800
2965
2965
2635
2306
1976
1318
659
165
0
0
0
0
0
0
0
0
0
0
329
824
1482
1976
2471
2800
2965
2965
2635
2306
1976
1318
659
165
0
0
0
