2813
2894
2813
2733
2492
2090
1929
1929
1608
1206
1608
1768
2090
2251
2251
2251
2733
3215
3778
3858
3939
3858
3778
3697
3697
3697
3697
3697
3537
3376
3537
3537
3697
3697
3858
3939
4019
3939
3858
3858
3858
3858
3939
4019
3939
3778
3697
3537
3537
3537
3537
3537
3376
3215
3054
2894
2733
2813
2652
2572
2572
2572
2492
2572
2492
2411
2331
2411
2411
2492
2411
2411
2492
2572
2572
2652
2813
2974
3054
2974
2894
2813
2813
2652
2733
2572
2652
2652
2652
2652
2813
2894
2894
2813
2813
2572
2411
2331
2090
1929
1929
1768
1608
1366
1206
1045
804
723
563
402
322
322
241
241
322
402
402
402
402
482
482
563
563
643
643
643
723
563
643
563
482
402
322
322
322
402
402
482
563
643
723
723
804
884
965
1125
1206
1286
1366
1447
1527
1608
1608
1608
1929
2090
2090
2090
2251
2331
2251
2331
2411
2411
2411
2411
2411
2411
2411
2331
2411
2411
2411
2492
2572
2733
2733
2813
2894
3135
3135
3215
3215
3376
3537
3697
3537
3697
3697
3697
3697
3697
3697
3697
3697
3697
3778
3939
4019
4019
3939
3778
3778
3858
3939
3939
3778
3697
3697
3537
3376
3537
3215
3135
3215
3376
3376
3697
3537
3376
3376
3376
3697
3537
3697
3537
3054
3135
3215
3135
2974
2733
2572
2411
2331
2331
2331
2170
2170
2090
2170
2090
2090
2090
2090
2170
2251
2251
2331
2170
1929
1768
1768
1929
1768
1527
1366
1286
1447
1768
1929
1929
2090
2090
2170
2331
2331
2251
2411
2492
2331
2251
2411
2572
2733
2813
2894
3135
3215
3135
3054
2974
2894
2894
2974
3054
3215
3215
3135
3054
3135
3135
3054
3135
2974
2813
2572
2652
2492
2572
2813
2974
3054
3215
3537
3778
3939
3858
3778
3537
3215
3054
2974
3054
3054
2974
2894
2894
2894
3054
3215
3135
3135
3215
3376
3376
3054
2652
2411
2251
2331
2572
2813
2572
2813
2572
2090
1768
1608
1447
1286
1045
965
965
804
723
643
723
723
723
804
884
884
965
965
1045
1125
1206
1206
1366
1366
1447
1527
1608
1768
1929
1929
1768
1768
1768
1768
1929
2090
2251
2170
2090
1929
1929
1929
1929
1929
2090
2090
1929
1929
1768
1929
1929
2090
2090
2090
2090
1929
1929
2090
2251
2652
2894
2894
3054
3054
2894
2813
3215
3537
3215
3135
3054
2894
2813
2974
3135
3215
3376
3376
3376
3215
3537
3697
3858
4019
4019
3858
3939
3858
3778
3697
3697
3697
3858
3697
3537
3537
3215
3054
3054
2974
3054
2974
2894
3054
3054
2813
2733
2572
2572
2492
2492
2492
2669
2813
2894
3054
2974
2813
2572
2492
2492
2411
2411
2411
2331
2331
2492
2572
2572
2492
2572
2492
2492
2572
2813
2813
2733
2974
3054
3054
3054
3135
3135
3135
3215
3215
3215
3135
3135
3054
3135
3135
3135
3054
2974
2974
2894
2894
2813
2733
2733
2813
2733
2652
2652
2572
2652
2733
2652
2572
2492
2411
2251
2170
2090
1768
1608
1206
1045
884
965
1125
1286
1527
1768
1929
1929
1929
1768
1768
1768
1929
1929
1768
2090
2251
2251
2331
2331
2331
2411
2411
2411
2572
2652
2894
3054
2894
2733
2572
2492
2411
2411
2251
2170
2170
2090
1608
1608
1608
1608
1608
1768
1768
2090
2251
2492
2572
2652
2572
2492
2492
2411
2331
2251
2251
2331
2251
2090
2090
2090
2170
2090
2170
2170
2090
1929
1929
1768
1768
1768
1929
1929
1929
2090
2170
2170
2251
2331
2411
2572
2572
2733
2733
2572
2572
2572
2411
2492
2411
2331
2331
2170
2170
2090
2090
2090
2090
2090
1929
1929
2090
1929
1768
1768
1768
1608
1527
1447
1447
1447
1527
1768
1768
1768
1929
1929
1929
1929
1929
1929
2090
2090
1929
2170
2652
2813
2572
2652
2652
2652
2733
2733
2813
2894
2813
2813
2572
2170
2090
1929
1929
2090
2170
2251
2331
2251
2090
1929
1768
1608
1527
1447
1286
1045
965
804
643
723
723
884
965
1125
1125
1206
1206
1206
1286
1447
1608
1608
1366
1045
965
965
884
804
804
804
804
884
1125
1366
1608
1768
2090
2251
2170
2251
2331
2411
2411
2331
2251
2170
2090
2090
2090
2090
2170
2170
2251
2331
2331
2331
2331
2251
2331
2331
2251
2331
2411
2251
2090
1929
1768
1608
1768
1768
1768
1608
1527
1447
1366
1206
1286
1286
1125
1045
965
884
965
884
884
884
965
1045
1206
1286
1366
1366
1447
1447
1366
1286
1206
965
1045
1125
1045
1045
965
1045
1366
1527
1608
1608
1608
1527
1608
1608
1608
1527
1608
1608
1608
1527
1447
1366
1286
1286
1286
1447
1527
1608
1608
1608
1608
1608
1608
1608
1608
1608
1608
1608
1608
1608
1608
1608
1527
1447
1366
1286
1206
1206
1206
1286
1366
1447
1447
1447
1527
1608
1608
1608
1608
1608
1608
1608
1608
1608
1608
1608
1527
1447
1286
1206
1125
1125
1206
1286
1366
1366
1206
1206
1286
1206
1206
1125
1045
1045
1125
1045
965
1045
1206
1286
1366
1286
1206
1045
965
884
965
1045
1206
1447
1608
1768
1929
1929
1929
1929
1929
1768
1608
1527
1527
1447
1447
1447
1366
1286
1125
884
804
643
482
402
402
402
482
563
643
643
643
643
723
804
804
804
804
804
884
1125
1366
1527
1608
1768
1929
2090
2090
1929
1929
1768
1608
1527
1366
1045
804
723
643
643
723
643
643
563
563
482
482
482
643
723
804
884
1045
1286
1608
1768
1768
1768
1929
1768
1608
1527
1527
1527
1447
1366
1286
1125
1045
956
956
876
797
797
956
1195
1434
1513
1593
1434
1274
1274
1195
1035
956
876
797
876
956
956
876
797
797
797
876
797
797
717
717
797
797
797
797
876
876
797
797
797
717
637
558
478
478
398
319
319
319
398
558
717
797
876
1115
1354
1752
1912
1912
2071
2071
2230
2230
2310
2310
2310
2230
2071
1912
1752
1434
1354
1274
1195
1035
956
876
876
956
1195
1513
1513
1274
1195
1195
1115
1115
1195
1195
1195
1035
956
876
876
797
717
558
478
398
398
398
398
398
478
558
478
398
478
478
398
398
319
239
159
239
239
159
159
80
80
80
80
159
239
319
398
558
717
717
797
797
876
1035
1115
1274
1434
1274
1195
1274
1434
1513
1513
1513
1593
1593
1593
1752
1752
1912
2071
2071
2310
2390
2390
2390
2390
2310
2310
2310
2310
2230
2151
2310
2310
2310
2310
2230
2390
2469
2450
2371
2292
2213
2134
2055
2055
2213
2292
2213
2055
2213
2055
2213
2292
2134
1897
1897
1739
1739
1581
1501
1422
1264
1185
1185
1185
1264
1185
1343
1501
1739
1897
2055
2055
2055
2213
2292
2371
2450
2608
2529
2450
2529
2450
2608
2687
2845
3003
3003
3082
3082
3082
3082
3003
3082
3003
3003
3003
2924
2924
2845
2924
3003
3082
3003
3082
3161
3319
3161
3003
2687
2529
2450
2529
2450
2371
2371
2371
2292
2213
2055
1897
1581
1581
1422
1264
1185
1264
1264
1422
1581
1581
1581
1739
1739
1739
1739
1739
1581
1501
1501
1501
1422
1264
1027
869
869
790
869
790
790
711
790
790
948
1106
1185
1264
1422
1343
1422
1501
1422
1343
1264
1185
948
1106
1185
1185
1185
1106
1027
1185
1264
1264
1264
1185
1264
1185
1106
1264
1027
948
790
869
1027
1106
1027
790
869
790
869
790
790
790
790
869
790
948
869
948
1027
1264
1422
1739
2055
2371
2529
2766
2766
2845
3161
3161
3319
3477
3477
3635
3477
3477
3635
3635
3477
3319
3003
2845
2529
2371
2292
2213
2134
2055
2055
2055
2055
1897
1897
1897
1897
1897
1739
1739
1581
1581
1501
1501
1422
1422
1343
1264
1343
1422
1501
1581
1581
1581
1581
1581
1739
1739
1739
1581
1739
1739
1897
2055
2213
2371
2371
2371
2529
2766
2687
2687
2608
2766
2845
3003
3082
3082
3003
2687
2766
2845
2608
2529
2450
2213
2055
2134
2213
2055
2055
2055
2134
2055
2134
2055
2055
1897
1581
1739
2055
2371
2766
2845
3161
3003
3082
2924
2529
2687
2766
2845
2687
2371
2134
2055
1739
1897
1897
2055
1897
2055
2134
2371
2450
2529
2450
2371
2371
2055
1501
1422
1343
1422
1501
1581
1581
1501
1581
1501
1581
1581
1581
1739
1897
1897
2055
2292
2450
2529
2529
2529
2608
2450
2134
1897
1739
1501
1422
1343
1264
1185
1422
1501
1422
1501
1501
1897
2055
2213
2450
2766
3003
3161
3319
3477
3477
3635
3477
3161
3319
3082
3003
3082
3003
2845
2766
2687
2766
2766
2608
2529
2529
2371
2292
2213
2055
1897
1739
1581
1343
1501
1422
1343
1185
1264
1501
1581
1501
1422
1343
1264
1106
1185
1343
1501
1581
1581
1581
1581
1581
1739
1581
1581
1581
1581
1739
1897
2055
2213
2371
2371
2371
2292
2450
2529
2529
2608
2529
2450
2450
2371
2371
2371
2306
2306
2306
2306
2383
2306
2229
2153
2229
2306
2383
2306
2306
2306
2306
2306
2306
2383
2614
2537
2460
2460
2383
2306
2306
2306
2306
2306
2306
2076
1845
1538
1307
1384
1538
1691
1691
1538
1538
1538
1461
1461
1691
1845
1999
2229
2460
2768
2921
2921
2921
2844
2768
2921
2844
2691
2921
2998
2998
3075
2998
2844
2537
2306
2153
1999
1691
1691
1538
1538
1691
1691
1845
1845
1999
1999
1845
1691
1384
1307
1307
1307
1230
999
846
923
923
1076
1153
1307
1538
1691
1691
1999
2153
2229
2153
2076
2229
2229
2229
2153
2076
1999
1999
1999
1845
1845
1691
1691
1538
1538
1538
1461
1461
1384
1384
1384
1307
1307
1230
1230
1230
1307
1384
1384
1461
1461
1538
1538
1538
1538
1691
1845
1845
1845
1845
1999
2076
2076
1845
1845
1845
1999
2153
2229
2306
2460
2691
2537
2537
2460
2383
2306
2306
2306
2306
2383
2537
2844
3075
3229
3229
3229
3229
3075
3075
3075
3229
3383
3383
3383
3229
3075
2998
2921
2844
2921
3229
3383
3536
3536
3690
3613
3536
3536
3383
3229
2921
2768
2614
2306
2306
2306
2306
2229
2153
1999
1845
1538
1384
1461
1384
1307
1538
1691
1691
1538
1538
1538
1461
1538
1538
1691
1691
1691
1845
1845
1845
1691
1845
1845
1999
1845
1845
1691
1691
1845
1691
1691
1691
1845
1845
1999
1999
1999
2153
2153
2153
2229
2229
2153
2076
1999
1691
1691
1538
1538
1538
1538
1691
1691
1538
1538
1461
1461
1461
1384
1384
1461
1461
1461
1384
1461
1461
1384
1230
1307
1384
1461
1461
1538
1691
1691
1691
1845
1845
1691
1691
1845
2076
1999
1999
1999
1845
1845
1845
1845
1775
1775
1923
1923
1923
1775
1775
1627
1627
1479
1627
1479
1479
1479
1479
1479
1479
1479
1405
1405
1405
1331
1257
1257
813
444
518
592
592
518
518
592
666
592
518
518
444
444
592
666
592
518
518
444
370
296
222
296
370
518
666
961
1171
1610
1610
1756
1756
1903
1903
1903
1903
1903
1756
1610
1463
1390
1244
1171
1098
951
1024
1024
951
1098
1317
1390
1390
1463
1610
1610
1610
1463
1390
1317
1244
1317
1244
1244
1171
1024
878
951
878
805
805
878
951
1024
1098
1098
1024
951
1024
951
951
1098
1024
951
878
878
951
1024
1098
1244
1390
1463
1390
1317
1610
1903
2195
2342
2342
2634
3073
3073
2854
2781
2781
2634
2415
2268
2268
2195
2122
2049
1976
1976
1903
1903
2049
2391
2753
3043
3043
3043
3333
3478
3333
3405
3188
2826
2608
2391
2246
2174
2101
2101
2174
2101
2029
1956
2029
2029
1884
2101
2319
2246
2246
2391
2319
2464
2391
2319
2029
2029
1304
1087
1014
942
869
797
725
797
869
1014
1232
1594
1884
2029
2246
2391
2608
3043
3188
3333
3478
3623
3695
3623
3478
3550
3478
3405
3333
3333
3188
3043
2753
2753
2681
2608
2681
2536
2536
2536
2391
2464
2536
2608
2753
2753
2608
2319
2246
2174
2029
1956
2029
2101
2174
2246
2246
2246
2319
2391
2464
2753
2681
2608
2681
2826
3043
3043
3043
3188
3405
3478
3623
3623
3333
3188
3043
3043
2898
2826
2753
2753
2753
2753
3043
3188
3405
3333
3405
3478
3405
3188
3188
3043
2826
2753
2826
2608
2391
2246
2101
2029
2101
1956
1884
1739
1739
1884
1956
2101
2246
2536
2753
2681
2608
2536
2536
2464
2536
2464
2391
2319
2246
2174
2174
2246
2174
2174
2174
2101
2029
1956
1884
1739
1594
1377
1232
1159
1232
1304
1159
1014
942
869
942
1014
869
797
797
725
725
725
725
725
725
725
652
652
652
725
797
869
942
1014
1014
1087
1232
1304
1232
1377
1449
1739
1884
1956
2101
2174
2101
1956
1884
1884
1884
1956
2029
2101
2174
2246
2319
2319
2464
2319
2246
2101
2101
2246
2464
2753
2681
2608
2536
2464
2536
2681
2608
2826
2753
2898
3043
3188
3333
3333
3478
3188
2826
3043
2898
2608
2464
2246
2174
2174
2174
2174
2174
2174
2101
2174
2174
2246
2391
2681
2826
2753
2898
2826
2898
3043
2898
2898
2826
2753
2608
2391
2319
2319
2246
2174
2174
2029
2101
2101
2101
2101
2029
1884
1884
1884
1884
1956
1956
2029
2101
2029
1956
1884
1739
1739
1594
1594
1594
1449
1377
1304
1159
1087
942
869
797
869
797
797
725
725
652
652
652
580
507
652
725
797
869
942
1014
1087
1232
1377
1377
1377
1304
1232
1159
1087
797
725
725
725
725
869
942
942
1014
1232
1449
1594
1594
1739
1739
1884
1739
1884
2029
1956
2101
2174
2101
2174
2174
2319
2246
2246
2319
2391
2391
2464
2464
2536
2608
2681
2826
2753
2826
2826
2753
2826
2826
2753
2681
2608
2536
2608
2753
2681
2681
2826
2898
2898
2898
2898
2826
2681
2753
2753
2753
2753
2608
2464
2246
2319
2319
2174
2174
2101
2101
2174
2174
2174
2246
2319
2464
2608
2681
2681
2681
2753
2826
2898
2898
2898
2826
2753
2753
2464
2319
2174
2101
2029
1884
1956
2029
2101
2246
2536
2898
2898
3188
3478
3623
2898
2898
2898
2753
2536
2391
2246
2174
2174
2101
2174
2174
2174
2246
2319
2391
2464
2464
2536
2681
2826
2898
3043
2826
2753
2681
2608
2536
2391
2319
2246
2174
2174
2174
2174
2174
2174
2101
2174
2101
2029
1956
2029
2101
2174
2246
2464
2608
2536
2536
2608
2608
2536
2319
2536
2464
2536
2391
2319
2246
2246
2319
2391
2464
2681
2826
2898
2898
2898
2898
3043
3043
2898
2898
3043
2898
2898
2898
2898
3043
2898
2826
2681
2464
2391
2464
2681
2826
2898
2898
3043
3043
3188
3333
3405
3550
3478
3405
3333
3188
3043
2753
2536
2246
2101
2029
2029
2029
1956
1884
1594
1087
797
652
580
652
652
725
725
652
725
797
869
942
1087
1232
1304
1232
1159
1232
1159
1159
1159
1304
1377
1449
1594
1594
1449
1449
1377
1449
1594
1594
1449
1449
1449
1377
1232
1014
942
869
797
942
1159
1304
1594
1884
2101
2246
2536
2753
2681
2608
2536
2681
2608
2464
2391
2319
2319
2246
2246
2101
2029
1884
1739
1594
1449
1377
1159
942
797
725
580
652
797
1014
1304
1594
1884
2029
2101
2174
2246
2319
2391
2464
2608
2898
2898
3043
3043
2898
2826
3043
2898
2898
2826
3043
3188
3478
3913
3985
3840
3623
3333
2681
2536
2608
2536
2319
2246
2246
2246
2319
2391
2464
2464
2536
2898
3405
3478
3550
3623
3695
3623
3768
3913
3840
3768
3695
3695
3623
3695
3623
3695
3840
3768
3695
3623
3550
3478
3405
3333
3188
3043
2826
2753
2681
2536
2464
2391
2319
2246
2101
2174
2174
2246
2391
2319
2246
2174
2319
2391
2464
2391
2101
2101
2174
2029
2029
2101
1956
1739
1739
1739
1594
1449
1377
1232
1014
1087
1087
1159
1449
1956
2029
2101
2391
2681
2608
2681
2753
2826
2826
2898
2898
3043
3043
3043
3043
3043
2898
2898
2898
2898
2898
2898
2898
2898
2898
2826
2753
2681
2536
2608
2464
2319
2391
2391
2536
2464
2536
2536
2464
2464
2391
2319
2246
2029
1956
1739
1449
1377
1232
1087
942
869
797
725
725
725
652
725
725
725
797
869
942
1232
1594
1739
1884
1739
1594
1594
1449
1377
1232
1232
1232
1159
1087
1232
1232
1087
942
797
725
797
725
797
942
1014
1159
1377
1377
1377
1304
1232
1159
1087
942
869
869
797
725
725
797
869
942
869
1014
1087
1087
1304
1594
1739
1884
2029
1956
1884
1956
1884
1884
1739
1739
1594
1594
1594
1594
1594
1739
2029
1956
1884
1956
2029
2101
2174
2246
2174
2319
2391
2464
2536
2608
2681
2246
1884
1884
1739
1884
2029
1956
1956
1884
1884
1739
1739
1739
1739
1739
1739
1594
1594
1594
1594
1594
1449
1449
1449
1449
1594
1739
1884
2029
2101
2029
2174
2319
2246
2319
2246
2319
2101
1884
2029
2174
2101
2174
2174
2174
2174
2101
2029
1884
1594
1449
1232
1304
1087
1159
1304
1449
1449
1594
1739
1884
1956
2029
2101
1739
1232
942
869
797
725
725
797
725
725
652
580
652
725
725
725
869
1159
1304
1377
1377
1377
1377
1232
1014
869
797
725
725
725
725
725
725
797
725
652
580
507
435
362
435
580
580
580
580
580
652
797
942
1232
1594
1739
1884
1956
2029
1884
1956
1956
1884
2029
2101
2174
2174
2391
2681
2898
3043
3188
3188
3333
3478
3623
3623
3695
3623
3550
3478
3550
3478
3405
3405
3333
3333
3188
3043
2826
2898
2898
3043
3188
3405
3623
3768
3840
3768
3623
3333
2898
2753
2826
2826
2826
2826
2898
3043
3188
3333
3043
2464
2246
2319
2536
2753
2898
2898
2753
3043
2898
2898
2753
2391
2319
2246
1884
1956
2029
2101
2174
2319
2391
2246
2174
2101
2029
2174
2681
2608
2681
2733
2877
2877
2877
3021
2805
2589
2373
2086
1726
1582
1726
1582
1582
1582
1870
2014
1726
1582
1582
1726
2014
1942
1942
2086
2014
2086
2158
2158
2230
2086
2014
1870
1870
1726
1582
1438
1726
1582
1438
1438
1438
1438
1295
1582
1582
1582
1582
1726
1582
1582
1438
1438
1582
1438
1223
1079
1007
935
1007
1151
1367
1367
1367
1295
1223
1151
1079
1007
935
791
791
863
935
863
791
791
791
791
719
647
575
503
503
503
432
575
503
575
575
647
647
647
719
719
647
719
791
863
1007
1223
1438
1726
2014
2086
2230
2373
2302
2302
2230
2158
2086
2014
2086
2014
2014
1942
1870
1870
1942
2014
2014
2086
2014
1726
1870
1726
1870
1870
2086
2158
2230
2373
2445
2661
2805
2877
2877
2877
2877
3021
2877
2877
2805
2877
2805
2877
3021
3021
3165
3165
3308
3308
3308
3308
3165
3308
3165
3021
2805
2877
2877
2877
2877
2877
2877
2805
2733
2805
2805
3021
3021
3165
3308
3380
3524
3452
3452
3308
3165
3308
3308
3308
3308
3165
3021
2877
2877
2877
3021
3021
2877
2877
2805
2805
2805
2877
3021
2877
2805
2733
2733
2589
2373
2302
2230
2086
1870
1582
1438
1367
1295
1079
863
791
719
719
719
719
719
719
863
1007
1151
1295
1367
1295
1223
1151
1007
863
863
791
719
719
647
575
432
432
503
575
647
647
719
791
1007
1223
1367
1726
2014
2086
2086
1942
1726
1582
863
719
1007
863
791
719
719
791
719
791
863
935
935
1007
1079
1151
1295
1367
1438
1438
1367
1295
1223
1079
863
791
791
791
719
647
503
432
503
575
575
647
647
647
719
719
647
791
935
863
719
647
575
575
503
503
503
432
432
432
360
432
503
503
575
575
575
647
647
647
791
719
719
719
719
791
791
719
719
719
719
719
575
503
432
360
432
503
575
575
647
647
647
719
1079
1151
1079
935
1007
1295
1223
1079
935
1079
1079
935
791
719
647
575
647
719
791
1079
1295
1438
1582
1582
1582
1726
1726
1582
1582
1582
1582
1726
1582
1582
1582
1582
1438
1438
1438
1367
1438
1438
1295
1367
1438
1726
1870
1870
1726
1726
1726
1870
1870
1942
1870
1726
1582
1582
1438
1438
1367
1438
1438
1295
1007
935
863
935
1079
1151
1223
1295
1367
1295
1367
1295
1223
1151
1079
863
791
719
719
647
647
575
503
432
360
432
575
575
575
575
647
575
647
647
791
935
1007
1079
1151
1007
863
791
719
719
575
503
503
575
575
647
719
719
791
791
719
719
719
791
719
647
503
432
432
432
360
360
360
360
288
288
288
288
288
288
360
503
647
719
791
863
935
1007
863
791
719
719
719
791
719
647
503
432
360
288
216
144
144
216
288
360
575
719
719
719
719
719
719
719
719
647
575
575
647
647
719
719
719
719
719
719
719
719
719
791
863
863
791
719
719
719
719
719
647
719
719
719
719
647
575
503
360
288
216
144
144
216
288
360
360
432
503
575
647
647
575
503
432
503
575
647
575
432
360
288
288
216
216
288
216
360
575
791
1007
1223
1367
1295
1079
1079
1151
935
863
791
791
863
863
935
863
791
719
719
647
575
647
719
719
791
863
935
1007
1079
1079
1007
935
935
935
863
863
791
791
719
791
791
791
719
719
791
791
791
791
863
935
1151
1295
1582
1726
2014
2086
2158
2158
2230
2302
2445
2373
2445
2517
2733
2661
2805
2733
2733
2661
2589
2733
2661
2733
2805
3021
3165
3021
3021
3021
3021
3165
3165
3021
3021
3165
3165
3021
2877
2805
2661
2373
2445
2517
2733
2805
2805
2805
2805
3021
3021
3021
3021
3165
3021
2877
2805
2661
2589
2445
2230
2158
2086
2086
1870
1582
1582
1367
1438
1438
1582
1582
1726
1726
1726
1582
1726
1870
1870
1870
1726
1582
1582
1438
1367
1223
935
863
719
719
647
503
503
575
575
647
719
791
863
791
935
1151
1223
1151
1223
1079
863
719
575
432
360
288
216
216
144
144
144
216
288
360
360
432
503
503
575
647
719
1079
1367
1295
1079
1007
935
863
791
791
791
719
863
791
719
719
719
863
935
1007
863
791
791
719
719
719
647
719
719
719
719
719
647
575
503
503
432
432
503
575
647
719
647
503
719
647
647
647
575
647
647
647
647
647
503
432
360
360
360
288
360
432
503
575
647
647
647
575
647
719
791
719
647
719
647
647
575
503
432
432
360
360
288
360
288
288
288
288
360
432
575
719
719
863
935
863
647
503
432
360
360
288
288
288
216
216
144
144
144
144
216
288
360
503
647
719
863
1079
1295
1438
1582
1582
1582
1438
1438
1582
1582
1582
1726
1726
1582
1582
1582
1582
1726
1870
2014
2158
2733
2805
3021
3308
3524
3452
3524
3452
3524
3452
3380
3452
3308
3165
3021
2805
3165
3308
3308
3165
3021
3021
3021
3165
3308
3452
3596
3380
3308
3308
3165
3021
3165
3165
2877
2805
2661
2877
3021
3021
3165
3165
3165
3308
3308
3524
3452
3380
3452
3812
3740
3668
3596
3452
3165
2733
2517
2445
2302
2230
2230
2230
2230
2230
2230
2230
2158
2158
2158
2158
1942
2014
2086
2302
2661
2589
2517
2661
2733
2517
2302
2230
2158
2158
2158
2158
2086
1942
1870
1726
1438
1367
1367
1438
1582
1870
1942
2086
2158
2158
2086
2014
1870
1582
1582
1438
1367
1223
1079
1079
1079
1079
1079
1079
1007
935
863
791
863
1007
1079
1151
1223
1079
935
1079
1079
1079
1007
935
863
791
719
647
432
360
288
216
144
144
216
360
432
575
647
719
791
1079
1079
1223
1438
1870
2014
2014
1726
1367
1367
1438
1582
1438
1582
1870
2014
2158
2230
2373
2517
2589
2733
2661
2589
2445
2086
2014
1726
1726
1726
1582
1582
1367
1295
1223
1079
1079
1151
1223
1223
1079
1223
1295
1367
1582
1582
1582
1438
1438
1367
1438
1367
1295
1151
1007
935
1007
1151
1223
1223
1223
935
1079
1295
1367
1367
1438
1438
1438
1438
1438
1367
1367
1295
1367
1295
1151
1223
1151
1295
1367
1367
1438
1582
1726
1870
2014
2086
2230
2373
2589
2445
2661
3021
3021
2877
2805
2733
2661
2517
2302
2158
2014
2086
2086
2014
2014
1942
1726
1582
1582
1582
1438
1438
1438
1367
1438
1438
1438
1438
1438
1367
1582
1726
1870
1942
1870
1582
1582
1367
1223
935
719
719
647
647
647
647
719
719
719
863
1007
1079
1079
1079
1079
1151
1079
863
791
791
791
719
719
647
647
575
503
575
647
719
719
791
863
935
1007
1151
1367
1295
1367
1367
1367
1367
1367
1438
1582
1438
1367
1223
1151
1079
1079
1151
1151
1223
1295
1295
1295
1367
1295
1151
1079
1079
1007
1079
1079
1151
1223
935
863
791
791
719
647
575
647
647
719
719
719
791
863
1079
1295
1582
1942
2230
2302
2445
2445
2302
2086
1942
1870
1870
1726
1582
1438
1295
1223
1367
1295
1295
1295
1223
1295
1438
1726
2014
2445
2877
3021
2877
2589
2373
2230
2158
2014
1870
1582
1582
1295
935
791
719
647
568
568
639
639
639
710
710
781
710
710
781
710
710
710
639
710
568
497
497
426
355
213
142
142
213
355
568
710
994
1279
1705
2060
2131
2131
2131
2060
1989
1918
1705
1705
1563
1563
1563
1563
1563
1563
1279
1137
1065
852
1065
1137
1350
1563
1847
1847
1918
1847
1847
1918
1847
1705
1563
1563
1563
1563
1705
1705
1563
1563
1421
1421
1563
1563
1563
1705
1705
1847
1989
2060
1989
1989
1918
1847
1705
1705
1563
1563
1421
1350
1137
852
781
710
639
568
426
497
497
568
639
639
710
710
710
710
710
639
639
568
639
710
781
781
710
710
710
710
852
923
923
923
852
923
923
1137
1421
1563
1847
1847
1705
1705
1563
1563
1350
1279
1208
1137
1065
994
923
852
852
1065
1279
1350
1421
1563
1918
2415
2415
2344
2273
2202
2131
2060
2202
2273
1918
1989
1918
1847
1847
1989
1847
1918
2131
2273
2131
2202
2060
2131
2273
2131
2060
1847
1989
2131
2131
2060
2131
2202
2273
2131
1989
1847
1705
1563
1847
1705
1563
1421
1563
1705
1705
1989
2060
1989
2060
1563
1563
1421
1705
1563
1705
1705
1705
1705
1705
1705
1563
1847
1563
1563
1421
1563
1847
2060
2131
2415
2486
2273
2202
1847
1421
1137
923
852
781
710
639
639
639
639
639
639
639
710
710
710
781
852
852
852
852
923
1065
923
852
781
710
710
639
639
639
568
497
426
284
284
142
213
213
284
284
355
426
568
781
1065
1421
1563
1847
2060
1847
1705
1847
1705
1847
1705
1705
1563
1563
1563
1705
1705
1563
1705
1847
1705
1989
2131
2202
2486
2699
2841
2841
2841
2557
2415
2273
2273
2202
2273
2344
2131
2131
2273
2202
2273
2344
2273
2273
2486
2557
2699
2770
2983
2841
2841
2628
2770
2699
2486
2415
2486
2486
2344
2273
2202
1989
1989
1705
1421
1392
1392
1392
1279
1392
1563
1847
2060
2273
2344
2486
2557
2486
2415
2415
2344
2273
2202
2060
1989
1989
1918
1847
1847
1563
1421
1350
1350
1563
1563
1705
1918
2060
2131
2131
2202
2273
2273
2060
1989
1847
1705
1563
1563
1350
1137
923
852
781
710
710
710
639
639
710
781
923
1065
1279
1279
1065
923
1065
1279
1350
1065
781
710
710
639
639
568
710
852
781
710
852
1065
1350
1421
1705
1421
1208
994
1065
852
1065
1065
781
852
852
781
710
710
710
710
710
710
710
710
852
1065
1279
1065
923
710
710
852
852
852
1137
781
781
639
710
710
568
852
355
284
284
355
284
355
426
568
639
710
781
852
852
781
710
639
639
568
426
355
284
426
355
355
426
497
568
710
781
781
852
852
994
994
1137
1279
994
923
852
852
781
710
710
710
710
639
568
497
426
355
426
639
710
852
781
781
781
710
781
781
781
781
710
710
639
639
710
639
639
639
639
568
710
781
852
923
994
1065
1279
1350
1421
1563
1563
1350
1421
1421
1350
1350
1279
1137
852
852
781
710
710
568
568
497
710
852
923
994
994
994
923
852
781
710
781
710
710
710
710
568
568
497
568
639
568
426
284
213
142
213
284
497
639
568
639
639
639
710
639
639
568
639
639
710
781
852
781
781
710
639
568
568
497
568
710
852
1137
1705
1989
2131
2273
2202
2131
2131
1847
1918
1847
1918
1918
1989
1989
2060
2060
1989
1918
1847
1989
2131
2202
2344
2557
2699
2770
2841
2983
2770
2770
2770
2557
2486
2486
2415
2202
2202
2131
2131
2202
2202
2202
2131
2131
2131
2131
2131
2202
2415
2628
2699
2770
2841
2770
2770
2699
2557
2628
2770
2699
2557
2415
2273
2131
2131
1989
1705
1705
1563
1563
1563
1563
1563
1705
1705
1705
1421
1421
1279
923
852
781
568
497
426
497
497
426
284
213
213
213
284
355
426
568
710
781
994
1279
1563
1705
1847
1563
923
710
710
639
568
497
497
426
355
355
284
355
426
497
568
497
639
781
1137
1350
1563
1421
1350
1137
1137
1065
923
852
1065
852
781
710
639
568
497
426
355
426
497
568
568
639
639
639
639
710
781
781
781
781
852
781
781
710
710
710
710
639
639
710
781
852
923
923
923
923
994
852
852
1065
994
1350
1350
1350
1350
1137
923
852
781
781
710
568
710
710
781
852
994
1279
1421
1705
1279
1137
1065
781
781
1208
1208
1208
1350
1065
923
852
852
710
710
426
355
284
355
568
639
781
852
1279
1421
1350
781
994
781
639
568
497
426
497
497
497
568
568
568
639
639
639
639
710
710
781
852
1421
1563
1847
2131
2060
1705
1563
1421
1421
1421
1350
1279
1563
1421
1421
1279
1350
1563
1563
1705
1847
1918
1989
2060
2131
2202
2131
2060
1847
1563
1421
1350
1350
1279
1137
1065
1065
1065
994
923
781
639
497
497
568
639
710
710
781
852
923
852
781
781
781
781
710
639
639
639
639
639
639
568
497
568
568
639
639
639
639
639
639
710
710
710
781
781
781
852
994
1065
1279
1208
1065
994
1065
923
852
994
923
1421
1847
2131
2273
2415
2273
2131
1847
1563
1847
1918
2202
2486
2557
2699
2699
2770
2770
2699
2557
2273
1989
1847
1847
1847
1705
1705
1563
1421
1279
1350
1421
923
852
852
852
994
1137
1208
1065
1208
1137
1065
923
781
852
852
1065
1350
1563
1421
1705
1847
1989
2131
2273
2415
2131
1847
1705
1705
1847
1847
1705
1847
1847
1705
1563
1563
1705
1847
2060
1989
2131
2415
2273
2273
2557
2699
2486
2273
2202
2486
2557
2486
2486
2557
2628
2486
2415
2344
2273
2273
2273
2486
2557
2628
2841
2841
2983
3125
3125
3125
3268
3268
3410
3268
3268
3125
2841
2841
2983
2770
2770
2557
2841
2841
3125
3125
3268
2983
2841
2841
2699
2557
2486
2202
2131
1847
1705
1563
1563
1421
1350
1279
1208
1137
1065
923
852
852
781
852
781
710
710
781
852
852
923
923
994
994
923
923
852
994
994
923
710
710
568
497
426
355
355
497
568
639
568
639
639
710
710
710
639
568
497
426
497
639
639
568
568
568
497
497
497
497
568
639
710
781
852
923
994
1137
1279
1563
1847
1847
1847
2060
1847
1989
2131
1847
1563
1563
1563
1705
1563
1350
1350
1350
1421
1563
1847
1989
2060
1989
1918
1705
1563
1847
1989
1918
1705
1705
1847
2060
2131
2273
2557
2770
2699
2628
2557
2415
2699
2841
3125
3410
3623
3836
3765
3552
3410
3125
2770
2983
2983
3125
2983
2983
2841
2770
2983
3125
2983
2983
3125
3339
3623
3694
3765
3907
3978
4191
3907
3623
3410
3125
2770
2557
2486
2415
2202
2273
2131
2060
2060
2060
1989
1847
1989
2131
2344
2415
2628
2983
3268
3125
2983
2841
2770
2486
2273
2202
2202
2131
2131
2060
1847
1918
1847
1847
1705
1705
1705
1705
1847
1847
1847
1705
1705
1847
1847
1918
1847
1563
1563
1705
1705
1563
1563
1350
1208
1065
923
781
852
923
994
923
923
852
781
781
710
710
710
710
781
781
781
781
781
710
781
994
1137
1279
1350
1563
1563
1563
1421
1421
1563
1563
1705
1847
1989
2131
2344
2273
2344
2557
2486
2415
2486
2557
2415
2273
2131
2131
1918
1989
1705
1421
1137
994
1279
1421
1705
1918
2131
2202
2273
2557
2273
1989
1705
1563
1563
1421
1421
1279
923
1065
1208
1350
1350
1421
1350
1279
1065
1421
1421
1705
1705
1847
2060
2131
1989
1705
1421
1137
994
1065
852
781
710
781
852
781
781
710
639
639
639
710
710
994
1279
1563
1847
2060
2131
2273
2344
2415
2273
2273
2344
2486
2557
2344
2273
2344
2344
2273
2415
2344
2344
2273
2273
2273
2344
2415
2486
2557
2415
2202
2202
2131
1847
1847
1563
1563
1421
1350
1137
1065
923
852
781
710
639
639
710
710
710
710
781
1065
1279
1350
1421
1563
1563
1563
1563
1421
1421
1350
1137
923
852
781
639
568
497
426
497
568
568
639
710
994
1279
1350
1421
1563
1563
1421
1350
1137
923
852
781
710
568
497
355
426
355
426
497
568
639
639
710
781
1065
1350
1350
1421
1563
1563
1421
1350
1279
1137
994
852
923
923
852
710
639
639
639
710
710
710
923
1279
1705
2060
2202
2202
2131
2060
2060
1989
1705
1563
1421
1350
1279
1137
994
852
781
710
710
710
639
710
710
781
852
923
923
781
710
710
710
639
639
568
568
639
710
710
639
639
710
710
781
852
923
852
1137
1279
852
781
923
852
781
710
781
710
710
639
568
639
710
710
781
994
1065
1279
1350
1563
1705
1705
1705
1847
2060
1989
1847
1705
1705
1847
1847
1563
1705
1918
1705
1705
1705
1563
1563
1563
1563
1421
1563
1705
1847
1847
2131
2273
2202
2344
2131
2060
2131
2202
2202
2131
2273
2131
2060
1989
1918
1847
1563
1563
1563
1705
1847
1705
1847
2060
2131
2131
2131
2273
2131
2131
2202
2131
2131
2131
1989
1705
1563
1563
1350
1279
994
852
923
1208
1421
1563
1563
1563
1563
1563
1421
1421
1421
1137
994
1065
994
710
639
639
497
568
497
568
568
639
639
639
710
994
1421
1705
1989
2202
2131
2060
2131
2202
2131
2202
1918
1705
1421
1137
994
1065
1279
1350
1421
1563
1563
1847
2131
2344
2557
2770
2841
2770
2486
2415
2273
2202
2131
2202
2273
2202
2131
2060
1918
1989
1918
1918
2131
2131
2131
2415
2486
2415
2557
2628
2699
2557
2344
2273
2202
2202
2131
2060
1989
1989
1918
1989
2060
1847
1918
1705
1705
1705
1918
1847
1989
2060
2131
2202
2202
2344
2415
2486
2131
2202
2131
2202
1918
1847
1847
1847
1705
1705
1563
1563
1563
1563
1421
1421
1421
1279
1208
1137
1137
1065
1279
1350
1065
852
923
781
852
781
781
781
781
781
852
781
710
710
639
639
639
710
781
852
923
1208
1350
1421
1421
1279
1350
1350
1208
1279
1279
1350
1279
1137
1137
852
781
710
568
497
426
497
568
568
568
568
639
639
639
568
710
710
852
994
923
994
1208
1137
1421
1563
1421
1563
1421
1563
1563
1563
1705
1563
1705
1847
1847
1563
1421
1279
1350
1065
994
781
852
852
781
852
710
639
639
710
781
852
1137
1421
1705
1989
2273
2557
2770
2841
2841
2699
2557
2628
2699
2841
2699
2415
2273
2131
1989
1918
1989
2060
2131
2060
1989
2060
2273
2557
2770
2841
2770
2983
2841
2770
2557
2344
2202
2415
2202
2131
1989
1918
1705
1563
1705
1705
1563
1563
1279
1208
1208
1279
1279
1350
1279
1208
1279
1208
1065
852
710
639
568
568
568
497
497
497
426
355
355
355
426
497
568
568
497
568
568
639
710
639
710
639
639
710
639
710
710
710
781
852
852
781
781
781
852
852
923
852
852
781
923
1065
1208
1279
1350
1563
1421
1350
1350
1421
1421
1421
1421
1350
1279
1421
1421
1421
1421
1563
1705
1847
1989
2202
2202
2131
1989
2060
1989
1918
1705
1563
1563
1421
1350
1279
1137
1065
994
994
923
852
781
781
852
923
1065
1350
1421
1563
1705
1705
1847
1847
1989
2060
2060
2060
1989
1989
2131
2131
2202
2273
2202
2131
2202
2273
2344
2486
2557
2770
2841
2983
3125
3268
3125
3125
3125
3125
3339
3268
3125
3125
3339
3410
3268
3125
3125
2841
2770
2841
2983
2983
3125
3125
3125
3125
3268
2983
2841
2841
2841
2841
2841
2770
2699
2628
2557
2344
2202
1989
1918
1989
1847
1918
2060
2273
2557
2486
2557
2770
2841
2841
2770
2557
2273
2415
2699
2841
2983
3268
2983
3125
2983
3268
3268
3268
3268
3268
3552
3623
3694
3765
3623
3836
3765
3694
3694
3836
3765
3125
2841
2983
2983
2983
3125
3268
3481
3623
3694
3623
3694
3765
3694
3694
3765
3694
3836
3907
3836
3765
3552
3410
3125
2983
3125
3125
2983
2983
2983
2983
2983
2983
3125
2841
2770
2699
2628
2770
2841
2841
2841
2841
2983
2841
2841
2841
2841
2841
2770
2699
2699
2628
2557
2486
2415
2344
2202
1918
1705
1350
1065
1208
1279
1137
1065
1350
1421
1563
1563
1350
1208
1065
994
852
781
781
710
639
568
497
497
426
426
497
568
639
639
639
710
710
639
639
568
568
497
497
568
568
639
639
568
568
497
497
426
355
355
426
497
497
497
568
639
639
568
497
497
497
426
426
426
426
497
568
568
639
639
568
568
497
497
497
568
639
710
994
1065
1137
1350
1279
1137
639
639
639
639
568
568
639
639
639
568
568
568
568
568
639
639
639
639
639
639
710
923
1065
1137
1137
1065
852
781
710
568
426
355
284
284
355
355
426
497
568
639
639
710
710
710
710
710
781
781
781
781
781
710
639
639
639
639
639
710
710
710
710
781
852
923
852
852
923
1065
1279
1421
1563
1705
1989
2131
2273
2273
2202
2131
2202
2131
1989
1847
1705
1563
1705
1705
1847
1847
1847
1989
1918
1989
1918
1989
1705
1563
1563
1563
1350
1279
1350
1065
923
852
781
710
639
639
710
781
852
994
1065
1137
994
852
994
1065
994
923
852
781
710
710
710
710
639
710
781
710
710
710
781
852
852
852
994
1137
1421
1421
1421
1421
1350
1137
1065
1065
994
923
852
852
852
923
994
923
852
852
781
923
994
1065
1279
1208
1279
1350
1563
1421
1421
1563
1705
1918
2060
2131
2131
2060
1989
1918
1989
2202
2344
2628
2841
2841
2841
2770
2841
2983
2841
2841
2628
2770
2983
3125
3268
3268
3268
3268
3125
2983
3125
3125
2841
2983
3125
2983
3268
3125
2983
2983
2841
2841
2770
2841
2841
2841
2770
3125
2983
3125
2841
2841
2983
3125
2983
2841
2841
3125
3410
3481
3410
3552
3694
3836
3552
3268
2983
2699
2415
2273
2202
2131
2202
2060
2131
2202
2131
2060
1847
1705
1563
1563
1705
1705
1705
1563
1563
1563
1421
1279
1279
1065
1065
1065
994
923
1065
1065
994
923
852
781
781
781
781
639
639
710
710
710
781
852
994
852
1065
1137
1279
1350
1421
1563
1421
1350
1208
1279
1279
1350
1350
1350
1421
1421
1563
1563
1847
1989
2060
1847
1705
1705
1705
1563
1421
1563
1563
1421
1421
1563
1563
1705
1705
2131
2060
1989
1989
1918
2060
2202
2131
2415
2628
2557
2699
2770
2628
2344
2415
2344
2273
2273
2202
2131
2202
2202
2202
2131
2060
2131
1989
1918
1989
2273
2557
2486
2770
3125
3268
3410
3268
2983
2770
2699
2770
2841
2841
2983
3268
3268
3339
3410
3481
3410
3481
3552
3410
3552
3552
3623
3694
3765
3765
3481
3268
2841
2486
2131
1847
1563
1350
1279
1350
1279
1208
1065
923
710
639
497
568
497
568
639
639
710
639
568
497
568
568
568
497
426
497
568
639
710
781
852
852
923
994
923
1065
1350
1563
1563
1563
1563
1847
1847
1847
1563
1847
2060
2131
2202
2344
2415
2486
2415
2699
2557
2273
2202
2344
2415
2486
2557
2486
2557
2486
2770
3125
3125
2983
3268
3481
3623
3552
3694
3694
3623
3552
3481
3339
3125
2841
3125
3268
3125
3339
3410
3125
2983
2770
3125
3339
3623
3552
3339
3125
2699
2344
2060
1847
1563
1421
1421
1350
1208
1137
923
852
710
852
1065
1137
1350
1279
1208
923
781
781
710
639
710
852
1065
1137
1421
1705
1847
1918
2131
2273
2344
2273
2202
2202
2202
2273
2415
2486
2415
2344
2273
2131
2131
2202
2273
2415
2486
2557
2699
2770
2770
2770
2699
2628
2699
2770
2770
2841
2841
3125
3268
3410
3623
3623
3623
3552
3552
3481
3552
3268
3125
2983
3125
3268
3339
3410
3410
3268
3268
3125
3125
2983
3125
3125
2983
3268
3125
3125
2983
2628
2344
2273
2131
2060
1847
1563
1421
1137
852
710
639
568
497
426
497
568
568
497
568
852
923
852
781
852
781
781
1065
1350
1705
1918
2202
2415
2344
2415
2486
2344
2273
2202
2060
2131
2202
2131
2131
2131
2060
1989
2060
1989
2060
2131
2131
2202
2131
2060
2131
2202
2344
2557
2841
3125
3410
3623
3623
3765
3907
4120
4191
4262
4191
4120
4120
4191
4120
3907
3623
3339
3125
2770
2699
2699
2770
2770
2841
2983
2841
3125
3125
3410
3552
3836
4120
4262
4191
4049
3765
3481
3410
3125
2983
3125
3125
2983
2841
2557
2273
2415
2699
2770
2699
2628
2373
2302
2517
2770
3125
3125
2841
2557
2273
1989
1847
1705
1847
1847
1847
2131
1918
1847
1847
1705
1705
1563
1563
1563
1421
1563
1563
1847
1705
1563
1563
1563
1421
1421
1563
1563
1705
1705
1705
1705
1705
1705
1563
1563
1705
1705
1847
1705
1989
2273
2486
2770
2841
2841
2983
2983
2841
2699
2699
2415
2273
2131
1989
1847
1705
1563
1563
1705
1705
1705
1705
1705
1705
1705
1421
1421
1563
1279
1279
1350
1137
1065
852
781
710
710
710
710
710
710
639
568
568
568
568
568
568
639
639
639
639
710
852
923
1065
1208
1421
1421
1279
1421
1705
1705
1847
1847
2060
2060
1989
1989
1918
1563
1350
1421
1421
1421
1421
1421
1421
1350
1065
923
852
710
710
710
639
639
639
568
497
426
355
284
284
355
426
426
497
568
568
647
503
575
710
710
781
852
1137
1563
1989
2557
2628
2699
2628
2415
2486
2486
2486
2486
2557
2557
2841
2983
2445
3308
3524
3596
3552
3481
3410
3410
3410
3552
3552
3694
3694
3623
3623
3836
3836
3694
3694
3836
3907
3623
3481
3481
3552
3694
3481
3268
2983
2841
2841
2983
3268
3481
3552
3552
3552
3481
3410
3339
3339
3339
3339
3410
3481
3481
3481
3552
3552
3552
3552
3552
3552
3552
3552
3552
3552
3694
3836
3765
3694
3552
3552
3552
3552
3481
3339
3125
2841
2841
2841
2699
2628
2557
2628
2557
2486
2557
2699
2699
2486
2557
2557
2486
2486
2486
2273
2273
2344
2415
2557
2699
2699
2557
3125
3339
3410
3552
3694
3623
3552
3552
3552
3481
3481
3836
3978
3978
3978
3836
3907
3907
3978
3907
3907
3907
3978
4049
4120
4049
4049
3978
3452
3740
3956
3956
3956
3836
3694
3694
3694
3836
3978
3907
3836
3836
3836
3836
3836
3836
3765
3765
3765
3694
3694
3694
3907
3978
3978
4191
4120
4120
3907
3694
3623
3481
3410
3125
2841
2699
2557
2699
2699
2841
2841
2557
2486
2486
2628
2486
2557
2841
2841
2841
3125
3268
3268
3410
3410
3481
3552
3552
3623
3552
3552
3552
3552
3623
3623
3552
3552
3552
3552
3552
3552
3552
3765
4120
4262
4262
4546
4404
4262
4262
4120
3978
3907
3907
3907
3907
3907
3907
3907
3836
3836
3765
3694
3907
3978
3978
3907
3907
3907
3978
3978
3978
3978
3978
3907
3907
3907
3907
3907
3907
3623
3836
3765
3694
3694
3623
3623
3907
3765
3765
3694
3694
3623
3623
3694
3907
3765
3552
3552
3481
3410
3268
3268
3268
3268
3268
3125
3125
2841
2841
2770
2699
2699
2699
2557
2557
2557
2699
2699
2841
2983
2841
2770
2699
2628
2344
2273
2117
1847
1563
1563
1421
1421
1421
1350
1065
923
710
568
497
497
284
355
426
426
426
426
355
355
284
284
284
213
284
284
284
355
355
426
355
355
497
284
355
355
426
497
710
1065
1208
1421
1847
2060
2131
2131
2273
2202
2344
2344
2486
2486
2415
2131
1989
1989
2060
2060
2060
1989
1918
1847
1989
2060
2060
2131
2131
2131
1989
1705
1421
1350
1279
1279
994
923
710
639
497
426
284
213
213
355
568
639
639
639
639
568
497
426
355
284
284
213
284
284
284
213
284
284
213
213
284
284
355
355
355
426
497
497
497
568
568
639
568
568
497
426
426
355
426
497
426
355
355
355
284
216
213
142
142
142
142
213
213
213
213
213
213
213
213
213
213
284
284
284
284
213
142
142
142
213
213
213
213
213
142
213
213
284
284
284
355
355
284
284
284
213
213
213
284
284
213
213
213
142
142
142
213
213
213
213
213
284
355
426
497
568
568
497
497
426
497
426
426
426
355
355
355
284
284
355
355
426
497
497
497
497
568
568
426
284
213
284
213
213
213
213
284
213
213
213
213
213
284
213
213
213
284
355
355
355
355
426
639
781
852
852
923
994
994
994
923
852
781
781
710
710
781
852
923
994
1065
1065
1137
1065
994
923
852
710
710
639
568
568
568
497
426
355
355
284
355
355
355
355
426
639
710
852
852
923
1208
1279
1350
1421
1705
1705
1918
1847
1705
1563
1705
1563
1563
1421
1279
994
923
923
923
852
710
781
710
710
710
710
710
568
497
426
355
426
426
355
355
284
426
497
497
568
639
781
1065
1350
1705
1563
1563
1563
1705
1705
1847
1847
1705
1705
1705
1847
1989
2060
2060
2131
2060
2131
2060
1989
1989
1847
1421
1279
1421
1065
923
781
781
710
710
781
923
1137
923
923
923
923
1065
1421
1421
1279
923
923
781
781
781
852
781
781
852
852
781
781
710
781
852
852
994
1065
1065
1065
1065
1065
1065
1137
1208
1208
1208
1279
1563
1563
1563
1705
1705
1563
1563
1563
1705
1847
1847
2060
2131
2273
2486
2486
2557
2699
2770
2841
2841
2983
3125
3268
3268
3125
2983
2841
2770
2770
2770
2770
2841
2841
2699
2486
2557
2841
3125
3339
3481
3481
3268
3125
2841
2770
2699
2841
2983
2983
2983
2983
2983
2841
2557
2486
1705
1989
1847
1918
1918
1989
1989
1847
1847
1421
1137
1137
1137
1137
1208
1350
1421
1705
1421
1065
923
852
852
1065
1350
1421
1421
1421
1208
1350
1421
1421
1421
1563
1563
1563
1705
1705
1847
2060
2131
2202
2131
1847
1705
1705
1705
1705
1847
1989
2131
2415
2415
2344
1421
1421
1421
1847
1847
1847
1847
1918
1918
1918
1918
1847
1705
1563
1563
1563
1421
1705
1563
1421
1279
1279
1279
1208
1137
1065
1065
923
852
781
710
710
710
781
781
710
710
710
710
710
710
710
639
426
426
426
426
497
568
497
355
355
355
355
355
355
426
497
568
639
710
781
710
710
710
639
568
568
639
639
710
781
852
781
781
710
710
710
710
710
710
781
852
1065
1137
1208
1421
1421
1421
1421
1421
1421
1421
1421
1563
1705
1705
1705
1563
1563
1563
1563
1421
1421
1705
1847
1847
1918
1989
2060
2131
2131
2060
1847
1847
1918
1989
1989
1918
1847
1847
1705
1705
1847
1705
1421
1208
1137
1065
1065
994
923
852
852
781
781
781
710
710
710
710
781
710
710
710
710
710
710
710
634
634
634
634
727
727
727
727
873
800
727
727
727
655
582
582
582
582
582
582
582
509
509
436
364
436
411
411
480
480
480
480
548
617
548
548
548
548
548
548
548
548
617
685
617
685
685
685
685
754
891
891
1028
1096
1645
1645
1919
2056
2399
2399
2467
2467
2399
2467
2536
2536
2536
2467
2330
2399
2878
3015
3152
3358
3152
3152
3289
3426
3358
3358
3358
3358
3289
3426
3358
3221
3152
3015
3015
3152
3015
3015
2878
3015
3152
3289
3358
3358
3152
3152
3289
3289
3221
3152
3015
3015
3015
3015
3221
3564
3564
3632
3769
3495
3564
3564
3632
3769
3769
3769
3769
3701
3426
3152
3152
3152
3289
3289
3221
3221
3426
3289
3289
3289
3289
3426
3358
3221
3152
3015
3152
3015
3015
3152
3015
2878
2741
2604
2604
2604
2536
2399
2399
2330
2056
2056
1987
2056
2056
2056
2124
2193
2193
2124
1987
1919
2056
2399
2467
2467
2399
2467
2399
2741
2741
2673
2467
2399
2056
2193
2193
2124
2056
2056
2056
2193
2330
2330
2056
2056
2056
2056
2056
1987
1919
1919
2056
2399
2399
2193
2056
1987
1919
1987
1987
2056
2056
1987
1987
2056
2124
2124
2124
2056
1919
1919
1919
1919
1850
1850
1919
1987
1987
2056
2056
1919
1782
1782
1508
1371
1165
1096
1028
754
685
685
685
685
754
1028
1096
1234
1302
1371
1371
1371
1371
1302
1302
1302
1371
1508
1782
1782
1782
1645
1782
1919
1919
2056
2193
2330
2878
3152
3289
3358
3564
3426
3426
3426
3289
3152
3152
3152
3289
3564
3564
3769
3632
3769
3564
3426
3358
3358
3358
3358
3426
3701
3769
3769
3769
3838
3769
3769
3838
3769
3769
3838
3838
3838
3838
3838
3838
3769
3632
3564
3426
3289
3015
2741
2673
2673
2604
2467
2467
2604
2604
2673
2741
2604
2673
2673
2604
2741
3015
3221
3289
3426
3495
3426
3426
3426
3564
3495
3426
3426
3426
3358
3289
3289
3564
3495
3426
3289
3358
3221
3289
3221
3152
3152
3289
3289
3289
3289
3289
3221
3221
3152
3152
3152
3221
3289
3358
3426
3495
3152
3769
3769
3769
3564
3426
3358
3358
3358
3358
3426
3358
3289
3221
3152
3152
2741
2673
2467
2330
2193
2193
2330
2467
2536
2604
2604
2604
2536
2467
2467
2399
2193
2193
2330
2467
2467
2399
2193
2124
2193
2261
2261
2261
2330
2399
2399
2467
2536
2673
2741
2741
2741
