0
0
0
0
0
0
0
0
161
336
446
662
724
455
299
211
0
0
0
0
0
0
0
0
0
0
0
0
0
0
0
0
48
116
34
150
122
252
92
16
0
0
0
0
0
0
0
0
0
0
0
0
0
0
0
0
448
655
620
790
707
581
90
10
0
0
0
0
0
0
0
0
0
0
0
0
0
0
0
0
180
631
926
934
1078
695
807
510
0
0
0
0
0
0
0
0
0
0
0
0
0
0
0
0
12
158
184
194
100
144
76
38
0
0
0
0
0
0
0
0
0
0
0
0
0
0
0
0
176
382
679
593
645
530
408
350
0
0
0
0
0
0
0
0
0
0
0
0
0
0
0
0
166
521
473
657
411
174
326
42
0
0
0
0
0
0
0
0
0
0
0
0
0
0
0
0
167
108
130
118
228
238
120
16
0
0
0
0
0
0
0
0
0
0
0
0
0
0
0
0
58
310
160
108
158
441
146
94
0
0
0
0
0
0
0
0
0
0
0
0
0
0
0
0
189
385
494
498
558
397
86
50
0
0
0
0
0
0
0
0
0
0
0
0
0
0
0
0
194
304
688
1035
727
751
759
500
0
0
0
0
0
0
0
0
0
0
0
0
0
0
0
0
466
606
823
970
834
918
585
244
0
0
0
0
0
0
0
0
0
0
0
0
0
0
0
0
203
523
564
689
851
478
667
616
0
0
0
0
0
0
0
0
0
0
0
0
0
0
0
0
26
48
100
48
64
54
84
28
0
0
0
0
0
0
0
0
0
0
0
0
0
0
0
0
18
138
234
112
92
70
12
32
0
0
0
0
0
0
0
0
0
0
0
0
0
0
0
0
20
50
14
92
124
114
12
6
0
0
0
0
0
0
0
0
0
0
0
0
0
0
0
0
293
419
598
699
990
750
748
399
26
0
0
0
0
0
0
0
0
0
0
0
0
0
0
0
66
144
834
874
734
746
609
216
18
0
0
0
0
0
0
0
0
0
0
0
0
0
0
0
74
185
545
643
441
98
196
98
16
0
0
0
0
0
0
0
0
0
0
0
0
0
0
0
8
26
42
52
16
48
16
6
4
0
0
0
0
0
0
0
0
0
0
0
0
0
0
0
34
2
60
234
292
333
228
80
10
0
0
0
0
0
0
0
0
0
0
0
0
0
0
0
10
16
26
64
46
44
10
30
0
0
0
0
0
0
0
0
0
0
0
0
0
0
0
0
84
112
44
299
216
307
168
108
14
0
0
0
0
0
0
0
0
0
0
0
0
0
0
0
236
358
794
1017
768
947
773
608
95
0
0
0
0
0
0
0
0
0
0
0
0
0
0
0
186
385
522
578
421
569
360
314
26
0
0
0
0
0
0
0
0
0
0
0
0
0
0
0
317
707
889
1027
962
873
699
106
101
0
0
0
0
0
0
0
0
0
0
0
0
0
0
0
36
60
86
146
148
90
162
34
0
0
0
0
0
0
0
0
0
0
0
0
0
0
0
0
567
778
1059
1068
1045
1140
661
572
150
0
0
0
0
0
0
0
0
0
0
0
0
0
0
0
205
347
288
280
104
228
196
305
50
0
0
0
0
0
0
0
0
0
0
0
0
0
0
6
88
98
178
250
354
337
152
100
14
0
0
0
0
0
0
0
0
0
0
0
0
0
0
6
4
42
242
585
312
283
72
72
14
0
0
0
0
0
0
0
0
0
0
0
0
0
0
24
283
166
491
618
814
641
409
170
95
0
0
0
0
0
0
0
0
0
0
0
0
0
0
14
138
339
156
246
222
496
140
270
28
0
0
0
0
0
0
0
0
0
0
0
0
0
0
42
288
748
941
1046
985
918
788
565
103
0
0
0
0
0
0
0
0
0
0
0
0
0
0
10
120
246
683
678
831
988
821
677
118
0
0
0
0
0
0
0
0
0
0
0
0
0
0
22
225
239
432
1000
459
669
502
292
59
0
0
0
0
0
0
0
0
0
0
0
0
0
0
10
110
94
355
563
299
279
130
120
12
0
0
0
0
0
0
0
0
0
0
0
0
0
0
28
301
393
559
920
782
821
723
359
185
0
0
0
0
0
0
0
0
0
0
0
0
0
0
14
20
511
525
841
326
395
253
88
62
0
0
0
0
0
0
0
0
0
0
0
0
0
0
46
304
517
848
664
482
381
320
284
26
0
0
0
0
0
0
0
0
0
0
0
0
0
0
94
92
138
178
634
1019
993
755
367
40
0
0
0
0
0
0
0
0
0
0
0
0
0
0
117
519
769
1047
1085
1016
1027
690
704
364
0
0
0
0
0
0
0
0
0
0
0
0
0
0
4
22
78
98
156
192
240
158
70
10
0
0
0
0
0
0
0
0
0
0
0
0
0
0
2
32
38
52
80
48
64
6
22
14
0
0
0
0
0
0
0
0
0
0
0
0
0
0
28
44
208
354
392
328
278
230
207
12
0
0
0
0
0
0
0
0
0
0
0
0
0
0
80
142
578
759
784
381
556
689
424
84
0
0
0
0
0
0
0
0
0
0
0
0
0
0
134
185
329
385
292
1067
912
464
353
177
0
0
0
0
0
0
0
0
0
0
0
0
0
0
38
114
100
378
873
612
1164
686
348
203
0
0
0
0
0
0
0
0
0
0
0
0
0
0
183
363
593
1071
1175
1243
935
724
441
64
0
0
0
0
0
0
0
0
0
0
0
0
0
0
163
540
792
1134
1027
916
642
518
134
171
0
0
0
0
0
0
0
0
0
0
0
0
0
0
6
138
52
323
226
599
651
509
220
52
0
0
0
0
0
0
0
0
0
0
0
0
0
0
4
172
641
669
743
377
290
202
355
16
0
0
0
0
0
0
0
0
0
0
0
0
0
0
178
618
902
985
1119
1156
1052
872
669
364
0
0
0
0
0
0
0
0
0
0
0
0
0
0
42
168
319
655
673
851
639
216
52
171
0
0
0
0
0
0
0
0
0
0
0
0
0
0
60
309
591
1068
1110
1158
932
608
434
173
0
0
0
0
0
0
0
0
0
0
0
0
0
0
40
182
269
315
176
586
755
559
244
128
0
0
0
0
0
0
0
0
0
0
0
0
0
0
241
514
921
948
1123
1171
1060
870
657
204
0
0
0
0
0
0
0
0
0
0
0
0
0
0
70
88
565
816
826
726
734
667
225
22
6
0
0
0
0
0
0
0
0
0
0
0
0
0
219
556
582
270
284
632
523
634
464
231
22
0
0
0
0
0
0
0
0
0
0
0
0
0
143
199
485
753
916
915
774
709
460
235
16
0
0
0
0
0
0
0
0
0
0
0
0
0
164
335
826
762
932
818
671
378
391
226
28
0
0
0
0
0
0
0
0
0
0
0
0
0
139
160
749
990
692
525
496
360
385
261
24
0
0
0
0
0
0
0
0
0
0
0
0
0
32
411
781
539
421
657
317
266
174
38
16
0
0
0
0
0
0
0
0
0
0
0
0
0
337
572
802
986
1118
1198
1081
909
746
271
8
0
0
0
0
0
0
0
0
0
0
0
0
0
204
512
883
1010
1082
1086
1096
830
739
326
34
0
0
0
0
0
0
0
0
0
0
0
0
0
54
251
262
307
236
54
368
409
415
244
57
0
0
0
0
0
0
0
0
0
0
0
0
0
181
212
152
208
760
845
1244
668
295
251
44
0
0
0
0
0
0
0
0
0
0
0
0
12
124
384
589
350
543
487
339
216
92
50
34
0
0
0
0
0
0
0
0
0
0
0
0
2
14
384
168
661
738
982
646
648
414
136
63
0
0
0
0
0
0
0
0
0
0
0
0
10
20
226
307
424
321
204
535
633
463
315
90
0
0
0
0
0
0
0
0
0
0
0
0
4
100
475
661
388
939
669
238
86
198
146
12
0
0
0
0
0
0
0
0
0
0
0
0
26
245
489
720
1005
250
475
862
607
212
272
63
0
0
0
0
0
0
0
0
0
0
0
0
40
258
435
593
872
973
1118
1066
779
507
410
64
0
0
0
0
0
0
0
0
0
0
0
0
26
140
130
214
753
685
260
429
574
479
296
89
0
0
0
0
0
0
0
0
0
0
0
0
40
307
513
517
371
505
707
248
78
154
128
100
0
0
0
0
0
0
0
0
0
0
0
0
24
24
180
244
353
292
483
478
761
592
150
24
0
0
0
0
0
0
0
0
0
0
0
0
78
308
671
960
836
925
1042
619
770
510
179
54
0
0
0
0
0
0
0
0
0
0
0
0
8
42
152
264
192
110
208
156
118
58
14
18
0
0
0
0
0
0
0
0
0
0
0
0
36
90
409
383
842
746
759
292
428
265
68
4
0
0
0
0
0
0
0
0
0
0
0
0
69
249
663
841
960
1046
1174
1032
815
566
330
124
0
0
0
0
0
0
0
0
0
0
0
0
53
254
160
190
250
352
242
626
294
212
92
24
0
0
0
0
0
0
0
0
0
0
0
0
52
244
256
190
182
124
190
278
234
132
68
52
0
0
0
0
0
0
0
0
0
0
0
0
36
138
394
306
644
357
697
339
352
164
162
44
0
0
0
0
0
0
0
0
0
0
0
0
42
34
158
306
396
528
573
923
702
487
247
136
0
0
0
0
0
0
0
0
0
0
0
0
81
335
398
685
942
966
1094
910
835
779
391
120
0
0
0
0
0
0
0
0
0
0
0
0
77
224
510
466
403
1090
942
232
557
462
120
38
0
0
0
0
0
0
0
0
0
0
0
0
115
455
700
969
1133
1186
1198
1112
979
761
379
127
0
0
0
0
0
0
0
0
0
0
0
0
60
351
628
868
1042
1246
1161
1176
959
705
428
155
0
0
0
0
0
0
0
0
0
0
0
0
142
426
647
978
1146
1202
1187
1097
926
722
439
107
0
0
0
0
0
0
0
0
0
0
0
0
144
424
704
923
1146
1242
1209
1243
903
650
362
124
0
0
0
0
0
0
0
0
0
0
0
0
138
435
684
926
1154
1202
1250
1113
964
713
445
146
0
0
0
0
0
0
0
0
0
0
0
0
116
403
711
963
1090
1076
1075
1095
990
683
443
151
0
0
0
0
0
0
0
0
0
0
0
0
145
366
679
847
1059
1160
1077
994
802
590
291
139
0
0
0
0
0
0
0
0
0
0
0
0
172
348
678
957
1130
873
868
786
545
406
308
94
0
0
0
0
0
0
0
0
0
0
0
0
115
362
501
640
983
847
1102
1040
1018
656
488
164
0
0
0
0
0
0
0
0
0
0
0
0
158
380
669
902
1020
1093
1185
1185
970
721
387
182
0
0
0
0
0
0
0
0
0
0
0
0
20
162
260
347
453
262
236
230
298
142
188
46
0
0
0
0
0
0
0
0
0
0
0
0
56
180
22
114
397
404
244
406
186
196
214
84
0
0
0
0
0
0
0
0
0
0
0
0
66
314
401
232
24
387
448
689
648
662
403
155
0
0
0
0
0
0
0
0
0
0
0
18
184
190
381
780
1106
1076
1112
629
649
406
288
68
0
0
0
0
0
0
0
0
0
0
0
28
172
386
476
798
1112
1108
1311
1048
855
488
390
142
0
0
0
0
0
0
0
0
0
0
0
20
184
425
676
1115
1139
1126
1115
1059
754
552
286
88
0
0
0
0
0
0
0
0
0
0
0
32
192
418
425
657
943
1185
1273
1164
978
705
482
166
26
0
0
0
0
0
0
0
0
0
0
28
182
480
754
999
1175
1282
1293
1136
912
682
431
158
28
0
0
0
0
0
0
0
0
0
0
18
200
346
606
869
758
1045
1076
745
651
526
360
163
20
0
0
0
0
0
0
0
0
0
0
24
68
170
120
270
307
138
273
525
256
70
162
86
18
0
0
0
0
0
0
0
0
0
0
6
38
198
226
361
332
344
146
218
316
40
12
20
0
0
0
0
0
0
0
0
0
0
0
6
70
102
378
388
331
488
325
393
321
264
247
133
14
0
0
0
0
0
0
0
0
0
0
42
225
316
579
915
916
771
1058
1080
870
674
420
162
32
0
0
0
0
0
0
0
0
0
0
20
152
477
685
518
645
566
660
770
798
427
240
198
36
0
0
0
0
0
0
0
0
0
0
22
203
486
644
808
1057
1310
1032
819
339
547
428
173
40
0
0
0
0
0
0
0
0
0
0
38
181
449
751
953
1121
1264
1315
1101
964
714
446
175
30
0
0
0
0
0
0
0
0
0
0
4
8
220
398
819
907
457
519
1088
874
679
329
98
10
0
0
0
0
0
0
0
0
0
0
2
70
301
531
603
1141
1067
728
1013
838
284
40
74
0
0
0
0
0
0
0
0
0
0
0
46
211
489
756
1025
1194
1284
1274
1166
1003
694
411
188
44
0
0
0
0
0
0
0
0
0
0
24
181
453
763
1048
1195
1295
1284
1188
936
694
437
181
42
0
0
0
0
0
0
0
0
0
0
56
241
441
505
858
1078
1152
859
802
817
567
178
142
10
0
0
0
0
0
0
0
0
0
0
6
222
495
669
808
638
1068
1095
572
958
435
140
110
36
0
0
0
0
0
0
0
0
0
0
56
247
584
763
839
866
1058
923
892
910
767
458
193
50
0
0
0
0
0
0
0
0
0
0
64
186
482
721
777
943
553
356
720
212
362
403
128
38
0
0
0
0
0
0
0
0
0
0
60
237
548
768
1032
1210
1299
1303
1136
973
744
434
197
44
0
0
0
0
0
0
0
0
0
0
28
164
160
544
822
809
1185
891
647
583
608
372
164
58
0
0
0
0
0
0
0
0
0
0
54
146
110
333
755
755
880
834
520
648
522
358
160
58
0
0
0
0
0
0
0
0
0
0
70
249
485
772
977
1151
1299
1268
1194
942
705
487
203
56
0
0
0
0
0
0
0
0
0
0
84
253
516
794
991
1157
1221
1215
1126
1005
728
441
219
46
0
0
0
0
0
0
0
0
0
0
18
62
273
332
444
748
551
186
22
258
644
330
132
44
0
0
0
0
0
0
0
0
0
0
86
264
471
459
832
957
1079
1107
937
248
222
396
209
54
0
0
0
0
0
0
0
0
0
0
80
257
514
579
482
991
694
573
1004
860
559
267
94
16
0
0
0
0
0
0
0
0
0
0
80
261
521
795
1026
1149
1214
1275
1162
927
679
457
199
64
0
0
0
0
0
0
0
0
0
0
82
265
527
779
1010
1141
1256
1205
1111
891
728
461
205
66
0
0
0
0
0
0
0
0
0
0
86
278
532
767
1007
1170
1289
1289
1126
947
682
456
193
48
0
0
0
0
0
0
0
0
0
0
74
263
512
781
1028
1203
1297
1270
1159
974
727
487
208
62
0
0
0
0
0
0
0
0
0
0
34
100
308
552
322
491
468
434
494
363
252
182
166
20
0
0
0
0
0
0
0
0
0
0
78
299
519
712
887
1090
872
445
796
674
293
313
90
60
0
0
0
0
0
0
0
0
0
0
116
170
540
513
530
793
1019
659
844
795
708
395
199
62
0
0
0
0
0
0
0
0
0
0
96
284
538
799
1057
1149
1245
1251
1189
1028
722
493
239
58
0
0
0
0
0
0
0
0
0
0
92
100
341
509
1013
1170
1220
1289
1111
918
742
399
187
24
0
0
0
0
0
0
0
0
0
0
98
283
494
718
741
1024
1122
1215
1211
703
441
447
160
42
0
0
0
0
0
0
0
0
0
20
102
217
571
759
897
985
1200
1208
1135
1016
722
401
239
80
0
0
0
0
0
0
0
0
0
24
78
298
557
802
886
1151
1172
1212
1120
930
718
494
229
94
0
0
0
0
0
0
0
0
0
8
52
164
399
703
960
1051
1129
1119
1061
939
725
493
240
82
0
0
0
0
0
0
0
0
0
8
8
134
10
301
452
380
639
617
618
715
380
313
200
70
0
0
0
0
0
0
0
0
0
16
88
287
402
602
771
1006
1143
891
644
732
640
502
195
56
0
0
0
0
0
0
0
0
0
24
104
233
260
577
738
891
715
632
849
591
399
449
239
74
0
0
0
0
0
0
0
0
0
30
88
291
530
789
974
1138
1265
1234
1082
961
738
497
239
88
0
0
0
0
0
0
0
0
0
22
96
104
389
602
823
876
875
508
255
462
737
148
152
76
0
0
0
0
0
0
0
0
0
32
106
303
538
787
986
1172
1202
1253
1175
954
731
498
247
86
0
0
0
0
0
0
0
0
0
16
96
178
431
476
903
1047
1164
1321
1016
845
289
309
166
88
0
0
0
0
0
0
0
0
0
30
116
297
321
693
752
443
1031
489
716
834
766
456
266
98
0
0
0
0
0
0
0
0
0
32
90
305
561
769
1039
1171
1229
1254
1160
974
761
491
240
82
0
0
0
0
0
0
0
0
0
10
116
208
104
266
286
523
694
341
782
691
731
389
269
82
0
0
0
0
0
0
0
0
0
4
36
295
262
354
236
236
846
1164
651
739
412
252
122
74
0
0
0
0
0
0
0
0
0
28
96
289
551
777
1018
1179
1224
1268
1171
975
778
499
203
86
0
0
0
0
0
0
0
0
0
24
60
238
472
620
345
798
1030
585
613
365
226
328
207
82
0
0
0
0
0
0
0
0
0
36
94
250
486
727
830
1142
1047
714
503
345
480
224
194
98
14
0
0
0
0
0
0
0
0
38
110
263
551
784
978
870
788
819
968
702
708
427
229
96
14
0
0
0
0
0
0
0
0
32
92
282
520
791
1029
1174
1255
1263
1150
1009
751
493
204
86
22
0
0
0
0
0
0
0
0
38
114
302
520
782
991
1140
1213
1213
1114
933
748
494
268
78
20
0
0
0
0
0
0
0
0
28
92
291
536
795
1019
1188
1251
1188
1147
951
737
470
261
100
24
0
0
0
0
0
0
0
0
38
104
307
568
768
870
1145
1193
1145
1017
810
735
533
213
104
14
0
0
0
0
0
0
0
0
26
96
232
397
481
648
696
520
283
390
398
511
493
221
72
12
0
0
0
0
0
0
0
0
30
102
243
334
641
564
654
439
676
815
675
751
535
166
24
14
0
0
0
0
0
0
0
0
24
68
264
498
476
621
609
650
963
540
373
535
386
231
104
24
0
0
0
0
0
0
0
0
34
124
254
538
760
978
1135
1218
1213
1131
937
724
506
216
78
18
0
0
0
0
0
0
0
0
36
102
291
560
773
950
1124
1190
1179
1114
963
756
520
279
102
30
0
0
0
0
0
0
0
0
22
86
263
475
731
767
952
1073
980
837
804
665
505
286
82
28
0
0
0
0
0
0
0
0
4
12
225
445
281
166
384
422
780
1079
894
575
303
120
48
12
0
0
0
0
0
0
0
0
8
84
158
449
686
970
1133
1201
1110
995
902
769
513
279
106
28
0
0
0
0
0
0
0
0
30
102
302
548
708
989
1152
1190
1211
1119
948
723
540
285
100
24
0
0
0
0
0
0
0
0
38
116
312
515
776
859
1206
1280
1181
839
885
727
469
88
98
10
0
0
0
0
0
0
0
0
38
120
241
527
748
955
1132
1174
1164
1104
958
741
515
244
112
12
0
0
0
0
0
0
0
0
38
104
291
547
752
980
1118
1188
1243
1190
976
738
517
277
104
22
0
0
0
0
0
0
0
0
34
6
110
387
421
896
965
1077
1235
1002
722
693
322
226
56
22
0
0
0
0
0
0
0
0
6
92
323
475
412
771
892
1025
881
737
448
232
288
176
108
20
0
0
0
0
0
0
0
0
8
78
246
506
420
494
845
1191
1161
1062
947
757
525
290
110
34
0
0
0
0
0
0
0
0
14
40
110
184
118
814
1153
1026
748
951
952
758
403
297
124
10
0
0
0
0
0
0
0
0
4
62
14
30
443
660
1153
1309
768
838
763
591
389
249
88
12
0
0
0
0
0
0
0
0
34
114
304
482
485
583
447
525
610
608
471
318
70
24
72
18
0
0
0
0
0
0
0
0
20
112
300
529
763
970
1205
1227
1210
1130
970
755
522
287
104
28
0
0
0
0
0
0
0
0
36
102
238
498
774
977
1156
1274
1260
1150
993
761
492
283
112
34
0
0
0
0
0
0
0
0
28
108
287
517
732
943
1085
1221
1186
1123
912
732
528
291
90
22
0
0
0
0
0
0
0
0
30
100
285
472
679
975
1153
1195
1118
1048
651
701
409
240
114
34
0
0
0
0
0
0
0
0
8
10
136
289
385
463
732
468
629
290
463
347
305
90
14
8
0
0
0
0
0
0
0
0
30
104
287
535
767
994
1156
1190
1185
1198
964
742
507
275
94
16
0
0
0
0
0
0
0
0
10
86
282
538
726
854
872
904
1152
1095
966
756
531
273
90
22
0
0
0
0
0
0
0
0
4
78
118
244
313
435
839
795
998
434
442
321
170
32
62
10
0
0
0
0
0
0
0
0
16
108
283
529
723
673
839
847
493
942
720
624
426
160
74
2
0
0
0
0
0
0
0
0
18
50
212
517
697
812
1049
1164
1181
1139
974
761
513
277
114
30
0
0
0
0
0
0
0
0
24
82
281
495
729
922
1027
1288
1332
905
730
429
312
114
86
20
0
0
0
0
0
0
0
0
26
106
280
502
770
963
1146
1261
1252
1199
967
757
520
284
104
26
0
0
0
0
0
0
0
0
24
100
269
495
760
967
1121
1196
1244
1126
965
791
499
285
108
14
0
0
0
0
0
0
0
0
20
98
263
504
759
965
1088
1114
1181
1063
891
779
541
282
114
12
0
0
0
0
0
0
0
0
18
32
230
382
689
1042
1086
1129
1178
1027
698
754
528
235
8
10
0
0
0
0
0
0
0
0
16
102
282
502
676
647
861
1187
1166
1146
971
779
516
286
102
20
0
0
0
0
0
0
0
0
16
106
262
508
732
960
1124
1197
1276
1195
966
753
545
301
84
22
0
0
0
0
0
0
0
0
16
108
261
493
747
954
1176
1259
1288
1128
972
762
515
270
90
18
0
0
0
0
0
0
0
0
0
72
260
513
775
999
1153
1250
1248
1170
1002
763
514
272
104
20
0
0
0
0
0
0
0
0
0
90
261
471
762
940
1032
1110
1112
1025
938
778
521
281
104
12
0
0
0
0
0
0
0
0
0
72
261
491
757
989
1147
1264
1280
1176
1001
771
516
271
96
18
0
0
0
0
0
0
0
0
0
98
249
509
774
950
1137
1205
1199
1129
1032
776
520
283
106
10
0
0
0
0
0
0
0
0
0
108
166
292
395
361
619
997
870
1106
763
603
340
56
32
0
0
0
0
0
0
0
0
0
0
108
162
102
200
324
746
1127
1205
601
575
715
472
208
80
0
0
0
0
0
0
0
0
0
0
86
211
476
688
966
1096
1186
1195
1124
969
777
368
195
58
0
0
0
0
0
0
0
0
0
0
76
270
503
693
989
1179
1274
1253
1192
956
768
513
267
86
0
0
0
0
0
0
0
0
0
0
66
191
399
753
963
1167
1267
1295
1136
965
749
500
269
72
0
0
0
0
0
0
0
0
0
0
90
266
511
767
994
1158
1276
1254
1160
1015
760
497
231
90
0
0
0
0
0
0
0
0
0
0
86
236
500
674
919
1081
1199
1236
1154
1005
790
531
262
88
0
0
0
0
0
0
0
0
0
0
80
246
457
503
573
778
1052
1118
737
696
335
397
263
70
0
0
0
0
0
0
0
0
0
0
78
195
475
558
954
1119
1301
1242
996
897
452
418
227
92
0
0
0
0
0
0
0
0
0
0
80
256
503
766
1014
1108
1235
1245
1095
951
751
484
252
84
0
0
0
0
0
0
0
0
0
0
72
191
482
749
908
1053
1144
1178
1128
967
728
487
247
88
0
0
0
0
0
0
0
0
0
0
76
238
263
349
462
516
809
1162
1027
623
573
236
212
78
0
0
0
0
0
0
0
0
0
0
48
84
374
582
658
978
1105
1161
1001
760
587
136
180
26
0
0
0
0
0
0
0
0
0
0
54
198
289
433
853
795
650
997
793
1007
727
447
246
76
0
0
0
0
0
0
0
0
0
0
52
250
479
784
977
1163
1265
1272
1194
980
730
481
213
76
0
0
0
0
0
0
0
0
0
0
68
236
477
735
956
1129
1204
1180
1121
967
686
512
238
82
0
0
0
0
0
0
0
0
0
0
38
177
396
535
688
658
859
1062
1085
949
632
202
241
76
0
0
0
0
0
0
0
0
0
0
46
189
425
302
337
350
614
1022
1020
702
437
473
263
76
0
0
0
0
0
0
0
0
0
0
60
224
383
578
890
1103
1183
1211
1061
840
688
497
229
66
0
0
0
0
0
0
0
0
0
0
64
214
503
658
809
1111
1193
1226
1116
914
693
483
256
64
0
0
0
0
0
0
0
0
0
0
56
214
483
725
1007
1187
1225
1305
1170
959
726
484
214
50
0
0
0
0
0
0
0
0
0
0
42
144
82
116
230
473
684
699
464
428
206
214
88
20
0
0
0
0
0
0
0
0
0
0
32
162
457
738
898
986
1152
1276
1117
1002
666
478
225
46
0
0
0
0
0
0
0
0
0
0
50
234
504
736
897
1050
1309
1211
1167
956
730
457
217
56
0
0
0
0
0
0
0
0
0
0
48
232
446
686
897
1050
1271
1151
1106
959
713
462
212
48
0
0
0
0
0
0
0
0
0
0
24
128
268
304
180
304
705
1051
1021
956
449
427
197
2
0
0
0
0
0
0
0
0
0
0
16
154
216
250
678
866
307
588
624
467
516
294
34
18
0
0
0
0
0
0
0
0
0
0
56
200
453
643
887
1068
996
916
814
854
621
477
216
46
0
0
0
0
0
0
0
0
0
0
6
70
62
250
68
384
348
946
993
890
690
358
152
46
0
0
0
0
0
0
0
0
0
0
42
163
504
716
987
1135
1230
1229
1170
986
740
501
209
28
0
0
0
0
0
0
0
0
0
0
24
116
405
617
702
941
593
816
983
924
678
381
179
28
0
0
0
0
0
0
0
0
0
0
50
199
423
659
958
1211
1180
1204
1211
950
685
450
192
40
0
0
0
0
0
0
0
0
0
0
36
203
433
714
927
1089
1244
1185
1086
1006
739
430
198
38
0
0
0
0
0
0
0
0
0
0
42
194
449
697
937
1194
1258
1240
1157
1004
712
492
193
30
0
0
0
0
0
0
0
0
0
0
38
193
468
759
926
1130
1258
1176
1058
917
700
463
181
40
0
0
0
0
0
0
0
0
0
0
36
191
443
732
927
1087
1193
1236
1151
1027
715
429
178
18
0
0
0
0
0
0
0
0
0
0
42
154
469
759
1012
1135
1167
1223
1123
945
742
451
126
30
0
0
0
0
0
0
0
0
0
0
32
154
366
642
901
948
1188
1116
986
707
509
260
20
8
0
0
0
0
0
0
0
0
0
0
36
211
439
742
921
1101
1186
1249
1181
915
677
415
167
22
0
0
0
0
0
0
0
0
0
0
28
142
492
796
943
1049
1174
1367
1027
773
611
424
164
28
0
0
0
0
0
0
0
0
0
0
24
181
463
719
922
1112
1204
1194
1148
965
712
472
165
26
0
0
0
0
0
0
0
0
0
0
28
188
474
738
956
1133
1258
1247
1153
946
694
378
163
22
0
0
0
0
0
0
0
0
0
0
24
192
440
700
1009
1130
1173
1143
1069
899
656
423
143
0
0
0
0
0
0
0
0
0
0
0
26
176
408
792
920
1132
1215
1214
1109
978
706
397
109
0
0
0
0
0
0
0
0
0
0
0
26
173
436
702
922
1187
1214
1210
1137
954
744
391
148
0
0
0
0
0
0
0
0
0
0
0
10
200
420
783
893
908
999
982
1102
878
677
322
100
0
0
0
0
0
0
0
0
0
0
0
16
98
381
428
222
398
752
1121
1038
393
78
8
68
0
0
0
0
0
0
0
0
0
0
0
18
125
96
66
270
298
736
424
995
1009
707
450
99
0
0
0
0
0
0
0
0
0
0
0
0
60
198
436
168
404
767
1043
695
492
356
230
72
0
0
0
0
0
0
0
0
0
0
0
0
129
324
696
551
758
1169
1112
654
695
359
102
76
0
0
0
0
0
0
0
0
0
0
0
0
62
338
339
374
485
959
780
680
520
307
184
145
0
0
0
0
0
0
0
0
0
0
0
0
124
308
445
345
907
754
595
927
555
260
156
134
0
0
0
0
0
0
0
0
0
0
0
0
54
100
194
184
294
381
242
550
602
590
359
129
0
0
0
0
0
0
0
0
0
0
0
0
155
386
530
846
1117
497
602
409
550
256
162
108
0
0
0
0
0
0
0
0
0
0
0
0
64
459
556
614
652
983
1105
974
835
315
299
73
0
0
0
0
0
0
0
0
0
0
0
0
115
192
70
730
693
973
629
887
994
620
315
88
0
0
0
0
0
0
0
0
0
0
0
0
179
397
623
891
1047
1238
1245
1110
906
678
381
104
0
0
0
0
0
0
0
0
0
0
0
0
136
387
752
959
1054
1053
1051
942
691
605
299
87
0
0
0
0
0
0
0
0
0
0
0
0
109
243
484
449
841
974
1083
834
872
598
407
99
0
0
0
0
0
0
0
0
0
0
0
0
86
328
596
548
1027
1150
1037
741
377
395
270
22
0
0
0
0
0
0
0
0
0
0
0
0
146
421
563
900
990
1122
1048
1011
914
706
290
75
0
0
0
0
0
0
0
0
0
0
0
0
139
110
329
639
306
336
978
771
719
430
282
67
0
0
0
0
0
0
0
0
0
0
0
0
129
367
689
970
1137
1201
1157
1079
906
638
295
55
0
0
0
0
0
0
0
0
0
0
0
0
157
504
748
1019
955
1004
1022
637
696
242
205
44
0
0
0
0
0
0
0
0
0
0
0
0
58
330
517
750
1017
580
912
643
692
439
78
16
0
0
0
0
0
0
0
0
0
0
0
0
172
451
750
921
1102
1179
1219
1074
893
675
287
22
0
0
0
0
0
0
0
0
0
0
0
0
109
439
720
981
1128
1236
1194
1096
888
635
339
38
0
0
0
0
0
0
0
0
0
0
0
0
119
494
693
957
1128
1204
1126
1097
884
545
267
34
0
0
0
0
0
0
0
0
0
0
0
0
95
377
595
916
1082
1168
1135
1086
833
579
330
28
0
0
0
0
0
0
0
0
0
0
0
0
178
454
693
893
1087
1225
1068
1083
908
476
195
12
0
0
0
0
0
0
0
0
0
0
0
0
32
255
522
1014
1147
1091
996
830
554
434
227
16
0
0
0
0
0
0
0
0
0
0
0
0
167
444
633
889
805
917
999
1096
703
362
98
20
0
0
0
0
0
0
0
0
0
0
0
0
169
372
726
979
1075
1218
1109
976
809
590
312
20
0
0
0
0
0
0
0
0
0
0
0
0
126
336
768
787
1157
1137
1114
1064
914
469
190
0
0
0
0
0
0
0
0
0
0
0
0
0
78
302
636
970
1108
1214
1154
1022
786
545
296
0
0
0
0
0
0
0
0
0
0
0
0
0
130
333
631
974
1056
1201
1036
1051
705
561
177
0
0
0
0
0
0
0
0
0
0
0
0
0
12
60
226
539
719
565
678
484
513
130
60
0
0
0
0
0
0
0
0
0
0
0
0
0
83
110
80
295
423
570
708
517
547
218
86
0
0
0
0
0
0
0
0
0
0
0
0
0
101
367
726
960
990
1196
1077
969
838
619
168
0
0
0
0
0
0
0
0
0
0
0
0
0
40
110
275
116
74
405
344
565
260
168
78
0
0
0
0
0
0
0
0
0
0
0
0
0
6
118
298
590
461
348
679
566
230
100
56
0
0
0
0
0
0
0
0
0
0
0
0
0
92
337
603
835
1219
1208
952
1026
802
544
280
0
0
0
0
0
0
0
0
0
0
0
0
0
10
52
112
184
300
818
974
346
76
170
142
0
0
0
0
0
0
0
0
0
0
0
0
0
10
90
557
753
334
465
234
184
400
34
20
0
0
0
0
0
0
0
0
0
0
0
0
0
18
239
228
534
789
459
598
699
707
318
158
0
0
0
0
0
0
0
0
0
0
0
0
0
14
122
98
208
305
665
506
458
492
230
58
0
0
0
0
0
0
0
0
0
0
0
0
0
6
154
459
238
460
660
272
326
254
185
153
0
0
0
0
0
0
0
0
0
0
0
0
0
20
215
452
475
168
805
674
703
322
314
28
0
0
0
0
0
0
0
0
0
0
0
0
0
70
146
445
335
646
778
488
390
553
345
161
0
0
0
0
0
0
0
0
0
0
0
0
0
32
200
505
777
886
1262
1141
772
672
365
107
0
0
0
0
0
0
0
0
0
0
0
0
0
42
316
706
835
1052
1141
1084
962
782
392
161
0
0
0
0
0
0
0
0
0
0
0
0
0
30
416
634
932
929
1111
1111
957
832
400
98
0
0
0
0
0
0
0
0
0
0
0
0
0
14
28
160
300
708
729
236
50
172
162
24
0
0
0
0
0
0
0
0
0
0
0
0
0
22
213
607
631
734
652
660
508
152
267
92
0
0
0
0
0
0
0
0
0
0
0
0
0
24
291
679
752
1065
1030
1066
929
647
509
36
0
0
0
0
0
0
0
0
0
0
0
0
0
0
290
453
950
1067
977
811
726
395
122
72
0
0
0
0
0
0
0
0
0
0
0
0
0
0
426
692
953
1086
886
984
834
470
370
74
0
0
0
0
0
0
0
0
0
0
0
0
0
0
275
718
665
858
858
828
852
625
213
38
0
0
0
0
0
0
0
0
0
0
0
0
0
0
192
211
367
343
242
449
630
261
130
75
0
0
0
0
0
0
0
0
0
0
0
0
0
0
38
209
292
218
398
256
258
142
110
32
0
0
0
0
0
0
0
0
0
0
0
0
0
0
26
68
162
84
78
190
150
76
48
10
0
0
0
0
0
0
0
0
0
0
0
0
0
0
78
178
144
300
399
649
339
221
118
2
0
0
0
0
0
0
0
0
0
0
0
0
0
0
92
80
68
335
402
352
110
239
138
18
0
0
0
0
0
0
0
0
0
0
0
0
0
0
20
30
34
194
136
220
176
82
198
30
0
0
0
0
0
0
0
0
0
0
0
0
0
0
76
303
662
731
730
695
693
772
326
18
0
0
0
0
0
0
0
0
0
0
0
0
0
0
86
325
100
365
691
758
576
475
218
12
0
0
0
0
0
0
0
0
0
0
0
0
0
0
22
88
134
186
78
142
112
82
14
4
0
0
0
0
0
0
0
0
0
0
0
0
0
0
79
108
270
301
208
214
250
391
106
10
0
0
0
0
0
0
0
0
0
0
0
0
0
0
18
128
463
407
619
134
176
241
196
0
0
0
0
0
0
0
0
0
0
0
0
0
0
0
241
449
552
940
781
631
597
445
164
0
0
0
0
0
0
0
0
0
0
0
0
0
0
0
194
455
658
444
717
940
590
463
60
0
0
0
0
0
0
0
0
0
0
0
0
0
0
0
192
376
510
723
388
539
272
233
58
0
0
0
0
0
0
0
0
0
0
0
0
0
0
0
64
483
550
792
648
148
607
206
28
0
0
0
0
0
0
0
0
0
0
0
0
0
0
0
162
298
695
980
845
798
781
518
202
0
0
0
0
0
0
0
0
0
0
0
0
0
0
0
184
352
579
856
847
974
719
434
204
0
0
0
0
0
0
0
0
0
0
0
0
0
0
0
122
460
797
981
1039
1014
727
416
168
0
0
0
0
0
0
0
0
0
0
0
0
0
0
0
118
179
223
637
722
874
670
513
273
0
0
0
0
0
0
0
0
0
0
0
0
0
0
0
34
112
259
490
40
333
524
94
8
0
0
0
0
0
0
0
0
0
0
0
0
0
0
0
36
70
148
240
537
504
120
106
172
0
0
0
0
0
0
0
0
0
0
0
0
0
0
0
119
440
466
779
700
656
578
346
6
0
0
0
0
0
0
0
0
0
0
0
0
0
0
0
93
50
170
284
112
116
76
122
86
0
0
0
0
0
0
0
0
0
0
0
0
0
0
0
8
14
52
42
94
92
68
64
24
0
0
0
0
0
0
0
0
0
0
0
0
0
0
0
2
24
40
44
28
12
0
4
8
0
0
0
0
0
0
0
0
0
0
0
0
0
0
0
10
12
42
82
98
108
118
52
38
0
0
0
0
0
0
0
0
0
0
0
0
0
0
0
46
360
582
934
984
971
653
407
259
0
0
0
0
0
0
0
0
0
0
0
0
0
0
0
16
358
442
835
963
806
380
498
246
0
0
0
0
0
0
0
0
0
0
0
0
0
0
0
42
248
164
267
513
544
453
357
248
0
0
0
0
0
0
0
0
0
0
0
0
0
0
0
42
346
480
978
831
518
522
180
191
0
0
0
0
0
0
0
0
0
0
0
0
0
0
0
40
106
413
66
74
603
756
358
229
0
0
0
0
0
0
0
0
0
0
0
0
0
0
0
18
96
150
312
200
202
42
54
50
0
0
0
0
0
0
0
0
0
0
0
0
0
0
0
22
278
166
621
739
792
886
660
258
0
0
0
0
0
0
0
0
0
0
0
0
0
0
0
24
124
329
633
548
584
354
418
62
0
0
0
0
0
0
0
0
0
0
0
0
0
0
0
28
214
404
622
871
659
835
338
137
0
0
0
0
0
0
0
0
0
0
0
0
0
0
0
16
66
124
452
321
578
372
50
26
0
0
0
0
0
0
0
0
0
0
0
0
0
0
0
10
14
76
130
265
504
180
26
2
0
0
0
0
0
0
0
0
0
0
0
0
0
0
0
18
231
449
545
875
636
536
450
237
0
0
0
0
0
0
0
0
0
0
0
0
0
0
0
4
12
34
8
80
76
70
24
2
0
0
0
0
0
0
0
0
0
0
0
0
0
0
0
0
492
752
751
619
781
809
658
390
0
0
0
0
0
0
0
0
0
0
0
0
0
0
0
0
72
178
170
82
78
8
50
28
0
0
0
0
0
0
0
0
0
0
0
0
0
0
0
0
48
54
58
48
60
34
18
6
0
0
0
0
0
0
0
0
0
0
0
0
0
0
0
0
52
36
202
202
489
170
275
125
0
0
0
0
0
0
0
0
0
0
0
0
0
0
0
0
42
110
436
576
208
156
54
4
0
0
0
0
0
0
0
0
0
0
0
0
0
0
0
0
68
104
220
160
82
122
84
133
0
0
0
0
0
0
0
0
0
0
0
0
0
0
0
0
213
152
186
431
505
379
56
137
0
0
0
0
0
0
0
0
0
0
0
0
0
0
0
0
501
617
450
534
534
601
367
125
0
0
0
0
0
0
0
0
0
0
0
0
0
0
0
0
12
44
68
54
40
18
40
16
0
0
0
0
0
0
0
0
0
0
0
0
0
0
0
0
22
36
32
56
122
54
52
0
0
0
0
0
0
0
0
0
0
0
0
0
0
0
0
0
309
683
577
899
512
495
435
165
0
0
0
0
0
0
0
0
0
0
0
0
0
0
0
0
268
345
486
744
702
900
714
165
0
0
0
0
0
0
0
0
0
0
0
0
0
0
0
0
4
20
62
40
136
126
68
18
0
0
0
0
0
0
0
0
0
0
0
0
0
0
0
0
66
162
156
152
170
170
92
126
0
0
0
0
0
0
0
0
0
0
0
0
0
0
0
0
87
338
434
230
92
70
147
38
0
0
0
0
0
0
0
0
0
0
0
0
0
0
0
0
165
156
484
534
421
425
104
140
0
0
0
0
0
0
0
0
0
0
0
0
0
0
0
0
196
303
146
260
462
162
34
6
0
0
0
0
0
0
0
0
0
0
0
0
0
0
0
0
268
354
126
110
224
394
116
12
0
0
0
0
0
0
0
0
0
0
0
0
0
0
0
0
235
315
616
709
1055
783
486
167
0
0
0
0
0
0
0
0
0
0
0
0
0
0
0
0
221
176
613
936
935
783
592
466
0
0
0
0
0
0
0
0
0
0
0
0
0
0
0
0
58
345
537
591
772
853
712
479
0
0
0
0
0
0
0
0
0
0
0
0
0
0
0
0
78
44
188
275
206
178
28
62
0
0
0
0
0
0
0
0
0
0
0
0
0
0
0
0
8
32
52
24
16
12
6
16
0
0
0
0
0
0
0
0
0
0
0
0
0
0
0
0
172
338
540
441
186
186
10
137
0
0
0
0
0
0
0
0
0
0
0
0
0
0
0
0
173
301
182
146
533
486
184
142
0
0
0
0
0
0
0
0
0
0
0
0
0
0
0
0
52
142
142
140
430
94
58
4
0
0
0
0
0
0
0
0
0
0
0
0
0
0
0
0
16
56
112
164
222
259
161
18
0
0
0
0
0
0
0
0
0
0
0
0
0
0
0
0
155
150
62
496
625
432
178
227
0
0
0
0
0
0
0
0
0
0
0
0
0
0
0
0
0
0
0
0
0
0
0
0
0
0
0
0
0
0
0
0
